小面	点	X坐标 (mm)	Y坐标 (mm)	Z坐标 (mm)	单元数	定向变形 (mm)
0	256	-2.9777	-120.	149.89	577	0.11051
0	268	-1.0913	-120.	151.9	577	0.11082
0	252	-3.9312	-120.	151.58	577	0.11074
1	288	1.8045	-120.	154.98	577	0.11169
1	267	-1.1343	-120.	154.83	577	0.11144
1	276	-0.11815	-120.	152.95	577	0.11106
2	243	-5.3928	-120.	154.18	577	0.11102
2	248	-4.4252	-120.	152.47	577	0.11084
2	259	-2.4941	-120.	154.68	577	0.11132
3	261	-2.1991	-120.	153.07	577	0.11102
3	252	-3.9312	-120.	151.58	577	0.11074
3	268	-1.0913	-120.	151.9	577	0.11082
4	261	-2.1991	-120.	153.07	577	0.11102
4	268	-1.0913	-120.	151.9	577	0.11082
4	276	-0.11815	-120.	152.95	577	0.11106
5	261	-2.1991	-120.	153.07	577	0.11102
5	276	-0.11815	-120.	152.95	577	0.11106
5	267	-1.1343	-120.	154.83	577	0.11144
6	261	-2.1991	-120.	153.07	577	0.11102
6	267	-1.1343	-120.	154.83	577	0.11144
6	259	-2.4941	-120.	154.68	577	0.11132
7	261	-2.1991	-120.	153.07	577	0.11102
7	259	-2.4941	-120.	154.68	577	0.11132
7	248	-4.4252	-120.	152.47	577	0.11084
8	261	-2.1991	-120.	153.07	577	0.11102
8	248	-4.4252	-120.	152.47	577	0.11084
8	252	-3.9312	-120.	151.58	577	0.11074
9	526	31.866	-120.	131.46	610	0.10414
9	510	30.864	-120.	134.14	610	0.10438
9	479	29.242	-120.	133.19	610	0.10426
10	564	34.544	-120.	132.9	610	0.10428
10	550	33.344	-120.	135.59	610	0.10462
10	522	31.71	-120.	134.63	610	0.10445
11	541	32.873	-120.	132.56	610	0.10423
11	564	34.544	-120.	132.9	610	0.10428
11	522	31.71	-120.	134.63	610	0.10445
12	541	32.873	-120.	132.56	610	0.10423
12	522	31.71	-120.	134.63	610	0.10445
12	510	30.864	-120.	134.14	610	0.10438
13	541	32.873	-120.	132.56	610	0.10423
13	510	30.864	-120.	134.14	610	0.10438
13	526	31.866	-120.	131.46	610	0.10414
14	541	32.873	-120.	132.56	610	0.10423
14	526	31.866	-120.	131.46	610	0.10414
14	546	33.229	-120.	130.57	610	0.10413
15	541	32.873	-120.	132.56	610	0.10423
15	546	33.229	-120.	130.57	610	0.10413
15	567	35.024	-120.	131.62	610	0.1042
16	541	32.873	-120.	132.56	610	0.10423
16	567	35.024	-120.	131.62	610	0.1042
16	564	34.544	-120.	132.9	610	0.10428
17	572	35.883	-120.	128.81	610	0.1042
17	567	35.024	-120.	131.62	610	0.1042
17	546	33.229	-120.	130.57	610	0.10413
18	109	-23.556	-120.	106.6	619	0.12421
18	124	-22.151	-120.	106.97	619	0.12422
18	98	-24.934	-120.	108.56	619	0.12433
19	109	-23.556	-120.	106.6	619	0.12421
19	98	-24.934	-120.	108.56	619	0.12433
19	83	-25.781	-120.	108.08	619	0.12432
20	109	-23.556	-120.	106.6	619	0.12421
20	83	-25.781	-120.	108.08	619	0.12432
20	104	-24.368	-120.	105.63	619	0.12411
21	109	-23.556	-120.	106.6	619	0.12421
21	104	-24.368	-120.	105.63	619	0.12411
21	117	-22.763	-120.	104.8	619	0.12399
22	109	-23.556	-120.	106.6	619	0.12421
22	117	-22.763	-120.	104.8	619	0.12399
22	137	-21.34	-120.	105.57	619	0.12408
23	109	-23.556	-120.	106.6	619	0.12421
23	137	-21.34	-120.	105.57	619	0.12408
23	124	-22.151	-120.	106.97	619	0.12422
24	104	-24.368	-120.	105.63	619	0.12411
24	83	-25.781	-120.	108.08	619	0.12432
24	55	-27.388	-120.	107.17	619	0.12426
25	124	-22.151	-120.	106.97	619	0.12422
25	112	-23.336	-120.	109.46	619	0.12431
25	98	-24.934	-120.	108.56	619	0.12433
26	137	-21.34	-120.	105.57	619	0.12408
26	117	-22.763	-120.	104.8	619	0.12399
26	151	-19.781	-120.	103.3	619	0.12372
27	153	-19.369	-120.	98.573	622	0.12232
27	139	-21.019	-120.	97.611	622	0.12197
27	155	-18.865	-120.	95.735	622	0.12118
28	110	-23.545	-120.	96.143	622	0.12141
28	134	-21.451	-120.	94.077	622	0.12049
28	126	-21.878	-120.	97.108	622	0.12178
29	165	-18.085	-120.	91.387	622	0.11916
29	161	-18.611	-120.	94.262	622	0.12053
29	144	-20.419	-120.	93.178	622	0.12007
30	145	-20.374	-120.	95.329	622	0.12102
30	155	-18.865	-120.	95.735	622	0.12118
30	139	-21.019	-120.	97.611	622	0.12197
31	145	-20.374	-120.	95.329	622	0.12102
31	139	-21.019	-120.	97.611	622	0.12197
31	126	-21.878	-120.	97.108	622	0.12178
32	145	-20.374	-120.	95.329	622	0.12102
32	126	-21.878	-120.	97.108	622	0.12178
32	134	-21.451	-120.	94.077	622	0.12049
33	145	-20.374	-120.	95.329	622	0.12102
33	134	-21.451	-120.	94.077	622	0.12049
33	144	-20.419	-120.	93.178	622	0.12007
34	145	-20.374	-120.	95.329	622	0.12102
34	144	-20.419	-120.	93.178	622	0.12007
34	161	-18.611	-120.	94.262	622	0.12053
35	145	-20.374	-120.	95.329	622	0.12102
35	161	-18.611	-120.	94.262	622	0.12053
35	155	-18.865	-120.	95.735	622	0.12118
36	285	1.3031	-120.	89.681	635	0.11804
36	275	-0.15357	-120.	92.615	635	0.11911
36	300	4.2195	-120.	92.615	635	0.11857
37	80	-26.056	-120.	108.78	712	0.12435
37	97	-24.934	-120.	108.56	712	0.12433
37	82	-25.781	-120.	108.08	712	0.12432
38	43	-28.173	-120.	109.18	712	0.12435
38	23	-29.748	-120.	110.74	712	0.12431
38	7	-31.417	-120.	109.78	712	0.12429
39	43	-28.173	-120.	109.18	712	0.12435
39	7	-31.417	-120.	109.78	712	0.12429
39	55	-27.388	-120.	107.17	712	0.12426
40	43	-28.173	-120.	109.18	712	0.12435
40	55	-27.388	-120.	107.17	712	0.12426
40	82	-25.781	-120.	108.08	712	0.12432
41	43	-28.173	-120.	109.18	712	0.12435
41	82	-25.781	-120.	108.08	712	0.12432
41	80	-26.056	-120.	108.78	712	0.12435
42	43	-28.173	-120.	109.18	712	0.12435
42	80	-26.056	-120.	108.78	712	0.12435
42	36	-28.65	-120.	110.53	712	0.12433
43	43	-28.173	-120.	109.18	712	0.12435
43	36	-28.65	-120.	110.53	712	0.12433
43	23	-29.748	-120.	110.74	712	0.12431
44	32	-28.882	-120.	111.23	712	0.1243
44	36	-28.65	-120.	110.53	712	0.12433
44	23	-29.748	-120.	110.74	712	0.12431
45	68	-26.514	-120.	110.12	712	0.12435
45	61	-27.224	-120.	112.18	712	0.12423
45	112	-23.336	-120.	109.46	712	0.12431
46	68	-26.514	-120.	110.12	712	0.12435
46	112	-23.336	-120.	109.46	712	0.12431
46	97	-24.934	-120.	108.56	712	0.12433
47	68	-26.514	-120.	110.12	712	0.12435
47	97	-24.934	-120.	108.56	712	0.12433
47	80	-26.056	-120.	108.78	712	0.12435
48	68	-26.514	-120.	110.12	712	0.12435
48	80	-26.056	-120.	108.78	712	0.12435
48	36	-28.65	-120.	110.53	712	0.12433
49	68	-26.514	-120.	110.12	712	0.12435
49	36	-28.65	-120.	110.53	712	0.12433
49	32	-28.882	-120.	111.23	712	0.1243
50	68	-26.514	-120.	110.12	712	0.12435
50	32	-28.882	-120.	111.23	712	0.1243
50	61	-27.224	-120.	112.18	712	0.12423
51	241	-5.7764	-120.	90.758	716	0.1187
51	235	-6.5008	-120.	90.968	716	0.11881
51	237	-6.2516	-120.	91.919	716	0.11924
52	225	-8.3372	-120.	89.613	716	0.1182
52	223	-8.5933	-120.	88.683	716	0.11777
52	220	-9.0374	-120.	89.857	716	0.11831
53	227	-7.8565	-120.	91.427	716	0.11904
53	237	-6.2516	-120.	91.919	716	0.11924
53	231	-7.1082	-120.	94.093	716	0.12029
54	227	-7.8565	-120.	91.427	716	0.11904
54	231	-7.1082	-120.	94.093	716	0.12029
54	214	-9.904	-120.	92.112	716	0.11941
55	227	-7.8565	-120.	91.427	716	0.11904
55	214	-9.904	-120.	92.112	716	0.11941
55	220	-9.0374	-120.	89.857	716	0.11831
56	227	-7.8565	-120.	91.427	716	0.11904
56	220	-9.0374	-120.	89.857	716	0.11831
56	225	-8.3372	-120.	89.613	716	0.1182
57	227	-7.8565	-120.	91.427	716	0.11904
57	225	-8.3372	-120.	89.613	716	0.1182
57	235	-6.5008	-120.	90.968	716	0.11881
58	227	-7.8565	-120.	91.427	716	0.11904
58	235	-6.5008	-120.	90.968	716	0.11881
58	237	-6.2516	-120.	91.919	716	0.11924
59	232	-6.9679	-120.	89.165	716	0.11799
59	223	-8.5933	-120.	88.683	716	0.11777
59	228	-7.7041	-120.	86.405	716	0.11675
60	232	-6.9679	-120.	89.165	716	0.11799
60	228	-7.7041	-120.	86.405	716	0.11675
60	245	-4.8957	-120.	88.564	716	0.11773
61	232	-6.9679	-120.	89.165	716	0.11799
61	245	-4.8957	-120.	88.564	716	0.11773
61	241	-5.7764	-120.	90.758	716	0.1187
62	232	-6.9679	-120.	89.165	716	0.11799
62	241	-5.7764	-120.	90.758	716	0.1187
62	235	-6.5008	-120.	90.968	716	0.11881
63	232	-6.9679	-120.	89.165	716	0.11799
63	235	-6.5008	-120.	90.968	716	0.11881
63	225	-8.3372	-120.	89.613	716	0.1182
64	232	-6.9679	-120.	89.165	716	0.11799
64	225	-8.3372	-120.	89.613	716	0.1182
64	223	-8.5933	-120.	88.683	716	0.11777
65	177	-15.833	-120.	140.87	735	0.11294
65	169	-17.251	-120.	143.32	735	0.11207
65	197	-12.295	-120.	143.44	735	0.11176
66	1	-32.805	-120.	116.88	751	0.12339
66	0	-32.924	-120.	121.19	751	0.12214
66	16	-30.093	-120.	118.32	751	0.1231
67	226	-8.113	-120.	150.47	765	0.11062
67	218	-9.54	-120.	153.01	765	0.1106
67	243	-5.3928	-120.	154.18	765	0.11102
68	250	-4.0658	-120.	91.691	802	0.11905
68	263	-2.0045	-120.	91.016	802	0.11865
68	257	-2.8829	-120.	92.974	802	0.11951
69	250	-4.0658	-120.	91.691	802	0.11905
69	257	-2.8829	-120.	92.974	802	0.11951
69	247	-4.4686	-120.	93.311	802	0.11978
70	250	-4.0658	-120.	91.691	802	0.11905
70	247	-4.4686	-120.	93.311	802	0.11978
70	238	-6.2516	-120.	91.919	802	0.11924
71	250	-4.0658	-120.	91.691	802	0.11905
71	238	-6.2516	-120.	91.919	802	0.11924
71	242	-5.7764	-120.	90.758	802	0.1187
72	250	-4.0658	-120.	91.691	802	0.11905
72	242	-5.7764	-120.	90.758	802	0.1187
72	254	-3.011	-120.	90.17	802	0.11836
73	250	-4.0658	-120.	91.691	802	0.11905
73	254	-3.011	-120.	90.17	802	0.11836
73	263	-2.0045	-120.	91.016	802	0.11865
74	238	-6.2516	-120.	91.919	802	0.11924
74	247	-4.4686	-120.	93.311	802	0.11978
74	231	-7.1082	-120.	94.093	802	0.12029
75	263	-2.0045	-120.	91.016	802	0.11865
75	275	-0.15357	-120.	92.615	802	0.11911
75	257	-2.8829	-120.	92.974	802	0.11951
76	254	-3.011	-120.	90.17	802	0.11836
76	242	-5.7764	-120.	90.758	802	0.1187
76	245	-4.8957	-120.	88.564	802	0.11773
77	353	12.589	-120.	91.638	810	0.11771
77	343	11.174	-120.	94.093	810	0.11765
77	365	15.169	-120.	95.872	810	0.11687
78	427	22.928	-120.	139.99	840	0.10572
78	413	21.536	-120.	141.87	840	0.10637
78	420	21.895	-120.	138.97	840	0.10538
79	427	22.928	-120.	139.99	840	0.10572
79	420	21.895	-120.	138.97	840	0.10538
79	429	22.98	-120.	137.77	840	0.10507
80	427	22.928	-120.	139.99	840	0.10572
80	429	22.98	-120.	137.77	840	0.10507
80	437	24.441	-120.	138.64	840	0.10533
81	427	22.928	-120.	139.99	840	0.10572
81	437	24.441	-120.	138.64	840	0.10533
81	435	24.303	-120.	140.3	840	0.10583
82	427	22.928	-120.	139.99	840	0.10572
82	435	24.303	-120.	140.3	840	0.10583
82	424	22.411	-120.	142.4	840	0.10657
83	427	22.928	-120.	139.99	840	0.10572
83	424	22.411	-120.	142.4	840	0.10657
83	413	21.536	-120.	141.87	840	0.10637
84	437	24.441	-120.	138.64	840	0.10533
84	429	22.98	-120.	137.77	840	0.10507
84	439	24.656	-120.	135.59	840	0.10459
85	413	21.536	-120.	141.87	840	0.10637
85	399	19.899	-120.	140.87	840	0.10597
85	420	21.895	-120.	138.97	840	0.10538
86	424	22.411	-120.	142.4	840	0.10657
86	435	24.303	-120.	140.3	840	0.10583
86	434	24.064	-120.	143.4	840	0.10696
87	240	-5.7995	-120.	146.33	842	0.11053
87	256	-2.9777	-120.	149.89	842	0.11051
87	265	-1.522	-120.	147.24	842	0.11001
88	35	-28.656	-120.	129.72	857	0.11857
88	6	-31.929	-120.	128.36	857	0.11921
88	10	-30.643	-120.	132.48	857	0.11722
89	152	-19.63	-120.	147.46	858	0.11082
89	175	-16.089	-120.	149.92	858	0.11044
89	181	-14.63	-120.	147.4	858	0.11092
90	214	-9.904	-120.	92.112	861	0.11941
90	206	-11.103	-120.	95.872	861	0.12122
90	231	-7.1082	-120.	94.093	861	0.12029
91	56	-27.376	-120.	127.13	865	0.11979
91	63	-27.196	-120.	127.86	865	0.11945
91	70	-26.429	-120.	126.87	865	0.1199
92	31	-29.171	-120.	127.62	865	0.11957
92	6	-31.929	-120.	128.36	865	0.11921
92	35	-28.656	-120.	129.72	865	0.11857
93	31	-29.171	-120.	127.62	865	0.11957
93	35	-28.656	-120.	129.72	865	0.11857
93	63	-27.196	-120.	127.86	865	0.11945
94	31	-29.171	-120.	127.62	865	0.11957
94	63	-27.196	-120.	127.86	865	0.11945
94	56	-27.376	-120.	127.13	865	0.11979
95	31	-29.171	-120.	127.62	865	0.11957
95	56	-27.376	-120.	127.13	865	0.11979
95	28	-29.468	-120.	126.21	865	0.12021
96	31	-29.171	-120.	127.62	865	0.11957
96	28	-29.468	-120.	126.21	865	0.12021
96	15	-30.401	-120.	126.46	865	0.1201
97	31	-29.171	-120.	127.62	865	0.11957
97	15	-30.401	-120.	126.46	865	0.1201
97	6	-31.929	-120.	128.36	865	0.11921
98	52	-27.657	-120.	125.72	865	0.12041
98	44	-28.087	-120.	123.61	865	0.1213
98	96	-24.974	-120.	125.04	865	0.12067
99	52	-27.657	-120.	125.72	865	0.12041
99	96	-24.974	-120.	125.04	865	0.12067
99	70	-26.429	-120.	126.87	865	0.1199
100	52	-27.657	-120.	125.72	865	0.12041
100	70	-26.429	-120.	126.87	865	0.1199
100	56	-27.376	-120.	127.13	865	0.11979
101	52	-27.657	-120.	125.72	865	0.12041
101	56	-27.376	-120.	127.13	865	0.11979
101	28	-29.468	-120.	126.21	865	0.12021
102	52	-27.657	-120.	125.72	865	0.12041
102	28	-29.468	-120.	126.21	865	0.12021
102	25	-29.607	-120.	125.48	865	0.12053
103	52	-27.657	-120.	125.72	865	0.12041
103	25	-29.607	-120.	125.48	865	0.12053
103	44	-28.087	-120.	123.61	865	0.1213
104	28	-29.468	-120.	126.21	865	0.12021
104	25	-29.607	-120.	125.48	865	0.12053
104	15	-30.401	-120.	126.46	865	0.1201
105	44	-28.087	-120.	123.61	867	0.1213
105	24	-29.607	-120.	125.48	867	0.12053
105	19	-29.999	-120.	122.65	867	0.12168
106	6	-31.929	-120.	128.36	867	0.11921
106	3	-32.513	-120.	125.48	867	0.1205
106	14	-30.401	-120.	126.46	867	0.1201
107	0	-32.924	-120.	121.19	867	0.12214
107	9	-30.996	-120.	122.16	867	0.12185
107	2	-32.701	-120.	124.13	867	0.12105
108	8	-31.036	-120.	124.39	867	0.12098
108	19	-29.999	-120.	122.65	867	0.12168
108	24	-29.607	-120.	125.48	867	0.12053
109	8	-31.036	-120.	124.39	867	0.12098
109	24	-29.607	-120.	125.48	867	0.12053
109	14	-30.401	-120.	126.46	867	0.1201
110	8	-31.036	-120.	124.39	867	0.12098
110	14	-30.401	-120.	126.46	867	0.1201
110	3	-32.513	-120.	125.48	867	0.1205
111	8	-31.036	-120.	124.39	867	0.12098
111	3	-32.513	-120.	125.48	867	0.1205
111	2	-32.701	-120.	124.13	867	0.12105
112	8	-31.036	-120.	124.39	867	0.12098
112	2	-32.701	-120.	124.13	867	0.12105
112	9	-30.996	-120.	122.16	867	0.12185
113	8	-31.036	-120.	124.39	867	0.12098
113	9	-30.996	-120.	122.16	867	0.12185
113	19	-29.999	-120.	122.65	867	0.12168
114	204	-11.69	-120.	149.52	879	0.11063
114	208	-10.796	-120.	149.39	879	0.11065
114	199	-12.084	-120.	148.78	879	0.11071
115	207	-10.848	-120.	150.93	879	0.11055
115	218	-9.54	-120.	153.01	879	0.1106
115	226	-8.113	-120.	150.47	879	0.11062
116	207	-10.848	-120.	150.93	879	0.11055
116	226	-8.113	-120.	150.47	879	0.11062
116	208	-10.796	-120.	149.39	879	0.11065
117	207	-10.848	-120.	150.93	879	0.11055
117	208	-10.796	-120.	149.39	879	0.11065
117	204	-11.69	-120.	149.52	879	0.11063
118	207	-10.848	-120.	150.93	879	0.11055
118	204	-11.69	-120.	149.52	879	0.11063
118	194	-12.675	-120.	151.25	879	0.11046
119	207	-10.848	-120.	150.93	879	0.11055
119	194	-12.675	-120.	151.25	879	0.11046
119	198	-12.273	-120.	151.92	879	0.11044
120	207	-10.848	-120.	150.93	879	0.11055
120	198	-12.273	-120.	151.92	879	0.11044
120	218	-9.54	-120.	153.01	879	0.1106
121	190	-13.446	-120.	149.7	879	0.11058
121	175	-16.089	-120.	149.92	879	0.11044
121	181	-14.63	-120.	147.4	879	0.11092
122	190	-13.446	-120.	149.7	879	0.11058
122	181	-14.63	-120.	147.4	879	0.11092
122	199	-12.084	-120.	148.78	879	0.11071
123	190	-13.446	-120.	149.7	879	0.11058
123	199	-12.084	-120.	148.78	879	0.11071
123	204	-11.69	-120.	149.52	879	0.11063
124	190	-13.446	-120.	149.7	879	0.11058
124	204	-11.69	-120.	149.52	879	0.11063
124	194	-12.675	-120.	151.25	879	0.11046
125	190	-13.446	-120.	149.7	879	0.11058
125	194	-12.675	-120.	151.25	879	0.11046
125	188	-13.511	-120.	151.33	879	0.11041
126	190	-13.446	-120.	149.7	879	0.11058
126	188	-13.511	-120.	151.33	879	0.11041
126	175	-16.089	-120.	149.92	879	0.11044
127	194	-12.675	-120.	151.25	879	0.11046
127	188	-13.511	-120.	151.33	879	0.11041
127	198	-12.273	-120.	151.92	879	0.11044
128	463	27.448	-120.	103.66	890	0.11301
128	451	26.451	-120.	103.94	890	0.11289
128	464	27.85	-120.	104.3	890	0.11269
129	453	26.629	-120.	102.49	890	0.11361
129	444	25.409	-120.	100.72	890	0.11447
129	432	23.847	-120.	103.3	890	0.11325
130	453	26.629	-120.	102.49	890	0.11361
130	432	23.847	-120.	103.3	890	0.11325
130	451	26.451	-120.	103.94	890	0.11289
131	453	26.629	-120.	102.49	890	0.11361
131	451	26.451	-120.	103.94	890	0.11289
131	463	27.448	-120.	103.66	890	0.11301
132	453	26.629	-120.	102.49	890	0.11361
132	463	27.448	-120.	103.66	890	0.11301
132	471	28.524	-120.	101.95	890	0.11384
133	453	26.629	-120.	102.49	890	0.11361
133	471	28.524	-120.	101.95	890	0.11384
133	467	28.095	-120.	101.35	890	0.11413
134	453	26.629	-120.	102.49	890	0.11361
134	467	28.095	-120.	101.35	890	0.11413
134	444	25.409	-120.	100.72	890	0.11447
135	483	29.334	-120.	103.14	890	0.11325
135	536	32.209	-120.	102.31	890	0.11363
135	499	30.485	-120.	104.97	890	0.11233
136	483	29.334	-120.	103.14	890	0.11325
136	499	30.485	-120.	104.97	890	0.11233
136	464	27.85	-120.	104.3	890	0.11269
137	483	29.334	-120.	103.14	890	0.11325
137	464	27.85	-120.	104.3	890	0.11269
137	463	27.448	-120.	103.66	890	0.11301
138	483	29.334	-120.	103.14	890	0.11325
138	463	27.448	-120.	103.66	890	0.11301
138	471	28.524	-120.	101.95	890	0.11384
139	483	29.334	-120.	103.14	890	0.11325
139	471	28.524	-120.	101.95	890	0.11384
139	490	29.49	-120.	101.66	890	0.11396
140	483	29.334	-120.	103.14	890	0.11325
140	490	29.49	-120.	101.66	890	0.11396
140	536	32.209	-120.	102.31	890	0.11363
141	471	28.524	-120.	101.95	890	0.11384
141	490	29.49	-120.	101.66	890	0.11396
141	467	28.095	-120.	101.35	890	0.11413
142	50	-27.848	-120.	115.7	894	0.12372
142	45	-27.948	-120.	116.45	894	0.12356
142	65	-26.814	-120.	115.45	894	0.12375
143	53	-27.595	-120.	114.29	894	0.12397
143	29	-29.43	-120.	114.03	894	0.124
143	61	-27.224	-120.	112.18	894	0.12423
144	53	-27.595	-120.	114.29	894	0.12397
144	61	-27.224	-120.	112.18	894	0.12423
144	100	-24.688	-120.	113.62	894	0.12401
145	53	-27.595	-120.	114.29	894	0.12397
145	100	-24.688	-120.	113.62	894	0.12401
145	65	-26.814	-120.	115.45	894	0.12375
146	53	-27.595	-120.	114.29	894	0.12397
146	65	-26.814	-120.	115.45	894	0.12375
146	50	-27.848	-120.	115.7	894	0.12372
147	53	-27.595	-120.	114.29	894	0.12397
147	50	-27.848	-120.	115.7	894	0.12372
147	26	-29.567	-120.	114.76	894	0.12389
148	53	-27.595	-120.	114.29	894	0.12397
148	26	-29.567	-120.	114.76	894	0.12389
148	29	-29.43	-120.	114.03	894	0.124
149	12	-30.578	-120.	114.99	894	0.12383
149	26	-29.567	-120.	114.76	894	0.12389
149	29	-29.43	-120.	114.03	894	0.124
150	21	-29.807	-120.	116.19	894	0.12362
150	1	-32.805	-120.	116.88	894	0.12339
150	16	-30.093	-120.	118.32	894	0.1231
151	21	-29.807	-120.	116.19	894	0.12362
151	16	-30.093	-120.	118.32	894	0.1231
151	45	-27.948	-120.	116.45	894	0.12356
152	21	-29.807	-120.	116.19	894	0.12362
152	45	-27.948	-120.	116.45	894	0.12356
152	50	-27.848	-120.	115.7	894	0.12372
153	21	-29.807	-120.	116.19	894	0.12362
153	50	-27.848	-120.	115.7	894	0.12372
153	26	-29.567	-120.	114.76	894	0.12389
154	21	-29.807	-120.	116.19	894	0.12362
154	26	-29.567	-120.	114.76	894	0.12389
154	12	-30.578	-120.	114.99	894	0.12383
155	21	-29.807	-120.	116.19	894	0.12362
155	12	-30.578	-120.	114.99	894	0.12383
155	1	-32.805	-120.	116.88	894	0.12339
156	40	-28.243	-120.	120.02	900	0.12259
156	59	-27.268	-120.	119.76	900	0.12266
156	38	-28.244	-120.	119.26	900	0.12283
157	42	-28.178	-120.	121.44	900	0.12212
157	44	-28.087	-120.	123.61	900	0.1213
157	88	-25.431	-120.	120.69	900	0.12231
158	42	-28.178	-120.	121.44	900	0.12212
158	88	-25.431	-120.	120.69	900	0.12231
158	59	-27.268	-120.	119.76	900	0.12266
159	42	-28.178	-120.	121.44	900	0.12212
159	59	-27.268	-120.	119.76	900	0.12266
159	40	-28.243	-120.	120.02	900	0.12259
160	42	-28.178	-120.	121.44	900	0.12212
160	40	-28.243	-120.	120.02	900	0.12259
160	18	-30.04	-120.	121.91	900	0.12195
161	42	-28.178	-120.	121.44	900	0.12212
161	18	-30.04	-120.	121.91	900	0.12195
161	19	-29.999	-120.	122.65	900	0.12168
162	42	-28.178	-120.	121.44	900	0.12212
162	19	-29.999	-120.	122.65	900	0.12168
162	44	-28.087	-120.	123.61	900	0.1213
163	17	-30.09	-120.	120.48	900	0.12244
163	0	-32.924	-120.	121.19	900	0.12214
163	16	-30.093	-120.	118.32	900	0.1231
164	17	-30.09	-120.	120.48	900	0.12244
164	16	-30.093	-120.	118.32	900	0.1231
164	38	-28.244	-120.	119.26	900	0.12283
165	17	-30.09	-120.	120.48	900	0.12244
165	38	-28.244	-120.	119.26	900	0.12283
165	40	-28.243	-120.	120.02	900	0.12259
166	17	-30.09	-120.	120.48	900	0.12244
166	40	-28.243	-120.	120.02	900	0.12259
166	18	-30.04	-120.	121.91	900	0.12195
167	17	-30.09	-120.	120.48	900	0.12244
167	18	-30.04	-120.	121.91	900	0.12195
167	9	-30.996	-120.	122.16	900	0.12185
168	17	-30.09	-120.	120.48	900	0.12244
168	9	-30.996	-120.	122.16	900	0.12185
168	0	-32.924	-120.	121.19	900	0.12214
169	18	-30.04	-120.	121.91	900	0.12195
169	9	-30.996	-120.	122.16	900	0.12185
169	19	-29.999	-120.	122.65	900	0.12168
170	101	-24.589	-120.	134.53	905	0.11615
170	143	-20.59	-120.	135.59	905	0.11556
170	115	-22.777	-120.	131.8	905	0.1175
171	236	-6.4699	-120.	149.04	910	0.11058
171	234	-6.7075	-120.	147.97	910	0.11059
171	230	-7.1945	-120.	148.83	910	0.11061
172	239	-6.0411	-120.	151.07	910	0.11066
172	249	-4.4252	-120.	152.47	910	0.11084
172	243	-5.3928	-120.	154.18	910	0.11102
173	239	-6.0411	-120.	151.07	910	0.11066
173	243	-5.3928	-120.	154.18	910	0.11102
173	226	-8.113	-120.	150.47	910	0.11062
174	239	-6.0411	-120.	151.07	910	0.11066
174	226	-8.113	-120.	150.47	910	0.11062
174	230	-7.1945	-120.	148.83	910	0.11061
175	239	-6.0411	-120.	151.07	910	0.11066
175	230	-7.1945	-120.	148.83	910	0.11061
175	236	-6.4699	-120.	149.04	910	0.11058
176	239	-6.0411	-120.	151.07	910	0.11066
176	236	-6.4699	-120.	149.04	910	0.11058
176	246	-4.6513	-120.	151.42	910	0.11071
177	239	-6.0411	-120.	151.07	910	0.11066
177	246	-4.6513	-120.	151.42	910	0.11071
177	249	-4.4252	-120.	152.47	910	0.11084
178	251	-3.9312	-120.	151.58	910	0.11074
178	246	-4.6513	-120.	151.42	910	0.11071
178	249	-4.4252	-120.	152.47	910	0.11084
179	244	-5.0895	-120.	149.37	910	0.11054
179	256	-2.9777	-120.	149.89	910	0.11051
179	240	-5.7995	-120.	146.33	910	0.11053
180	244	-5.0895	-120.	149.37	910	0.11054
180	240	-5.7995	-120.	146.33	910	0.11053
180	234	-6.7075	-120.	147.97	910	0.11059
181	244	-5.0895	-120.	149.37	910	0.11054
181	234	-6.7075	-120.	147.97	910	0.11059
181	236	-6.4699	-120.	149.04	910	0.11058
182	244	-5.0895	-120.	149.37	910	0.11054
182	236	-6.4699	-120.	149.04	910	0.11058
182	246	-4.6513	-120.	151.42	910	0.11071
183	244	-5.0895	-120.	149.37	910	0.11054
183	246	-4.6513	-120.	151.42	910	0.11071
183	251	-3.9312	-120.	151.58	910	0.11074
184	244	-5.0895	-120.	149.37	910	0.11054
184	251	-3.9312	-120.	151.58	910	0.11074
184	256	-2.9777	-120.	149.89	910	0.11051
185	304	4.9242	-120.	150.14	912	0.11024
185	302	4.6741	-120.	149.18	912	0.10991
185	299	4.1731	-120.	150.21	912	0.11028
186	312	6.3385	-120.	149.94	912	0.11012
186	323	8.4836	-120.	149.65	912	0.10995
186	308	5.588	-120.	147.24	912	0.10915
187	312	6.3385	-120.	149.94	912	0.11012
187	308	5.588	-120.	147.24	912	0.10915
187	302	4.6741	-120.	149.18	912	0.10991
188	312	6.3385	-120.	149.94	912	0.11012
188	302	4.6741	-120.	149.18	912	0.10991
188	304	4.9242	-120.	150.14	912	0.11024
189	312	6.3385	-120.	149.94	912	0.11012
189	304	4.9242	-120.	150.14	912	0.11024
189	314	6.814	-120.	151.77	912	0.11081
190	312	6.3385	-120.	149.94	912	0.11012
190	314	6.814	-120.	151.77	912	0.11081
190	320	7.5469	-120.	151.66	912	0.11078
191	312	6.3385	-120.	149.94	912	0.11012
191	320	7.5469	-120.	151.66	912	0.11078
191	323	8.4836	-120.	149.65	912	0.10995
192	307	5.3872	-120.	151.95	912	0.11087
192	311	6.1077	-120.	154.74	912	0.11188
192	296	3.2389	-120.	152.16	912	0.11092
193	307	5.3872	-120.	151.95	912	0.11087
193	296	3.2389	-120.	152.16	912	0.11092
193	299	4.1731	-120.	150.21	912	0.11028
194	307	5.3872	-120.	151.95	912	0.11087
194	299	4.1731	-120.	150.21	912	0.11028
194	304	4.9242	-120.	150.14	912	0.11024
195	307	5.3872	-120.	151.95	912	0.11087
195	304	4.9242	-120.	150.14	912	0.11024
195	314	6.814	-120.	151.77	912	0.11081
196	307	5.3872	-120.	151.95	912	0.11087
196	314	6.814	-120.	151.77	912	0.11081
196	316	7.065	-120.	152.71	912	0.11117
197	307	5.3872	-120.	151.95	912	0.11087
197	316	7.065	-120.	152.71	912	0.11117
197	311	6.1077	-120.	154.74	912	0.11188
198	314	6.814	-120.	151.77	912	0.11081
198	316	7.065	-120.	152.71	912	0.11117
198	320	7.5469	-120.	151.66	912	0.11078
199	387	18.289	-120.	147.65	935	0.10891
199	393	19.016	-120.	145.11	935	0.10773
199	405	20.723	-120.	146.15	935	0.10819
200	396	19.872	-120.	148.18	935	0.10914
200	387	18.289	-120.	147.65	935	0.10891
200	405	20.723	-120.	146.15	935	0.10819
201	396	19.872	-120.	148.18	935	0.10914
201	405	20.723	-120.	146.15	935	0.10819
201	415	21.609	-120.	146.7	935	0.10843
202	396	19.872	-120.	148.18	935	0.10914
202	415	21.609	-120.	146.7	935	0.10843
202	408	20.929	-120.	149.43	935	0.10971
203	396	19.872	-120.	148.18	935	0.10914
203	408	20.929	-120.	149.43	935	0.10971
203	394	19.764	-120.	150.15	935	0.11006
204	396	19.872	-120.	148.18	935	0.10914
204	394	19.764	-120.	150.15	935	0.11006
204	385	17.918	-120.	148.97	935	0.10953
205	396	19.872	-120.	148.18	935	0.10914
205	385	17.918	-120.	148.97	935	0.10953
205	387	18.289	-120.	147.65	935	0.10891
206	408	20.929	-120.	149.43	935	0.10971
206	415	21.609	-120.	146.7	935	0.10843
206	430	23.336	-120.	147.74	935	0.10888
207	394	19.764	-120.	150.15	935	0.11006
207	380	17.167	-120.	151.53	935	0.11075
207	385	17.918	-120.	148.97	935	0.10953
208	291	2.4319	-120.	148.95	938	0.10999
208	299	4.1731	-120.	150.21	938	0.11028
208	287	1.3459	-120.	150.21	938	0.1104
209	291	2.4319	-120.	148.95	938	0.10999
209	287	1.3459	-120.	150.21	938	0.1104
209	279	0.33219	-120.	149.18	938	0.11021
210	291	2.4319	-120.	148.95	938	0.10999
210	279	0.33219	-120.	149.18	938	0.11021
210	284	1.2224	-120.	147.46	938	0.1097
211	291	2.4319	-120.	148.95	938	0.10999
211	284	1.2224	-120.	147.46	938	0.1097
211	294	2.8435	-120.	147.46	938	0.10951
212	291	2.4319	-120.	148.95	938	0.10999
212	294	2.8435	-120.	147.46	938	0.10951
212	302	4.6741	-120.	149.18	938	0.10991
213	291	2.4319	-120.	148.95	938	0.10999
213	302	4.6741	-120.	149.18	938	0.10991
213	299	4.1731	-120.	150.21	938	0.11028
214	284	1.2224	-120.	147.46	938	0.1097
214	279	0.33219	-120.	149.18	938	0.11021
214	265	-1.522	-120.	147.24	938	0.11001
215	299	4.1731	-120.	150.21	938	0.11028
215	296	3.2389	-120.	152.16	938	0.11092
215	287	1.3459	-120.	150.21	938	0.1104
216	302	4.6741	-120.	149.18	938	0.10991
216	294	2.8435	-120.	147.46	938	0.10951
216	308	5.588	-120.	147.24	938	0.10915
217	335	10.335	-120.	151.03	942	0.11052
217	319	7.5469	-120.	151.66	942	0.11078
217	323	8.4836	-120.	149.65	942	0.10995
218	326	9.0131	-120.	154.27	942	0.11183
218	311	6.1077	-120.	154.74	942	0.11188
218	317	7.065	-120.	152.71	942	0.11117
219	328	9.2669	-120.	152.57	942	0.11116
219	326	9.0131	-120.	154.27	942	0.11183
219	317	7.065	-120.	152.71	942	0.11117
220	328	9.2669	-120.	152.57	942	0.11116
220	317	7.065	-120.	152.71	942	0.11117
220	319	7.5469	-120.	151.66	942	0.11078
221	328	9.2669	-120.	152.57	942	0.11116
221	319	7.5469	-120.	151.66	942	0.11078
221	335	10.335	-120.	151.03	942	0.11052
222	328	9.2669	-120.	152.57	942	0.11116
222	335	10.335	-120.	151.03	942	0.11052
222	344	11.293	-120.	151.76	942	0.11084
223	328	9.2669	-120.	152.57	942	0.11116
223	344	11.293	-120.	151.76	942	0.11084
223	336	10.348	-120.	153.98	942	0.11175
224	328	9.2669	-120.	152.57	942	0.11116
224	336	10.348	-120.	153.98	942	0.11175
224	326	9.0131	-120.	154.27	942	0.11183
225	356	13.174	-120.	153.16	942	0.11147
225	336	10.348	-120.	153.98	942	0.11175
225	344	11.293	-120.	151.76	942	0.11084
226	219	-9.0374	-120.	89.857	965	0.11831
226	214	-9.904	-120.	92.112	965	0.11941
226	205	-11.685	-120.	90.932	965	0.11885
227	210	-10.696	-120.	89.164	965	0.11799
227	219	-9.0374	-120.	89.857	965	0.11831
227	205	-11.685	-120.	90.932	965	0.11885
228	210	-10.696	-120.	89.164	965	0.11799
228	205	-11.685	-120.	90.932	965	0.11885
228	195	-12.608	-120.	90.314	965	0.11856
229	210	-10.696	-120.	89.164	965	0.11799
229	195	-12.608	-120.	90.314	965	0.11856
229	202	-11.761	-120.	87.856	965	0.11738
230	210	-10.696	-120.	89.164	965	0.11799
230	202	-11.761	-120.	87.856	965	0.11738
230	213	-10.493	-120.	87.342	965	0.11714
231	210	-10.696	-120.	89.164	965	0.11799
231	213	-10.493	-120.	87.342	965	0.11714
231	222	-8.5933	-120.	88.683	965	0.11777
232	210	-10.696	-120.	89.164	965	0.11799
232	222	-8.5933	-120.	88.683	965	0.11777
232	219	-9.0374	-120.	89.857	965	0.11831
233	202	-11.761	-120.	87.856	965	0.11738
233	195	-12.608	-120.	90.314	965	0.11856
233	183	-14.413	-120.	89.13	965	0.118
234	213	-10.493	-120.	87.342	965	0.11714
234	228	-7.7041	-120.	86.405	965	0.11675
234	222	-8.5933	-120.	88.683	965	0.11777
235	193	-12.821	-120.	94.742	966	0.1207
235	192	-13.091	-120.	93.772	966	0.12024
235	185	-13.745	-120.	94.149	966	0.12042
236	196	-12.345	-120.	91.267	966	0.11902
236	205	-11.685	-120.	90.932	966	0.11885
236	195	-12.608	-120.	90.314	966	0.11856
237	187	-13.615	-120.	91.942	966	0.11936
237	185	-13.745	-120.	94.149	966	0.12042
237	178	-15.485	-120.	93.018	966	0.1199
238	187	-13.615	-120.	91.942	966	0.11936
238	178	-15.485	-120.	93.018	966	0.1199
238	183	-14.413	-120.	89.13	966	0.118
239	187	-13.615	-120.	91.942	966	0.11936
239	183	-14.413	-120.	89.13	966	0.118
239	195	-12.608	-120.	90.314	966	0.11856
240	187	-13.615	-120.	91.942	966	0.11936
240	195	-12.608	-120.	90.314	966	0.11856
240	196	-12.345	-120.	91.267	966	0.11902
241	187	-13.615	-120.	91.942	966	0.11936
241	196	-12.345	-120.	91.267	966	0.11902
241	192	-13.091	-120.	93.772	966	0.12024
242	187	-13.615	-120.	91.942	966	0.11936
242	192	-13.091	-120.	93.772	966	0.12024
242	185	-13.745	-120.	94.149	966	0.12042
243	201	-11.825	-120.	93.116	966	0.11991
243	205	-11.685	-120.	90.932	966	0.11885
243	214	-9.904	-120.	92.112	966	0.11941
244	201	-11.825	-120.	93.116	966	0.11991
244	214	-9.904	-120.	92.112	966	0.11941
244	206	-11.103	-120.	95.872	966	0.12122
245	201	-11.825	-120.	93.116	966	0.11991
245	206	-11.103	-120.	95.872	966	0.12122
245	193	-12.821	-120.	94.742	966	0.1207
246	201	-11.825	-120.	93.116	966	0.11991
246	193	-12.821	-120.	94.742	966	0.1207
246	192	-13.091	-120.	93.772	966	0.12024
247	201	-11.825	-120.	93.116	966	0.11991
247	192	-13.091	-120.	93.772	966	0.12024
247	196	-12.345	-120.	91.267	966	0.11902
248	201	-11.825	-120.	93.116	966	0.11991
248	196	-12.345	-120.	91.267	966	0.11902
248	205	-11.685	-120.	90.932	966	0.11885
249	281	0.59341	-120.	150.18	972	0.11042
249	286	1.3459	-120.	150.21	972	0.1104
249	278	0.33219	-120.	149.18	972	0.11021
250	283	1.0853	-120.	152.07	972	0.11088
250	288	1.8045	-120.	154.98	972	0.11169
250	296	3.2389	-120.	152.16	972	0.11092
251	283	1.0853	-120.	152.07	972	0.11088
251	296	3.2389	-120.	152.16	972	0.11092
251	286	1.3459	-120.	150.21	972	0.1104
252	283	1.0853	-120.	152.07	972	0.11088
252	286	1.3459	-120.	150.21	972	0.1104
252	281	0.59341	-120.	150.18	972	0.11042
253	283	1.0853	-120.	152.07	972	0.11088
253	281	0.59341	-120.	150.18	972	0.11042
253	274	-0.353	-120.	151.97	972	0.11084
254	283	1.0853	-120.	152.07	972	0.11088
254	274	-0.353	-120.	151.97	972	0.11084
254	277	-0.11815	-120.	152.95	972	0.11106
255	283	1.0853	-120.	152.07	972	0.11088
255	277	-0.11815	-120.	152.95	972	0.11106
255	288	1.8045	-120.	154.98	972	0.11169
256	271	-0.83641	-120.	150.06	972	0.11046
256	256	-2.9777	-120.	149.89	972	0.11051
256	265	-1.522	-120.	147.24	972	0.11001
257	271	-0.83641	-120.	150.06	972	0.11046
257	265	-1.522	-120.	147.24	972	0.11001
257	278	0.33219	-120.	149.18	972	0.11021
258	271	-0.83641	-120.	150.06	972	0.11046
258	278	0.33219	-120.	149.18	972	0.11021
258	281	0.59341	-120.	150.18	972	0.11042
259	271	-0.83641	-120.	150.06	972	0.11046
259	281	0.59341	-120.	150.18	972	0.11042
259	274	-0.353	-120.	151.97	972	0.11084
260	271	-0.83641	-120.	150.06	972	0.11046
260	274	-0.353	-120.	151.97	972	0.11084
260	269	-1.0913	-120.	151.9	972	0.11082
261	271	-0.83641	-120.	150.06	972	0.11046
261	269	-1.0913	-120.	151.9	972	0.11082
261	256	-2.9777	-120.	149.89	972	0.11051
262	274	-0.353	-120.	151.97	972	0.11084
262	269	-1.0913	-120.	151.9	972	0.11082
262	277	-0.11815	-120.	152.95	972	0.11106
263	57	-27.373	-120.	138.94	975	0.11403
263	99	-24.821	-120.	142.41	975	0.11249
263	113	-23.261	-120.	139.86	975	0.11357
264	318	7.3448	-120.	91.56	976	0.11805
264	329	9.39	-120.	91.764	976	0.11788
264	324	8.5345	-120.	93.311	976	0.11803
265	318	7.3448	-120.	91.56	976	0.11805
265	324	8.5345	-120.	93.311	976	0.11803
265	315	6.9488	-120.	92.974	976	0.11824
266	318	7.3448	-120.	91.56	976	0.11805
266	315	6.9488	-120.	92.974	976	0.11824
266	306	5.1429	-120.	90.861	976	0.11814
267	318	7.3448	-120.	91.56	976	0.11805
267	306	5.1429	-120.	90.861	976	0.11814
267	310	5.6436	-120.	89.931	976	0.11794
268	318	7.3448	-120.	91.56	976	0.11805
268	310	5.6436	-120.	89.931	976	0.11794
268	322	8.4091	-120.	90.519	976	0.11787
269	318	7.3448	-120.	91.56	976	0.11805
269	322	8.4091	-120.	90.519	976	0.11787
269	329	9.39	-120.	91.764	976	0.11788
270	306	5.1429	-120.	90.861	976	0.11814
270	315	6.9488	-120.	92.974	976	0.11824
270	300	4.2195	-120.	92.615	976	0.11857
271	329	9.39	-120.	91.764	976	0.11788
271	343	11.174	-120.	94.093	976	0.11765
271	324	8.5345	-120.	93.311	976	0.11803
272	322	8.4091	-120.	90.519	976	0.11787
272	310	5.6436	-120.	89.931	976	0.11794
272	313	6.5826	-120.	88.167	976	0.11762
273	260	-2.2653	-120.	90.059	979	0.11829
273	255	-3.011	-120.	90.17	979	0.11836
273	262	-2.0045	-120.	91.016	979	0.11865
274	270	-0.84033	-120.	89.911	979	0.11819
274	272	-0.59171	-120.	88.013	979	0.11752
274	285	1.3031	-120.	89.681	979	0.11804
275	270	-0.84033	-120.	89.911	979	0.11819
275	285	1.3031	-120.	89.681	979	0.11804
275	275	-0.15357	-120.	92.615	979	0.11911
276	270	-0.84033	-120.	89.911	979	0.11819
276	275	-0.15357	-120.	92.615	979	0.11911
276	262	-2.0045	-120.	91.016	979	0.11865
277	270	-0.84033	-120.	89.911	979	0.11819
277	262	-2.0045	-120.	91.016	979	0.11865
277	260	-2.2653	-120.	90.059	979	0.11829
278	270	-0.84033	-120.	89.911	979	0.11819
278	260	-2.2653	-120.	90.059	979	0.11829
278	266	-1.3299	-120.	88.083	979	0.11755
279	270	-0.84033	-120.	89.911	979	0.11819
279	266	-1.3299	-120.	88.083	979	0.11755
279	272	-0.59171	-120.	88.013	979	0.11752
280	264	-1.5709	-120.	87.142	979	0.11721
280	266	-1.3299	-120.	88.083	979	0.11755
280	272	-0.59171	-120.	88.013	979	0.11752
281	258	-2.7619	-120.	88.247	979	0.1176
281	253	-3.4987	-120.	85.463	979	0.11651
281	245	-4.8957	-120.	88.564	979	0.11773
282	258	-2.7619	-120.	88.247	979	0.1176
282	245	-4.8957	-120.	88.564	979	0.11773
282	255	-3.011	-120.	90.17	979	0.11836
283	258	-2.7619	-120.	88.247	979	0.1176
283	255	-3.011	-120.	90.17	979	0.11836
283	260	-2.2653	-120.	90.059	979	0.11829
284	258	-2.7619	-120.	88.247	979	0.1176
284	260	-2.2653	-120.	90.059	979	0.11829
284	266	-1.3299	-120.	88.083	979	0.11755
285	258	-2.7619	-120.	88.247	979	0.1176
285	266	-1.3299	-120.	88.083	979	0.11755
285	264	-1.5709	-120.	87.142	979	0.11721
286	258	-2.7619	-120.	88.247	979	0.1176
286	264	-1.5709	-120.	87.142	979	0.11721
286	253	-3.4987	-120.	85.463	979	0.11651
287	309	5.6436	-120.	89.931	984	0.11794
287	303	4.8924	-120.	89.862	984	0.11795
287	305	5.1429	-120.	90.861	984	0.11814
288	295	3.0008	-120.	87.884	984	0.11751
288	293	2.7559	-120.	86.903	984	0.11724
288	289	2.2612	-120.	87.855	984	0.1175
289	297	3.47	-120.	89.793	984	0.118
289	305	5.1429	-120.	90.861	984	0.11814
289	300	4.2195	-120.	92.615	984	0.11857
290	297	3.47	-120.	89.793	984	0.118
290	300	4.2195	-120.	92.615	984	0.11857
290	285	1.3031	-120.	89.681	984	0.11804
291	297	3.47	-120.	89.793	984	0.118
291	285	1.3031	-120.	89.681	984	0.11804
291	289	2.2612	-120.	87.855	984	0.1175
292	297	3.47	-120.	89.793	984	0.118
292	289	2.2612	-120.	87.855	984	0.1175
292	295	3.0008	-120.	87.884	984	0.11751
293	297	3.47	-120.	89.793	984	0.118
293	295	3.0008	-120.	87.884	984	0.11751
293	303	4.8924	-120.	89.862	984	0.11795
294	297	3.47	-120.	89.793	984	0.118
294	303	4.8924	-120.	89.862	984	0.11795
294	305	5.1429	-120.	90.861	984	0.11814
295	301	4.4345	-120.	87.969	984	0.11755
295	293	2.7559	-120.	86.903	984	0.11724
295	298	3.7317	-120.	85.064	984	0.1168
296	301	4.4345	-120.	87.969	984	0.11755
296	298	3.7317	-120.	85.064	984	0.1168
296	313	6.5826	-120.	88.167	984	0.11762
297	301	4.4345	-120.	87.969	984	0.11755
297	313	6.5826	-120.	88.167	984	0.11762
297	309	5.6436	-120.	89.931	984	0.11794
298	301	4.4345	-120.	87.969	984	0.11755
298	309	5.6436	-120.	89.931	984	0.11794
298	303	4.8924	-120.	89.862	984	0.11795
299	301	4.4345	-120.	87.969	984	0.11755
299	303	4.8924	-120.	89.862	984	0.11795
299	295	3.0008	-120.	87.884	984	0.11751
300	301	4.4345	-120.	87.969	984	0.11755
300	295	3.0008	-120.	87.884	984	0.11751
300	293	2.7559	-120.	86.903	984	0.11724
301	182	-14.524	-120.	96.261	995	0.12139
301	176	-16.032	-120.	95.811	995	0.12119
301	185	-13.745	-120.	94.149	995	0.12042
302	182	-14.524	-120.	96.261	995	0.12139
302	185	-13.745	-120.	94.149	995	0.12042
302	193	-12.821	-120.	94.742	995	0.1207
303	182	-14.524	-120.	96.261	995	0.12139
303	193	-12.821	-120.	94.742	995	0.1207
303	189	-13.45	-120.	97.31	995	0.12186
304	182	-14.524	-120.	96.261	995	0.12139
304	189	-13.45	-120.	97.31	995	0.12186
304	180	-14.762	-120.	98.263	995	0.12223
305	182	-14.524	-120.	96.261	995	0.12139
305	180	-14.762	-120.	98.263	995	0.12223
305	174	-16.334	-120.	97.294	995	0.12181
306	182	-14.524	-120.	96.261	995	0.12139
306	174	-16.334	-120.	97.294	995	0.12181
306	176	-16.032	-120.	95.811	995	0.12119
307	189	-13.45	-120.	97.31	995	0.12186
307	193	-12.821	-120.	94.742	995	0.1207
307	206	-11.103	-120.	95.872	995	0.12122
308	176	-16.032	-120.	95.811	995	0.12119
308	178	-15.485	-120.	93.018	995	0.1199
308	185	-13.745	-120.	94.149	995	0.12042
309	174	-16.334	-120.	97.294	995	0.12181
309	180	-14.762	-120.	98.263	995	0.12223
309	171	-16.855	-120.	100.05	995	0.12287
310	253	-3.4987	-120.	85.463	996	0.11651
310	228	-7.7041	-120.	86.405	996	0.11675
310	245	-4.8957	-120.	88.564	996	0.11773
311	169	-17.251	-120.	143.32	997	0.11207
311	163	-18.192	-120.	144.96	997	0.11156
311	148	-20.24	-120.	142.97	997	0.11226
312	152	-19.63	-120.	147.46	997	0.11082
312	127	-21.862	-120.	145.54	997	0.11136
312	159	-18.684	-120.	145.81	997	0.1113
313	99	-24.821	-120.	142.41	997	0.11249
313	129	-21.791	-120.	142.79	997	0.11234
313	114	-22.843	-120.	144.59	997	0.11167
314	142	-20.602	-120.	144.44	997	0.11174
314	148	-20.24	-120.	142.97	997	0.11226
314	163	-18.192	-120.	144.96	997	0.11156
315	142	-20.602	-120.	144.44	997	0.11174
315	163	-18.192	-120.	144.96	997	0.11156
315	159	-18.684	-120.	145.81	997	0.1113
316	142	-20.602	-120.	144.44	997	0.11174
316	159	-18.684	-120.	145.81	997	0.1113
316	127	-21.862	-120.	145.54	997	0.11136
317	142	-20.602	-120.	144.44	997	0.11174
317	127	-21.862	-120.	145.54	997	0.11136
317	114	-22.843	-120.	144.59	997	0.11167
318	142	-20.602	-120.	144.44	997	0.11174
318	114	-22.843	-120.	144.59	997	0.11167
318	129	-21.791	-120.	142.79	997	0.11234
319	142	-20.602	-120.	144.44	997	0.11174
319	129	-21.791	-120.	142.79	997	0.11234
319	148	-20.24	-120.	142.97	997	0.11226
320	575	36.909	-120.	117.34	999	0.10666
320	573	36.317	-120.	113.07	999	0.10839
320	555	33.96	-120.	115.92	999	0.10716
321	313	6.5826	-120.	88.167	1004	0.11762
321	321	8.0152	-120.	85.538	1004	0.11725
321	298	3.7317	-120.	85.064	1004	0.1168
322	108	-23.689	-120.	103.77	1024	0.12379
322	103	-24.368	-120.	105.63	1024	0.12411
322	78	-26.081	-120.	104.59	1024	0.12393
323	108	-23.689	-120.	103.77	1024	0.12379
323	78	-26.081	-120.	104.59	1024	0.12393
323	90	-25.369	-120.	103.36	1024	0.12371
324	108	-23.689	-120.	103.77	1024	0.12379
324	90	-25.369	-120.	103.36	1024	0.12371
324	122	-22.197	-120.	101.87	1024	0.12336
325	108	-23.689	-120.	103.77	1024	0.12379
325	122	-22.197	-120.	101.87	1024	0.12336
325	135	-21.358	-120.	102.37	1024	0.12349
326	108	-23.689	-120.	103.77	1024	0.12379
326	135	-21.358	-120.	102.37	1024	0.12349
326	116	-22.763	-120.	104.8	1024	0.12399
327	108	-23.689	-120.	103.77	1024	0.12379
327	116	-22.763	-120.	104.8	1024	0.12399
327	103	-24.368	-120.	105.63	1024	0.12411
328	122	-22.197	-120.	101.87	1024	0.12336
328	90	-25.369	-120.	103.36	1024	0.12371
328	107	-23.785	-120.	100.93	1024	0.12311
329	103	-24.368	-120.	105.63	1024	0.12411
329	55	-27.388	-120.	107.17	1024	0.12426
329	78	-26.081	-120.	104.59	1024	0.12393
330	116	-22.763	-120.	104.8	1024	0.12399
330	135	-21.358	-120.	102.37	1024	0.12349
330	151	-19.781	-120.	103.3	1024	0.12372
331	84	-25.691	-120.	136.27	1035	0.11529
331	64	-26.981	-120.	133.72	1035	0.11658
331	101	-24.589	-120.	134.53	1035	0.11615
332	27	-29.479	-120.	135.18	1035	0.11587
332	10	-30.643	-120.	132.48	1035	0.11722
332	41	-28.225	-120.	133.31	1035	0.11679
333	54	-27.584	-120.	135.34	1035	0.11577
333	27	-29.479	-120.	135.18	1035	0.11587
333	41	-28.225	-120.	133.31	1035	0.11679
334	54	-27.584	-120.	135.34	1035	0.11577
334	41	-28.225	-120.	133.31	1035	0.11679
334	64	-26.981	-120.	133.72	1035	0.11658
335	54	-27.584	-120.	135.34	1035	0.11577
335	64	-26.981	-120.	133.72	1035	0.11658
335	84	-25.691	-120.	136.27	1035	0.11529
336	54	-27.584	-120.	135.34	1035	0.11577
336	84	-25.691	-120.	136.27	1035	0.11529
336	75	-26.268	-120.	137.17	1035	0.11486
337	54	-27.584	-120.	135.34	1035	0.11577
337	75	-26.268	-120.	137.17	1035	0.11486
337	34	-28.862	-120.	136.4	1035	0.11527
338	54	-27.584	-120.	135.34	1035	0.11577
338	34	-28.862	-120.	136.4	1035	0.11527
338	27	-29.479	-120.	135.18	1035	0.11587
339	57	-27.373	-120.	138.94	1035	0.11403
339	34	-28.862	-120.	136.4	1035	0.11527
339	75	-26.268	-120.	137.17	1035	0.11486
340	131	-21.647	-120.	137.26	1036	0.11476
340	118	-22.638	-120.	137.55	1036	0.11464
340	120	-22.202	-120.	138.16	1036	0.11434
341	92	-25.296	-120.	136.9	1036	0.11498
341	85	-25.691	-120.	136.27	1036	0.11529
341	74	-26.268	-120.	137.17	1036	0.11486
342	102	-24.506	-120.	138.1	1036	0.1144
342	120	-22.202	-120.	138.16	1036	0.11434
342	113	-23.261	-120.	139.86	1036	0.11357
343	102	-24.506	-120.	138.1	1036	0.1144
343	113	-23.261	-120.	139.86	1036	0.11357
343	57	-27.373	-120.	138.94	1036	0.11403
344	102	-24.506	-120.	138.1	1036	0.1144
344	57	-27.373	-120.	138.94	1036	0.11403
344	74	-26.268	-120.	137.17	1036	0.11486
345	102	-24.506	-120.	138.1	1036	0.1144
345	74	-26.268	-120.	137.17	1036	0.11486
345	92	-25.296	-120.	136.9	1036	0.11498
346	102	-24.506	-120.	138.1	1036	0.1144
346	92	-25.296	-120.	136.9	1036	0.11498
346	118	-22.638	-120.	137.55	1036	0.11464
347	102	-24.506	-120.	138.1	1036	0.1144
347	118	-22.638	-120.	137.55	1036	0.11464
347	120	-22.202	-120.	138.16	1036	0.11434
348	111	-23.409	-120.	136.35	1036	0.11523
348	85	-25.691	-120.	136.27	1036	0.11529
348	101	-24.589	-120.	134.53	1036	0.11615
349	111	-23.409	-120.	136.35	1036	0.11523
349	101	-24.589	-120.	134.53	1036	0.11615
349	143	-20.59	-120.	135.59	1036	0.11556
350	111	-23.409	-120.	136.35	1036	0.11523
350	143	-20.59	-120.	135.59	1036	0.11556
350	131	-21.647	-120.	137.26	1036	0.11476
351	111	-23.409	-120.	136.35	1036	0.11523
351	131	-21.647	-120.	137.26	1036	0.11476
351	118	-22.638	-120.	137.55	1036	0.11464
352	111	-23.409	-120.	136.35	1036	0.11523
352	118	-22.638	-120.	137.55	1036	0.11464
352	92	-25.296	-120.	136.9	1036	0.11498
353	111	-23.409	-120.	136.35	1036	0.11523
353	92	-25.296	-120.	136.9	1036	0.11498
353	85	-25.691	-120.	136.27	1036	0.11529
354	149	-19.941	-120.	138.82	1037	0.11399
354	166	-17.829	-120.	138.97	1037	0.11386
354	158	-18.742	-120.	140.49	1037	0.11321
355	149	-19.941	-120.	138.82	1037	0.11399
355	158	-18.742	-120.	140.49	1037	0.11321
355	147	-20.31	-120.	140.26	1037	0.11335
356	149	-19.941	-120.	138.82	1037	0.11399
356	147	-20.31	-120.	140.26	1037	0.11335
356	121	-22.202	-120.	138.16	1037	0.11434
357	149	-19.941	-120.	138.82	1037	0.11399
357	121	-22.202	-120.	138.16	1037	0.11434
357	132	-21.647	-120.	137.26	1037	0.11476
358	149	-19.941	-120.	138.82	1037	0.11399
358	132	-21.647	-120.	137.26	1037	0.11476
358	154	-18.914	-120.	137.77	1037	0.11446
359	149	-19.941	-120.	138.82	1037	0.11399
359	154	-18.914	-120.	137.77	1037	0.11446
359	166	-17.829	-120.	138.97	1037	0.11386
360	121	-22.202	-120.	138.16	1037	0.11434
360	147	-20.31	-120.	140.26	1037	0.11335
360	113	-23.261	-120.	139.86	1037	0.11357
361	166	-17.829	-120.	138.97	1037	0.11386
361	177	-15.833	-120.	140.87	1037	0.11294
361	158	-18.742	-120.	140.49	1037	0.11321
362	154	-18.914	-120.	137.77	1037	0.11446
362	132	-21.647	-120.	137.26	1037	0.11476
362	143	-20.59	-120.	135.59	1037	0.11556
363	86	-25.532	-120.	128.87	1041	0.11896
363	71	-26.322	-120.	130.55	1041	0.11815
363	62	-27.196	-120.	127.86	1041	0.11945
364	86	-25.532	-120.	128.87	1041	0.11896
364	62	-27.196	-120.	127.86	1041	0.11945
364	69	-26.429	-120.	126.87	1041	0.1199
365	86	-25.532	-120.	128.87	1041	0.11896
365	69	-26.429	-120.	126.87	1041	0.1199
365	105	-24.331	-120.	127.71	1041	0.11947
366	86	-25.532	-120.	128.87	1041	0.11896
366	105	-24.331	-120.	127.71	1041	0.11947
366	106	-23.83	-120.	129.26	1041	0.11875
367	86	-25.532	-120.	128.87	1041	0.11896
367	106	-23.83	-120.	129.26	1041	0.11875
367	95	-25.087	-120.	131.	1041	0.11792
368	86	-25.532	-120.	128.87	1041	0.11896
368	95	-25.087	-120.	131.	1041	0.11792
368	71	-26.322	-120.	130.55	1041	0.11815
369	105	-24.331	-120.	127.71	1041	0.11947
369	69	-26.429	-120.	126.87	1041	0.1199
369	96	-24.974	-120.	125.04	1041	0.12067
370	71	-26.322	-120.	130.55	1041	0.11815
370	35	-28.656	-120.	129.72	1041	0.11857
370	62	-27.196	-120.	127.86	1041	0.11945
371	95	-25.087	-120.	131.	1041	0.11792
371	106	-23.83	-120.	129.26	1041	0.11875
371	115	-22.777	-120.	131.8	1041	0.1175
372	61	-27.224	-120.	112.18	1056	0.12423
372	100	-24.688	-120.	113.62	1056	0.12401
372	112	-23.336	-120.	109.46	1056	0.12431
373	150	-19.798	-120.	140.81	1065	0.1131
373	157	-18.742	-120.	140.49	1065	0.11321
373	146	-20.31	-120.	140.26	1065	0.11335
374	156	-18.773	-120.	141.82	1065	0.11267
374	169	-17.251	-120.	143.32	1065	0.11207
374	177	-15.833	-120.	140.87	1065	0.11294
375	156	-18.773	-120.	141.82	1065	0.11267
375	177	-15.833	-120.	140.87	1065	0.11294
375	157	-18.742	-120.	140.49	1065	0.11321
376	156	-18.773	-120.	141.82	1065	0.11267
376	157	-18.742	-120.	140.49	1065	0.11321
376	150	-19.798	-120.	140.81	1065	0.1131
377	156	-18.773	-120.	141.82	1065	0.11267
377	150	-19.798	-120.	140.81	1065	0.1131
377	141	-20.774	-120.	142.45	1065	0.11246
378	156	-18.773	-120.	141.82	1065	0.11267
378	141	-20.774	-120.	142.45	1065	0.11246
378	148	-20.24	-120.	142.97	1065	0.11226
379	156	-18.773	-120.	141.82	1065	0.11267
379	148	-20.24	-120.	142.97	1065	0.11226
379	169	-17.251	-120.	143.32	1065	0.11207
380	128	-21.792	-120.	141.43	1065	0.11288
380	99	-24.821	-120.	142.41	1065	0.11249
380	113	-23.261	-120.	139.86	1065	0.11357
381	128	-21.792	-120.	141.43	1065	0.11288
381	113	-23.261	-120.	139.86	1065	0.11357
381	146	-20.31	-120.	140.26	1065	0.11335
382	128	-21.792	-120.	141.43	1065	0.11288
382	146	-20.31	-120.	140.26	1065	0.11335
382	150	-19.798	-120.	140.81	1065	0.1131
383	128	-21.792	-120.	141.43	1065	0.11288
383	150	-19.798	-120.	140.81	1065	0.1131
383	141	-20.774	-120.	142.45	1065	0.11246
384	128	-21.792	-120.	141.43	1065	0.11288
384	141	-20.774	-120.	142.45	1065	0.11246
384	129	-21.791	-120.	142.79	1065	0.11234
385	128	-21.792	-120.	141.43	1065	0.11288
385	129	-21.791	-120.	142.79	1065	0.11234
385	99	-24.821	-120.	142.41	1065	0.11249
386	141	-20.774	-120.	142.45	1065	0.11246
386	129	-21.791	-120.	142.79	1065	0.11234
386	148	-20.24	-120.	142.97	1065	0.11226
387	77	-26.164	-120.	103.72	1069	0.12378
387	79	-26.081	-120.	104.59	1069	0.12393
387	89	-25.369	-120.	103.36	1069	0.12371
388	76	-26.232	-120.	102.02	1069	0.12341
388	47	-27.911	-120.	101.92	1069	0.12338
388	73	-26.285	-120.	99.47	1069	0.12267
389	76	-26.232	-120.	102.02	1069	0.12341
389	73	-26.285	-120.	99.47	1069	0.12267
389	107	-23.785	-120.	100.93	1069	0.12311
390	76	-26.232	-120.	102.02	1069	0.12341
390	107	-23.785	-120.	100.93	1069	0.12311
390	89	-25.369	-120.	103.36	1069	0.12371
391	76	-26.232	-120.	102.02	1069	0.12341
391	89	-25.369	-120.	103.36	1069	0.12371
391	77	-26.164	-120.	103.72	1069	0.12378
392	76	-26.232	-120.	102.02	1069	0.12341
392	77	-26.164	-120.	103.72	1069	0.12378
392	48	-27.878	-120.	102.73	1069	0.12357
393	76	-26.232	-120.	102.02	1069	0.12341
393	48	-27.878	-120.	102.73	1069	0.12357
393	47	-27.911	-120.	101.92	1069	0.12338
394	37	-28.595	-120.	103.11	1069	0.12364
394	48	-27.878	-120.	102.73	1069	0.12357
394	47	-27.911	-120.	101.92	1069	0.12338
395	51	-27.669	-120.	104.51	1069	0.12391
395	20	-29.906	-120.	105.74	1069	0.12408
395	55	-27.388	-120.	107.17	1069	0.12426
396	51	-27.669	-120.	104.51	1069	0.12391
396	55	-27.388	-120.	107.17	1069	0.12426
396	79	-26.081	-120.	104.59	1069	0.12393
397	51	-27.669	-120.	104.51	1069	0.12391
397	79	-26.081	-120.	104.59	1069	0.12393
397	77	-26.164	-120.	103.72	1069	0.12378
398	51	-27.669	-120.	104.51	1069	0.12391
398	77	-26.164	-120.	103.72	1069	0.12378
398	48	-27.878	-120.	102.73	1069	0.12357
399	51	-27.669	-120.	104.51	1069	0.12391
399	48	-27.878	-120.	102.73	1069	0.12357
399	37	-28.595	-120.	103.11	1069	0.12364
400	51	-27.669	-120.	104.51	1069	0.12391
400	37	-28.595	-120.	103.11	1069	0.12364
400	20	-29.906	-120.	105.74	1069	0.12408
401	417	21.839	-120.	142.89	1084	0.10677
401	424	22.411	-120.	142.4	1084	0.10657
401	413	21.536	-120.	141.87	1084	0.10637
402	425	22.428	-120.	144.8	1084	0.10757
402	430	23.336	-120.	147.74	1084	0.10888
402	434	24.064	-120.	143.4	1084	0.10696
403	425	22.428	-120.	144.8	1084	0.10757
403	434	24.064	-120.	143.4	1084	0.10696
403	424	22.411	-120.	142.4	1084	0.10657
404	425	22.428	-120.	144.8	1084	0.10757
404	424	22.411	-120.	142.4	1084	0.10657
404	417	21.839	-120.	142.89	1084	0.10677
405	425	22.428	-120.	144.8	1084	0.10757
405	417	21.839	-120.	142.89	1084	0.10677
405	411	21.309	-120.	145.7	1084	0.10798
406	425	22.428	-120.	144.8	1084	0.10757
406	411	21.309	-120.	145.7	1084	0.10798
406	414	21.609	-120.	146.7	1084	0.10843
407	425	22.428	-120.	144.8	1084	0.10757
407	414	21.609	-120.	146.7	1084	0.10843
407	430	23.336	-120.	147.74	1084	0.10888
408	403	20.72	-120.	143.77	1084	0.10714
408	393	19.016	-120.	145.11	1084	0.10773
408	399	19.899	-120.	140.87	1084	0.10597
409	403	20.72	-120.	143.77	1084	0.10714
409	399	19.899	-120.	140.87	1084	0.10597
409	413	21.536	-120.	141.87	1084	0.10637
410	403	20.72	-120.	143.77	1084	0.10714
410	413	21.536	-120.	141.87	1084	0.10637
410	417	21.839	-120.	142.89	1084	0.10677
411	403	20.72	-120.	143.77	1084	0.10714
411	417	21.839	-120.	142.89	1084	0.10677
411	411	21.309	-120.	145.7	1084	0.10798
412	403	20.72	-120.	143.77	1084	0.10714
412	411	21.309	-120.	145.7	1084	0.10798
412	404	20.723	-120.	146.15	1084	0.10819
413	403	20.72	-120.	143.77	1084	0.10714
413	404	20.723	-120.	146.15	1084	0.10819
413	393	19.016	-120.	145.11	1084	0.10773
414	411	21.309	-120.	145.7	1084	0.10798
414	404	20.723	-120.	146.15	1084	0.10819
414	414	21.609	-120.	146.7	1084	0.10843
415	346	11.663	-120.	147.66	1097	0.109
415	349	11.922	-120.	148.61	1097	0.10943
415	354	12.635	-120.	148.36	1097	0.1093
416	342	11.047	-120.	150.83	1097	0.11043
416	334	10.335	-120.	151.03	1097	0.11052
416	345	11.293	-120.	151.76	1097	0.11084
417	351	12.422	-120.	150.4	1097	0.11023
417	354	12.635	-120.	148.36	1097	0.1093
417	362	14.46	-120.	149.69	1097	0.1099
418	351	12.422	-120.	150.4	1097	0.11023
418	362	14.46	-120.	149.69	1097	0.1099
418	356	13.174	-120.	153.16	1097	0.11147
419	351	12.422	-120.	150.4	1097	0.11023
419	356	13.174	-120.	153.16	1097	0.11147
419	345	11.293	-120.	151.76	1097	0.11084
420	351	12.422	-120.	150.4	1097	0.11023
420	345	11.293	-120.	151.76	1097	0.11084
420	342	11.047	-120.	150.83	1097	0.11043
421	351	12.422	-120.	150.4	1097	0.11023
421	342	11.047	-120.	150.83	1097	0.11043
421	349	11.922	-120.	148.61	1097	0.10943
422	351	12.422	-120.	150.4	1097	0.11023
422	349	11.922	-120.	148.61	1097	0.10943
422	354	12.635	-120.	148.36	1097	0.1093
423	338	10.553	-120.	149.02	1097	0.10964
423	334	10.335	-120.	151.03	1097	0.11052
423	323	8.4836	-120.	149.65	1097	0.10995
424	338	10.553	-120.	149.02	1097	0.10964
424	323	8.4836	-120.	149.65	1097	0.10995
424	332	9.8655	-120.	146.33	1097	0.10846
425	338	10.553	-120.	149.02	1097	0.10964
425	332	9.8655	-120.	146.33	1097	0.10846
425	346	11.663	-120.	147.66	1097	0.109
426	338	10.553	-120.	149.02	1097	0.10964
426	346	11.663	-120.	147.66	1097	0.109
426	349	11.922	-120.	148.61	1097	0.10943
427	338	10.553	-120.	149.02	1097	0.10964
427	349	11.922	-120.	148.61	1097	0.10943
427	342	11.047	-120.	150.83	1097	0.11043
428	338	10.553	-120.	149.02	1097	0.10964
428	342	11.047	-120.	150.83	1097	0.11043
428	334	10.335	-120.	151.03	1097	0.11052
429	393	19.016	-120.	145.11	1104	0.10773
429	399	19.899	-120.	140.87	1104	0.10597
429	375	16.361	-120.	143.44	1104	0.10698
430	436	24.303	-120.	140.3	1108	0.10583
430	440	24.802	-120.	139.73	1108	0.10565
430	438	24.441	-120.	138.64	1108	0.10533
431	450	26.414	-120.	140.68	1108	0.10594
431	455	26.788	-120.	141.73	1108	0.10629
431	457	26.876	-120.	140.1	1108	0.10575
432	446	25.708	-120.	138.62	1108	0.10532
432	438	24.441	-120.	138.64	1108	0.10533
432	439	24.656	-120.	135.59	1108	0.10459
433	446	25.708	-120.	138.62	1108	0.10532
433	439	24.656	-120.	135.59	1108	0.10459
433	460	27.061	-120.	136.97	1108	0.10489
434	446	25.708	-120.	138.62	1108	0.10532
434	460	27.061	-120.	136.97	1108	0.10489
434	457	26.876	-120.	140.1	1108	0.10575
435	446	25.708	-120.	138.62	1108	0.10532
435	457	26.876	-120.	140.1	1108	0.10575
435	450	26.414	-120.	140.68	1108	0.10594
436	446	25.708	-120.	138.62	1108	0.10532
436	450	26.414	-120.	140.68	1108	0.10594
436	440	24.802	-120.	139.73	1108	0.10565
437	446	25.708	-120.	138.62	1108	0.10532
437	440	24.802	-120.	139.73	1108	0.10565
437	438	24.441	-120.	138.64	1108	0.10533
438	445	25.493	-120.	141.79	1108	0.10633
438	455	26.788	-120.	141.73	1108	0.10629
438	452	26.586	-120.	144.91	1108	0.10755
439	445	25.493	-120.	141.79	1108	0.10633
439	452	26.586	-120.	144.91	1108	0.10755
439	434	24.064	-120.	143.4	1108	0.10696
440	445	25.493	-120.	141.79	1108	0.10633
440	434	24.064	-120.	143.4	1108	0.10696
440	436	24.303	-120.	140.3	1108	0.10583
441	445	25.493	-120.	141.79	1108	0.10633
441	436	24.303	-120.	140.3	1108	0.10583
441	440	24.802	-120.	139.73	1108	0.10565
442	445	25.493	-120.	141.79	1108	0.10633
442	440	24.802	-120.	139.73	1108	0.10565
442	450	26.414	-120.	140.68	1108	0.10594
443	445	25.493	-120.	141.79	1108	0.10633
443	450	26.414	-120.	140.68	1108	0.10594
443	455	26.788	-120.	141.73	1108	0.10629
444	88	-25.431	-120.	120.69	1109	0.12231
444	44	-28.087	-120.	123.61	1109	0.1213
444	96	-24.974	-120.	125.04	1109	0.12067
445	362	14.46	-120.	149.69	1115	0.1099
445	356	13.174	-120.	153.16	1115	0.11147
445	380	17.167	-120.	151.53	1115	0.11075
446	308	5.588	-120.	147.24	1140	0.10915
446	323	8.4836	-120.	149.65	1140	0.10995
446	332	9.8655	-120.	146.33	1140	0.10846
447	508	30.804	-120.	116.74	1153	0.10687
447	480	29.255	-120.	116.32	1153	0.10707
447	506	30.803	-120.	114.51	1153	0.10775
448	508	30.804	-120.	116.74	1153	0.10687
448	506	30.803	-120.	114.51	1153	0.10775
448	527	31.894	-120.	115.	1153	0.10753
449	508	30.804	-120.	116.74	1153	0.10687
449	527	31.894	-120.	115.	1153	0.10753
449	532	32.19	-120.	117.81	1153	0.10645
450	508	30.804	-120.	116.74	1153	0.10687
450	532	32.19	-120.	117.81	1153	0.10645
450	515	31.257	-120.	118.83	1153	0.10611
451	508	30.804	-120.	116.74	1153	0.10687
451	515	31.257	-120.	118.83	1153	0.10611
451	487	29.425	-120.	117.94	1153	0.10648
452	508	30.804	-120.	116.74	1153	0.10687
452	487	29.425	-120.	117.94	1153	0.10648
452	480	29.255	-120.	116.32	1153	0.10707
453	532	32.19	-120.	117.81	1153	0.10645
453	527	31.894	-120.	115.	1153	0.10753
453	555	33.96	-120.	115.92	1153	0.10716
454	480	29.255	-120.	116.32	1153	0.10707
454	477	28.754	-120.	113.62	1153	0.10817
454	506	30.803	-120.	114.51	1153	0.10775
455	487	29.425	-120.	117.94	1153	0.10648
455	515	31.257	-120.	118.83	1153	0.10611
455	491	29.497	-120.	120.69	1153	0.10559
456	466	27.921	-120.	96.479	1215	0.11627
456	441	24.832	-120.	93.474	1215	0.1173
456	431	23.352	-120.	95.976	1215	0.11646
457	67	-26.804	-120.	117.53	1253	0.12328
457	66	-26.814	-120.	115.45	1253	0.12375
457	93	-25.189	-120.	116.32	1253	0.12351
458	67	-26.804	-120.	117.53	1253	0.12328
458	93	-25.189	-120.	116.32	1253	0.12351
458	91	-25.359	-120.	117.94	1253	0.12312
459	67	-26.804	-120.	117.53	1253	0.12328
459	91	-25.359	-120.	117.94	1253	0.12312
459	60	-27.268	-120.	119.76	1253	0.12266
460	67	-26.804	-120.	117.53	1253	0.12328
460	60	-27.268	-120.	119.76	1253	0.12266
460	39	-28.244	-120.	119.26	1253	0.12283
461	67	-26.804	-120.	117.53	1253	0.12328
461	39	-28.244	-120.	119.26	1253	0.12283
461	46	-27.948	-120.	116.45	1253	0.12356
462	67	-26.804	-120.	117.53	1253	0.12328
462	46	-27.948	-120.	116.45	1253	0.12356
462	66	-26.814	-120.	115.45	1253	0.12375
463	60	-27.268	-120.	119.76	1253	0.12266
463	91	-25.359	-120.	117.94	1253	0.12312
463	88	-25.431	-120.	120.69	1253	0.12231
464	66	-26.814	-120.	115.45	1253	0.12375
464	100	-24.688	-120.	113.62	1253	0.12401
464	93	-25.189	-120.	116.32	1253	0.12351
465	46	-27.948	-120.	116.45	1253	0.12356
465	39	-28.244	-120.	119.26	1253	0.12283
465	16	-30.093	-120.	118.32	1253	0.1231
466	33	-28.882	-120.	111.23	1255	0.1243
466	61	-27.224	-120.	112.18	1255	0.12423
466	30	-29.43	-120.	114.03	1255	0.124
467	13	-30.536	-120.	112.93	1255	0.12413
467	33	-28.882	-120.	111.23	1255	0.1243
467	30	-29.43	-120.	114.03	1255	0.124
468	13	-30.536	-120.	112.93	1255	0.12413
468	30	-29.43	-120.	114.03	1255	0.124
468	11	-30.578	-120.	114.99	1255	0.12383
469	13	-30.536	-120.	112.93	1255	0.12413
469	11	-30.578	-120.	114.99	1255	0.12383
469	4	-32.421	-120.	113.97	1255	0.12394
470	13	-30.536	-120.	112.93	1255	0.12413
470	4	-32.421	-120.	113.97	1255	0.12394
470	5	-32.159	-120.	112.62	1255	0.12411
471	13	-30.536	-120.	112.93	1255	0.12413
471	5	-32.159	-120.	112.62	1255	0.12411
471	22	-29.748	-120.	110.74	1255	0.12431
472	13	-30.536	-120.	112.93	1255	0.12413
472	22	-29.748	-120.	110.74	1255	0.12431
472	33	-28.882	-120.	111.23	1255	0.1243
473	4	-32.421	-120.	113.97	1255	0.12394
473	11	-30.578	-120.	114.99	1255	0.12383
473	1	-32.805	-120.	116.88	1255	0.12339
474	5	-32.159	-120.	112.62	1255	0.12411
474	7	-31.417	-120.	109.78	1255	0.12429
474	22	-29.748	-120.	110.74	1255	0.12431
475	381	17.43	-120.	91.87	1256	0.1176
475	392	18.881	-120.	89.348	1256	0.11802
475	364	14.983	-120.	87.508	1256	0.1179
476	81	-26.046	-120.	131.25	1264	0.1178
476	94	-25.087	-120.	131.	1264	0.11792
476	72	-26.322	-120.	130.55	1264	0.11815
477	49	-27.864	-120.	131.72	1264	0.11758
477	41	-28.225	-120.	133.31	1264	0.11679
477	10	-30.643	-120.	132.48	1264	0.11722
478	49	-27.864	-120.	131.72	1264	0.11758
478	10	-30.643	-120.	132.48	1264	0.11722
478	35	-28.656	-120.	129.72	1264	0.11857
479	49	-27.864	-120.	131.72	1264	0.11758
479	35	-28.656	-120.	129.72	1264	0.11857
479	72	-26.322	-120.	130.55	1264	0.11815
480	49	-27.864	-120.	131.72	1264	0.11758
480	72	-26.322	-120.	130.55	1264	0.11815
480	81	-26.046	-120.	131.25	1264	0.1178
481	49	-27.864	-120.	131.72	1264	0.11758
481	81	-26.046	-120.	131.25	1264	0.1178
481	58	-27.289	-120.	133.05	1264	0.11692
482	49	-27.864	-120.	131.72	1264	0.11758
482	58	-27.289	-120.	133.05	1264	0.11692
482	41	-28.225	-120.	133.31	1264	0.11679
483	64	-26.981	-120.	133.72	1264	0.11658
483	58	-27.289	-120.	133.05	1264	0.11692
483	41	-28.225	-120.	133.31	1264	0.11679
484	87	-25.462	-120.	132.56	1264	0.11715
484	101	-24.589	-120.	134.53	1264	0.11615
484	115	-22.777	-120.	131.8	1264	0.1175
485	87	-25.462	-120.	132.56	1264	0.11715
485	115	-22.777	-120.	131.8	1264	0.1175
485	94	-25.087	-120.	131.	1264	0.11792
486	87	-25.462	-120.	132.56	1264	0.11715
486	94	-25.087	-120.	131.	1264	0.11792
486	81	-26.046	-120.	131.25	1264	0.1178
487	87	-25.462	-120.	132.56	1264	0.11715
487	81	-26.046	-120.	131.25	1264	0.1178
487	58	-27.289	-120.	133.05	1264	0.11692
488	87	-25.462	-120.	132.56	1264	0.11715
488	58	-27.289	-120.	133.05	1264	0.11692
488	64	-26.981	-120.	133.72	1264	0.11658
489	87	-25.462	-120.	132.56	1264	0.11715
489	64	-26.981	-120.	133.72	1264	0.11658
489	101	-24.589	-120.	134.53	1264	0.11615
490	184	-14.334	-120.	145.42	1276	0.11136
490	186	-13.704	-120.	145.83	1276	0.11124
490	191	-13.215	-120.	145.	1276	0.11141
491	173	-16.43	-120.	146.22	1276	0.1112
491	152	-19.63	-120.	147.46	1276	0.11082
491	181	-14.63	-120.	147.4	1276	0.11092
492	173	-16.43	-120.	146.22	1276	0.1112
492	181	-14.63	-120.	147.4	1276	0.11092
492	186	-13.704	-120.	145.83	1276	0.11124
493	173	-16.43	-120.	146.22	1276	0.1112
493	186	-13.704	-120.	145.83	1276	0.11124
493	184	-14.334	-120.	145.42	1276	0.11136
494	173	-16.43	-120.	146.22	1276	0.1112
494	184	-14.334	-120.	145.42	1276	0.11136
494	168	-17.598	-120.	145.4	1276	0.11143
495	173	-16.43	-120.	146.22	1276	0.1112
495	168	-17.598	-120.	145.4	1276	0.11143
495	160	-18.684	-120.	145.81	1276	0.1113
496	173	-16.43	-120.	146.22	1276	0.1112
496	160	-18.684	-120.	145.81	1276	0.1113
496	152	-19.63	-120.	147.46	1276	0.11082
497	179	-15.481	-120.	144.59	1276	0.11162
497	169	-17.251	-120.	143.32	1276	0.11207
497	197	-12.295	-120.	143.44	1276	0.11176
498	179	-15.481	-120.	144.59	1276	0.11162
498	197	-12.295	-120.	143.44	1276	0.11176
498	191	-13.215	-120.	145.	1276	0.11141
499	179	-15.481	-120.	144.59	1276	0.11162
499	191	-13.215	-120.	145.	1276	0.11141
499	184	-14.334	-120.	145.42	1276	0.11136
500	179	-15.481	-120.	144.59	1276	0.11162
500	184	-14.334	-120.	145.42	1276	0.11136
500	168	-17.598	-120.	145.4	1276	0.11143
501	179	-15.481	-120.	144.59	1276	0.11162
501	168	-17.598	-120.	145.4	1276	0.11143
501	164	-18.192	-120.	144.96	1276	0.11156
502	179	-15.481	-120.	144.59	1276	0.11162
502	164	-18.192	-120.	144.96	1276	0.11156
502	169	-17.251	-120.	143.32	1276	0.11207
503	168	-17.598	-120.	145.4	1276	0.11143
503	164	-18.192	-120.	144.96	1276	0.11156
503	160	-18.684	-120.	145.81	1276	0.1113
504	20	-29.906	-120.	105.74	1287	0.12408
504	7	-31.417	-120.	109.78	1287	0.12429
504	55	-27.388	-120.	107.17	1287	0.12426
505	203	-11.708	-120.	147.15	1310	0.11092
505	191	-13.215	-120.	145.	1310	0.11141
505	211	-10.674	-120.	146.2	1310	0.11103
506	203	-11.708	-120.	147.15	1310	0.11092
506	211	-10.674	-120.	146.2	1310	0.11103
506	216	-9.7773	-120.	147.68	1310	0.11079
507	203	-11.708	-120.	147.15	1310	0.11092
507	216	-9.7773	-120.	147.68	1310	0.11079
507	209	-10.796	-120.	149.39	1310	0.11065
508	203	-11.708	-120.	147.15	1310	0.11092
508	209	-10.796	-120.	149.39	1310	0.11065
508	200	-12.084	-120.	148.78	1310	0.11071
509	203	-11.708	-120.	147.15	1310	0.11092
509	200	-12.084	-120.	148.78	1310	0.11071
509	186	-13.704	-120.	145.83	1310	0.11124
510	203	-11.708	-120.	147.15	1310	0.11092
510	186	-13.704	-120.	145.83	1310	0.11124
510	191	-13.215	-120.	145.	1310	0.11141
511	209	-10.796	-120.	149.39	1310	0.11065
511	216	-9.7773	-120.	147.68	1310	0.11079
511	226	-8.113	-120.	150.47	1310	0.11062
512	191	-13.215	-120.	145.	1310	0.11141
512	197	-12.295	-120.	143.44	1310	0.11176
512	211	-10.674	-120.	146.2	1310	0.11103
513	186	-13.704	-120.	145.83	1310	0.11124
513	200	-12.084	-120.	148.78	1310	0.11071
513	181	-14.63	-120.	147.4	1310	0.11092
514	288	1.8045	-120.	154.98	1350	0.11169
514	311	6.1077	-120.	154.74	1350	0.11188
514	296	3.2389	-120.	152.16	1350	0.11092
515	430	23.336	-120.	147.74	1355	0.10888
515	452	26.586	-120.	144.91	1355	0.10755
515	434	24.064	-120.	143.4	1355	0.10696
516	372	15.89	-120.	146.87	1362	0.10856
516	369	15.629	-120.	145.89	1362	0.10811
516	366	15.218	-120.	147.21	1362	0.10873
517	379	17.139	-120.	146.16	1362	0.10823
517	393	19.016	-120.	145.11	1362	0.10773
517	375	16.361	-120.	143.44	1362	0.10698
518	379	17.139	-120.	146.16	1362	0.10823
518	375	16.361	-120.	143.44	1362	0.10698
518	369	15.629	-120.	145.89	1362	0.10811
519	379	17.139	-120.	146.16	1362	0.10823
519	369	15.629	-120.	145.89	1362	0.10811
519	372	15.89	-120.	146.87	1362	0.10856
520	379	17.139	-120.	146.16	1362	0.10823
520	372	15.89	-120.	146.87	1362	0.10856
520	383	17.646	-120.	148.02	1362	0.10909
521	379	17.139	-120.	146.16	1362	0.10823
521	383	17.646	-120.	148.02	1362	0.10909
521	386	18.289	-120.	147.65	1362	0.10891
522	379	17.139	-120.	146.16	1362	0.10823
522	386	18.289	-120.	147.65	1362	0.10891
522	393	19.016	-120.	145.11	1362	0.10773
523	376	16.383	-120.	148.72	1362	0.10942
523	380	17.167	-120.	151.53	1362	0.11075
523	362	14.46	-120.	149.69	1362	0.1099
524	376	16.383	-120.	148.72	1362	0.10942
524	362	14.46	-120.	149.69	1362	0.1099
524	366	15.218	-120.	147.21	1362	0.10873
525	376	16.383	-120.	148.72	1362	0.10942
525	366	15.218	-120.	147.21	1362	0.10873
525	372	15.89	-120.	146.87	1362	0.10856
526	376	16.383	-120.	148.72	1362	0.10942
526	372	15.89	-120.	146.87	1362	0.10856
526	383	17.646	-120.	148.02	1362	0.10909
527	376	16.383	-120.	148.72	1362	0.10942
527	383	17.646	-120.	148.02	1362	0.10909
527	384	17.918	-120.	148.97	1362	0.10953
528	376	16.383	-120.	148.72	1362	0.10942
528	384	17.918	-120.	148.97	1362	0.10953
528	380	17.167	-120.	151.53	1362	0.11075
529	383	17.646	-120.	148.02	1362	0.10909
529	384	17.918	-120.	148.97	1362	0.10953
529	386	18.289	-120.	147.65	1362	0.10891
530	358	13.591	-120.	146.55	1363	0.10843
530	359	13.941	-120.	144.75	1363	0.1076
530	370	15.629	-120.	145.89	1363	0.10811
531	358	13.591	-120.	146.55	1363	0.10843
531	370	15.629	-120.	145.89	1363	0.10811
531	367	15.218	-120.	147.21	1363	0.10873
532	358	13.591	-120.	146.55	1363	0.10843
532	367	15.218	-120.	147.21	1363	0.10873
532	355	12.635	-120.	148.36	1363	0.1093
533	358	13.591	-120.	146.55	1363	0.10843
533	355	12.635	-120.	148.36	1363	0.1093
533	347	11.663	-120.	147.66	1363	0.109
534	358	13.591	-120.	146.55	1363	0.10843
534	347	11.663	-120.	147.66	1363	0.109
534	352	12.46	-120.	145.41	1363	0.10793
535	358	13.591	-120.	146.55	1363	0.10843
535	352	12.46	-120.	145.41	1363	0.10793
535	359	13.941	-120.	144.75	1363	0.1076
536	355	12.635	-120.	148.36	1363	0.1093
536	367	15.218	-120.	147.21	1363	0.10873
536	362	14.46	-120.	149.69	1363	0.1099
537	359	13.941	-120.	144.75	1363	0.1076
537	375	16.361	-120.	143.44	1363	0.10698
537	370	15.629	-120.	145.89	1363	0.10811
538	352	12.46	-120.	145.41	1363	0.10793
538	347	11.663	-120.	147.66	1363	0.109
538	332	9.8655	-120.	146.33	1363	0.10846
539	172	-16.628	-120.	96.27	1435	0.12139
539	174	-16.334	-120.	97.294	1435	0.12181
539	176	-16.032	-120.	95.811	1435	0.12119
540	167	-17.726	-120.	97.196	1435	0.12177
540	153	-19.369	-120.	98.573	1435	0.12232
540	171	-16.855	-120.	100.05	1435	0.12287
541	167	-17.726	-120.	97.196	1435	0.12177
541	171	-16.855	-120.	100.05	1435	0.12287
541	174	-16.334	-120.	97.294	1435	0.12181
542	167	-17.726	-120.	97.196	1435	0.12177
542	174	-16.334	-120.	97.294	1435	0.12181
542	172	-16.628	-120.	96.27	1435	0.12139
543	167	-17.726	-120.	97.196	1435	0.12177
543	172	-16.628	-120.	96.27	1435	0.12139
543	162	-18.302	-120.	95.252	1435	0.12096
544	167	-17.726	-120.	97.196	1435	0.12177
544	162	-18.302	-120.	95.252	1435	0.12096
544	155	-18.865	-120.	95.735	1435	0.12118
545	167	-17.726	-120.	97.196	1435	0.12177
545	155	-18.865	-120.	95.735	1435	0.12118
545	153	-19.369	-120.	98.573	1435	0.12232
546	170	-17.191	-120.	94.333	1435	0.12054
546	165	-18.085	-120.	91.387	1435	0.11916
546	178	-15.485	-120.	93.018	1435	0.1199
547	170	-17.191	-120.	94.333	1435	0.12054
547	178	-15.485	-120.	93.018	1435	0.1199
547	176	-16.032	-120.	95.811	1435	0.12119
548	170	-17.191	-120.	94.333	1435	0.12054
548	176	-16.032	-120.	95.811	1435	0.12119
548	172	-16.628	-120.	96.27	1435	0.12139
549	170	-17.191	-120.	94.333	1435	0.12054
549	172	-16.628	-120.	96.27	1435	0.12139
549	162	-18.302	-120.	95.252	1435	0.12096
550	170	-17.191	-120.	94.333	1435	0.12054
550	162	-18.302	-120.	95.252	1435	0.12096
550	161	-18.611	-120.	94.262	1435	0.12053
551	170	-17.191	-120.	94.333	1435	0.12054
551	161	-18.611	-120.	94.262	1435	0.12053
551	165	-18.085	-120.	91.387	1435	0.11916
552	162	-18.302	-120.	95.252	1435	0.12096
552	161	-18.611	-120.	94.262	1435	0.12053
552	155	-18.865	-120.	95.735	1435	0.12118
553	183	-14.413	-120.	89.13	1437	0.118
553	165	-18.085	-120.	91.387	1437	0.11916
553	178	-15.485	-120.	93.018	1437	0.1199
554	272	-0.59171	-120.	88.013	1449	0.11752
554	290	2.2612	-120.	87.855	1449	0.1175
554	285	1.3031	-120.	89.681	1449	0.11804
555	282	0.78947	-120.	85.044	1449	0.1166
555	298	3.7317	-120.	85.064	1449	0.1168
555	292	2.7559	-120.	86.903	1449	0.11724
556	280	0.51125	-120.	86.679	1449	0.1171
556	282	0.78947	-120.	85.044	1449	0.1166
556	292	2.7559	-120.	86.903	1449	0.11724
557	280	0.51125	-120.	86.679	1449	0.1171
557	292	2.7559	-120.	86.903	1449	0.11724
557	290	2.2612	-120.	87.855	1449	0.1175
558	280	0.51125	-120.	86.679	1449	0.1171
558	290	2.2612	-120.	87.855	1449	0.1175
558	272	-0.59171	-120.	88.013	1449	0.11752
559	280	0.51125	-120.	86.679	1449	0.1171
559	272	-0.59171	-120.	88.013	1449	0.11752
559	264	-1.5709	-120.	87.142	1449	0.11721
560	280	0.51125	-120.	86.679	1449	0.1171
560	264	-1.5709	-120.	87.142	1449	0.11721
560	273	-0.57654	-120.	85.119	1449	0.11654
561	280	0.51125	-120.	86.679	1449	0.1171
561	273	-0.57654	-120.	85.119	1449	0.11654
561	282	0.78947	-120.	85.044	1449	0.1166
562	253	-3.4987	-120.	85.463	1449	0.11651
562	273	-0.57654	-120.	85.119	1449	0.11654
562	264	-1.5709	-120.	87.142	1449	0.11721
563	327	9.1417	-120.	90.688	1451	0.11785
563	322	8.4091	-120.	90.519	1451	0.11787
563	329	9.39	-120.	91.764	1451	0.11788
564	325	8.6798	-120.	88.651	1451	0.11771
564	321	8.0152	-120.	85.538	1451	0.11725
564	313	6.5826	-120.	88.167	1451	0.11762
565	325	8.6798	-120.	88.651	1451	0.11771
565	313	6.5826	-120.	88.167	1451	0.11762
565	322	8.4091	-120.	90.519	1451	0.11787
566	325	8.6798	-120.	88.651	1451	0.11771
566	322	8.4091	-120.	90.519	1451	0.11787
566	327	9.1417	-120.	90.688	1451	0.11785
567	325	8.6798	-120.	88.651	1451	0.11771
567	327	9.1417	-120.	90.688	1451	0.11785
567	333	10.073	-120.	89.023	1451	0.11775
568	325	8.6798	-120.	88.651	1451	0.11771
568	333	10.073	-120.	89.023	1451	0.11775
568	330	9.8569	-120.	87.974	1451	0.11767
569	325	8.6798	-120.	88.651	1451	0.11771
569	330	9.8569	-120.	87.974	1451	0.11767
569	321	8.0152	-120.	85.538	1451	0.11725
570	337	10.526	-120.	91.072	1451	0.1178
570	353	12.589	-120.	91.638	1451	0.11771
570	343	11.174	-120.	94.093	1451	0.11765
571	337	10.526	-120.	91.072	1451	0.1178
571	343	11.174	-120.	94.093	1451	0.11765
571	329	9.39	-120.	91.764	1451	0.11788
572	337	10.526	-120.	91.072	1451	0.1178
572	329	9.39	-120.	91.764	1451	0.11788
572	327	9.1417	-120.	90.688	1451	0.11785
573	337	10.526	-120.	91.072	1451	0.1178
573	327	9.1417	-120.	90.688	1451	0.11785
573	333	10.073	-120.	89.023	1451	0.11775
574	337	10.526	-120.	91.072	1451	0.1178
574	333	10.073	-120.	89.023	1451	0.11775
574	339	10.786	-120.	89.228	1451	0.11776
575	337	10.526	-120.	91.072	1451	0.1178
575	339	10.786	-120.	89.228	1451	0.11776
575	353	12.589	-120.	91.638	1451	0.11771
576	333	10.073	-120.	89.023	1451	0.11775
576	339	10.786	-120.	89.228	1451	0.11776
576	330	9.8569	-120.	87.974	1451	0.11767
577	516	31.257	-120.	118.83	1455	0.10611
577	537	32.231	-120.	118.57	1455	0.10618
577	533	32.19	-120.	117.81	1455	0.10645
578	559	34.106	-120.	119.51	1455	0.10587
578	560	34.106	-120.	120.25	1455	0.10565
578	568	35.062	-120.	119.27	1455	0.10596
579	558	34.076	-120.	118.07	1455	0.10635
579	533	32.19	-120.	117.81	1455	0.10645
579	555	33.96	-120.	115.92	1455	0.10716
580	558	34.076	-120.	118.07	1455	0.10635
580	555	33.96	-120.	115.92	1455	0.10716
580	575	36.909	-120.	117.34	1455	0.10666
581	558	34.076	-120.	118.07	1455	0.10635
581	575	36.909	-120.	117.34	1455	0.10666
581	568	35.062	-120.	119.27	1455	0.10596
582	558	34.076	-120.	118.07	1455	0.10635
582	568	35.062	-120.	119.27	1455	0.10596
582	559	34.106	-120.	119.51	1455	0.10587
583	558	34.076	-120.	118.07	1455	0.10635
583	559	34.106	-120.	119.51	1455	0.10587
583	537	32.231	-120.	118.57	1455	0.10618
584	558	34.076	-120.	118.07	1455	0.10635
584	537	32.231	-120.	118.57	1455	0.10618
584	533	32.19	-120.	117.81	1455	0.10645
585	538	32.245	-120.	120.	1455	0.10572
585	560	34.106	-120.	120.25	1455	0.10565
585	539	32.274	-120.	122.15	1455	0.10513
586	538	32.245	-120.	120.	1455	0.10572
586	539	32.274	-120.	122.15	1455	0.10513
586	491	29.497	-120.	120.69	1455	0.10559
587	538	32.245	-120.	120.	1455	0.10572
587	491	29.497	-120.	120.69	1455	0.10559
587	516	31.257	-120.	118.83	1455	0.10611
588	538	32.245	-120.	120.	1455	0.10572
588	516	31.257	-120.	118.83	1455	0.10611
588	537	32.231	-120.	118.57	1455	0.10618
589	538	32.245	-120.	120.	1455	0.10572
589	537	32.231	-120.	118.57	1455	0.10618
589	559	34.106	-120.	119.51	1455	0.10587
590	538	32.245	-120.	120.	1455	0.10572
590	559	34.106	-120.	119.51	1455	0.10587
590	560	34.106	-120.	120.25	1455	0.10565
591	523	31.753	-120.	114.26	1519	0.10785
591	507	30.803	-120.	114.51	1519	0.10775
591	528	31.894	-120.	115.	1519	0.10753
592	518	31.423	-120.	112.87	1519	0.10846
592	511	30.932	-120.	110.76	1519	0.10944
592	477	28.754	-120.	113.62	1519	0.10817
593	518	31.423	-120.	112.87	1519	0.10846
593	477	28.754	-120.	113.62	1519	0.10817
593	507	30.803	-120.	114.51	1519	0.10775
594	518	31.423	-120.	112.87	1519	0.10846
594	507	30.803	-120.	114.51	1519	0.10775
594	523	31.753	-120.	114.26	1519	0.10785
595	518	31.423	-120.	112.87	1519	0.10846
595	523	31.753	-120.	114.26	1519	0.10785
595	548	33.238	-120.	112.39	1519	0.10867
596	518	31.423	-120.	112.87	1519	0.10846
596	548	33.238	-120.	112.39	1519	0.10867
596	545	33.06	-120.	111.67	1519	0.109
597	518	31.423	-120.	112.87	1519	0.10846
597	545	33.06	-120.	111.67	1519	0.109
597	511	30.932	-120.	110.76	1519	0.10944
598	551	33.555	-120.	113.8	1519	0.10804
598	573	36.317	-120.	113.07	1519	0.10839
598	555	33.96	-120.	115.92	1519	0.10716
599	551	33.555	-120.	113.8	1519	0.10804
599	555	33.96	-120.	115.92	1519	0.10716
599	528	31.894	-120.	115.	1519	0.10753
600	551	33.555	-120.	113.8	1519	0.10804
600	528	31.894	-120.	115.	1519	0.10753
600	523	31.753	-120.	114.26	1519	0.10785
601	551	33.555	-120.	113.8	1519	0.10804
601	523	31.753	-120.	114.26	1519	0.10785
601	548	33.238	-120.	112.39	1519	0.10867
602	551	33.555	-120.	113.8	1519	0.10804
602	548	33.238	-120.	112.39	1519	0.10867
602	563	34.168	-120.	112.14	1519	0.10879
603	551	33.555	-120.	113.8	1519	0.10804
603	563	34.168	-120.	112.14	1519	0.10879
603	573	36.317	-120.	113.07	1519	0.10839
604	548	33.238	-120.	112.39	1519	0.10867
604	563	34.168	-120.	112.14	1519	0.10879
604	545	33.06	-120.	111.67	1519	0.109
605	544	33.06	-120.	111.67	1521	0.109
605	511	30.932	-120.	110.76	1521	0.10944
605	535	32.207	-120.	108.95	1521	0.11032
606	553	33.855	-120.	109.98	1521	0.10981
606	544	33.06	-120.	111.67	1521	0.109
606	535	32.207	-120.	108.95	1521	0.11032
607	553	33.855	-120.	109.98	1521	0.10981
607	535	32.207	-120.	108.95	1521	0.11032
607	543	32.875	-120.	108.	1521	0.11078
608	553	33.855	-120.	109.98	1521	0.10981
608	543	32.875	-120.	108.	1521	0.11078
608	569	35.206	-120.	108.91	1521	0.11033
609	553	33.855	-120.	109.98	1521	0.10981
609	569	35.206	-120.	108.91	1521	0.11033
609	571	35.614	-120.	110.21	1521	0.1097
610	553	33.855	-120.	109.98	1521	0.10981
610	571	35.614	-120.	110.21	1521	0.1097
610	562	34.168	-120.	112.14	1521	0.10879
611	553	33.855	-120.	109.98	1521	0.10981
611	562	34.168	-120.	112.14	1521	0.10879
611	544	33.06	-120.	111.67	1521	0.109
612	569	35.206	-120.	108.91	1521	0.11033
612	543	32.875	-120.	108.	1521	0.11078
612	561	34.155	-120.	106.16	1521	0.1117
613	571	35.614	-120.	110.21	1521	0.1097
613	573	36.317	-120.	113.07	1521	0.10839
613	562	34.168	-120.	112.14	1521	0.10879
614	461	27.302	-120.	105.87	1528	0.1119
614	464	27.85	-120.	104.3	1528	0.11269
614	482	29.263	-120.	106.75	1528	0.11143
615	461	27.302	-120.	105.87	1528	0.1119
615	482	29.263	-120.	106.75	1528	0.11143
615	475	28.622	-120.	107.7	1528	0.11097
616	461	27.302	-120.	105.87	1528	0.1119
616	475	28.622	-120.	107.7	1528	0.11097
616	448	26.217	-120.	106.97	1528	0.11136
617	461	27.302	-120.	105.87	1528	0.1119
617	448	26.217	-120.	106.97	1528	0.11136
617	443	25.406	-120.	105.57	1528	0.11208
618	461	27.302	-120.	105.87	1528	0.1119
618	443	25.406	-120.	105.57	1528	0.11208
618	451	26.451	-120.	103.94	1528	0.11289
619	461	27.302	-120.	105.87	1528	0.1119
619	451	26.451	-120.	103.94	1528	0.11289
619	464	27.85	-120.	104.3	1528	0.11269
620	448	26.217	-120.	106.97	1528	0.11136
620	475	28.622	-120.	107.7	1528	0.11097
620	462	27.402	-120.	109.46	1528	0.11011
621	464	27.85	-120.	104.3	1528	0.11269
621	499	30.485	-120.	104.97	1528	0.11233
621	482	29.263	-120.	106.75	1528	0.11143
622	451	26.451	-120.	103.94	1528	0.11289
622	443	25.406	-120.	105.57	1528	0.11208
622	432	23.847	-120.	103.3	1528	0.11325
623	353	12.589	-120.	91.638	1530	0.11771
623	340	10.786	-120.	89.228	1530	0.11776
623	357	13.535	-120.	90.005	1530	0.11779
624	321	8.0152	-120.	85.538	1530	0.11725
624	341	10.891	-120.	86.162	1530	0.11756
624	331	9.8569	-120.	87.974	1530	0.11767
625	364	14.983	-120.	87.508	1530	0.1179
625	360	14.027	-120.	89.153	1530	0.11783
625	350	12.207	-120.	86.534	1530	0.11768
626	348	11.884	-120.	88.176	1530	0.11775
626	357	13.535	-120.	90.005	1530	0.11779
626	340	10.786	-120.	89.228	1530	0.11776
627	348	11.884	-120.	88.176	1530	0.11775
627	340	10.786	-120.	89.228	1530	0.11776
627	331	9.8569	-120.	87.974	1530	0.11767
628	348	11.884	-120.	88.176	1530	0.11775
628	331	9.8569	-120.	87.974	1530	0.11767
628	341	10.891	-120.	86.162	1530	0.11756
629	348	11.884	-120.	88.176	1530	0.11775
629	341	10.891	-120.	86.162	1530	0.11756
629	350	12.207	-120.	86.534	1530	0.11768
630	348	11.884	-120.	88.176	1530	0.11775
630	350	12.207	-120.	86.534	1530	0.11768
630	360	14.027	-120.	89.153	1530	0.11783
631	348	11.884	-120.	88.176	1530	0.11775
631	360	14.027	-120.	89.153	1530	0.11783
631	357	13.535	-120.	90.005	1530	0.11779
632	371	15.86	-120.	93.118	1531	0.1174
632	374	16.06	-120.	94.294	1531	0.11716
632	378	16.533	-120.	93.457	1531	0.11731
633	363	14.571	-120.	92.538	1531	0.11755
633	353	12.589	-120.	91.638	1531	0.11771
633	365	15.169	-120.	95.872	1531	0.11687
634	363	14.571	-120.	92.538	1531	0.11755
634	365	15.169	-120.	95.872	1531	0.11687
634	374	16.06	-120.	94.294	1531	0.11716
635	363	14.571	-120.	92.538	1531	0.11755
635	374	16.06	-120.	94.294	1531	0.11716
635	371	15.86	-120.	93.118	1531	0.1174
636	363	14.571	-120.	92.538	1531	0.11755
636	371	15.86	-120.	93.118	1531	0.1174
636	361	14.21	-120.	90.302	1531	0.11778
637	363	14.571	-120.	92.538	1531	0.11755
637	361	14.21	-120.	90.302	1531	0.11778
637	357	13.535	-120.	90.005	1531	0.11779
638	363	14.571	-120.	92.538	1531	0.11755
638	357	13.535	-120.	90.005	1531	0.11779
638	353	12.589	-120.	91.638	1531	0.11771
639	368	15.507	-120.	90.901	1531	0.11773
639	364	14.983	-120.	87.508	1531	0.1179
639	381	17.43	-120.	91.87	1531	0.1176
640	368	15.507	-120.	90.901	1531	0.11773
640	381	17.43	-120.	91.87	1531	0.1176
640	378	16.533	-120.	93.457	1531	0.11731
641	368	15.507	-120.	90.901	1531	0.11773
641	378	16.533	-120.	93.457	1531	0.11731
641	371	15.86	-120.	93.118	1531	0.1174
642	368	15.507	-120.	90.901	1531	0.11773
642	371	15.86	-120.	93.118	1531	0.1174
642	361	14.21	-120.	90.302	1531	0.11778
643	368	15.507	-120.	90.901	1531	0.11773
643	361	14.21	-120.	90.302	1531	0.11778
643	360	14.027	-120.	89.153	1531	0.11783
644	368	15.507	-120.	90.901	1531	0.11773
644	360	14.027	-120.	89.153	1531	0.11783
644	364	14.983	-120.	87.508	1531	0.1179
645	361	14.21	-120.	90.302	1531	0.11778
645	360	14.027	-120.	89.153	1531	0.11783
645	357	13.535	-120.	90.005	1531	0.11779
646	432	23.847	-120.	103.3	1544	0.11325
646	444	25.409	-120.	100.72	1544	0.11447
646	407	20.921	-120.	100.05	1544	0.1149
647	449	26.403	-120.	99.043	1546	0.11521
647	468	28.095	-120.	101.35	1546	0.11413
647	444	25.409	-120.	100.72	1546	0.11447
648	501	30.617	-120.	99.84	1546	0.11481
648	536	32.209	-120.	102.31	1546	0.11363
648	489	29.49	-120.	101.66	1546	0.11396
649	472	28.556	-120.	99.8	1546	0.11485
649	501	30.617	-120.	99.84	1546	0.11481
649	489	29.49	-120.	101.66	1546	0.11396
650	472	28.556	-120.	99.8	1546	0.11485
650	489	29.49	-120.	101.66	1546	0.11396
650	468	28.095	-120.	101.35	1546	0.11413
651	472	28.556	-120.	99.8	1546	0.11485
651	468	28.095	-120.	101.35	1546	0.11413
651	449	26.403	-120.	99.043	1546	0.11521
652	472	28.556	-120.	99.8	1546	0.11485
652	449	26.403	-120.	99.043	1546	0.11521
652	459	26.924	-120.	98.172	1546	0.11558
653	472	28.556	-120.	99.8	1546	0.11485
653	459	26.924	-120.	98.172	1546	0.11558
653	496	29.807	-120.	98.737	1546	0.11531
654	472	28.556	-120.	99.8	1546	0.11485
654	496	29.807	-120.	98.737	1546	0.11531
654	501	30.617	-120.	99.84	1546	0.11481
655	466	27.921	-120.	96.479	1546	0.11627
655	496	29.807	-120.	98.737	1546	0.11531
655	459	26.924	-120.	98.172	1546	0.11558
656	428	22.931	-120.	98.116	1547	0.11565
656	423	22.388	-120.	97.593	1547	0.11587
656	419	21.882	-120.	98.448	1547	0.11555
657	433	23.908	-120.	99.146	1547	0.1152
657	449	26.403	-120.	99.043	1547	0.11521
657	444	25.409	-120.	100.72	1547	0.11447
658	433	23.908	-120.	99.146	1547	0.1152
658	444	25.409	-120.	100.72	1547	0.11447
658	407	20.921	-120.	100.05	1547	0.1149
659	433	23.908	-120.	99.146	1547	0.1152
659	407	20.921	-120.	100.05	1547	0.1149
659	419	21.882	-120.	98.448	1547	0.11555
660	433	23.908	-120.	99.146	1547	0.1152
660	419	21.882	-120.	98.448	1547	0.11555
660	428	22.931	-120.	98.116	1547	0.11565
661	433	23.908	-120.	99.146	1547	0.1152
661	428	22.931	-120.	98.116	1547	0.11565
661	447	25.899	-120.	98.502	1547	0.11545
662	433	23.908	-120.	99.146	1547	0.1152
662	447	25.899	-120.	98.502	1547	0.11545
662	449	26.403	-120.	99.043	1547	0.11521
663	459	26.924	-120.	98.172	1547	0.11558
663	447	25.899	-120.	98.502	1547	0.11545
663	449	26.403	-120.	99.043	1547	0.11521
664	442	24.902	-120.	97.473	1547	0.11588
664	466	27.921	-120.	96.479	1547	0.11627
664	431	23.352	-120.	95.976	1547	0.11646
665	442	24.902	-120.	97.473	1547	0.11588
665	431	23.352	-120.	95.976	1547	0.11646
665	423	22.388	-120.	97.593	1547	0.11587
666	442	24.902	-120.	97.473	1547	0.11588
666	423	22.388	-120.	97.593	1547	0.11587
666	428	22.931	-120.	98.116	1547	0.11565
667	442	24.902	-120.	97.473	1547	0.11588
667	428	22.931	-120.	98.116	1547	0.11565
667	447	25.899	-120.	98.502	1547	0.11545
668	442	24.902	-120.	97.473	1547	0.11588
668	447	25.899	-120.	98.502	1547	0.11545
668	459	26.924	-120.	98.172	1547	0.11558
669	442	24.902	-120.	97.473	1547	0.11588
669	459	26.924	-120.	98.172	1547	0.11558
669	466	27.921	-120.	96.479	1547	0.11627
670	395	19.847	-120.	97.24	1566	0.1161
670	418	21.882	-120.	98.448	1566	0.11555
670	391	18.828	-120.	98.263	1566	0.11577
671	395	19.847	-120.	97.24	1566	0.1161
671	391	18.828	-120.	98.263	1566	0.11577
671	382	17.516	-120.	97.31	1566	0.11622
672	395	19.847	-120.	97.24	1566	0.1161
672	382	17.516	-120.	97.31	1566	0.11622
672	389	18.369	-120.	95.895	1566	0.11664
673	395	19.847	-120.	97.24	1566	0.1161
673	389	18.369	-120.	95.895	1566	0.11664
673	402	20.101	-120.	95.931	1566	0.11655
674	395	19.847	-120.	97.24	1566	0.1161
674	402	20.101	-120.	95.931	1566	0.11655
674	422	22.388	-120.	97.593	1566	0.11587
675	395	19.847	-120.	97.24	1566	0.1161
675	422	22.388	-120.	97.593	1566	0.11587
675	418	21.882	-120.	98.448	1566	0.11555
676	389	18.369	-120.	95.895	1566	0.11664
676	382	17.516	-120.	97.31	1566	0.11622
676	365	15.169	-120.	95.872	1566	0.11687
677	418	21.882	-120.	98.448	1566	0.11555
677	407	20.921	-120.	100.05	1566	0.1149
677	391	18.828	-120.	98.263	1566	0.11577
678	422	22.388	-120.	97.593	1566	0.11587
678	402	20.101	-120.	95.931	1566	0.11655
678	431	23.352	-120.	95.976	1566	0.11646
679	439	24.656	-120.	135.59	1581	0.10459
679	479	29.242	-120.	133.19	1581	0.10426
679	456	26.843	-120.	131.8	1581	0.10419
680	460	27.061	-120.	136.97	1582	0.10489
680	479	29.242	-120.	133.19	1582	0.10426
680	439	24.656	-120.	135.59	1582	0.10459
681	539	32.274	-120.	122.15	1583	0.10513
681	491	29.497	-120.	120.69	1583	0.10559
681	478	29.04	-120.	125.04	1583	0.1046
682	556	34.028	-120.	123.11	1585	0.1049
682	539	32.274	-120.	122.15	1585	0.10513
682	560	34.106	-120.	120.25	1585	0.10565
683	570	35.354	-120.	121.36	1585	0.10535
683	556	34.028	-120.	123.11	1585	0.1049
683	560	34.106	-120.	120.25	1585	0.10565
684	570	35.354	-120.	121.36	1585	0.10535
684	560	34.106	-120.	120.25	1585	0.10565
684	568	35.062	-120.	119.27	1585	0.10596
685	570	35.354	-120.	121.36	1585	0.10535
685	568	35.062	-120.	119.27	1585	0.10596
685	577	37.01	-120.	120.28	1585	0.1057
686	570	35.354	-120.	121.36	1585	0.10535
686	577	37.01	-120.	120.28	1585	0.1057
686	576	36.972	-120.	121.65	1585	0.10533
687	570	35.354	-120.	121.36	1585	0.10535
687	576	36.972	-120.	121.65	1585	0.10533
687	566	34.943	-120.	123.6	1585	0.10481
688	570	35.354	-120.	121.36	1585	0.10535
688	566	34.943	-120.	123.6	1585	0.10481
688	556	34.028	-120.	123.11	1585	0.1049
689	577	37.01	-120.	120.28	1585	0.1057
689	568	35.062	-120.	119.27	1585	0.10596
689	575	36.909	-120.	117.34	1585	0.10666
690	576	36.972	-120.	121.65	1585	0.10533
690	574	36.709	-120.	124.58	1585	0.10469
690	566	34.943	-120.	123.6	1585	0.10481
691	524	31.758	-120.	125.71	1588	0.10443
691	503	30.725	-120.	125.95	1588	0.10441
691	519	31.619	-120.	126.45	1588	0.10434
692	552	33.712	-120.	125.26	1588	0.1045
692	565	34.943	-120.	123.6	1588	0.10481
692	574	36.709	-120.	124.58	1588	0.10469
693	552	33.712	-120.	125.26	1588	0.1045
693	574	36.709	-120.	124.58	1588	0.10469
693	549	33.314	-120.	127.38	1588	0.10424
694	552	33.712	-120.	125.26	1588	0.1045
694	549	33.314	-120.	127.38	1588	0.10424
694	519	31.619	-120.	126.45	1588	0.10434
695	552	33.712	-120.	125.26	1588	0.1045
695	519	31.619	-120.	126.45	1588	0.10434
695	524	31.758	-120.	125.71	1588	0.10443
696	552	33.712	-120.	125.26	1588	0.1045
696	524	31.758	-120.	125.71	1588	0.10443
696	554	33.93	-120.	123.84	1588	0.10475
697	552	33.712	-120.	125.26	1588	0.1045
697	554	33.93	-120.	123.84	1588	0.10475
697	565	34.943	-120.	123.6	1588	0.10481
698	557	34.028	-120.	123.11	1588	0.1049
698	554	33.93	-120.	123.84	1588	0.10475
698	565	34.943	-120.	123.6	1588	0.10481
699	530	31.959	-120.	124.3	1588	0.10466
699	539	32.274	-120.	122.15	1588	0.10513
699	478	29.04	-120.	125.04	1588	0.1046
700	530	31.959	-120.	124.3	1588	0.10466
700	478	29.04	-120.	125.04	1588	0.1046
700	503	30.725	-120.	125.95	1588	0.10441
701	530	31.959	-120.	124.3	1588	0.10466
701	503	30.725	-120.	125.95	1588	0.10441
701	524	31.758	-120.	125.71	1588	0.10443
702	530	31.959	-120.	124.3	1588	0.10466
702	524	31.758	-120.	125.71	1588	0.10443
702	554	33.93	-120.	123.84	1588	0.10475
703	530	31.959	-120.	124.3	1588	0.10466
703	554	33.93	-120.	123.84	1588	0.10475
703	557	34.028	-120.	123.11	1588	0.1049
704	530	31.959	-120.	124.3	1588	0.10466
704	557	34.028	-120.	123.11	1588	0.1049
704	539	32.274	-120.	122.15	1588	0.10513
705	549	33.314	-120.	127.38	1589	0.10424
705	572	35.883	-120.	128.81	1589	0.1042
705	574	36.709	-120.	124.58	1589	0.10469
706	495	29.794	-120.	128.1	1591	0.1042
706	470	28.397	-120.	127.71	1591	0.10428
706	502	30.725	-120.	125.95	1591	0.10441
707	495	29.794	-120.	128.1	1591	0.1042
707	502	30.725	-120.	125.95	1591	0.10441
707	520	31.619	-120.	126.45	1591	0.10434
708	495	29.794	-120.	128.1	1591	0.1042
708	520	31.619	-120.	126.45	1591	0.10434
708	505	30.745	-120.	129.14	1591	0.10413
709	495	29.794	-120.	128.1	1591	0.1042
709	505	30.745	-120.	129.14	1591	0.10413
709	485	29.384	-120.	130.08	1591	0.10412
710	495	29.794	-120.	128.1	1591	0.1042
710	485	29.384	-120.	130.08	1591	0.10412
710	465	27.896	-120.	129.26	1591	0.10418
711	495	29.794	-120.	128.1	1591	0.1042
711	465	27.896	-120.	129.26	1591	0.10418
711	470	28.397	-120.	127.71	1591	0.10428
712	505	30.745	-120.	129.14	1591	0.10413
712	520	31.619	-120.	126.45	1591	0.10434
712	549	33.314	-120.	127.38	1591	0.10424
713	470	28.397	-120.	127.71	1591	0.10428
713	478	29.04	-120.	125.04	1591	0.1046
713	502	30.725	-120.	125.95	1591	0.10441
714	465	27.896	-120.	129.26	1591	0.10418
714	485	29.384	-120.	130.08	1591	0.10412
714	456	26.843	-120.	131.8	1591	0.10419
715	500	30.508	-120.	129.85	1592	0.10411
715	504	30.745	-120.	129.14	1592	0.10413
715	484	29.384	-120.	130.08	1592	0.10412
716	540	32.636	-120.	129.42	1592	0.10413
716	572	35.883	-120.	128.81	1592	0.1042
716	549	33.314	-120.	127.38	1592	0.10424
717	540	32.636	-120.	129.42	1592	0.10413
717	549	33.314	-120.	127.38	1592	0.10424
717	504	30.745	-120.	129.14	1592	0.10413
718	540	32.636	-120.	129.42	1592	0.10413
718	504	30.745	-120.	129.14	1592	0.10413
718	500	30.508	-120.	129.85	1592	0.10411
719	540	32.636	-120.	129.42	1592	0.10413
719	500	30.508	-120.	129.85	1592	0.10411
719	531	32.136	-120.	130.77	1592	0.10412
720	540	32.636	-120.	129.42	1592	0.10413
720	531	32.136	-120.	130.77	1592	0.10412
720	547	33.229	-120.	130.57	1592	0.10413
721	540	32.636	-120.	129.42	1592	0.10413
721	547	33.229	-120.	130.57	1592	0.10413
721	572	35.883	-120.	128.81	1592	0.1042
722	497	29.996	-120.	131.19	1592	0.10413
722	479	29.242	-120.	133.19	1592	0.10426
722	456	26.843	-120.	131.8	1592	0.10419
723	497	29.996	-120.	131.19	1592	0.10413
723	456	26.843	-120.	131.8	1592	0.10419
723	484	29.384	-120.	130.08	1592	0.10412
724	497	29.996	-120.	131.19	1592	0.10413
724	484	29.384	-120.	130.08	1592	0.10412
724	500	30.508	-120.	129.85	1592	0.10411
725	497	29.996	-120.	131.19	1592	0.10413
725	500	30.508	-120.	129.85	1592	0.10411
725	531	32.136	-120.	130.77	1592	0.10412
726	497	29.996	-120.	131.19	1592	0.10413
726	531	32.136	-120.	130.77	1592	0.10412
726	525	31.866	-120.	131.46	1592	0.10414
727	497	29.996	-120.	131.19	1592	0.10413
727	525	31.866	-120.	131.46	1592	0.10414
727	479	29.242	-120.	133.19	1592	0.10426
728	531	32.136	-120.	130.77	1592	0.10412
728	525	31.866	-120.	131.46	1592	0.10414
728	547	33.229	-120.	130.57	1592	0.10413
729	494	29.577	-120.	107.44	1594	0.11109
729	481	29.263	-120.	106.75	1594	0.11143
729	474	28.622	-120.	107.7	1594	0.11097
730	517	31.382	-120.	106.93	1594	0.11133
730	561	34.155	-120.	106.16	1594	0.1117
730	499	30.485	-120.	104.97	1594	0.11233
731	517	31.382	-120.	106.93	1594	0.11133
731	499	30.485	-120.	104.97	1594	0.11233
731	481	29.263	-120.	106.75	1594	0.11143
732	517	31.382	-120.	106.93	1594	0.11133
732	481	29.263	-120.	106.75	1594	0.11143
732	494	29.577	-120.	107.44	1594	0.11109
733	517	31.382	-120.	106.93	1594	0.11133
733	494	29.577	-120.	107.44	1594	0.11109
733	529	31.935	-120.	108.26	1594	0.11066
734	517	31.382	-120.	106.93	1594	0.11133
734	529	31.935	-120.	108.26	1594	0.11066
734	542	32.875	-120.	108.	1594	0.11078
735	517	31.382	-120.	106.93	1594	0.11133
735	542	32.875	-120.	108.	1594	0.11078
735	561	34.155	-120.	106.16	1594	0.1117
736	498	30.113	-120.	108.76	1594	0.11043
736	511	30.932	-120.	110.76	1594	0.10944
736	462	27.402	-120.	109.46	1594	0.11011
737	498	30.113	-120.	108.76	1594	0.11043
737	462	27.402	-120.	109.46	1594	0.11011
737	474	28.622	-120.	107.7	1594	0.11097
738	498	30.113	-120.	108.76	1594	0.11043
738	474	28.622	-120.	107.7	1594	0.11097
738	494	29.577	-120.	107.44	1594	0.11109
739	498	30.113	-120.	108.76	1594	0.11043
739	494	29.577	-120.	107.44	1594	0.11109
739	529	31.935	-120.	108.26	1594	0.11066
740	498	30.113	-120.	108.76	1594	0.11043
740	529	31.935	-120.	108.26	1594	0.11066
740	534	32.207	-120.	108.95	1594	0.11032
741	498	30.113	-120.	108.76	1594	0.11043
741	534	32.207	-120.	108.95	1594	0.11032
741	511	30.932	-120.	110.76	1594	0.10944
742	529	31.935	-120.	108.26	1594	0.11066
742	534	32.207	-120.	108.95	1594	0.11032
742	542	32.875	-120.	108.	1594	0.11078
743	477	28.754	-120.	113.62	1595	0.10817
743	511	30.932	-120.	110.76	1595	0.10944
743	462	27.402	-120.	109.46	1595	0.11011
744	561	34.155	-120.	106.16	1598	0.1117
744	536	32.209	-120.	102.31	1598	0.11363
744	499	30.485	-120.	104.97	1598	0.11233
745	107	-23.785	-120.	100.93	1649	0.12311
745	110	-23.545	-120.	96.143	1649	0.12141
745	73	-26.285	-120.	99.47	1649	0.12267
746	136	-21.358	-120.	102.37	1650	0.12349
746	130	-21.726	-120.	101.28	1650	0.1232
746	123	-22.197	-120.	101.87	1650	0.12336
747	133	-21.51	-120.	98.163	1650	0.12218
747	138	-21.019	-120.	97.611	1650	0.12197
747	125	-21.878	-120.	97.108	1650	0.12178
748	119	-22.44	-120.	99.25	1650	0.12258
748	123	-22.197	-120.	101.87	1650	0.12336
748	107	-23.785	-120.	100.93	1650	0.12311
749	119	-22.44	-120.	99.25	1650	0.12258
749	107	-23.785	-120.	100.93	1650	0.12311
749	110	-23.545	-120.	96.143	1650	0.12141
750	119	-22.44	-120.	99.25	1650	0.12258
750	110	-23.545	-120.	96.143	1650	0.12141
750	125	-21.878	-120.	97.108	1650	0.12178
751	119	-22.44	-120.	99.25	1650	0.12258
751	125	-21.878	-120.	97.108	1650	0.12178
751	133	-21.51	-120.	98.163	1650	0.12218
752	119	-22.44	-120.	99.25	1650	0.12258
752	133	-21.51	-120.	98.163	1650	0.12218
752	130	-21.726	-120.	101.28	1650	0.1232
753	119	-22.44	-120.	99.25	1650	0.12258
753	130	-21.726	-120.	101.28	1650	0.1232
753	123	-22.197	-120.	101.87	1650	0.12336
754	140	-20.794	-120.	100.22	1650	0.12288
754	138	-21.019	-120.	97.611	1650	0.12197
754	153	-19.369	-120.	98.573	1650	0.12232
755	140	-20.794	-120.	100.22	1650	0.12288
755	153	-19.369	-120.	98.573	1650	0.12232
755	151	-19.781	-120.	103.3	1650	0.12372
756	140	-20.794	-120.	100.22	1650	0.12288
756	151	-19.781	-120.	103.3	1650	0.12372
756	136	-21.358	-120.	102.37	1650	0.12349
757	140	-20.794	-120.	100.22	1650	0.12288
757	136	-21.358	-120.	102.37	1650	0.12349
757	130	-21.726	-120.	101.28	1650	0.1232
758	140	-20.794	-120.	100.22	1650	0.12288
758	130	-21.726	-120.	101.28	1650	0.1232
758	133	-21.51	-120.	98.163	1650	0.12218
759	140	-20.794	-120.	100.22	1650	0.12288
759	133	-21.51	-120.	98.163	1650	0.12218
759	138	-21.019	-120.	97.611	1650	0.12197
760	171	-16.855	-120.	100.05	1654	0.12287
760	153	-19.369	-120.	98.573	1654	0.12232
760	151	-19.781	-120.	103.3	1654	0.12372
761	221	-8.7706	-120.	146.81	1667	0.11082
761	229	-7.1945	-120.	148.83	1667	0.11061
761	217	-9.7773	-120.	147.68	1667	0.11079
762	221	-8.7706	-120.	146.81	1667	0.11082
762	217	-9.7773	-120.	147.68	1667	0.11079
762	212	-10.674	-120.	146.2	1667	0.11103
763	221	-8.7706	-120.	146.81	1667	0.11082
763	212	-10.674	-120.	146.2	1667	0.11103
763	215	-9.8754	-120.	144.75	1667	0.11121
764	221	-8.7706	-120.	146.81	1667	0.11082
764	215	-9.8754	-120.	144.75	1667	0.11121
764	224	-8.3944	-120.	145.41	1667	0.11093
765	221	-8.7706	-120.	146.81	1667	0.11082
765	224	-8.3944	-120.	145.41	1667	0.11093
765	233	-6.7075	-120.	147.97	1667	0.11059
766	221	-8.7706	-120.	146.81	1667	0.11082
766	233	-6.7075	-120.	147.97	1667	0.11059
766	229	-7.1945	-120.	148.83	1667	0.11061
767	215	-9.8754	-120.	144.75	1667	0.11121
767	212	-10.674	-120.	146.2	1667	0.11103
767	197	-12.295	-120.	143.44	1667	0.11176
768	229	-7.1945	-120.	148.83	1667	0.11061
768	226	-8.113	-120.	150.47	1667	0.11062
768	217	-9.7773	-120.	147.68	1667	0.11079
769	233	-6.7075	-120.	147.97	1667	0.11059
769	224	-8.3944	-120.	145.41	1667	0.11093
769	240	-5.7995	-120.	146.33	1667	0.11053
770	486	29.388	-120.	135.79	1726	0.10464
770	479	29.242	-120.	133.19	1726	0.10426
770	460	27.061	-120.	136.97	1726	0.10489
771	486	29.388	-120.	135.79	1726	0.10464
771	460	27.061	-120.	136.97	1726	0.10489
771	476	28.693	-120.	137.9	1726	0.10511
772	486	29.388	-120.	135.79	1726	0.10464
772	476	28.693	-120.	137.9	1726	0.10511
772	492	29.517	-120.	137.53	1726	0.10501
773	486	29.388	-120.	135.79	1726	0.10464
773	492	29.517	-120.	137.53	1726	0.10501
773	512	30.952	-120.	135.04	1726	0.10451
774	486	29.388	-120.	135.79	1726	0.10464
774	512	30.952	-120.	135.04	1726	0.10451
774	509	30.864	-120.	134.14	1726	0.10438
775	486	29.388	-120.	135.79	1726	0.10464
775	509	30.864	-120.	134.14	1726	0.10438
775	479	29.242	-120.	133.19	1726	0.10426
776	513	31.043	-120.	136.75	1726	0.10484
776	550	33.344	-120.	135.59	1726	0.10462
776	514	31.189	-120.	139.32	1726	0.10549
777	513	31.043	-120.	136.75	1726	0.10484
777	514	31.189	-120.	139.32	1726	0.10549
777	493	29.543	-120.	138.38	1726	0.10523
778	513	31.043	-120.	136.75	1726	0.10484
778	493	29.543	-120.	138.38	1726	0.10523
778	492	29.517	-120.	137.53	1726	0.10501
779	513	31.043	-120.	136.75	1726	0.10484
779	492	29.517	-120.	137.53	1726	0.10501
779	512	30.952	-120.	135.04	1726	0.10451
780	513	31.043	-120.	136.75	1726	0.10484
780	512	30.952	-120.	135.04	1726	0.10451
780	521	31.71	-120.	134.63	1726	0.10445
781	513	31.043	-120.	136.75	1726	0.10484
781	521	31.71	-120.	134.63	1726	0.10445
781	550	33.344	-120.	135.59	1726	0.10462
782	492	29.517	-120.	137.53	1726	0.10501
782	476	28.693	-120.	137.9	1726	0.10511
782	493	29.543	-120.	138.38	1726	0.10523
783	512	30.952	-120.	135.04	1726	0.10451
783	521	31.71	-120.	134.63	1726	0.10445
783	509	30.864	-120.	134.14	1726	0.10438
784	476	28.693	-120.	137.9	1744	0.10511
784	458	26.876	-120.	140.1	1744	0.10575
784	460	27.061	-120.	136.97	1744	0.10489
785	473	28.593	-120.	142.76	1744	0.10665
785	452	26.586	-120.	144.91	1744	0.10755
785	454	26.788	-120.	141.73	1744	0.10629
786	469	28.326	-120.	140.43	1744	0.10584
786	473	28.593	-120.	142.76	1744	0.10665
786	454	26.788	-120.	141.73	1744	0.10629
787	469	28.326	-120.	140.43	1744	0.10584
787	454	26.788	-120.	141.73	1744	0.10629
787	458	26.876	-120.	140.1	1744	0.10575
788	469	28.326	-120.	140.43	1744	0.10584
788	458	26.876	-120.	140.1	1744	0.10575
788	476	28.693	-120.	137.9	1744	0.10511
789	469	28.326	-120.	140.43	1744	0.10584
789	476	28.693	-120.	137.9	1744	0.10511
789	493	29.543	-120.	138.38	1744	0.10523
790	469	28.326	-120.	140.43	1744	0.10584
790	493	29.543	-120.	138.38	1744	0.10523
790	488	29.463	-120.	141.7	1744	0.10626
791	469	28.326	-120.	140.43	1744	0.10584
791	488	29.463	-120.	141.7	1744	0.10626
791	473	28.593	-120.	142.76	1744	0.10665
792	514	31.189	-120.	139.32	1744	0.10549
792	488	29.463	-120.	141.7	1744	0.10626
792	493	29.543	-120.	138.38	1744	0.10523
793	390	18.671	-120.	94.527	1810	0.117
793	388	18.369	-120.	95.895	1810	0.11664
793	373	16.06	-120.	94.294	1810	0.11716
794	390	18.671	-120.	94.527	1810	0.117
794	373	16.06	-120.	94.294	1810	0.11716
794	377	16.533	-120.	93.457	1810	0.11731
795	390	18.671	-120.	94.527	1810	0.117
795	377	16.533	-120.	93.457	1810	0.11731
795	397	19.897	-120.	93.386	1810	0.11728
796	390	18.671	-120.	94.527	1810	0.117
796	397	19.897	-120.	93.386	1810	0.11728
796	409	21.067	-120.	94.197	1810	0.11705
797	390	18.671	-120.	94.527	1810	0.117
797	409	21.067	-120.	94.197	1810	0.11705
797	401	20.101	-120.	95.931	1810	0.11655
798	390	18.671	-120.	94.527	1810	0.117
798	401	20.101	-120.	95.931	1810	0.11655
798	388	18.369	-120.	95.895	1810	0.11664
799	397	19.897	-120.	93.386	1810	0.11728
799	377	16.533	-120.	93.457	1810	0.11731
799	381	17.43	-120.	91.87	1810	0.1176
800	388	18.369	-120.	95.895	1810	0.11664
800	365	15.169	-120.	95.872	1810	0.11687
800	373	16.06	-120.	94.294	1810	0.11716
801	401	20.101	-120.	95.931	1810	0.11655
801	409	21.067	-120.	94.197	1810	0.11705
801	431	23.352	-120.	95.976	1810	0.11646
802	406	20.74	-120.	93.354	1811	0.11728
802	398	19.897	-120.	93.386	1811	0.11728
802	410	21.067	-120.	94.197	1811	0.11705
803	400	20.015	-120.	91.744	1811	0.11765
803	392	18.881	-120.	89.348	1811	0.11802
803	381	17.43	-120.	91.87	1811	0.1176
804	400	20.015	-120.	91.744	1811	0.11765
804	381	17.43	-120.	91.87	1811	0.1176
804	398	19.897	-120.	93.386	1811	0.11728
805	400	20.015	-120.	91.744	1811	0.11765
805	398	19.897	-120.	93.386	1811	0.11728
805	406	20.74	-120.	93.354	1811	0.11728
806	400	20.015	-120.	91.744	1811	0.11765
806	406	20.74	-120.	93.354	1811	0.11728
806	416	21.743	-120.	91.638	1811	0.11771
807	400	20.015	-120.	91.744	1811	0.11765
807	416	21.743	-120.	91.638	1811	0.11771
807	412	21.398	-120.	90.871	1811	0.11787
808	400	20.015	-120.	91.744	1811	0.11765
808	412	21.398	-120.	90.871	1811	0.11787
808	392	18.881	-120.	89.348	1811	0.11802
809	421	22.376	-120.	93.382	1811	0.11728
809	441	24.832	-120.	93.474	1811	0.1173
809	431	23.352	-120.	95.976	1811	0.11646
810	421	22.376	-120.	93.382	1811	0.11728
810	431	23.352	-120.	95.976	1811	0.11646
810	410	21.067	-120.	94.197	1811	0.11705
811	421	22.376	-120.	93.382	1811	0.11728
811	410	21.067	-120.	94.197	1811	0.11705
811	406	20.74	-120.	93.354	1811	0.11728
812	421	22.376	-120.	93.382	1811	0.11728
812	406	20.74	-120.	93.354	1811	0.11728
812	416	21.743	-120.	91.638	1811	0.11771
813	421	22.376	-120.	93.382	1811	0.11728
813	416	21.743	-120.	91.638	1811	0.11771
813	426	22.522	-120.	91.651	1811	0.11773
814	421	22.376	-120.	93.382	1811	0.11728
814	426	22.522	-120.	91.651	1811	0.11773
814	441	24.832	-120.	93.474	1811	0.1173
815	416	21.743	-120.	91.638	1811	0.11771
815	426	22.522	-120.	91.651	1811	0.11773
815	412	21.398	-120.	90.871	1811	0.11787
