[ 68.52094821 570.5111928  497.84388161 423.6625744   21.42938737
 362.77493904] 0.23874045835810875
[ 73.52094821 570.5111928  497.84388161 423.6625744   21.42938737
 362.77493904] 0.2385843763697153
[ 63.52094821 570.5111928  497.84388161 423.6625744   21.42938737
 362.77493904] 0.23889546988922916
[ 68.52094821 575.5111928  497.84388161 423.6625744   21.42938737
 362.77493904] 0.23873716975017345
[ 68.52094821 565.5111928  497.84388161 423.6625744   21.42938737
 362.77493904] 0.2387427513287932
[ 68.52094821 570.5111928  502.84388161 423.6625744   21.42938737
 362.77493904] 0.2386856121132439
[ 68.52094821 570.5111928  492.84388161 423.6625744   21.42938737
 362.77493904] 0.2388031302935545
[ 68.52094821 570.5111928  497.84388161 428.6625744   21.42938737
 362.77493904] 0.23881894506843082
[ 68.52094821 570.5111928  497.84388161 418.6625744   21.42938737
 362.77493904] 0.23866979733811178
[ 68.52094821 570.5111928  497.84388161 423.6625744   26.42938737
 362.77493904] 0.23891930740280998
[ 68.52094821 570.5111928  497.84388161 423.6625744   16.42938737
 362.77493904] 0.23856972062103665
[ 68.52094821 570.5111928  497.84388161 423.6625744   21.42938737
 367.77493904] 0.23896835174179643
[ 68.52094821 570.5111928  497.84388161 423.6625744   21.42938737
 357.77493904] 0.23851968901435328
[ 68.52094938 570.51119167 497.84388252 423.66257353  21.42938879
 362.77493762] 0.23874045835810875
[ 73.52094938 570.51119167 497.84388252 423.66257353  21.42938879
 362.77493762] 0.2385843763697153
[ 63.52094938 570.51119167 497.84388252 423.66257353  21.42938879
 362.77493762] 0.23889546988922916
[ 68.52094938 575.51119167 497.84388252 423.66257353  21.42938879
 362.77493762] 0.23873716975017345
[ 68.52094938 565.51119167 497.84388252 423.66257353  21.42938879
 362.77493762] 0.2387427513287932
[ 68.52094938 570.51119167 502.84388252 423.66257353  21.42938879
 362.77493762] 0.2386856121132439
[ 68.52094938 570.51119167 492.84388252 423.66257353  21.42938879
 362.77493762] 0.2388031302935545
[ 68.52094938 570.51119167 497.84388252 428.66257353  21.42938879
 362.77493762] 0.23881894506843082
[ 68.52094938 570.51119167 497.84388252 418.66257353  21.42938879
 362.77493762] 0.23866979733811178
[ 68.52094938 570.51119167 497.84388252 423.66257353  26.42938879
 362.77493762] 0.23891930740280998
[ 68.52094938 570.51119167 497.84388252 423.66257353  16.42938879
 362.77493762] 0.23856972062103665
[ 68.52094938 570.51119167 497.84388252 423.66257353  21.42938879
 367.77493762] 0.23896835174179643
[ 68.52094938 570.51119167 497.84388252 423.66257353  21.42938879
 357.77493762] 0.23851968901435328
