[3915.12563505 2789.46134673 4100.54142187 4977.43982353 3036.45501715
 3754.07056798] 0.2779327619787324
[4004.16362298 2863.41872524 4125.90682113 5045.23760552 3122.15346292
 3833.10387263] 0.2781715487178573
[4061.71670652 2615.13035214 4102.16927573 4922.14444261 3109.90029574
 3708.41663887] 0.2776512308653736
[4274.14173657 2816.04566399 4126.0745676  5000.         3293.36750295
 3753.33133222] 0.2781468457681626
[4081.0128576  2679.77176332 3903.25479554 5000.         3043.1448
 3770.84918043] 0.27747749548498746
[4147.92814388 2869.12901147 4181.91862682 4880.874177   3270.07887794
 3696.15072723] 0.27824647055356877
[4166.49851204 2520.09616963 3829.0134452  5000.         3020.82816515
 3637.23155871] 0.2769689005558007
[4131.74044983 2888.17246428 4146.01107576 4878.79794813 3265.08161003
 3772.63209538] 0.2783452496862111
[4239.82789877 2581.04614085 3836.420948   5000.         3116.33834477
 3474.27138685] 0.2770249872005408
[4133.481637   2737.16078996 4278.08021596 4912.89037917 3272.50462692
 3803.16280375] 0.2782615802617201
[4230.91451589 2722.88305001 3749.97558308 4988.22985483 3082.39125896
 3384.51017172] 0.2769552004851761
[4204.85437677 2722.5579653  4310.91453489 4965.4695551  3467.11611467
 3799.11809871] 0.2787945458968579
[4249.576652   2642.04264772 3730.20768309 5000.         2970.20728511
 3284.95782725] 0.2763113493629348
[4178.25319169 2759.25691702 4202.56223527 5000.         3298.0909513
 3756.36031647] 0.27828046053313926
[4253.80602909 2537.83434943 3830.67161499 5000.         2903.15419976
 3240.78149505] 0.27587879957658146
[4210.5862628  2773.34554796 4273.99454721 5000.         3343.41142385
 3796.39589608] 0.2784394170018203
[4156.4593973  2640.43062775 3857.78873703 4971.64316699 2782.97963808
 3185.67345949] 0.27561498563336784
[4133.65495221 2822.37299842 4325.42159129 4916.23370111 3304.58681619
 3731.15532255] 0.2784017591446002
[4063.35340261 2674.4859114  3926.81775805 4942.17428688 2851.49772954
 3243.03199738] 0.27589394091845065
[4069.90655975 2897.07372679 4263.45169311 4898.7378186  3212.19658247
 3658.33758612] 0.2782300633119661
[4081.89985106 2554.78374223 4012.60564486 4953.57496243 2894.1124955
 3210.25231701] 0.2761803475760942
