[2935.39875366 2901.83507626 3020.26429114 2630.5977403  2515.3251226
 3840.55644659] 0.2780176568913433
[3566.6837635  3597.18221411 3850.72034572 3270.71734134 3051.62701518
 4505.29885153] 0.27945533096301034
[2880.7467204  2500.         2500.         2520.30663651 2500.
 5000.        ] 0.279150089033557
[2500.         4224.34909804 5000.         2722.31908541 3885.77204434
 4184.22242147] 0.28695657860711776
[3216.74407591 3556.82069897 2549.33620859 3864.06311102 2500.
 4550.91671239] 0.2783763118532079
[2897.69070337 3458.5730041  5000.         2648.60430195 3557.61542768
 4995.5117865 ] 0.28424670036404365
[2500.         4542.85675965 3377.97883482 2500.         2500.
 5000.        ] 0.2822667762387212
[2754.99475666 2500.         4584.61492746 2500.         4783.18780989
 4466.80109616] 0.2875491550130391
[3003.42808516 3729.15099399 2985.08418621 2530.19880808 2500.
 4110.47863847] 0.27843130359201496
[2930.41941592 2616.61421677 4427.87643056 2928.98282697 4599.71091101
 3743.11174778] 0.28591307765210416
[4016.12842398 3134.85057268 3320.1751526  3179.74543743 2500.
 3216.48798999] 0.2743133410738565
[2995.40345628 2500.         2594.34179854 3751.35759791 5000.
 3593.38896384] 0.2867343484408593
[4219.94583927 3465.65780541 4438.93201242 2926.55514132 2500.
 3778.7990968 ] 0.27502494531862
[3629.95010745 3526.7045945  3468.60492959 3287.2458121  5000.
 3012.74416084] 0.28457232886150763
[4891.69219287 3020.31370134 5000.         3196.3877658  2588.84006038
 4029.23976018] 0.2741133557923874
[3680.48024075 3203.22706123 3957.5331861  2913.85827386 5000.
 2500.        ] 0.2836693641094996
[4513.16858215 3074.80303402 5000.         3418.77692763 2500.
 4319.02745565] 0.27501574573821586
[3073.816223   3875.70711638 3443.38923066 3087.59447636 4692.92495656
 2500.        ] 0.28515754135094795
[4528.63742848 2500.         5000.         3403.01932868 2625.42010546
 3977.47867496] 0.27447823654010506
[2806.34703418 3481.83875223 3666.88929716 3145.00426428 5000.
 2500.        ] 0.28738546081874716
[4498.01659873 2500.         5000.         3563.27511212 2591.84965138
 3427.97410657] 0.27379547177240937
