[1359.74187716  782.02447554 1791.25601809 1163.97067038 3929.41032818
 4798.58380678] 0.2888030915879938
[1651.74503651  819.83993526 2090.03625719 1719.12144978 4431.92376597
 5124.5451408 ] 0.29023302531392403
[ 276.47996155 1596.76935378 3322.14237859  359.21774846 3475.28290993
 4728.5703498 ] 0.2943001056092811
[1404.17413456 1092.95701548  686.20615398 2112.93381877 4660.97264793
 5000.        ] 0.2974195566437601
[1153.78205468 1655.15804965 3102.70228916  662.46577802 3456.36390103
 3668.75899892] 0.28879654855012404
[2072.04568874 1522.54562286  940.05357723 1924.16939392 4987.86075054
 5000.        ] 0.29171035678997725
[ 795.31343861 2284.71204318 2203.65121906  814.01065504 3515.366125
 3809.17369482] 0.29260899878305224
[1730.34360933 1793.29087585  643.42852725 2480.78976217 4910.32047034
 4868.41917415] 0.29529604198588544
[1098.57898301 2282.74778285 2101.13826825  403.74459974 3187.38699812
 3318.8053874 ] 0.2881436413832503
[1710.04711108 1747.24477202  689.28113832 2757.86657694 4494.04525268
 4880.10177628] 0.2941145799431979
[1032.24127836 2063.08791905 2355.55744138  556.91383124 2963.47310781
 3188.75878381] 0.2875728142696161
[1933.2837365  1818.79461872  826.37929983 2633.50661009 4365.32108235
 5000.        ] 0.2915591845062977
[ 981.35734537 2055.30835003 2484.49129637  424.13233924 2931.53910667
 3192.29123193] 0.2873445359997575
[1777.24799563 1869.55881233  697.65865393 2740.81930113 4291.18571947
 5000.        ] 0.2928261350516337
[ 957.48291287 2045.20285982 2305.5153423   431.19965706 2982.67445081
 3263.05131918] 0.28779488841427536
[1761.96842619 1784.93001887  675.67800248 2705.24176867 4238.58763336
 5000.        ] 0.2927945762555453
[ 921.19152989 2051.75068496 2298.33241371  429.61046117 2925.05188526
 3217.42024422] 0.28775278600078735
[1746.08064237 1738.20845604  664.38241556 2716.35527896 4212.65401415
 4929.50948367] 0.29283452849232106
[ 961.88604829 1989.7697982  2283.56429664  443.50097799 2876.85650206
 3204.60848994] 0.28724669707339956
[1701.64614244 1738.94729934  642.85943136 2713.06754235 4227.94382346
 4940.36531876] 0.29341320589275455
[ 962.65856719 2004.33594873 2277.32372465  468.57666081 2853.22784836
 3229.31582518] 0.287278811149541
[1678.18028769 1757.36217976  629.1429842  2708.33431203 4250.9576289
 4926.28248513] 0.29373142929175344
[ 946.1218501  2015.53445826 2272.67562404  467.72391047 2858.73077873
 3225.27768622] 0.287412677655567
