[201.76839272 383.10681346 341.52231566 338.54728214 522.42221783
  78.58088635] 0.24146159485439966
[0. 0. 0. 0. 0. 0.] 0.0630860396573425
[60. 60. 60. 60. 60. 60.] 0.22820041863920437
[120. 120. 120. 120. 120. 120.] 0.23216515483638744
[180. 180. 180. 180. 180. 180.] 0.23479375117980084
[240. 240. 240. 240. 240. 240.] 0.23758681518269498
[300. 300. 300. 300. 300. 300.] 0.2402880421965392
[360. 360. 360. 360. 360. 360.] 0.24323873194416734
[420. 420. 420. 420. 420. 420.] 0.24589587132740576
[480. 480. 480. 480. 480. 480.] 0.24879660736401377
[540. 540. 540. 540. 540. 540.] 0.25141209850529833
