[4707.55774911 4085.54010871 4730.27278892 2540.56190599 4324.69968696
 3472.56431726] 0.2808832266664183
[4763.3983857  4094.26609805 4911.80114596 2611.09798177 4328.16769636
 3645.70906375] 0.28096868300821143
[4842.15416941 4379.40268089 4759.04736237 2538.93919012 4664.93695738
 3312.07536427] 0.281722787297241
[4439.46596503 3957.4484899  4897.69319828 2461.40640014 4365.51445987
 3625.45579919] 0.28150658314695676
[5000.         4618.68740627 4796.24616427 2681.94811082 4757.06757351
 3450.51219192] 0.2820836874276864
[4462.96363148 4116.30398394 4921.07199816 2322.1240433  4330.07250996
 3672.17939452] 0.28145022231073824
[5000.         4726.01291151 4802.34566562 2823.80452143 4733.28419861
 3460.17663949] 0.2821361409005547
[4540.45198354 4035.73714604 4941.04844817 2265.48633973 4291.80673503
 3711.67493075] 0.28125837984656243
[5000.         4625.65576374 4742.86324709 2850.98506556 4861.69707007
 3465.61140743] 0.28241872358297826
[4595.86502536 3996.03665121 4975.01637633 2259.15368964 4275.76460362
 3652.4930818 ] 0.281022711243466
[5000.         4598.39476494 4706.51342582 2883.40136982 4862.62984076
 3548.01075915] 0.2824550822718592
[4596.69649733 3943.68037214 4980.54516621 2280.08643358 4259.3121641
 3601.07308739] 0.2808935011236642
[5000.         4604.586744   4696.92565286 2865.02182363 4862.28142964
 3526.04465296] 0.2824429135010931
[4598.17122108 3985.07868589 4969.84245195 2272.71230624 4258.50014758
 3606.8780053 ] 0.2809208992165395
[4985.28369261 4585.49329177 4703.64598284 2847.58758765 4868.51498936
 3508.05841888] 0.2824439024723375
[4578.523912   3977.04612523 4994.02272925 2284.16155267 4272.31952743
 3601.57527398] 0.28098898754726065
[4980.49992344 4581.94418451 4708.75929902 2835.45985264 4883.84757751
 3505.05529872] 0.2824834768573439
[4584.32242491 3966.37279969 4996.69265055 2283.70420813 4268.11981928
 3595.57540852] 0.28096202276373816
[4975.55569357 4573.79750531 4706.87158345 2832.70324375 4895.99071295
 3507.192632  ] 0.2825195370626261
[4580.35842873 3962.5749457  4996.86427349 2284.60875658 4266.45100772
 3596.81633513] 0.2809579403390714
[4972.73972619 4569.77846643 4713.08750491 2828.62518111 4895.38030739
 3505.39291179] 0.28252286102794244
[4579.28218581 3961.94097916 4995.14673504 2286.47416046 4265.654219
 3599.13778425] 0.28095827516074223
[4972.90452094 4568.26501063 4715.42248845 2833.85428545 4897.8140088
 3505.51911105] 0.2825284624534916
