[147.37527294  27.43969841 313.72945486 574.83942332 283.95936744
 406.51526846] 0.25596326939722047
[292.300754    70.59528787 485.69989704 617.1601523  333.4500388
 473.28281405] 0.2507390552892872
[160.77328706 154.8258394  431.94400307 600.           0.
 393.84020256] 0.2418545443112805
[407.83234042  20.33693482 581.26411305 243.32209411 384.69272804
 600.        ] 0.2439603009851865
[372.10710289 163.55420334 600.         597.96526685   6.14059005
 447.647378  ] 0.23464682460878095
[107.23473038   0.         459.02361771 192.25888855 274.76918612
 600.        ] 0.2485772090765721
[331.03652748  88.49842045 571.71156862 415.12279835  14.99821635
 352.26618831] 0.22900097280682274
[149.71407085  17.92079448 388.88695085 126.84077187 210.88862396
 600.        ] 0.24432480692134106
[196.60326665 115.77508708 562.98815612 350.3365314   68.33234915
 384.51350267] 0.23598653546848425
[170.2780101   46.32666896 384.6438236  131.72520827 214.03081095
 600.        ] 0.24712952250419562
[239.47690889 106.72188255 539.11926191 432.56621693  34.21293916
 364.79149565] 0.23413773276728023
[203.94074436  22.20344083 378.14500935 152.41406301 230.9413011
 554.874691  ] 0.24584989782505318
[261.40718585  99.5507215  559.76856534 484.33280359  46.5307454
 340.89578187] 0.23314657386406878
[196.2680869   17.35093199 403.27028751 131.03724588 241.41805584
 534.64017262] 0.24206060501584403
[279.11864725 108.90163654 572.26225247 451.2771058   57.89278407
 336.01034608] 0.23198722278824846
[204.42710187  19.32702831 414.58521463 129.57778672 239.540532
 541.85672612] 0.24178962502855228
[264.44087711 120.71400724 555.50801201 448.30855093  59.66573275
 337.42041333] 0.23273650295499237
[204.82090424  20.22386049 405.52685283 115.04085159 237.91777236
 538.0475627 ] 0.24068778612890895
[262.16085898 116.37958118 555.53696622 449.84030986  67.31832921
 330.96504755] 0.23281848673590844
[200.55322773  21.61963133 411.47896983 118.04074566 242.58864662
 539.08843259] 0.24093141469100487
[264.75629008 122.53062027 555.79214496 452.34643292  70.47029667
 333.8934464 ] 0.23298474404911929
[201.39956771  19.85704238 412.74064065 111.12652743 240.91773844
 535.02956387] 0.23993015168829146
[262.45136577 125.4517568  556.94038407 449.57570691  73.05160324
 332.27732869] 0.23300549942948834
