小面	点	X坐标 (mm)	Y坐标 (mm)	Z坐标 (mm)	单元数	定向变形 (mm)
0	256	-2.9777	-120.	149.89	577	0.10563
0	268	-1.0913	-120.	151.9	577	0.10568
0	252	-3.9312	-120.	151.58	577	0.10567
1	288	1.8045	-120.	154.98	577	0.10578
1	267	-1.1343	-120.	154.83	577	0.10577
1	276	-0.11815	-120.	152.95	577	0.10571
2	243	-5.3928	-120.	154.18	577	0.10574
2	248	-4.4252	-120.	152.47	577	0.10569
2	259	-2.4941	-120.	154.68	577	0.10576
3	261	-2.1991	-120.	153.07	577	0.10571
3	252	-3.9312	-120.	151.58	577	0.10567
3	268	-1.0913	-120.	151.9	577	0.10568
4	261	-2.1991	-120.	153.07	577	0.10571
4	268	-1.0913	-120.	151.9	577	0.10568
4	276	-0.11815	-120.	152.95	577	0.10571
5	261	-2.1991	-120.	153.07	577	0.10571
5	276	-0.11815	-120.	152.95	577	0.10571
5	267	-1.1343	-120.	154.83	577	0.10577
6	261	-2.1991	-120.	153.07	577	0.10571
6	267	-1.1343	-120.	154.83	577	0.10577
6	259	-2.4941	-120.	154.68	577	0.10576
7	261	-2.1991	-120.	153.07	577	0.10571
7	259	-2.4941	-120.	154.68	577	0.10576
7	248	-4.4252	-120.	152.47	577	0.10569
8	261	-2.1991	-120.	153.07	577	0.10571
8	248	-4.4252	-120.	152.47	577	0.10569
8	252	-3.9312	-120.	151.58	577	0.10567
9	526	31.866	-120.	131.46	610	0.10564
9	510	30.864	-120.	134.14	610	0.10558
9	479	29.242	-120.	133.19	610	0.10559
10	564	34.544	-120.	132.9	610	0.10561
10	550	33.344	-120.	135.59	610	0.10555
10	522	31.71	-120.	134.63	610	0.10557
11	541	32.873	-120.	132.56	610	0.10561
11	564	34.544	-120.	132.9	610	0.10561
11	522	31.71	-120.	134.63	610	0.10557
12	541	32.873	-120.	132.56	610	0.10561
12	522	31.71	-120.	134.63	610	0.10557
12	510	30.864	-120.	134.14	610	0.10558
13	541	32.873	-120.	132.56	610	0.10561
13	510	30.864	-120.	134.14	610	0.10558
13	526	31.866	-120.	131.46	610	0.10564
14	541	32.873	-120.	132.56	610	0.10561
14	526	31.866	-120.	131.46	610	0.10564
14	546	33.229	-120.	130.57	610	0.10566
15	541	32.873	-120.	132.56	610	0.10561
15	546	33.229	-120.	130.57	610	0.10566
15	567	35.024	-120.	131.62	610	0.10564
16	541	32.873	-120.	132.56	610	0.10561
16	567	35.024	-120.	131.62	610	0.10564
16	564	34.544	-120.	132.9	610	0.10561
17	572	35.883	-120.	128.81	610	0.10572
17	567	35.024	-120.	131.62	610	0.10564
17	546	33.229	-120.	130.57	610	0.10566
18	109	-23.556	-120.	106.6	619	0.10685
18	124	-22.151	-120.	106.97	619	0.10684
18	98	-24.934	-120.	108.56	619	0.10679
19	109	-23.556	-120.	106.6	619	0.10685
19	98	-24.934	-120.	108.56	619	0.10679
19	83	-25.781	-120.	108.08	619	0.10681
20	109	-23.556	-120.	106.6	619	0.10685
20	83	-25.781	-120.	108.08	619	0.10681
20	104	-24.368	-120.	105.63	619	0.10688
21	109	-23.556	-120.	106.6	619	0.10685
21	104	-24.368	-120.	105.63	619	0.10688
21	117	-22.763	-120.	104.8	619	0.1069
22	109	-23.556	-120.	106.6	619	0.10685
22	117	-22.763	-120.	104.8	619	0.1069
22	137	-21.34	-120.	105.57	619	0.10688
23	109	-23.556	-120.	106.6	619	0.10685
23	137	-21.34	-120.	105.57	619	0.10688
23	124	-22.151	-120.	106.97	619	0.10684
24	104	-24.368	-120.	105.63	619	0.10688
24	83	-25.781	-120.	108.08	619	0.10681
24	55	-27.388	-120.	107.17	619	0.10684
25	124	-22.151	-120.	106.97	619	0.10684
25	112	-23.336	-120.	109.46	619	0.10676
25	98	-24.934	-120.	108.56	619	0.10679
26	137	-21.34	-120.	105.57	619	0.10688
26	117	-22.763	-120.	104.8	619	0.1069
26	151	-19.781	-120.	103.3	619	0.10694
27	153	-19.369	-120.	98.573	622	0.10699
27	139	-21.019	-120.	97.611	622	0.10699
27	155	-18.865	-120.	95.735	622	0.10699
28	110	-23.545	-120.	96.143	622	0.10699
28	134	-21.451	-120.	94.077	622	0.10698
28	126	-21.878	-120.	97.108	622	0.10699
29	165	-18.085	-120.	91.387	622	0.10693
29	161	-18.611	-120.	94.262	622	0.10697
29	144	-20.419	-120.	93.178	622	0.10696
30	145	-20.374	-120.	95.329	622	0.10698
30	155	-18.865	-120.	95.735	622	0.10699
30	139	-21.019	-120.	97.611	622	0.10699
31	145	-20.374	-120.	95.329	622	0.10698
31	139	-21.019	-120.	97.611	622	0.10699
31	126	-21.878	-120.	97.108	622	0.10699
32	145	-20.374	-120.	95.329	622	0.10698
32	126	-21.878	-120.	97.108	622	0.10699
32	134	-21.451	-120.	94.077	622	0.10698
33	145	-20.374	-120.	95.329	622	0.10698
33	134	-21.451	-120.	94.077	622	0.10698
33	144	-20.419	-120.	93.178	622	0.10696
34	145	-20.374	-120.	95.329	622	0.10698
34	144	-20.419	-120.	93.178	622	0.10696
34	161	-18.611	-120.	94.262	622	0.10697
35	145	-20.374	-120.	95.329	622	0.10698
35	161	-18.611	-120.	94.262	622	0.10697
35	155	-18.865	-120.	95.735	622	0.10699
36	285	1.3031	-120.	89.681	635	0.10686
36	275	-0.15357	-120.	92.615	635	0.10697
36	300	4.2195	-120.	92.615	635	0.10696
37	80	-26.056	-120.	108.78	712	0.10679
37	97	-24.934	-120.	108.56	712	0.10679
37	82	-25.781	-120.	108.08	712	0.10681
38	43	-28.173	-120.	109.18	712	0.10677
38	23	-29.748	-120.	110.74	712	0.10672
38	7	-31.417	-120.	109.78	712	0.10675
39	43	-28.173	-120.	109.18	712	0.10677
39	7	-31.417	-120.	109.78	712	0.10675
39	55	-27.388	-120.	107.17	712	0.10684
40	43	-28.173	-120.	109.18	712	0.10677
40	55	-27.388	-120.	107.17	712	0.10684
40	82	-25.781	-120.	108.08	712	0.10681
41	43	-28.173	-120.	109.18	712	0.10677
41	82	-25.781	-120.	108.08	712	0.10681
41	80	-26.056	-120.	108.78	712	0.10679
42	43	-28.173	-120.	109.18	712	0.10677
42	80	-26.056	-120.	108.78	712	0.10679
42	36	-28.65	-120.	110.53	712	0.10673
43	43	-28.173	-120.	109.18	712	0.10677
43	36	-28.65	-120.	110.53	712	0.10673
43	23	-29.748	-120.	110.74	712	0.10672
44	32	-28.882	-120.	111.23	712	0.1067
44	36	-28.65	-120.	110.53	712	0.10673
44	23	-29.748	-120.	110.74	712	0.10672
45	68	-26.514	-120.	110.12	712	0.10674
45	61	-27.224	-120.	112.18	712	0.10667
45	112	-23.336	-120.	109.46	712	0.10676
46	68	-26.514	-120.	110.12	712	0.10674
46	112	-23.336	-120.	109.46	712	0.10676
46	97	-24.934	-120.	108.56	712	0.10679
47	68	-26.514	-120.	110.12	712	0.10674
47	97	-24.934	-120.	108.56	712	0.10679
47	80	-26.056	-120.	108.78	712	0.10679
48	68	-26.514	-120.	110.12	712	0.10674
48	80	-26.056	-120.	108.78	712	0.10679
48	36	-28.65	-120.	110.53	712	0.10673
49	68	-26.514	-120.	110.12	712	0.10674
49	36	-28.65	-120.	110.53	712	0.10673
49	32	-28.882	-120.	111.23	712	0.1067
50	68	-26.514	-120.	110.12	712	0.10674
50	32	-28.882	-120.	111.23	712	0.1067
50	61	-27.224	-120.	112.18	712	0.10667
51	241	-5.7764	-120.	90.758	716	0.1069
51	235	-6.5008	-120.	90.968	716	0.1069
51	237	-6.2516	-120.	91.919	716	0.10693
52	225	-8.3372	-120.	89.613	716	0.10686
52	223	-8.5933	-120.	88.683	716	0.10683
52	220	-9.0374	-120.	89.857	716	0.10687
53	227	-7.8565	-120.	91.427	716	0.10692
53	237	-6.2516	-120.	91.919	716	0.10693
53	231	-7.1082	-120.	94.093	716	0.107
54	227	-7.8565	-120.	91.427	716	0.10692
54	231	-7.1082	-120.	94.093	716	0.107
54	214	-9.904	-120.	92.112	716	0.10693
55	227	-7.8565	-120.	91.427	716	0.10692
55	214	-9.904	-120.	92.112	716	0.10693
55	220	-9.0374	-120.	89.857	716	0.10687
56	227	-7.8565	-120.	91.427	716	0.10692
56	220	-9.0374	-120.	89.857	716	0.10687
56	225	-8.3372	-120.	89.613	716	0.10686
57	227	-7.8565	-120.	91.427	716	0.10692
57	225	-8.3372	-120.	89.613	716	0.10686
57	235	-6.5008	-120.	90.968	716	0.1069
58	227	-7.8565	-120.	91.427	716	0.10692
58	235	-6.5008	-120.	90.968	716	0.1069
58	237	-6.2516	-120.	91.919	716	0.10693
59	232	-6.9679	-120.	89.165	716	0.10685
59	223	-8.5933	-120.	88.683	716	0.10683
59	228	-7.7041	-120.	86.405	716	0.10675
60	232	-6.9679	-120.	89.165	716	0.10685
60	228	-7.7041	-120.	86.405	716	0.10675
60	245	-4.8957	-120.	88.564	716	0.10682
61	232	-6.9679	-120.	89.165	716	0.10685
61	245	-4.8957	-120.	88.564	716	0.10682
61	241	-5.7764	-120.	90.758	716	0.1069
62	232	-6.9679	-120.	89.165	716	0.10685
62	241	-5.7764	-120.	90.758	716	0.1069
62	235	-6.5008	-120.	90.968	716	0.1069
63	232	-6.9679	-120.	89.165	716	0.10685
63	235	-6.5008	-120.	90.968	716	0.1069
63	225	-8.3372	-120.	89.613	716	0.10686
64	232	-6.9679	-120.	89.165	716	0.10685
64	225	-8.3372	-120.	89.613	716	0.10686
64	223	-8.5933	-120.	88.683	716	0.10683
65	177	-15.833	-120.	140.87	735	0.1056
65	169	-17.251	-120.	143.32	735	0.10559
65	197	-12.295	-120.	143.44	735	0.10557
66	1	-32.805	-120.	116.88	751	0.10647
66	0	-32.924	-120.	121.19	751	0.10628
66	16	-30.093	-120.	118.32	751	0.10641
67	226	-8.113	-120.	150.47	765	0.10564
67	218	-9.54	-120.	153.01	765	0.10569
67	243	-5.3928	-120.	154.18	765	0.10574
68	250	-4.0658	-120.	91.691	802	0.10693
68	263	-2.0045	-120.	91.016	802	0.10691
68	257	-2.8829	-120.	92.974	802	0.10698
69	250	-4.0658	-120.	91.691	802	0.10693
69	257	-2.8829	-120.	92.974	802	0.10698
69	247	-4.4686	-120.	93.311	802	0.10698
70	250	-4.0658	-120.	91.691	802	0.10693
70	247	-4.4686	-120.	93.311	802	0.10698
70	238	-6.2516	-120.	91.919	802	0.10693
71	250	-4.0658	-120.	91.691	802	0.10693
71	238	-6.2516	-120.	91.919	802	0.10693
71	242	-5.7764	-120.	90.758	802	0.1069
72	250	-4.0658	-120.	91.691	802	0.10693
72	242	-5.7764	-120.	90.758	802	0.1069
72	254	-3.011	-120.	90.17	802	0.10688
73	250	-4.0658	-120.	91.691	802	0.10693
73	254	-3.011	-120.	90.17	802	0.10688
73	263	-2.0045	-120.	91.016	802	0.10691
74	238	-6.2516	-120.	91.919	802	0.10693
74	247	-4.4686	-120.	93.311	802	0.10698
74	231	-7.1082	-120.	94.093	802	0.107
75	263	-2.0045	-120.	91.016	802	0.10691
75	275	-0.15357	-120.	92.615	802	0.10697
75	257	-2.8829	-120.	92.974	802	0.10698
76	254	-3.011	-120.	90.17	802	0.10688
76	242	-5.7764	-120.	90.758	802	0.1069
76	245	-4.8957	-120.	88.564	802	0.10682
77	353	12.589	-120.	91.638	810	0.1069
77	343	11.174	-120.	94.093	810	0.10695
77	365	15.169	-120.	95.872	810	0.10694
78	427	22.928	-120.	139.99	840	0.1055
78	413	21.536	-120.	141.87	840	0.1055
78	420	21.895	-120.	138.97	840	0.1055
79	427	22.928	-120.	139.99	840	0.1055
79	420	21.895	-120.	138.97	840	0.1055
79	429	22.98	-120.	137.77	840	0.10551
80	427	22.928	-120.	139.99	840	0.1055
80	429	22.98	-120.	137.77	840	0.10551
80	437	24.441	-120.	138.64	840	0.10551
81	427	22.928	-120.	139.99	840	0.1055
81	437	24.441	-120.	138.64	840	0.10551
81	435	24.303	-120.	140.3	840	0.1055
82	427	22.928	-120.	139.99	840	0.1055
82	435	24.303	-120.	140.3	840	0.1055
82	424	22.411	-120.	142.4	840	0.1055
83	427	22.928	-120.	139.99	840	0.1055
83	424	22.411	-120.	142.4	840	0.1055
83	413	21.536	-120.	141.87	840	0.1055
84	437	24.441	-120.	138.64	840	0.10551
84	429	22.98	-120.	137.77	840	0.10551
84	439	24.656	-120.	135.59	840	0.10554
85	413	21.536	-120.	141.87	840	0.1055
85	399	19.899	-120.	140.87	840	0.10549
85	420	21.895	-120.	138.97	840	0.1055
86	424	22.411	-120.	142.4	840	0.1055
86	435	24.303	-120.	140.3	840	0.1055
86	434	24.064	-120.	143.4	840	0.10551
87	240	-5.7995	-120.	146.33	842	0.10555
87	256	-2.9777	-120.	149.89	842	0.10563
87	265	-1.522	-120.	147.24	842	0.10555
88	35	-28.656	-120.	129.72	857	0.10592
88	6	-31.929	-120.	128.36	857	0.10598
88	10	-30.643	-120.	132.48	857	0.10583
89	152	-19.63	-120.	147.46	858	0.10558
89	175	-16.089	-120.	149.92	858	0.10562
89	181	-14.63	-120.	147.4	858	0.10559
90	214	-9.904	-120.	92.112	861	0.10693
90	206	-11.103	-120.	95.872	861	0.10701
90	231	-7.1082	-120.	94.093	861	0.107
91	56	-27.376	-120.	127.13	865	0.10602
91	63	-27.196	-120.	127.86	865	0.10599
91	70	-26.429	-120.	126.87	865	0.10603
92	31	-29.171	-120.	127.62	865	0.106
92	6	-31.929	-120.	128.36	865	0.10598
92	35	-28.656	-120.	129.72	865	0.10592
93	31	-29.171	-120.	127.62	865	0.106
93	35	-28.656	-120.	129.72	865	0.10592
93	63	-27.196	-120.	127.86	865	0.10599
94	31	-29.171	-120.	127.62	865	0.106
94	63	-27.196	-120.	127.86	865	0.10599
94	56	-27.376	-120.	127.13	865	0.10602
95	31	-29.171	-120.	127.62	865	0.106
95	56	-27.376	-120.	127.13	865	0.10602
95	28	-29.468	-120.	126.21	865	0.10606
96	31	-29.171	-120.	127.62	865	0.106
96	28	-29.468	-120.	126.21	865	0.10606
96	15	-30.401	-120.	126.46	865	0.10605
97	31	-29.171	-120.	127.62	865	0.106
97	15	-30.401	-120.	126.46	865	0.10605
97	6	-31.929	-120.	128.36	865	0.10598
98	52	-27.657	-120.	125.72	865	0.10608
98	44	-28.087	-120.	123.61	865	0.10617
98	96	-24.974	-120.	125.04	865	0.10611
99	52	-27.657	-120.	125.72	865	0.10608
99	96	-24.974	-120.	125.04	865	0.10611
99	70	-26.429	-120.	126.87	865	0.10603
100	52	-27.657	-120.	125.72	865	0.10608
100	70	-26.429	-120.	126.87	865	0.10603
100	56	-27.376	-120.	127.13	865	0.10602
101	52	-27.657	-120.	125.72	865	0.10608
101	56	-27.376	-120.	127.13	865	0.10602
101	28	-29.468	-120.	126.21	865	0.10606
102	52	-27.657	-120.	125.72	865	0.10608
102	28	-29.468	-120.	126.21	865	0.10606
102	25	-29.607	-120.	125.48	865	0.10609
103	52	-27.657	-120.	125.72	865	0.10608
103	25	-29.607	-120.	125.48	865	0.10609
103	44	-28.087	-120.	123.61	865	0.10617
104	28	-29.468	-120.	126.21	865	0.10606
104	25	-29.607	-120.	125.48	865	0.10609
104	15	-30.401	-120.	126.46	865	0.10605
105	44	-28.087	-120.	123.61	867	0.10617
105	24	-29.607	-120.	125.48	867	0.10609
105	19	-29.999	-120.	122.65	867	0.10622
106	6	-31.929	-120.	128.36	867	0.10598
106	3	-32.513	-120.	125.48	867	0.1061
106	14	-30.401	-120.	126.46	867	0.10605
107	0	-32.924	-120.	121.19	867	0.10628
107	9	-30.996	-120.	122.16	867	0.10624
107	2	-32.701	-120.	124.13	867	0.10615
108	8	-31.036	-120.	124.39	867	0.10614
108	19	-29.999	-120.	122.65	867	0.10622
108	24	-29.607	-120.	125.48	867	0.10609
109	8	-31.036	-120.	124.39	867	0.10614
109	24	-29.607	-120.	125.48	867	0.10609
109	14	-30.401	-120.	126.46	867	0.10605
110	8	-31.036	-120.	124.39	867	0.10614
110	14	-30.401	-120.	126.46	867	0.10605
110	3	-32.513	-120.	125.48	867	0.1061
111	8	-31.036	-120.	124.39	867	0.10614
111	3	-32.513	-120.	125.48	867	0.1061
111	2	-32.701	-120.	124.13	867	0.10615
112	8	-31.036	-120.	124.39	867	0.10614
112	2	-32.701	-120.	124.13	867	0.10615
112	9	-30.996	-120.	122.16	867	0.10624
113	8	-31.036	-120.	124.39	867	0.10614
113	9	-30.996	-120.	122.16	867	0.10624
113	19	-29.999	-120.	122.65	867	0.10622
114	204	-11.69	-120.	149.52	879	0.10562
114	208	-10.796	-120.	149.39	879	0.10562
114	199	-12.084	-120.	148.78	879	0.10561
115	207	-10.848	-120.	150.93	879	0.10565
115	218	-9.54	-120.	153.01	879	0.10569
115	226	-8.113	-120.	150.47	879	0.10564
116	207	-10.848	-120.	150.93	879	0.10565
116	226	-8.113	-120.	150.47	879	0.10564
116	208	-10.796	-120.	149.39	879	0.10562
117	207	-10.848	-120.	150.93	879	0.10565
117	208	-10.796	-120.	149.39	879	0.10562
117	204	-11.69	-120.	149.52	879	0.10562
118	207	-10.848	-120.	150.93	879	0.10565
118	204	-11.69	-120.	149.52	879	0.10562
118	194	-12.675	-120.	151.25	879	0.10565
119	207	-10.848	-120.	150.93	879	0.10565
119	194	-12.675	-120.	151.25	879	0.10565
119	198	-12.273	-120.	151.92	879	0.10566
120	207	-10.848	-120.	150.93	879	0.10565
120	198	-12.273	-120.	151.92	879	0.10566
120	218	-9.54	-120.	153.01	879	0.10569
121	190	-13.446	-120.	149.7	879	0.10562
121	175	-16.089	-120.	149.92	879	0.10562
121	181	-14.63	-120.	147.4	879	0.10559
122	190	-13.446	-120.	149.7	879	0.10562
122	181	-14.63	-120.	147.4	879	0.10559
122	199	-12.084	-120.	148.78	879	0.10561
123	190	-13.446	-120.	149.7	879	0.10562
123	199	-12.084	-120.	148.78	879	0.10561
123	204	-11.69	-120.	149.52	879	0.10562
124	190	-13.446	-120.	149.7	879	0.10562
124	204	-11.69	-120.	149.52	879	0.10562
124	194	-12.675	-120.	151.25	879	0.10565
125	190	-13.446	-120.	149.7	879	0.10562
125	194	-12.675	-120.	151.25	879	0.10565
125	188	-13.511	-120.	151.33	879	0.10565
126	190	-13.446	-120.	149.7	879	0.10562
126	188	-13.511	-120.	151.33	879	0.10565
126	175	-16.089	-120.	149.92	879	0.10562
127	194	-12.675	-120.	151.25	879	0.10565
127	188	-13.511	-120.	151.33	879	0.10565
127	198	-12.273	-120.	151.92	879	0.10566
128	463	27.448	-120.	103.66	890	0.10675
128	451	26.451	-120.	103.94	890	0.10675
128	464	27.85	-120.	104.3	890	0.10673
129	453	26.629	-120.	102.49	890	0.10679
129	444	25.409	-120.	100.72	890	0.10684
129	432	23.847	-120.	103.3	890	0.10677
130	453	26.629	-120.	102.49	890	0.10679
130	432	23.847	-120.	103.3	890	0.10677
130	451	26.451	-120.	103.94	890	0.10675
131	453	26.629	-120.	102.49	890	0.10679
131	451	26.451	-120.	103.94	890	0.10675
131	463	27.448	-120.	103.66	890	0.10675
132	453	26.629	-120.	102.49	890	0.10679
132	463	27.448	-120.	103.66	890	0.10675
132	471	28.524	-120.	101.95	890	0.1068
133	453	26.629	-120.	102.49	890	0.10679
133	471	28.524	-120.	101.95	890	0.1068
133	467	28.095	-120.	101.35	890	0.10682
134	453	26.629	-120.	102.49	890	0.10679
134	467	28.095	-120.	101.35	890	0.10682
134	444	25.409	-120.	100.72	890	0.10684
135	483	29.334	-120.	103.14	890	0.10677
135	536	32.209	-120.	102.31	890	0.10679
135	499	30.485	-120.	104.97	890	0.10671
136	483	29.334	-120.	103.14	890	0.10677
136	499	30.485	-120.	104.97	890	0.10671
136	464	27.85	-120.	104.3	890	0.10673
137	483	29.334	-120.	103.14	890	0.10677
137	464	27.85	-120.	104.3	890	0.10673
137	463	27.448	-120.	103.66	890	0.10675
138	483	29.334	-120.	103.14	890	0.10677
138	463	27.448	-120.	103.66	890	0.10675
138	471	28.524	-120.	101.95	890	0.1068
139	483	29.334	-120.	103.14	890	0.10677
139	471	28.524	-120.	101.95	890	0.1068
139	490	29.49	-120.	101.66	890	0.10681
140	483	29.334	-120.	103.14	890	0.10677
140	490	29.49	-120.	101.66	890	0.10681
140	536	32.209	-120.	102.31	890	0.10679
141	471	28.524	-120.	101.95	890	0.1068
141	490	29.49	-120.	101.66	890	0.10681
141	467	28.095	-120.	101.35	890	0.10682
142	50	-27.848	-120.	115.7	894	0.10652
142	45	-27.948	-120.	116.45	894	0.10649
142	65	-26.814	-120.	115.45	894	0.10653
143	53	-27.595	-120.	114.29	894	0.10658
143	29	-29.43	-120.	114.03	894	0.10659
143	61	-27.224	-120.	112.18	894	0.10667
144	53	-27.595	-120.	114.29	894	0.10658
144	61	-27.224	-120.	112.18	894	0.10667
144	100	-24.688	-120.	113.62	894	0.10661
145	53	-27.595	-120.	114.29	894	0.10658
145	100	-24.688	-120.	113.62	894	0.10661
145	65	-26.814	-120.	115.45	894	0.10653
146	53	-27.595	-120.	114.29	894	0.10658
146	65	-26.814	-120.	115.45	894	0.10653
146	50	-27.848	-120.	115.7	894	0.10652
147	53	-27.595	-120.	114.29	894	0.10658
147	50	-27.848	-120.	115.7	894	0.10652
147	26	-29.567	-120.	114.76	894	0.10656
148	53	-27.595	-120.	114.29	894	0.10658
148	26	-29.567	-120.	114.76	894	0.10656
148	29	-29.43	-120.	114.03	894	0.10659
149	12	-30.578	-120.	114.99	894	0.10655
149	26	-29.567	-120.	114.76	894	0.10656
149	29	-29.43	-120.	114.03	894	0.10659
150	21	-29.807	-120.	116.19	894	0.1065
150	1	-32.805	-120.	116.88	894	0.10647
150	16	-30.093	-120.	118.32	894	0.10641
151	21	-29.807	-120.	116.19	894	0.1065
151	16	-30.093	-120.	118.32	894	0.10641
151	45	-27.948	-120.	116.45	894	0.10649
152	21	-29.807	-120.	116.19	894	0.1065
152	45	-27.948	-120.	116.45	894	0.10649
152	50	-27.848	-120.	115.7	894	0.10652
153	21	-29.807	-120.	116.19	894	0.1065
153	50	-27.848	-120.	115.7	894	0.10652
153	26	-29.567	-120.	114.76	894	0.10656
154	21	-29.807	-120.	116.19	894	0.1065
154	26	-29.567	-120.	114.76	894	0.10656
154	12	-30.578	-120.	114.99	894	0.10655
155	21	-29.807	-120.	116.19	894	0.1065
155	12	-30.578	-120.	114.99	894	0.10655
155	1	-32.805	-120.	116.88	894	0.10647
156	40	-28.243	-120.	120.02	900	0.10633
156	59	-27.268	-120.	119.76	900	0.10634
156	38	-28.244	-120.	119.26	900	0.10637
157	42	-28.178	-120.	121.44	900	0.10627
157	44	-28.087	-120.	123.61	900	0.10617
157	88	-25.431	-120.	120.69	900	0.1063
158	42	-28.178	-120.	121.44	900	0.10627
158	88	-25.431	-120.	120.69	900	0.1063
158	59	-27.268	-120.	119.76	900	0.10634
159	42	-28.178	-120.	121.44	900	0.10627
159	59	-27.268	-120.	119.76	900	0.10634
159	40	-28.243	-120.	120.02	900	0.10633
160	42	-28.178	-120.	121.44	900	0.10627
160	40	-28.243	-120.	120.02	900	0.10633
160	18	-30.04	-120.	121.91	900	0.10625
161	42	-28.178	-120.	121.44	900	0.10627
161	18	-30.04	-120.	121.91	900	0.10625
161	19	-29.999	-120.	122.65	900	0.10622
162	42	-28.178	-120.	121.44	900	0.10627
162	19	-29.999	-120.	122.65	900	0.10622
162	44	-28.087	-120.	123.61	900	0.10617
163	17	-30.09	-120.	120.48	900	0.10631
163	0	-32.924	-120.	121.19	900	0.10628
163	16	-30.093	-120.	118.32	900	0.10641
164	17	-30.09	-120.	120.48	900	0.10631
164	16	-30.093	-120.	118.32	900	0.10641
164	38	-28.244	-120.	119.26	900	0.10637
165	17	-30.09	-120.	120.48	900	0.10631
165	38	-28.244	-120.	119.26	900	0.10637
165	40	-28.243	-120.	120.02	900	0.10633
166	17	-30.09	-120.	120.48	900	0.10631
166	40	-28.243	-120.	120.02	900	0.10633
166	18	-30.04	-120.	121.91	900	0.10625
167	17	-30.09	-120.	120.48	900	0.10631
167	18	-30.04	-120.	121.91	900	0.10625
167	9	-30.996	-120.	122.16	900	0.10624
168	17	-30.09	-120.	120.48	900	0.10631
168	9	-30.996	-120.	122.16	900	0.10624
168	0	-32.924	-120.	121.19	900	0.10628
169	18	-30.04	-120.	121.91	900	0.10625
169	9	-30.996	-120.	122.16	900	0.10624
169	19	-29.999	-120.	122.65	900	0.10622
170	101	-24.589	-120.	134.53	905	0.10575
170	143	-20.59	-120.	135.59	905	0.10572
170	115	-22.777	-120.	131.8	905	0.10584
171	236	-6.4699	-120.	149.04	910	0.10561
171	234	-6.7075	-120.	147.97	910	0.10559
171	230	-7.1945	-120.	148.83	910	0.10561
172	239	-6.0411	-120.	151.07	910	0.10566
172	249	-4.4252	-120.	152.47	910	0.10569
172	243	-5.3928	-120.	154.18	910	0.10574
173	239	-6.0411	-120.	151.07	910	0.10566
173	243	-5.3928	-120.	154.18	910	0.10574
173	226	-8.113	-120.	150.47	910	0.10564
174	239	-6.0411	-120.	151.07	910	0.10566
174	226	-8.113	-120.	150.47	910	0.10564
174	230	-7.1945	-120.	148.83	910	0.10561
175	239	-6.0411	-120.	151.07	910	0.10566
175	230	-7.1945	-120.	148.83	910	0.10561
175	236	-6.4699	-120.	149.04	910	0.10561
176	239	-6.0411	-120.	151.07	910	0.10566
176	236	-6.4699	-120.	149.04	910	0.10561
176	246	-4.6513	-120.	151.42	910	0.10567
177	239	-6.0411	-120.	151.07	910	0.10566
177	246	-4.6513	-120.	151.42	910	0.10567
177	249	-4.4252	-120.	152.47	910	0.10569
178	251	-3.9312	-120.	151.58	910	0.10567
178	246	-4.6513	-120.	151.42	910	0.10567
178	249	-4.4252	-120.	152.47	910	0.10569
179	244	-5.0895	-120.	149.37	910	0.10562
179	256	-2.9777	-120.	149.89	910	0.10563
179	240	-5.7995	-120.	146.33	910	0.10555
180	244	-5.0895	-120.	149.37	910	0.10562
180	240	-5.7995	-120.	146.33	910	0.10555
180	234	-6.7075	-120.	147.97	910	0.10559
181	244	-5.0895	-120.	149.37	910	0.10562
181	234	-6.7075	-120.	147.97	910	0.10559
181	236	-6.4699	-120.	149.04	910	0.10561
182	244	-5.0895	-120.	149.37	910	0.10562
182	236	-6.4699	-120.	149.04	910	0.10561
182	246	-4.6513	-120.	151.42	910	0.10567
183	244	-5.0895	-120.	149.37	910	0.10562
183	246	-4.6513	-120.	151.42	910	0.10567
183	251	-3.9312	-120.	151.58	910	0.10567
184	244	-5.0895	-120.	149.37	910	0.10562
184	251	-3.9312	-120.	151.58	910	0.10567
184	256	-2.9777	-120.	149.89	910	0.10563
185	304	4.9242	-120.	150.14	912	0.10563
185	302	4.6741	-120.	149.18	912	0.1056
185	299	4.1731	-120.	150.21	912	0.10563
186	312	6.3385	-120.	149.94	912	0.10562
186	323	8.4836	-120.	149.65	912	0.10561
186	308	5.588	-120.	147.24	912	0.10554
187	312	6.3385	-120.	149.94	912	0.10562
187	308	5.588	-120.	147.24	912	0.10554
187	302	4.6741	-120.	149.18	912	0.1056
188	312	6.3385	-120.	149.94	912	0.10562
188	302	4.6741	-120.	149.18	912	0.1056
188	304	4.9242	-120.	150.14	912	0.10563
189	312	6.3385	-120.	149.94	912	0.10562
189	304	4.9242	-120.	150.14	912	0.10563
189	314	6.814	-120.	151.77	912	0.10568
190	312	6.3385	-120.	149.94	912	0.10562
190	314	6.814	-120.	151.77	912	0.10568
190	320	7.5469	-120.	151.66	912	0.10568
191	312	6.3385	-120.	149.94	912	0.10562
191	320	7.5469	-120.	151.66	912	0.10568
191	323	8.4836	-120.	149.65	912	0.10561
192	307	5.3872	-120.	151.95	912	0.10568
192	311	6.1077	-120.	154.74	912	0.10577
192	296	3.2389	-120.	152.16	912	0.10569
193	307	5.3872	-120.	151.95	912	0.10568
193	296	3.2389	-120.	152.16	912	0.10569
193	299	4.1731	-120.	150.21	912	0.10563
194	307	5.3872	-120.	151.95	912	0.10568
194	299	4.1731	-120.	150.21	912	0.10563
194	304	4.9242	-120.	150.14	912	0.10563
195	307	5.3872	-120.	151.95	912	0.10568
195	304	4.9242	-120.	150.14	912	0.10563
195	314	6.814	-120.	151.77	912	0.10568
196	307	5.3872	-120.	151.95	912	0.10568
196	314	6.814	-120.	151.77	912	0.10568
196	316	7.065	-120.	152.71	912	0.10571
197	307	5.3872	-120.	151.95	912	0.10568
197	316	7.065	-120.	152.71	912	0.10571
197	311	6.1077	-120.	154.74	912	0.10577
198	314	6.814	-120.	151.77	912	0.10568
198	316	7.065	-120.	152.71	912	0.10571
198	320	7.5469	-120.	151.66	912	0.10568
199	387	18.289	-120.	147.65	935	0.10557
199	393	19.016	-120.	145.11	935	0.10552
199	405	20.723	-120.	146.15	935	0.10554
200	396	19.872	-120.	148.18	935	0.10557
200	387	18.289	-120.	147.65	935	0.10557
200	405	20.723	-120.	146.15	935	0.10554
201	396	19.872	-120.	148.18	935	0.10557
201	405	20.723	-120.	146.15	935	0.10554
201	415	21.609	-120.	146.7	935	0.10555
202	396	19.872	-120.	148.18	935	0.10557
202	415	21.609	-120.	146.7	935	0.10555
202	408	20.929	-120.	149.43	935	0.1056
203	396	19.872	-120.	148.18	935	0.10557
203	408	20.929	-120.	149.43	935	0.1056
203	394	19.764	-120.	150.15	935	0.10562
204	396	19.872	-120.	148.18	935	0.10557
204	394	19.764	-120.	150.15	935	0.10562
204	385	17.918	-120.	148.97	935	0.10559
205	396	19.872	-120.	148.18	935	0.10557
205	385	17.918	-120.	148.97	935	0.10559
205	387	18.289	-120.	147.65	935	0.10557
206	408	20.929	-120.	149.43	935	0.1056
206	415	21.609	-120.	146.7	935	0.10555
206	430	23.336	-120.	147.74	935	0.10556
207	394	19.764	-120.	150.15	935	0.10562
207	380	17.167	-120.	151.53	935	0.10566
207	385	17.918	-120.	148.97	935	0.10559
208	291	2.4319	-120.	148.95	938	0.10559
208	299	4.1731	-120.	150.21	938	0.10563
208	287	1.3459	-120.	150.21	938	0.10563
209	291	2.4319	-120.	148.95	938	0.10559
209	287	1.3459	-120.	150.21	938	0.10563
209	279	0.33219	-120.	149.18	938	0.1056
210	291	2.4319	-120.	148.95	938	0.10559
210	279	0.33219	-120.	149.18	938	0.1056
210	284	1.2224	-120.	147.46	938	0.10555
211	291	2.4319	-120.	148.95	938	0.10559
211	284	1.2224	-120.	147.46	938	0.10555
211	294	2.8435	-120.	147.46	938	0.10555
212	291	2.4319	-120.	148.95	938	0.10559
212	294	2.8435	-120.	147.46	938	0.10555
212	302	4.6741	-120.	149.18	938	0.1056
213	291	2.4319	-120.	148.95	938	0.10559
213	302	4.6741	-120.	149.18	938	0.1056
213	299	4.1731	-120.	150.21	938	0.10563
214	284	1.2224	-120.	147.46	938	0.10555
214	279	0.33219	-120.	149.18	938	0.1056
214	265	-1.522	-120.	147.24	938	0.10555
215	299	4.1731	-120.	150.21	938	0.10563
215	296	3.2389	-120.	152.16	938	0.10569
215	287	1.3459	-120.	150.21	938	0.10563
216	302	4.6741	-120.	149.18	938	0.1056
216	294	2.8435	-120.	147.46	938	0.10555
216	308	5.588	-120.	147.24	938	0.10554
217	335	10.335	-120.	151.03	942	0.10566
217	319	7.5469	-120.	151.66	942	0.10568
217	323	8.4836	-120.	149.65	942	0.10561
218	326	9.0131	-120.	154.27	942	0.10575
218	311	6.1077	-120.	154.74	942	0.10577
218	317	7.065	-120.	152.71	942	0.10571
219	328	9.2669	-120.	152.57	942	0.1057
219	326	9.0131	-120.	154.27	942	0.10575
219	317	7.065	-120.	152.71	942	0.10571
220	328	9.2669	-120.	152.57	942	0.1057
220	317	7.065	-120.	152.71	942	0.10571
220	319	7.5469	-120.	151.66	942	0.10568
221	328	9.2669	-120.	152.57	942	0.1057
221	319	7.5469	-120.	151.66	942	0.10568
221	335	10.335	-120.	151.03	942	0.10566
222	328	9.2669	-120.	152.57	942	0.1057
222	335	10.335	-120.	151.03	942	0.10566
222	344	11.293	-120.	151.76	942	0.10568
223	328	9.2669	-120.	152.57	942	0.1057
223	344	11.293	-120.	151.76	942	0.10568
223	336	10.348	-120.	153.98	942	0.10574
224	328	9.2669	-120.	152.57	942	0.1057
224	336	10.348	-120.	153.98	942	0.10574
224	326	9.0131	-120.	154.27	942	0.10575
225	356	13.174	-120.	153.16	942	0.10571
225	336	10.348	-120.	153.98	942	0.10574
225	344	11.293	-120.	151.76	942	0.10568
226	219	-9.0374	-120.	89.857	965	0.10687
226	214	-9.904	-120.	92.112	965	0.10693
226	205	-11.685	-120.	90.932	965	0.1069
227	210	-10.696	-120.	89.164	965	0.10685
227	219	-9.0374	-120.	89.857	965	0.10687
227	205	-11.685	-120.	90.932	965	0.1069
228	210	-10.696	-120.	89.164	965	0.10685
228	205	-11.685	-120.	90.932	965	0.1069
228	195	-12.608	-120.	90.314	965	0.10689
229	210	-10.696	-120.	89.164	965	0.10685
229	195	-12.608	-120.	90.314	965	0.10689
229	202	-11.761	-120.	87.856	965	0.10682
230	210	-10.696	-120.	89.164	965	0.10685
230	202	-11.761	-120.	87.856	965	0.10682
230	213	-10.493	-120.	87.342	965	0.1068
231	210	-10.696	-120.	89.164	965	0.10685
231	213	-10.493	-120.	87.342	965	0.1068
231	222	-8.5933	-120.	88.683	965	0.10683
232	210	-10.696	-120.	89.164	965	0.10685
232	222	-8.5933	-120.	88.683	965	0.10683
232	219	-9.0374	-120.	89.857	965	0.10687
233	202	-11.761	-120.	87.856	965	0.10682
233	195	-12.608	-120.	90.314	965	0.10689
233	183	-14.413	-120.	89.13	965	0.10686
234	213	-10.493	-120.	87.342	965	0.1068
234	228	-7.7041	-120.	86.405	965	0.10675
234	222	-8.5933	-120.	88.683	965	0.10683
235	193	-12.821	-120.	94.742	966	0.10698
235	192	-13.091	-120.	93.772	966	0.10697
235	185	-13.745	-120.	94.149	966	0.10697
236	196	-12.345	-120.	91.267	966	0.10691
236	205	-11.685	-120.	90.932	966	0.1069
236	195	-12.608	-120.	90.314	966	0.10689
237	187	-13.615	-120.	91.942	966	0.10693
237	185	-13.745	-120.	94.149	966	0.10697
237	178	-15.485	-120.	93.018	966	0.10695
238	187	-13.615	-120.	91.942	966	0.10693
238	178	-15.485	-120.	93.018	966	0.10695
238	183	-14.413	-120.	89.13	966	0.10686
239	187	-13.615	-120.	91.942	966	0.10693
239	183	-14.413	-120.	89.13	966	0.10686
239	195	-12.608	-120.	90.314	966	0.10689
240	187	-13.615	-120.	91.942	966	0.10693
240	195	-12.608	-120.	90.314	966	0.10689
240	196	-12.345	-120.	91.267	966	0.10691
241	187	-13.615	-120.	91.942	966	0.10693
241	196	-12.345	-120.	91.267	966	0.10691
241	192	-13.091	-120.	93.772	966	0.10697
242	187	-13.615	-120.	91.942	966	0.10693
242	192	-13.091	-120.	93.772	966	0.10697
242	185	-13.745	-120.	94.149	966	0.10697
243	201	-11.825	-120.	93.116	966	0.10695
243	205	-11.685	-120.	90.932	966	0.1069
243	214	-9.904	-120.	92.112	966	0.10693
244	201	-11.825	-120.	93.116	966	0.10695
244	214	-9.904	-120.	92.112	966	0.10693
244	206	-11.103	-120.	95.872	966	0.10701
245	201	-11.825	-120.	93.116	966	0.10695
245	206	-11.103	-120.	95.872	966	0.10701
245	193	-12.821	-120.	94.742	966	0.10698
246	201	-11.825	-120.	93.116	966	0.10695
246	193	-12.821	-120.	94.742	966	0.10698
246	192	-13.091	-120.	93.772	966	0.10697
247	201	-11.825	-120.	93.116	966	0.10695
247	192	-13.091	-120.	93.772	966	0.10697
247	196	-12.345	-120.	91.267	966	0.10691
248	201	-11.825	-120.	93.116	966	0.10695
248	196	-12.345	-120.	91.267	966	0.10691
248	205	-11.685	-120.	90.932	966	0.1069
249	281	0.59341	-120.	150.18	972	0.10563
249	286	1.3459	-120.	150.21	972	0.10563
249	278	0.33219	-120.	149.18	972	0.1056
250	283	1.0853	-120.	152.07	972	0.10569
250	288	1.8045	-120.	154.98	972	0.10578
250	296	3.2389	-120.	152.16	972	0.10569
251	283	1.0853	-120.	152.07	972	0.10569
251	296	3.2389	-120.	152.16	972	0.10569
251	286	1.3459	-120.	150.21	972	0.10563
252	283	1.0853	-120.	152.07	972	0.10569
252	286	1.3459	-120.	150.21	972	0.10563
252	281	0.59341	-120.	150.18	972	0.10563
253	283	1.0853	-120.	152.07	972	0.10569
253	281	0.59341	-120.	150.18	972	0.10563
253	274	-0.353	-120.	151.97	972	0.10568
254	283	1.0853	-120.	152.07	972	0.10569
254	274	-0.353	-120.	151.97	972	0.10568
254	277	-0.11815	-120.	152.95	972	0.10571
255	283	1.0853	-120.	152.07	972	0.10569
255	277	-0.11815	-120.	152.95	972	0.10571
255	288	1.8045	-120.	154.98	972	0.10578
256	271	-0.83641	-120.	150.06	972	0.10563
256	256	-2.9777	-120.	149.89	972	0.10563
256	265	-1.522	-120.	147.24	972	0.10555
257	271	-0.83641	-120.	150.06	972	0.10563
257	265	-1.522	-120.	147.24	972	0.10555
257	278	0.33219	-120.	149.18	972	0.1056
258	271	-0.83641	-120.	150.06	972	0.10563
258	278	0.33219	-120.	149.18	972	0.1056
258	281	0.59341	-120.	150.18	972	0.10563
259	271	-0.83641	-120.	150.06	972	0.10563
259	281	0.59341	-120.	150.18	972	0.10563
259	274	-0.353	-120.	151.97	972	0.10568
260	271	-0.83641	-120.	150.06	972	0.10563
260	274	-0.353	-120.	151.97	972	0.10568
260	269	-1.0913	-120.	151.9	972	0.10568
261	271	-0.83641	-120.	150.06	972	0.10563
261	269	-1.0913	-120.	151.9	972	0.10568
261	256	-2.9777	-120.	149.89	972	0.10563
262	274	-0.353	-120.	151.97	972	0.10568
262	269	-1.0913	-120.	151.9	972	0.10568
262	277	-0.11815	-120.	152.95	972	0.10571
263	57	-27.373	-120.	138.94	975	0.10565
263	99	-24.821	-120.	142.41	975	0.10559
263	113	-23.261	-120.	139.86	975	0.10563
264	318	7.3448	-120.	91.56	976	0.10691
264	329	9.39	-120.	91.764	976	0.10691
264	324	8.5345	-120.	93.311	976	0.10695
265	318	7.3448	-120.	91.56	976	0.10691
265	324	8.5345	-120.	93.311	976	0.10695
265	315	6.9488	-120.	92.974	976	0.10696
266	318	7.3448	-120.	91.56	976	0.10691
266	315	6.9488	-120.	92.974	976	0.10696
266	306	5.1429	-120.	90.861	976	0.1069
267	318	7.3448	-120.	91.56	976	0.10691
267	306	5.1429	-120.	90.861	976	0.1069
267	310	5.6436	-120.	89.931	976	0.10687
268	318	7.3448	-120.	91.56	976	0.10691
268	310	5.6436	-120.	89.931	976	0.10687
268	322	8.4091	-120.	90.519	976	0.10688
269	318	7.3448	-120.	91.56	976	0.10691
269	322	8.4091	-120.	90.519	976	0.10688
269	329	9.39	-120.	91.764	976	0.10691
270	306	5.1429	-120.	90.861	976	0.1069
270	315	6.9488	-120.	92.974	976	0.10696
270	300	4.2195	-120.	92.615	976	0.10696
271	329	9.39	-120.	91.764	976	0.10691
271	343	11.174	-120.	94.093	976	0.10695
271	324	8.5345	-120.	93.311	976	0.10695
272	322	8.4091	-120.	90.519	976	0.10688
272	310	5.6436	-120.	89.931	976	0.10687
272	313	6.5826	-120.	88.167	976	0.10681
273	260	-2.2653	-120.	90.059	979	0.10688
273	255	-3.011	-120.	90.17	979	0.10688
273	262	-2.0045	-120.	91.016	979	0.10691
274	270	-0.84033	-120.	89.911	979	0.10687
274	272	-0.59171	-120.	88.013	979	0.1068
274	285	1.3031	-120.	89.681	979	0.10686
275	270	-0.84033	-120.	89.911	979	0.10687
275	285	1.3031	-120.	89.681	979	0.10686
275	275	-0.15357	-120.	92.615	979	0.10697
276	270	-0.84033	-120.	89.911	979	0.10687
276	275	-0.15357	-120.	92.615	979	0.10697
276	262	-2.0045	-120.	91.016	979	0.10691
277	270	-0.84033	-120.	89.911	979	0.10687
277	262	-2.0045	-120.	91.016	979	0.10691
277	260	-2.2653	-120.	90.059	979	0.10688
278	270	-0.84033	-120.	89.911	979	0.10687
278	260	-2.2653	-120.	90.059	979	0.10688
278	266	-1.3299	-120.	88.083	979	0.1068
279	270	-0.84033	-120.	89.911	979	0.10687
279	266	-1.3299	-120.	88.083	979	0.1068
279	272	-0.59171	-120.	88.013	979	0.1068
280	264	-1.5709	-120.	87.142	979	0.10677
280	266	-1.3299	-120.	88.083	979	0.1068
280	272	-0.59171	-120.	88.013	979	0.1068
281	258	-2.7619	-120.	88.247	979	0.10681
281	253	-3.4987	-120.	85.463	979	0.10671
281	245	-4.8957	-120.	88.564	979	0.10682
282	258	-2.7619	-120.	88.247	979	0.10681
282	245	-4.8957	-120.	88.564	979	0.10682
282	255	-3.011	-120.	90.17	979	0.10688
283	258	-2.7619	-120.	88.247	979	0.10681
283	255	-3.011	-120.	90.17	979	0.10688
283	260	-2.2653	-120.	90.059	979	0.10688
284	258	-2.7619	-120.	88.247	979	0.10681
284	260	-2.2653	-120.	90.059	979	0.10688
284	266	-1.3299	-120.	88.083	979	0.1068
285	258	-2.7619	-120.	88.247	979	0.10681
285	266	-1.3299	-120.	88.083	979	0.1068
285	264	-1.5709	-120.	87.142	979	0.10677
286	258	-2.7619	-120.	88.247	979	0.10681
286	264	-1.5709	-120.	87.142	979	0.10677
286	253	-3.4987	-120.	85.463	979	0.10671
287	309	5.6436	-120.	89.931	984	0.10687
287	303	4.8924	-120.	89.862	984	0.10686
287	305	5.1429	-120.	90.861	984	0.1069
288	295	3.0008	-120.	87.884	984	0.1068
288	293	2.7559	-120.	86.903	984	0.10676
288	289	2.2612	-120.	87.855	984	0.10679
289	297	3.47	-120.	89.793	984	0.10686
289	305	5.1429	-120.	90.861	984	0.1069
289	300	4.2195	-120.	92.615	984	0.10696
290	297	3.47	-120.	89.793	984	0.10686
290	300	4.2195	-120.	92.615	984	0.10696
290	285	1.3031	-120.	89.681	984	0.10686
291	297	3.47	-120.	89.793	984	0.10686
291	285	1.3031	-120.	89.681	984	0.10686
291	289	2.2612	-120.	87.855	984	0.10679
292	297	3.47	-120.	89.793	984	0.10686
292	289	2.2612	-120.	87.855	984	0.10679
292	295	3.0008	-120.	87.884	984	0.1068
293	297	3.47	-120.	89.793	984	0.10686
293	295	3.0008	-120.	87.884	984	0.1068
293	303	4.8924	-120.	89.862	984	0.10686
294	297	3.47	-120.	89.793	984	0.10686
294	303	4.8924	-120.	89.862	984	0.10686
294	305	5.1429	-120.	90.861	984	0.1069
295	301	4.4345	-120.	87.969	984	0.1068
295	293	2.7559	-120.	86.903	984	0.10676
295	298	3.7317	-120.	85.064	984	0.1067
296	301	4.4345	-120.	87.969	984	0.1068
296	298	3.7317	-120.	85.064	984	0.1067
296	313	6.5826	-120.	88.167	984	0.10681
297	301	4.4345	-120.	87.969	984	0.1068
297	313	6.5826	-120.	88.167	984	0.10681
297	309	5.6436	-120.	89.931	984	0.10687
298	301	4.4345	-120.	87.969	984	0.1068
298	309	5.6436	-120.	89.931	984	0.10687
298	303	4.8924	-120.	89.862	984	0.10686
299	301	4.4345	-120.	87.969	984	0.1068
299	303	4.8924	-120.	89.862	984	0.10686
299	295	3.0008	-120.	87.884	984	0.1068
300	301	4.4345	-120.	87.969	984	0.1068
300	295	3.0008	-120.	87.884	984	0.1068
300	293	2.7559	-120.	86.903	984	0.10676
301	182	-14.524	-120.	96.261	995	0.107
301	176	-16.032	-120.	95.811	995	0.10699
301	185	-13.745	-120.	94.149	995	0.10697
302	182	-14.524	-120.	96.261	995	0.107
302	185	-13.745	-120.	94.149	995	0.10697
302	193	-12.821	-120.	94.742	995	0.10698
303	182	-14.524	-120.	96.261	995	0.107
303	193	-12.821	-120.	94.742	995	0.10698
303	189	-13.45	-120.	97.31	995	0.10701
304	182	-14.524	-120.	96.261	995	0.107
304	189	-13.45	-120.	97.31	995	0.10701
304	180	-14.762	-120.	98.263	995	0.10701
305	182	-14.524	-120.	96.261	995	0.107
305	180	-14.762	-120.	98.263	995	0.10701
305	174	-16.334	-120.	97.294	995	0.10699
306	182	-14.524	-120.	96.261	995	0.107
306	174	-16.334	-120.	97.294	995	0.10699
306	176	-16.032	-120.	95.811	995	0.10699
307	189	-13.45	-120.	97.31	995	0.10701
307	193	-12.821	-120.	94.742	995	0.10698
307	206	-11.103	-120.	95.872	995	0.10701
308	176	-16.032	-120.	95.811	995	0.10699
308	178	-15.485	-120.	93.018	995	0.10695
308	185	-13.745	-120.	94.149	995	0.10697
309	174	-16.334	-120.	97.294	995	0.10699
309	180	-14.762	-120.	98.263	995	0.10701
309	171	-16.855	-120.	100.05	995	0.10699
310	253	-3.4987	-120.	85.463	996	0.10671
310	228	-7.7041	-120.	86.405	996	0.10675
310	245	-4.8957	-120.	88.564	996	0.10682
311	169	-17.251	-120.	143.32	997	0.10559
311	163	-18.192	-120.	144.96	997	0.10558
311	148	-20.24	-120.	142.97	997	0.10559
312	152	-19.63	-120.	147.46	997	0.10558
312	127	-21.862	-120.	145.54	997	0.10558
312	159	-18.684	-120.	145.81	997	0.10558
313	99	-24.821	-120.	142.41	997	0.10559
313	129	-21.791	-120.	142.79	997	0.10559
313	114	-22.843	-120.	144.59	997	0.10558
314	142	-20.602	-120.	144.44	997	0.10558
314	148	-20.24	-120.	142.97	997	0.10559
314	163	-18.192	-120.	144.96	997	0.10558
315	142	-20.602	-120.	144.44	997	0.10558
315	163	-18.192	-120.	144.96	997	0.10558
315	159	-18.684	-120.	145.81	997	0.10558
316	142	-20.602	-120.	144.44	997	0.10558
316	159	-18.684	-120.	145.81	997	0.10558
316	127	-21.862	-120.	145.54	997	0.10558
317	142	-20.602	-120.	144.44	997	0.10558
317	127	-21.862	-120.	145.54	997	0.10558
317	114	-22.843	-120.	144.59	997	0.10558
318	142	-20.602	-120.	144.44	997	0.10558
318	114	-22.843	-120.	144.59	997	0.10558
318	129	-21.791	-120.	142.79	997	0.10559
319	142	-20.602	-120.	144.44	997	0.10558
319	129	-21.791	-120.	142.79	997	0.10559
319	148	-20.24	-120.	142.97	997	0.10559
320	575	36.909	-120.	117.34	999	0.10618
320	573	36.317	-120.	113.07	999	0.10637
320	555	33.96	-120.	115.92	999	0.10625
321	313	6.5826	-120.	88.167	1004	0.10681
321	321	8.0152	-120.	85.538	1004	0.10672
321	298	3.7317	-120.	85.064	1004	0.1067
322	108	-23.689	-120.	103.77	1024	0.10692
322	103	-24.368	-120.	105.63	1024	0.10688
322	78	-26.081	-120.	104.59	1024	0.1069
323	108	-23.689	-120.	103.77	1024	0.10692
323	78	-26.081	-120.	104.59	1024	0.1069
323	90	-25.369	-120.	103.36	1024	0.10693
324	108	-23.689	-120.	103.77	1024	0.10692
324	90	-25.369	-120.	103.36	1024	0.10693
324	122	-22.197	-120.	101.87	1024	0.10696
325	108	-23.689	-120.	103.77	1024	0.10692
325	122	-22.197	-120.	101.87	1024	0.10696
325	135	-21.358	-120.	102.37	1024	0.10695
326	108	-23.689	-120.	103.77	1024	0.10692
326	135	-21.358	-120.	102.37	1024	0.10695
326	116	-22.763	-120.	104.8	1024	0.1069
327	108	-23.689	-120.	103.77	1024	0.10692
327	116	-22.763	-120.	104.8	1024	0.1069
327	103	-24.368	-120.	105.63	1024	0.10688
328	122	-22.197	-120.	101.87	1024	0.10696
328	90	-25.369	-120.	103.36	1024	0.10693
328	107	-23.785	-120.	100.93	1024	0.10697
329	103	-24.368	-120.	105.63	1024	0.10688
329	55	-27.388	-120.	107.17	1024	0.10684
329	78	-26.081	-120.	104.59	1024	0.1069
330	116	-22.763	-120.	104.8	1024	0.1069
330	135	-21.358	-120.	102.37	1024	0.10695
330	151	-19.781	-120.	103.3	1024	0.10694
331	84	-25.691	-120.	136.27	1035	0.10571
331	64	-26.981	-120.	133.72	1035	0.10578
331	101	-24.589	-120.	134.53	1035	0.10575
332	27	-29.479	-120.	135.18	1035	0.10574
332	10	-30.643	-120.	132.48	1035	0.10583
332	41	-28.225	-120.	133.31	1035	0.1058
333	54	-27.584	-120.	135.34	1035	0.10573
333	27	-29.479	-120.	135.18	1035	0.10574
333	41	-28.225	-120.	133.31	1035	0.1058
334	54	-27.584	-120.	135.34	1035	0.10573
334	41	-28.225	-120.	133.31	1035	0.1058
334	64	-26.981	-120.	133.72	1035	0.10578
335	54	-27.584	-120.	135.34	1035	0.10573
335	64	-26.981	-120.	133.72	1035	0.10578
335	84	-25.691	-120.	136.27	1035	0.10571
336	54	-27.584	-120.	135.34	1035	0.10573
336	84	-25.691	-120.	136.27	1035	0.10571
336	75	-26.268	-120.	137.17	1035	0.10569
337	54	-27.584	-120.	135.34	1035	0.10573
337	75	-26.268	-120.	137.17	1035	0.10569
337	34	-28.862	-120.	136.4	1035	0.10571
338	54	-27.584	-120.	135.34	1035	0.10573
338	34	-28.862	-120.	136.4	1035	0.10571
338	27	-29.479	-120.	135.18	1035	0.10574
339	57	-27.373	-120.	138.94	1035	0.10565
339	34	-28.862	-120.	136.4	1035	0.10571
339	75	-26.268	-120.	137.17	1035	0.10569
340	131	-21.647	-120.	137.26	1036	0.10568
340	118	-22.638	-120.	137.55	1036	0.10567
340	120	-22.202	-120.	138.16	1036	0.10566
341	92	-25.296	-120.	136.9	1036	0.10569
341	85	-25.691	-120.	136.27	1036	0.10571
341	74	-26.268	-120.	137.17	1036	0.10569
342	102	-24.506	-120.	138.1	1036	0.10566
342	120	-22.202	-120.	138.16	1036	0.10566
342	113	-23.261	-120.	139.86	1036	0.10563
343	102	-24.506	-120.	138.1	1036	0.10566
343	113	-23.261	-120.	139.86	1036	0.10563
343	57	-27.373	-120.	138.94	1036	0.10565
344	102	-24.506	-120.	138.1	1036	0.10566
344	57	-27.373	-120.	138.94	1036	0.10565
344	74	-26.268	-120.	137.17	1036	0.10569
345	102	-24.506	-120.	138.1	1036	0.10566
345	74	-26.268	-120.	137.17	1036	0.10569
345	92	-25.296	-120.	136.9	1036	0.10569
346	102	-24.506	-120.	138.1	1036	0.10566
346	92	-25.296	-120.	136.9	1036	0.10569
346	118	-22.638	-120.	137.55	1036	0.10567
347	102	-24.506	-120.	138.1	1036	0.10566
347	118	-22.638	-120.	137.55	1036	0.10567
347	120	-22.202	-120.	138.16	1036	0.10566
348	111	-23.409	-120.	136.35	1036	0.1057
348	85	-25.691	-120.	136.27	1036	0.10571
348	101	-24.589	-120.	134.53	1036	0.10575
349	111	-23.409	-120.	136.35	1036	0.1057
349	101	-24.589	-120.	134.53	1036	0.10575
349	143	-20.59	-120.	135.59	1036	0.10572
350	111	-23.409	-120.	136.35	1036	0.1057
350	143	-20.59	-120.	135.59	1036	0.10572
350	131	-21.647	-120.	137.26	1036	0.10568
351	111	-23.409	-120.	136.35	1036	0.1057
351	131	-21.647	-120.	137.26	1036	0.10568
351	118	-22.638	-120.	137.55	1036	0.10567
352	111	-23.409	-120.	136.35	1036	0.1057
352	118	-22.638	-120.	137.55	1036	0.10567
352	92	-25.296	-120.	136.9	1036	0.10569
353	111	-23.409	-120.	136.35	1036	0.1057
353	92	-25.296	-120.	136.9	1036	0.10569
353	85	-25.691	-120.	136.27	1036	0.10571
354	149	-19.941	-120.	138.82	1037	0.10564
354	166	-17.829	-120.	138.97	1037	0.10564
354	158	-18.742	-120.	140.49	1037	0.10561
355	149	-19.941	-120.	138.82	1037	0.10564
355	158	-18.742	-120.	140.49	1037	0.10561
355	147	-20.31	-120.	140.26	1037	0.10562
356	149	-19.941	-120.	138.82	1037	0.10564
356	147	-20.31	-120.	140.26	1037	0.10562
356	121	-22.202	-120.	138.16	1037	0.10566
357	149	-19.941	-120.	138.82	1037	0.10564
357	121	-22.202	-120.	138.16	1037	0.10566
357	132	-21.647	-120.	137.26	1037	0.10568
358	149	-19.941	-120.	138.82	1037	0.10564
358	132	-21.647	-120.	137.26	1037	0.10568
358	154	-18.914	-120.	137.77	1037	0.10566
359	149	-19.941	-120.	138.82	1037	0.10564
359	154	-18.914	-120.	137.77	1037	0.10566
359	166	-17.829	-120.	138.97	1037	0.10564
360	121	-22.202	-120.	138.16	1037	0.10566
360	147	-20.31	-120.	140.26	1037	0.10562
360	113	-23.261	-120.	139.86	1037	0.10563
361	166	-17.829	-120.	138.97	1037	0.10564
361	177	-15.833	-120.	140.87	1037	0.1056
361	158	-18.742	-120.	140.49	1037	0.10561
362	154	-18.914	-120.	137.77	1037	0.10566
362	132	-21.647	-120.	137.26	1037	0.10568
362	143	-20.59	-120.	135.59	1037	0.10572
363	86	-25.532	-120.	128.87	1041	0.10595
363	71	-26.322	-120.	130.55	1041	0.10589
363	62	-27.196	-120.	127.86	1041	0.10599
364	86	-25.532	-120.	128.87	1041	0.10595
364	62	-27.196	-120.	127.86	1041	0.10599
364	69	-26.429	-120.	126.87	1041	0.10603
365	86	-25.532	-120.	128.87	1041	0.10595
365	69	-26.429	-120.	126.87	1041	0.10603
365	105	-24.331	-120.	127.71	1041	0.106
366	86	-25.532	-120.	128.87	1041	0.10595
366	105	-24.331	-120.	127.71	1041	0.106
366	106	-23.83	-120.	129.26	1041	0.10594
367	86	-25.532	-120.	128.87	1041	0.10595
367	106	-23.83	-120.	129.26	1041	0.10594
367	95	-25.087	-120.	131.	1041	0.10587
368	86	-25.532	-120.	128.87	1041	0.10595
368	95	-25.087	-120.	131.	1041	0.10587
368	71	-26.322	-120.	130.55	1041	0.10589
369	105	-24.331	-120.	127.71	1041	0.106
369	69	-26.429	-120.	126.87	1041	0.10603
369	96	-24.974	-120.	125.04	1041	0.10611
370	71	-26.322	-120.	130.55	1041	0.10589
370	35	-28.656	-120.	129.72	1041	0.10592
370	62	-27.196	-120.	127.86	1041	0.10599
371	95	-25.087	-120.	131.	1041	0.10587
371	106	-23.83	-120.	129.26	1041	0.10594
371	115	-22.777	-120.	131.8	1041	0.10584
372	61	-27.224	-120.	112.18	1056	0.10667
372	100	-24.688	-120.	113.62	1056	0.10661
372	112	-23.336	-120.	109.46	1056	0.10676
373	150	-19.798	-120.	140.81	1065	0.10561
373	157	-18.742	-120.	140.49	1065	0.10561
373	146	-20.31	-120.	140.26	1065	0.10562
374	156	-18.773	-120.	141.82	1065	0.1056
374	169	-17.251	-120.	143.32	1065	0.10559
374	177	-15.833	-120.	140.87	1065	0.1056
375	156	-18.773	-120.	141.82	1065	0.1056
375	177	-15.833	-120.	140.87	1065	0.1056
375	157	-18.742	-120.	140.49	1065	0.10561
376	156	-18.773	-120.	141.82	1065	0.1056
376	157	-18.742	-120.	140.49	1065	0.10561
376	150	-19.798	-120.	140.81	1065	0.10561
377	156	-18.773	-120.	141.82	1065	0.1056
377	150	-19.798	-120.	140.81	1065	0.10561
377	141	-20.774	-120.	142.45	1065	0.1056
378	156	-18.773	-120.	141.82	1065	0.1056
378	141	-20.774	-120.	142.45	1065	0.1056
378	148	-20.24	-120.	142.97	1065	0.10559
379	156	-18.773	-120.	141.82	1065	0.1056
379	148	-20.24	-120.	142.97	1065	0.10559
379	169	-17.251	-120.	143.32	1065	0.10559
380	128	-21.792	-120.	141.43	1065	0.10561
380	99	-24.821	-120.	142.41	1065	0.10559
380	113	-23.261	-120.	139.86	1065	0.10563
381	128	-21.792	-120.	141.43	1065	0.10561
381	113	-23.261	-120.	139.86	1065	0.10563
381	146	-20.31	-120.	140.26	1065	0.10562
382	128	-21.792	-120.	141.43	1065	0.10561
382	146	-20.31	-120.	140.26	1065	0.10562
382	150	-19.798	-120.	140.81	1065	0.10561
383	128	-21.792	-120.	141.43	1065	0.10561
383	150	-19.798	-120.	140.81	1065	0.10561
383	141	-20.774	-120.	142.45	1065	0.1056
384	128	-21.792	-120.	141.43	1065	0.10561
384	141	-20.774	-120.	142.45	1065	0.1056
384	129	-21.791	-120.	142.79	1065	0.10559
385	128	-21.792	-120.	141.43	1065	0.10561
385	129	-21.791	-120.	142.79	1065	0.10559
385	99	-24.821	-120.	142.41	1065	0.10559
386	141	-20.774	-120.	142.45	1065	0.1056
386	129	-21.791	-120.	142.79	1065	0.10559
386	148	-20.24	-120.	142.97	1065	0.10559
387	77	-26.164	-120.	103.72	1069	0.10692
387	79	-26.081	-120.	104.59	1069	0.1069
387	89	-25.369	-120.	103.36	1069	0.10693
388	76	-26.232	-120.	102.02	1069	0.10695
388	47	-27.911	-120.	101.92	1069	0.10695
388	73	-26.285	-120.	99.47	1069	0.10698
389	76	-26.232	-120.	102.02	1069	0.10695
389	73	-26.285	-120.	99.47	1069	0.10698
389	107	-23.785	-120.	100.93	1069	0.10697
390	76	-26.232	-120.	102.02	1069	0.10695
390	107	-23.785	-120.	100.93	1069	0.10697
390	89	-25.369	-120.	103.36	1069	0.10693
391	76	-26.232	-120.	102.02	1069	0.10695
391	89	-25.369	-120.	103.36	1069	0.10693
391	77	-26.164	-120.	103.72	1069	0.10692
392	76	-26.232	-120.	102.02	1069	0.10695
392	77	-26.164	-120.	103.72	1069	0.10692
392	48	-27.878	-120.	102.73	1069	0.10694
393	76	-26.232	-120.	102.02	1069	0.10695
393	48	-27.878	-120.	102.73	1069	0.10694
393	47	-27.911	-120.	101.92	1069	0.10695
394	37	-28.595	-120.	103.11	1069	0.10693
394	48	-27.878	-120.	102.73	1069	0.10694
394	47	-27.911	-120.	101.92	1069	0.10695
395	51	-27.669	-120.	104.51	1069	0.1069
395	20	-29.906	-120.	105.74	1069	0.10687
395	55	-27.388	-120.	107.17	1069	0.10684
396	51	-27.669	-120.	104.51	1069	0.1069
396	55	-27.388	-120.	107.17	1069	0.10684
396	79	-26.081	-120.	104.59	1069	0.1069
397	51	-27.669	-120.	104.51	1069	0.1069
397	79	-26.081	-120.	104.59	1069	0.1069
397	77	-26.164	-120.	103.72	1069	0.10692
398	51	-27.669	-120.	104.51	1069	0.1069
398	77	-26.164	-120.	103.72	1069	0.10692
398	48	-27.878	-120.	102.73	1069	0.10694
399	51	-27.669	-120.	104.51	1069	0.1069
399	48	-27.878	-120.	102.73	1069	0.10694
399	37	-28.595	-120.	103.11	1069	0.10693
400	51	-27.669	-120.	104.51	1069	0.1069
400	37	-28.595	-120.	103.11	1069	0.10693
400	20	-29.906	-120.	105.74	1069	0.10687
401	417	21.839	-120.	142.89	1084	0.1055
401	424	22.411	-120.	142.4	1084	0.1055
401	413	21.536	-120.	141.87	1084	0.1055
402	425	22.428	-120.	144.8	1084	0.10552
402	430	23.336	-120.	147.74	1084	0.10556
402	434	24.064	-120.	143.4	1084	0.10551
403	425	22.428	-120.	144.8	1084	0.10552
403	434	24.064	-120.	143.4	1084	0.10551
403	424	22.411	-120.	142.4	1084	0.1055
404	425	22.428	-120.	144.8	1084	0.10552
404	424	22.411	-120.	142.4	1084	0.1055
404	417	21.839	-120.	142.89	1084	0.1055
405	425	22.428	-120.	144.8	1084	0.10552
405	417	21.839	-120.	142.89	1084	0.1055
405	411	21.309	-120.	145.7	1084	0.10553
406	425	22.428	-120.	144.8	1084	0.10552
406	411	21.309	-120.	145.7	1084	0.10553
406	414	21.609	-120.	146.7	1084	0.10555
407	425	22.428	-120.	144.8	1084	0.10552
407	414	21.609	-120.	146.7	1084	0.10555
407	430	23.336	-120.	147.74	1084	0.10556
408	403	20.72	-120.	143.77	1084	0.10551
408	393	19.016	-120.	145.11	1084	0.10552
408	399	19.899	-120.	140.87	1084	0.10549
409	403	20.72	-120.	143.77	1084	0.10551
409	399	19.899	-120.	140.87	1084	0.10549
409	413	21.536	-120.	141.87	1084	0.1055
410	403	20.72	-120.	143.77	1084	0.10551
410	413	21.536	-120.	141.87	1084	0.1055
410	417	21.839	-120.	142.89	1084	0.1055
411	403	20.72	-120.	143.77	1084	0.10551
411	417	21.839	-120.	142.89	1084	0.1055
411	411	21.309	-120.	145.7	1084	0.10553
412	403	20.72	-120.	143.77	1084	0.10551
412	411	21.309	-120.	145.7	1084	0.10553
412	404	20.723	-120.	146.15	1084	0.10554
413	403	20.72	-120.	143.77	1084	0.10551
413	404	20.723	-120.	146.15	1084	0.10554
413	393	19.016	-120.	145.11	1084	0.10552
414	411	21.309	-120.	145.7	1084	0.10553
414	404	20.723	-120.	146.15	1084	0.10554
414	414	21.609	-120.	146.7	1084	0.10555
415	346	11.663	-120.	147.66	1097	0.10556
415	349	11.922	-120.	148.61	1097	0.10559
415	354	12.635	-120.	148.36	1097	0.10558
416	342	11.047	-120.	150.83	1097	0.10565
416	334	10.335	-120.	151.03	1097	0.10566
416	345	11.293	-120.	151.76	1097	0.10568
417	351	12.422	-120.	150.4	1097	0.10564
417	354	12.635	-120.	148.36	1097	0.10558
417	362	14.46	-120.	149.69	1097	0.10562
418	351	12.422	-120.	150.4	1097	0.10564
418	362	14.46	-120.	149.69	1097	0.10562
418	356	13.174	-120.	153.16	1097	0.10571
419	351	12.422	-120.	150.4	1097	0.10564
419	356	13.174	-120.	153.16	1097	0.10571
419	345	11.293	-120.	151.76	1097	0.10568
420	351	12.422	-120.	150.4	1097	0.10564
420	345	11.293	-120.	151.76	1097	0.10568
420	342	11.047	-120.	150.83	1097	0.10565
421	351	12.422	-120.	150.4	1097	0.10564
421	342	11.047	-120.	150.83	1097	0.10565
421	349	11.922	-120.	148.61	1097	0.10559
422	351	12.422	-120.	150.4	1097	0.10564
422	349	11.922	-120.	148.61	1097	0.10559
422	354	12.635	-120.	148.36	1097	0.10558
423	338	10.553	-120.	149.02	1097	0.1056
423	334	10.335	-120.	151.03	1097	0.10566
423	323	8.4836	-120.	149.65	1097	0.10561
424	338	10.553	-120.	149.02	1097	0.1056
424	323	8.4836	-120.	149.65	1097	0.10561
424	332	9.8655	-120.	146.33	1097	0.10552
425	338	10.553	-120.	149.02	1097	0.1056
425	332	9.8655	-120.	146.33	1097	0.10552
425	346	11.663	-120.	147.66	1097	0.10556
426	338	10.553	-120.	149.02	1097	0.1056
426	346	11.663	-120.	147.66	1097	0.10556
426	349	11.922	-120.	148.61	1097	0.10559
427	338	10.553	-120.	149.02	1097	0.1056
427	349	11.922	-120.	148.61	1097	0.10559
427	342	11.047	-120.	150.83	1097	0.10565
428	338	10.553	-120.	149.02	1097	0.1056
428	342	11.047	-120.	150.83	1097	0.10565
428	334	10.335	-120.	151.03	1097	0.10566
429	393	19.016	-120.	145.11	1104	0.10552
429	399	19.899	-120.	140.87	1104	0.10549
429	375	16.361	-120.	143.44	1104	0.10549
430	436	24.303	-120.	140.3	1108	0.1055
430	440	24.802	-120.	139.73	1108	0.1055
430	438	24.441	-120.	138.64	1108	0.10551
431	450	26.414	-120.	140.68	1108	0.1055
431	455	26.788	-120.	141.73	1108	0.1055
431	457	26.876	-120.	140.1	1108	0.1055
432	446	25.708	-120.	138.62	1108	0.10551
432	438	24.441	-120.	138.64	1108	0.10551
432	439	24.656	-120.	135.59	1108	0.10554
433	446	25.708	-120.	138.62	1108	0.10551
433	439	24.656	-120.	135.59	1108	0.10554
433	460	27.061	-120.	136.97	1108	0.10553
434	446	25.708	-120.	138.62	1108	0.10551
434	460	27.061	-120.	136.97	1108	0.10553
434	457	26.876	-120.	140.1	1108	0.1055
435	446	25.708	-120.	138.62	1108	0.10551
435	457	26.876	-120.	140.1	1108	0.1055
435	450	26.414	-120.	140.68	1108	0.1055
436	446	25.708	-120.	138.62	1108	0.10551
436	450	26.414	-120.	140.68	1108	0.1055
436	440	24.802	-120.	139.73	1108	0.1055
437	446	25.708	-120.	138.62	1108	0.10551
437	440	24.802	-120.	139.73	1108	0.1055
437	438	24.441	-120.	138.64	1108	0.10551
438	445	25.493	-120.	141.79	1108	0.1055
438	455	26.788	-120.	141.73	1108	0.1055
438	452	26.586	-120.	144.91	1108	0.10552
439	445	25.493	-120.	141.79	1108	0.1055
439	452	26.586	-120.	144.91	1108	0.10552
439	434	24.064	-120.	143.4	1108	0.10551
440	445	25.493	-120.	141.79	1108	0.1055
440	434	24.064	-120.	143.4	1108	0.10551
440	436	24.303	-120.	140.3	1108	0.1055
441	445	25.493	-120.	141.79	1108	0.1055
441	436	24.303	-120.	140.3	1108	0.1055
441	440	24.802	-120.	139.73	1108	0.1055
442	445	25.493	-120.	141.79	1108	0.1055
442	440	24.802	-120.	139.73	1108	0.1055
442	450	26.414	-120.	140.68	1108	0.1055
443	445	25.493	-120.	141.79	1108	0.1055
443	450	26.414	-120.	140.68	1108	0.1055
443	455	26.788	-120.	141.73	1108	0.1055
444	88	-25.431	-120.	120.69	1109	0.1063
444	44	-28.087	-120.	123.61	1109	0.10617
444	96	-24.974	-120.	125.04	1109	0.10611
445	362	14.46	-120.	149.69	1115	0.10562
445	356	13.174	-120.	153.16	1115	0.10571
445	380	17.167	-120.	151.53	1115	0.10566
446	308	5.588	-120.	147.24	1140	0.10554
446	323	8.4836	-120.	149.65	1140	0.10561
446	332	9.8655	-120.	146.33	1140	0.10552
447	508	30.804	-120.	116.74	1153	0.10621
447	480	29.255	-120.	116.32	1153	0.10623
447	506	30.803	-120.	114.51	1153	0.10631
448	508	30.804	-120.	116.74	1153	0.10621
448	506	30.803	-120.	114.51	1153	0.10631
448	527	31.894	-120.	115.	1153	0.10629
449	508	30.804	-120.	116.74	1153	0.10621
449	527	31.894	-120.	115.	1153	0.10629
449	532	32.19	-120.	117.81	1153	0.10616
450	508	30.804	-120.	116.74	1153	0.10621
450	532	32.19	-120.	117.81	1153	0.10616
450	515	31.257	-120.	118.83	1153	0.10611
451	508	30.804	-120.	116.74	1153	0.10621
451	515	31.257	-120.	118.83	1153	0.10611
451	487	29.425	-120.	117.94	1153	0.10616
452	508	30.804	-120.	116.74	1153	0.10621
452	487	29.425	-120.	117.94	1153	0.10616
452	480	29.255	-120.	116.32	1153	0.10623
453	532	32.19	-120.	117.81	1153	0.10616
453	527	31.894	-120.	115.	1153	0.10629
453	555	33.96	-120.	115.92	1153	0.10625
454	480	29.255	-120.	116.32	1153	0.10623
454	477	28.754	-120.	113.62	1153	0.10635
454	506	30.803	-120.	114.51	1153	0.10631
455	487	29.425	-120.	117.94	1153	0.10616
455	515	31.257	-120.	118.83	1153	0.10611
455	491	29.497	-120.	120.69	1153	0.10603
456	466	27.921	-120.	96.479	1215	0.10691
456	441	24.832	-120.	93.474	1215	0.10692
456	431	23.352	-120.	95.976	1215	0.10691
457	67	-26.804	-120.	117.53	1253	0.10644
457	66	-26.814	-120.	115.45	1253	0.10653
457	93	-25.189	-120.	116.32	1253	0.10649
458	67	-26.804	-120.	117.53	1253	0.10644
458	93	-25.189	-120.	116.32	1253	0.10649
458	91	-25.359	-120.	117.94	1253	0.10642
459	67	-26.804	-120.	117.53	1253	0.10644
459	91	-25.359	-120.	117.94	1253	0.10642
459	60	-27.268	-120.	119.76	1253	0.10634
460	67	-26.804	-120.	117.53	1253	0.10644
460	60	-27.268	-120.	119.76	1253	0.10634
460	39	-28.244	-120.	119.26	1253	0.10637
461	67	-26.804	-120.	117.53	1253	0.10644
461	39	-28.244	-120.	119.26	1253	0.10637
461	46	-27.948	-120.	116.45	1253	0.10649
462	67	-26.804	-120.	117.53	1253	0.10644
462	46	-27.948	-120.	116.45	1253	0.10649
462	66	-26.814	-120.	115.45	1253	0.10653
463	60	-27.268	-120.	119.76	1253	0.10634
463	91	-25.359	-120.	117.94	1253	0.10642
463	88	-25.431	-120.	120.69	1253	0.1063
464	66	-26.814	-120.	115.45	1253	0.10653
464	100	-24.688	-120.	113.62	1253	0.10661
464	93	-25.189	-120.	116.32	1253	0.10649
465	46	-27.948	-120.	116.45	1253	0.10649
465	39	-28.244	-120.	119.26	1253	0.10637
465	16	-30.093	-120.	118.32	1253	0.10641
466	33	-28.882	-120.	111.23	1255	0.1067
466	61	-27.224	-120.	112.18	1255	0.10667
466	30	-29.43	-120.	114.03	1255	0.10659
467	13	-30.536	-120.	112.93	1255	0.10663
467	33	-28.882	-120.	111.23	1255	0.1067
467	30	-29.43	-120.	114.03	1255	0.10659
468	13	-30.536	-120.	112.93	1255	0.10663
468	30	-29.43	-120.	114.03	1255	0.10659
468	11	-30.578	-120.	114.99	1255	0.10655
469	13	-30.536	-120.	112.93	1255	0.10663
469	11	-30.578	-120.	114.99	1255	0.10655
469	4	-32.421	-120.	113.97	1255	0.10659
470	13	-30.536	-120.	112.93	1255	0.10663
470	4	-32.421	-120.	113.97	1255	0.10659
470	5	-32.159	-120.	112.62	1255	0.10664
471	13	-30.536	-120.	112.93	1255	0.10663
471	5	-32.159	-120.	112.62	1255	0.10664
471	22	-29.748	-120.	110.74	1255	0.10672
472	13	-30.536	-120.	112.93	1255	0.10663
472	22	-29.748	-120.	110.74	1255	0.10672
472	33	-28.882	-120.	111.23	1255	0.1067
473	4	-32.421	-120.	113.97	1255	0.10659
473	11	-30.578	-120.	114.99	1255	0.10655
473	1	-32.805	-120.	116.88	1255	0.10647
474	5	-32.159	-120.	112.62	1255	0.10664
474	7	-31.417	-120.	109.78	1255	0.10675
474	22	-29.748	-120.	110.74	1255	0.10672
475	381	17.43	-120.	91.87	1256	0.1069
475	392	18.881	-120.	89.348	1256	0.10687
475	364	14.983	-120.	87.508	1256	0.10681
476	81	-26.046	-120.	131.25	1264	0.10586
476	94	-25.087	-120.	131.	1264	0.10587
476	72	-26.322	-120.	130.55	1264	0.10589
477	49	-27.864	-120.	131.72	1264	0.10585
477	41	-28.225	-120.	133.31	1264	0.1058
477	10	-30.643	-120.	132.48	1264	0.10583
478	49	-27.864	-120.	131.72	1264	0.10585
478	10	-30.643	-120.	132.48	1264	0.10583
478	35	-28.656	-120.	129.72	1264	0.10592
479	49	-27.864	-120.	131.72	1264	0.10585
479	35	-28.656	-120.	129.72	1264	0.10592
479	72	-26.322	-120.	130.55	1264	0.10589
480	49	-27.864	-120.	131.72	1264	0.10585
480	72	-26.322	-120.	130.55	1264	0.10589
480	81	-26.046	-120.	131.25	1264	0.10586
481	49	-27.864	-120.	131.72	1264	0.10585
481	81	-26.046	-120.	131.25	1264	0.10586
481	58	-27.289	-120.	133.05	1264	0.1058
482	49	-27.864	-120.	131.72	1264	0.10585
482	58	-27.289	-120.	133.05	1264	0.1058
482	41	-28.225	-120.	133.31	1264	0.1058
483	64	-26.981	-120.	133.72	1264	0.10578
483	58	-27.289	-120.	133.05	1264	0.1058
483	41	-28.225	-120.	133.31	1264	0.1058
484	87	-25.462	-120.	132.56	1264	0.10582
484	101	-24.589	-120.	134.53	1264	0.10575
484	115	-22.777	-120.	131.8	1264	0.10584
485	87	-25.462	-120.	132.56	1264	0.10582
485	115	-22.777	-120.	131.8	1264	0.10584
485	94	-25.087	-120.	131.	1264	0.10587
486	87	-25.462	-120.	132.56	1264	0.10582
486	94	-25.087	-120.	131.	1264	0.10587
486	81	-26.046	-120.	131.25	1264	0.10586
487	87	-25.462	-120.	132.56	1264	0.10582
487	81	-26.046	-120.	131.25	1264	0.10586
487	58	-27.289	-120.	133.05	1264	0.1058
488	87	-25.462	-120.	132.56	1264	0.10582
488	58	-27.289	-120.	133.05	1264	0.1058
488	64	-26.981	-120.	133.72	1264	0.10578
489	87	-25.462	-120.	132.56	1264	0.10582
489	64	-26.981	-120.	133.72	1264	0.10578
489	101	-24.589	-120.	134.53	1264	0.10575
490	184	-14.334	-120.	145.42	1276	0.10558
490	186	-13.704	-120.	145.83	1276	0.10558
490	191	-13.215	-120.	145.	1276	0.10558
491	173	-16.43	-120.	146.22	1276	0.10559
491	152	-19.63	-120.	147.46	1276	0.10558
491	181	-14.63	-120.	147.4	1276	0.10559
492	173	-16.43	-120.	146.22	1276	0.10559
492	181	-14.63	-120.	147.4	1276	0.10559
492	186	-13.704	-120.	145.83	1276	0.10558
493	173	-16.43	-120.	146.22	1276	0.10559
493	186	-13.704	-120.	145.83	1276	0.10558
493	184	-14.334	-120.	145.42	1276	0.10558
494	173	-16.43	-120.	146.22	1276	0.10559
494	184	-14.334	-120.	145.42	1276	0.10558
494	168	-17.598	-120.	145.4	1276	0.10558
495	173	-16.43	-120.	146.22	1276	0.10559
495	168	-17.598	-120.	145.4	1276	0.10558
495	160	-18.684	-120.	145.81	1276	0.10558
496	173	-16.43	-120.	146.22	1276	0.10559
496	160	-18.684	-120.	145.81	1276	0.10558
496	152	-19.63	-120.	147.46	1276	0.10558
497	179	-15.481	-120.	144.59	1276	0.10558
497	169	-17.251	-120.	143.32	1276	0.10559
497	197	-12.295	-120.	143.44	1276	0.10557
498	179	-15.481	-120.	144.59	1276	0.10558
498	197	-12.295	-120.	143.44	1276	0.10557
498	191	-13.215	-120.	145.	1276	0.10558
499	179	-15.481	-120.	144.59	1276	0.10558
499	191	-13.215	-120.	145.	1276	0.10558
499	184	-14.334	-120.	145.42	1276	0.10558
500	179	-15.481	-120.	144.59	1276	0.10558
500	184	-14.334	-120.	145.42	1276	0.10558
500	168	-17.598	-120.	145.4	1276	0.10558
501	179	-15.481	-120.	144.59	1276	0.10558
501	168	-17.598	-120.	145.4	1276	0.10558
501	164	-18.192	-120.	144.96	1276	0.10558
502	179	-15.481	-120.	144.59	1276	0.10558
502	164	-18.192	-120.	144.96	1276	0.10558
502	169	-17.251	-120.	143.32	1276	0.10559
503	168	-17.598	-120.	145.4	1276	0.10558
503	164	-18.192	-120.	144.96	1276	0.10558
503	160	-18.684	-120.	145.81	1276	0.10558
504	20	-29.906	-120.	105.74	1287	0.10687
504	7	-31.417	-120.	109.78	1287	0.10675
504	55	-27.388	-120.	107.17	1287	0.10684
505	203	-11.708	-120.	147.15	1310	0.10559
505	191	-13.215	-120.	145.	1310	0.10558
505	211	-10.674	-120.	146.2	1310	0.10558
506	203	-11.708	-120.	147.15	1310	0.10559
506	211	-10.674	-120.	146.2	1310	0.10558
506	216	-9.7773	-120.	147.68	1310	0.10559
507	203	-11.708	-120.	147.15	1310	0.10559
507	216	-9.7773	-120.	147.68	1310	0.10559
507	209	-10.796	-120.	149.39	1310	0.10562
508	203	-11.708	-120.	147.15	1310	0.10559
508	209	-10.796	-120.	149.39	1310	0.10562
508	200	-12.084	-120.	148.78	1310	0.10561
509	203	-11.708	-120.	147.15	1310	0.10559
509	200	-12.084	-120.	148.78	1310	0.10561
509	186	-13.704	-120.	145.83	1310	0.10558
510	203	-11.708	-120.	147.15	1310	0.10559
510	186	-13.704	-120.	145.83	1310	0.10558
510	191	-13.215	-120.	145.	1310	0.10558
511	209	-10.796	-120.	149.39	1310	0.10562
511	216	-9.7773	-120.	147.68	1310	0.10559
511	226	-8.113	-120.	150.47	1310	0.10564
512	191	-13.215	-120.	145.	1310	0.10558
512	197	-12.295	-120.	143.44	1310	0.10557
512	211	-10.674	-120.	146.2	1310	0.10558
513	186	-13.704	-120.	145.83	1310	0.10558
513	200	-12.084	-120.	148.78	1310	0.10561
513	181	-14.63	-120.	147.4	1310	0.10559
514	288	1.8045	-120.	154.98	1350	0.10578
514	311	6.1077	-120.	154.74	1350	0.10577
514	296	3.2389	-120.	152.16	1350	0.10569
515	430	23.336	-120.	147.74	1355	0.10556
515	452	26.586	-120.	144.91	1355	0.10552
515	434	24.064	-120.	143.4	1355	0.10551
516	372	15.89	-120.	146.87	1362	0.10555
516	369	15.629	-120.	145.89	1362	0.10553
516	366	15.218	-120.	147.21	1362	0.10556
517	379	17.139	-120.	146.16	1362	0.10554
517	393	19.016	-120.	145.11	1362	0.10552
517	375	16.361	-120.	143.44	1362	0.10549
518	379	17.139	-120.	146.16	1362	0.10554
518	375	16.361	-120.	143.44	1362	0.10549
518	369	15.629	-120.	145.89	1362	0.10553
519	379	17.139	-120.	146.16	1362	0.10554
519	369	15.629	-120.	145.89	1362	0.10553
519	372	15.89	-120.	146.87	1362	0.10555
520	379	17.139	-120.	146.16	1362	0.10554
520	372	15.89	-120.	146.87	1362	0.10555
520	383	17.646	-120.	148.02	1362	0.10557
521	379	17.139	-120.	146.16	1362	0.10554
521	383	17.646	-120.	148.02	1362	0.10557
521	386	18.289	-120.	147.65	1362	0.10557
522	379	17.139	-120.	146.16	1362	0.10554
522	386	18.289	-120.	147.65	1362	0.10557
522	393	19.016	-120.	145.11	1362	0.10552
523	376	16.383	-120.	148.72	1362	0.10559
523	380	17.167	-120.	151.53	1362	0.10566
523	362	14.46	-120.	149.69	1362	0.10562
524	376	16.383	-120.	148.72	1362	0.10559
524	362	14.46	-120.	149.69	1362	0.10562
524	366	15.218	-120.	147.21	1362	0.10556
525	376	16.383	-120.	148.72	1362	0.10559
525	366	15.218	-120.	147.21	1362	0.10556
525	372	15.89	-120.	146.87	1362	0.10555
526	376	16.383	-120.	148.72	1362	0.10559
526	372	15.89	-120.	146.87	1362	0.10555
526	383	17.646	-120.	148.02	1362	0.10557
527	376	16.383	-120.	148.72	1362	0.10559
527	383	17.646	-120.	148.02	1362	0.10557
527	384	17.918	-120.	148.97	1362	0.10559
528	376	16.383	-120.	148.72	1362	0.10559
528	384	17.918	-120.	148.97	1362	0.10559
528	380	17.167	-120.	151.53	1362	0.10566
529	383	17.646	-120.	148.02	1362	0.10557
529	384	17.918	-120.	148.97	1362	0.10559
529	386	18.289	-120.	147.65	1362	0.10557
530	358	13.591	-120.	146.55	1363	0.10554
530	359	13.941	-120.	144.75	1363	0.1055
530	370	15.629	-120.	145.89	1363	0.10553
531	358	13.591	-120.	146.55	1363	0.10554
531	370	15.629	-120.	145.89	1363	0.10553
531	367	15.218	-120.	147.21	1363	0.10556
532	358	13.591	-120.	146.55	1363	0.10554
532	367	15.218	-120.	147.21	1363	0.10556
532	355	12.635	-120.	148.36	1363	0.10558
533	358	13.591	-120.	146.55	1363	0.10554
533	355	12.635	-120.	148.36	1363	0.10558
533	347	11.663	-120.	147.66	1363	0.10556
534	358	13.591	-120.	146.55	1363	0.10554
534	347	11.663	-120.	147.66	1363	0.10556
534	352	12.46	-120.	145.41	1363	0.10551
535	358	13.591	-120.	146.55	1363	0.10554
535	352	12.46	-120.	145.41	1363	0.10551
535	359	13.941	-120.	144.75	1363	0.1055
536	355	12.635	-120.	148.36	1363	0.10558
536	367	15.218	-120.	147.21	1363	0.10556
536	362	14.46	-120.	149.69	1363	0.10562
537	359	13.941	-120.	144.75	1363	0.1055
537	375	16.361	-120.	143.44	1363	0.10549
537	370	15.629	-120.	145.89	1363	0.10553
538	352	12.46	-120.	145.41	1363	0.10551
538	347	11.663	-120.	147.66	1363	0.10556
538	332	9.8655	-120.	146.33	1363	0.10552
539	172	-16.628	-120.	96.27	1435	0.10699
539	174	-16.334	-120.	97.294	1435	0.10699
539	176	-16.032	-120.	95.811	1435	0.10699
540	167	-17.726	-120.	97.196	1435	0.10699
540	153	-19.369	-120.	98.573	1435	0.10699
540	171	-16.855	-120.	100.05	1435	0.10699
541	167	-17.726	-120.	97.196	1435	0.10699
541	171	-16.855	-120.	100.05	1435	0.10699
541	174	-16.334	-120.	97.294	1435	0.10699
542	167	-17.726	-120.	97.196	1435	0.10699
542	174	-16.334	-120.	97.294	1435	0.10699
542	172	-16.628	-120.	96.27	1435	0.10699
543	167	-17.726	-120.	97.196	1435	0.10699
543	172	-16.628	-120.	96.27	1435	0.10699
543	162	-18.302	-120.	95.252	1435	0.10698
544	167	-17.726	-120.	97.196	1435	0.10699
544	162	-18.302	-120.	95.252	1435	0.10698
544	155	-18.865	-120.	95.735	1435	0.10699
545	167	-17.726	-120.	97.196	1435	0.10699
545	155	-18.865	-120.	95.735	1435	0.10699
545	153	-19.369	-120.	98.573	1435	0.10699
546	170	-17.191	-120.	94.333	1435	0.10697
546	165	-18.085	-120.	91.387	1435	0.10693
546	178	-15.485	-120.	93.018	1435	0.10695
547	170	-17.191	-120.	94.333	1435	0.10697
547	178	-15.485	-120.	93.018	1435	0.10695
547	176	-16.032	-120.	95.811	1435	0.10699
548	170	-17.191	-120.	94.333	1435	0.10697
548	176	-16.032	-120.	95.811	1435	0.10699
548	172	-16.628	-120.	96.27	1435	0.10699
549	170	-17.191	-120.	94.333	1435	0.10697
549	172	-16.628	-120.	96.27	1435	0.10699
549	162	-18.302	-120.	95.252	1435	0.10698
550	170	-17.191	-120.	94.333	1435	0.10697
550	162	-18.302	-120.	95.252	1435	0.10698
550	161	-18.611	-120.	94.262	1435	0.10697
551	170	-17.191	-120.	94.333	1435	0.10697
551	161	-18.611	-120.	94.262	1435	0.10697
551	165	-18.085	-120.	91.387	1435	0.10693
552	162	-18.302	-120.	95.252	1435	0.10698
552	161	-18.611	-120.	94.262	1435	0.10697
552	155	-18.865	-120.	95.735	1435	0.10699
553	183	-14.413	-120.	89.13	1437	0.10686
553	165	-18.085	-120.	91.387	1437	0.10693
553	178	-15.485	-120.	93.018	1437	0.10695
554	272	-0.59171	-120.	88.013	1449	0.1068
554	290	2.2612	-120.	87.855	1449	0.10679
554	285	1.3031	-120.	89.681	1449	0.10686
555	282	0.78947	-120.	85.044	1449	0.10669
555	298	3.7317	-120.	85.064	1449	0.1067
555	292	2.7559	-120.	86.903	1449	0.10676
556	280	0.51125	-120.	86.679	1449	0.10675
556	282	0.78947	-120.	85.044	1449	0.10669
556	292	2.7559	-120.	86.903	1449	0.10676
557	280	0.51125	-120.	86.679	1449	0.10675
557	292	2.7559	-120.	86.903	1449	0.10676
557	290	2.2612	-120.	87.855	1449	0.10679
558	280	0.51125	-120.	86.679	1449	0.10675
558	290	2.2612	-120.	87.855	1449	0.10679
558	272	-0.59171	-120.	88.013	1449	0.1068
559	280	0.51125	-120.	86.679	1449	0.10675
559	272	-0.59171	-120.	88.013	1449	0.1068
559	264	-1.5709	-120.	87.142	1449	0.10677
560	280	0.51125	-120.	86.679	1449	0.10675
560	264	-1.5709	-120.	87.142	1449	0.10677
560	273	-0.57654	-120.	85.119	1449	0.10669
561	280	0.51125	-120.	86.679	1449	0.10675
561	273	-0.57654	-120.	85.119	1449	0.10669
561	282	0.78947	-120.	85.044	1449	0.10669
562	253	-3.4987	-120.	85.463	1449	0.10671
562	273	-0.57654	-120.	85.119	1449	0.10669
562	264	-1.5709	-120.	87.142	1449	0.10677
563	327	9.1417	-120.	90.688	1451	0.10688
563	322	8.4091	-120.	90.519	1451	0.10688
563	329	9.39	-120.	91.764	1451	0.10691
564	325	8.6798	-120.	88.651	1451	0.10682
564	321	8.0152	-120.	85.538	1451	0.10672
564	313	6.5826	-120.	88.167	1451	0.10681
565	325	8.6798	-120.	88.651	1451	0.10682
565	313	6.5826	-120.	88.167	1451	0.10681
565	322	8.4091	-120.	90.519	1451	0.10688
566	325	8.6798	-120.	88.651	1451	0.10682
566	322	8.4091	-120.	90.519	1451	0.10688
566	327	9.1417	-120.	90.688	1451	0.10688
567	325	8.6798	-120.	88.651	1451	0.10682
567	327	9.1417	-120.	90.688	1451	0.10688
567	333	10.073	-120.	89.023	1451	0.10684
568	325	8.6798	-120.	88.651	1451	0.10682
568	333	10.073	-120.	89.023	1451	0.10684
568	330	9.8569	-120.	87.974	1451	0.10681
569	325	8.6798	-120.	88.651	1451	0.10682
569	330	9.8569	-120.	87.974	1451	0.10681
569	321	8.0152	-120.	85.538	1451	0.10672
570	337	10.526	-120.	91.072	1451	0.10689
570	353	12.589	-120.	91.638	1451	0.1069
570	343	11.174	-120.	94.093	1451	0.10695
571	337	10.526	-120.	91.072	1451	0.10689
571	343	11.174	-120.	94.093	1451	0.10695
571	329	9.39	-120.	91.764	1451	0.10691
572	337	10.526	-120.	91.072	1451	0.10689
572	329	9.39	-120.	91.764	1451	0.10691
572	327	9.1417	-120.	90.688	1451	0.10688
573	337	10.526	-120.	91.072	1451	0.10689
573	327	9.1417	-120.	90.688	1451	0.10688
573	333	10.073	-120.	89.023	1451	0.10684
574	337	10.526	-120.	91.072	1451	0.10689
574	333	10.073	-120.	89.023	1451	0.10684
574	339	10.786	-120.	89.228	1451	0.10684
575	337	10.526	-120.	91.072	1451	0.10689
575	339	10.786	-120.	89.228	1451	0.10684
575	353	12.589	-120.	91.638	1451	0.1069
576	333	10.073	-120.	89.023	1451	0.10684
576	339	10.786	-120.	89.228	1451	0.10684
576	330	9.8569	-120.	87.974	1451	0.10681
577	516	31.257	-120.	118.83	1455	0.10611
577	537	32.231	-120.	118.57	1455	0.10613
577	533	32.19	-120.	117.81	1455	0.10616
578	559	34.106	-120.	119.51	1455	0.10608
578	560	34.106	-120.	120.25	1455	0.10605
578	568	35.062	-120.	119.27	1455	0.10609
579	558	34.076	-120.	118.07	1455	0.10615
579	533	32.19	-120.	117.81	1455	0.10616
579	555	33.96	-120.	115.92	1455	0.10625
580	558	34.076	-120.	118.07	1455	0.10615
580	555	33.96	-120.	115.92	1455	0.10625
580	575	36.909	-120.	117.34	1455	0.10618
581	558	34.076	-120.	118.07	1455	0.10615
581	575	36.909	-120.	117.34	1455	0.10618
581	568	35.062	-120.	119.27	1455	0.10609
582	558	34.076	-120.	118.07	1455	0.10615
582	568	35.062	-120.	119.27	1455	0.10609
582	559	34.106	-120.	119.51	1455	0.10608
583	558	34.076	-120.	118.07	1455	0.10615
583	559	34.106	-120.	119.51	1455	0.10608
583	537	32.231	-120.	118.57	1455	0.10613
584	558	34.076	-120.	118.07	1455	0.10615
584	537	32.231	-120.	118.57	1455	0.10613
584	533	32.19	-120.	117.81	1455	0.10616
585	538	32.245	-120.	120.	1455	0.10606
585	560	34.106	-120.	120.25	1455	0.10605
585	539	32.274	-120.	122.15	1455	0.10597
586	538	32.245	-120.	120.	1455	0.10606
586	539	32.274	-120.	122.15	1455	0.10597
586	491	29.497	-120.	120.69	1455	0.10603
587	538	32.245	-120.	120.	1455	0.10606
587	491	29.497	-120.	120.69	1455	0.10603
587	516	31.257	-120.	118.83	1455	0.10611
588	538	32.245	-120.	120.	1455	0.10606
588	516	31.257	-120.	118.83	1455	0.10611
588	537	32.231	-120.	118.57	1455	0.10613
589	538	32.245	-120.	120.	1455	0.10606
589	537	32.231	-120.	118.57	1455	0.10613
589	559	34.106	-120.	119.51	1455	0.10608
590	538	32.245	-120.	120.	1455	0.10606
590	559	34.106	-120.	119.51	1455	0.10608
590	560	34.106	-120.	120.25	1455	0.10605
591	523	31.753	-120.	114.26	1519	0.10632
591	507	30.803	-120.	114.51	1519	0.10631
591	528	31.894	-120.	115.	1519	0.10629
592	518	31.423	-120.	112.87	1519	0.10638
592	511	30.932	-120.	110.76	1519	0.10648
592	477	28.754	-120.	113.62	1519	0.10635
593	518	31.423	-120.	112.87	1519	0.10638
593	477	28.754	-120.	113.62	1519	0.10635
593	507	30.803	-120.	114.51	1519	0.10631
594	518	31.423	-120.	112.87	1519	0.10638
594	507	30.803	-120.	114.51	1519	0.10631
594	523	31.753	-120.	114.26	1519	0.10632
595	518	31.423	-120.	112.87	1519	0.10638
595	523	31.753	-120.	114.26	1519	0.10632
595	548	33.238	-120.	112.39	1519	0.10641
596	518	31.423	-120.	112.87	1519	0.10638
596	548	33.238	-120.	112.39	1519	0.10641
596	545	33.06	-120.	111.67	1519	0.10644
597	518	31.423	-120.	112.87	1519	0.10638
597	545	33.06	-120.	111.67	1519	0.10644
597	511	30.932	-120.	110.76	1519	0.10648
598	551	33.555	-120.	113.8	1519	0.10634
598	573	36.317	-120.	113.07	1519	0.10637
598	555	33.96	-120.	115.92	1519	0.10625
599	551	33.555	-120.	113.8	1519	0.10634
599	555	33.96	-120.	115.92	1519	0.10625
599	528	31.894	-120.	115.	1519	0.10629
600	551	33.555	-120.	113.8	1519	0.10634
600	528	31.894	-120.	115.	1519	0.10629
600	523	31.753	-120.	114.26	1519	0.10632
601	551	33.555	-120.	113.8	1519	0.10634
601	523	31.753	-120.	114.26	1519	0.10632
601	548	33.238	-120.	112.39	1519	0.10641
602	551	33.555	-120.	113.8	1519	0.10634
602	548	33.238	-120.	112.39	1519	0.10641
602	563	34.168	-120.	112.14	1519	0.10642
603	551	33.555	-120.	113.8	1519	0.10634
603	563	34.168	-120.	112.14	1519	0.10642
603	573	36.317	-120.	113.07	1519	0.10637
604	548	33.238	-120.	112.39	1519	0.10641
604	563	34.168	-120.	112.14	1519	0.10642
604	545	33.06	-120.	111.67	1519	0.10644
605	544	33.06	-120.	111.67	1521	0.10644
605	511	30.932	-120.	110.76	1521	0.10648
605	535	32.207	-120.	108.95	1521	0.10655
606	553	33.855	-120.	109.98	1521	0.10651
606	544	33.06	-120.	111.67	1521	0.10644
606	535	32.207	-120.	108.95	1521	0.10655
607	553	33.855	-120.	109.98	1521	0.10651
607	535	32.207	-120.	108.95	1521	0.10655
607	543	32.875	-120.	108.	1521	0.10659
608	553	33.855	-120.	109.98	1521	0.10651
608	543	32.875	-120.	108.	1521	0.10659
608	569	35.206	-120.	108.91	1521	0.10655
609	553	33.855	-120.	109.98	1521	0.10651
609	569	35.206	-120.	108.91	1521	0.10655
609	571	35.614	-120.	110.21	1521	0.1065
610	553	33.855	-120.	109.98	1521	0.10651
610	571	35.614	-120.	110.21	1521	0.1065
610	562	34.168	-120.	112.14	1521	0.10642
611	553	33.855	-120.	109.98	1521	0.10651
611	562	34.168	-120.	112.14	1521	0.10642
611	544	33.06	-120.	111.67	1521	0.10644
612	569	35.206	-120.	108.91	1521	0.10655
612	543	32.875	-120.	108.	1521	0.10659
612	561	34.155	-120.	106.16	1521	0.10666
613	571	35.614	-120.	110.21	1521	0.1065
613	573	36.317	-120.	113.07	1521	0.10637
613	562	34.168	-120.	112.14	1521	0.10642
614	461	27.302	-120.	105.87	1528	0.10668
614	464	27.85	-120.	104.3	1528	0.10673
614	482	29.263	-120.	106.75	1528	0.10664
615	461	27.302	-120.	105.87	1528	0.10668
615	482	29.263	-120.	106.75	1528	0.10664
615	475	28.622	-120.	107.7	1528	0.10661
616	461	27.302	-120.	105.87	1528	0.10668
616	475	28.622	-120.	107.7	1528	0.10661
616	448	26.217	-120.	106.97	1528	0.10664
617	461	27.302	-120.	105.87	1528	0.10668
617	448	26.217	-120.	106.97	1528	0.10664
617	443	25.406	-120.	105.57	1528	0.10669
618	461	27.302	-120.	105.87	1528	0.10668
618	443	25.406	-120.	105.57	1528	0.10669
618	451	26.451	-120.	103.94	1528	0.10675
619	461	27.302	-120.	105.87	1528	0.10668
619	451	26.451	-120.	103.94	1528	0.10675
619	464	27.85	-120.	104.3	1528	0.10673
620	448	26.217	-120.	106.97	1528	0.10664
620	475	28.622	-120.	107.7	1528	0.10661
620	462	27.402	-120.	109.46	1528	0.10653
621	464	27.85	-120.	104.3	1528	0.10673
621	499	30.485	-120.	104.97	1528	0.10671
621	482	29.263	-120.	106.75	1528	0.10664
622	451	26.451	-120.	103.94	1528	0.10675
622	443	25.406	-120.	105.57	1528	0.10669
622	432	23.847	-120.	103.3	1528	0.10677
623	353	12.589	-120.	91.638	1530	0.1069
623	340	10.786	-120.	89.228	1530	0.10684
623	357	13.535	-120.	90.005	1530	0.10686
624	321	8.0152	-120.	85.538	1530	0.10672
624	341	10.891	-120.	86.162	1530	0.10676
624	331	9.8569	-120.	87.974	1530	0.10681
625	364	14.983	-120.	87.508	1530	0.10681
625	360	14.027	-120.	89.153	1530	0.10685
625	350	12.207	-120.	86.534	1530	0.10677
626	348	11.884	-120.	88.176	1530	0.10682
626	357	13.535	-120.	90.005	1530	0.10686
626	340	10.786	-120.	89.228	1530	0.10684
627	348	11.884	-120.	88.176	1530	0.10682
627	340	10.786	-120.	89.228	1530	0.10684
627	331	9.8569	-120.	87.974	1530	0.10681
628	348	11.884	-120.	88.176	1530	0.10682
628	331	9.8569	-120.	87.974	1530	0.10681
628	341	10.891	-120.	86.162	1530	0.10676
629	348	11.884	-120.	88.176	1530	0.10682
629	341	10.891	-120.	86.162	1530	0.10676
629	350	12.207	-120.	86.534	1530	0.10677
630	348	11.884	-120.	88.176	1530	0.10682
630	350	12.207	-120.	86.534	1530	0.10677
630	360	14.027	-120.	89.153	1530	0.10685
631	348	11.884	-120.	88.176	1530	0.10682
631	360	14.027	-120.	89.153	1530	0.10685
631	357	13.535	-120.	90.005	1530	0.10686
632	371	15.86	-120.	93.118	1531	0.10691
632	374	16.06	-120.	94.294	1531	0.10692
632	378	16.533	-120.	93.457	1531	0.10691
633	363	14.571	-120.	92.538	1531	0.10691
633	353	12.589	-120.	91.638	1531	0.1069
633	365	15.169	-120.	95.872	1531	0.10694
634	363	14.571	-120.	92.538	1531	0.10691
634	365	15.169	-120.	95.872	1531	0.10694
634	374	16.06	-120.	94.294	1531	0.10692
635	363	14.571	-120.	92.538	1531	0.10691
635	374	16.06	-120.	94.294	1531	0.10692
635	371	15.86	-120.	93.118	1531	0.10691
636	363	14.571	-120.	92.538	1531	0.10691
636	371	15.86	-120.	93.118	1531	0.10691
636	361	14.21	-120.	90.302	1531	0.10687
637	363	14.571	-120.	92.538	1531	0.10691
637	361	14.21	-120.	90.302	1531	0.10687
637	357	13.535	-120.	90.005	1531	0.10686
638	363	14.571	-120.	92.538	1531	0.10691
638	357	13.535	-120.	90.005	1531	0.10686
638	353	12.589	-120.	91.638	1531	0.1069
639	368	15.507	-120.	90.901	1531	0.10688
639	364	14.983	-120.	87.508	1531	0.10681
639	381	17.43	-120.	91.87	1531	0.1069
640	368	15.507	-120.	90.901	1531	0.10688
640	381	17.43	-120.	91.87	1531	0.1069
640	378	16.533	-120.	93.457	1531	0.10691
641	368	15.507	-120.	90.901	1531	0.10688
641	378	16.533	-120.	93.457	1531	0.10691
641	371	15.86	-120.	93.118	1531	0.10691
642	368	15.507	-120.	90.901	1531	0.10688
642	371	15.86	-120.	93.118	1531	0.10691
642	361	14.21	-120.	90.302	1531	0.10687
643	368	15.507	-120.	90.901	1531	0.10688
643	361	14.21	-120.	90.302	1531	0.10687
643	360	14.027	-120.	89.153	1531	0.10685
644	368	15.507	-120.	90.901	1531	0.10688
644	360	14.027	-120.	89.153	1531	0.10685
644	364	14.983	-120.	87.508	1531	0.10681
645	361	14.21	-120.	90.302	1531	0.10687
645	360	14.027	-120.	89.153	1531	0.10685
645	357	13.535	-120.	90.005	1531	0.10686
646	432	23.847	-120.	103.3	1544	0.10677
646	444	25.409	-120.	100.72	1544	0.10684
646	407	20.921	-120.	100.05	1544	0.10686
647	449	26.403	-120.	99.043	1546	0.10687
647	468	28.095	-120.	101.35	1546	0.10682
647	444	25.409	-120.	100.72	1546	0.10684
648	501	30.617	-120.	99.84	1546	0.10685
648	536	32.209	-120.	102.31	1546	0.10679
648	489	29.49	-120.	101.66	1546	0.10681
649	472	28.556	-120.	99.8	1546	0.10685
649	501	30.617	-120.	99.84	1546	0.10685
649	489	29.49	-120.	101.66	1546	0.10681
650	472	28.556	-120.	99.8	1546	0.10685
650	489	29.49	-120.	101.66	1546	0.10681
650	468	28.095	-120.	101.35	1546	0.10682
651	472	28.556	-120.	99.8	1546	0.10685
651	468	28.095	-120.	101.35	1546	0.10682
651	449	26.403	-120.	99.043	1546	0.10687
652	472	28.556	-120.	99.8	1546	0.10685
652	449	26.403	-120.	99.043	1546	0.10687
652	459	26.924	-120.	98.172	1546	0.10688
653	472	28.556	-120.	99.8	1546	0.10685
653	459	26.924	-120.	98.172	1546	0.10688
653	496	29.807	-120.	98.737	1546	0.10687
654	472	28.556	-120.	99.8	1546	0.10685
654	496	29.807	-120.	98.737	1546	0.10687
654	501	30.617	-120.	99.84	1546	0.10685
655	466	27.921	-120.	96.479	1546	0.10691
655	496	29.807	-120.	98.737	1546	0.10687
655	459	26.924	-120.	98.172	1546	0.10688
656	428	22.931	-120.	98.116	1547	0.10689
656	423	22.388	-120.	97.593	1547	0.10689
656	419	21.882	-120.	98.448	1547	0.10688
657	433	23.908	-120.	99.146	1547	0.10687
657	449	26.403	-120.	99.043	1547	0.10687
657	444	25.409	-120.	100.72	1547	0.10684
658	433	23.908	-120.	99.146	1547	0.10687
658	444	25.409	-120.	100.72	1547	0.10684
658	407	20.921	-120.	100.05	1547	0.10686
659	433	23.908	-120.	99.146	1547	0.10687
659	407	20.921	-120.	100.05	1547	0.10686
659	419	21.882	-120.	98.448	1547	0.10688
660	433	23.908	-120.	99.146	1547	0.10687
660	419	21.882	-120.	98.448	1547	0.10688
660	428	22.931	-120.	98.116	1547	0.10689
661	433	23.908	-120.	99.146	1547	0.10687
661	428	22.931	-120.	98.116	1547	0.10689
661	447	25.899	-120.	98.502	1547	0.10688
662	433	23.908	-120.	99.146	1547	0.10687
662	447	25.899	-120.	98.502	1547	0.10688
662	449	26.403	-120.	99.043	1547	0.10687
663	459	26.924	-120.	98.172	1547	0.10688
663	447	25.899	-120.	98.502	1547	0.10688
663	449	26.403	-120.	99.043	1547	0.10687
664	442	24.902	-120.	97.473	1547	0.10689
664	466	27.921	-120.	96.479	1547	0.10691
664	431	23.352	-120.	95.976	1547	0.10691
665	442	24.902	-120.	97.473	1547	0.10689
665	431	23.352	-120.	95.976	1547	0.10691
665	423	22.388	-120.	97.593	1547	0.10689
666	442	24.902	-120.	97.473	1547	0.10689
666	423	22.388	-120.	97.593	1547	0.10689
666	428	22.931	-120.	98.116	1547	0.10689
667	442	24.902	-120.	97.473	1547	0.10689
667	428	22.931	-120.	98.116	1547	0.10689
667	447	25.899	-120.	98.502	1547	0.10688
668	442	24.902	-120.	97.473	1547	0.10689
668	447	25.899	-120.	98.502	1547	0.10688
668	459	26.924	-120.	98.172	1547	0.10688
669	442	24.902	-120.	97.473	1547	0.10689
669	459	26.924	-120.	98.172	1547	0.10688
669	466	27.921	-120.	96.479	1547	0.10691
670	395	19.847	-120.	97.24	1566	0.10691
670	418	21.882	-120.	98.448	1566	0.10688
670	391	18.828	-120.	98.263	1566	0.1069
671	395	19.847	-120.	97.24	1566	0.10691
671	391	18.828	-120.	98.263	1566	0.1069
671	382	17.516	-120.	97.31	1566	0.10692
672	395	19.847	-120.	97.24	1566	0.10691
672	382	17.516	-120.	97.31	1566	0.10692
672	389	18.369	-120.	95.895	1566	0.10692
673	395	19.847	-120.	97.24	1566	0.10691
673	389	18.369	-120.	95.895	1566	0.10692
673	402	20.101	-120.	95.931	1566	0.10691
674	395	19.847	-120.	97.24	1566	0.10691
674	402	20.101	-120.	95.931	1566	0.10691
674	422	22.388	-120.	97.593	1566	0.10689
675	395	19.847	-120.	97.24	1566	0.10691
675	422	22.388	-120.	97.593	1566	0.10689
675	418	21.882	-120.	98.448	1566	0.10688
676	389	18.369	-120.	95.895	1566	0.10692
676	382	17.516	-120.	97.31	1566	0.10692
676	365	15.169	-120.	95.872	1566	0.10694
677	418	21.882	-120.	98.448	1566	0.10688
677	407	20.921	-120.	100.05	1566	0.10686
677	391	18.828	-120.	98.263	1566	0.1069
678	422	22.388	-120.	97.593	1566	0.10689
678	402	20.101	-120.	95.931	1566	0.10691
678	431	23.352	-120.	95.976	1566	0.10691
679	439	24.656	-120.	135.59	1581	0.10554
679	479	29.242	-120.	133.19	1581	0.10559
679	456	26.843	-120.	131.8	1581	0.10563
680	460	27.061	-120.	136.97	1582	0.10553
680	479	29.242	-120.	133.19	1582	0.10559
680	439	24.656	-120.	135.59	1582	0.10554
681	539	32.274	-120.	122.15	1583	0.10597
681	491	29.497	-120.	120.69	1583	0.10603
681	478	29.04	-120.	125.04	1583	0.10585
682	556	34.028	-120.	123.11	1585	0.10593
682	539	32.274	-120.	122.15	1585	0.10597
682	560	34.106	-120.	120.25	1585	0.10605
683	570	35.354	-120.	121.36	1585	0.106
683	556	34.028	-120.	123.11	1585	0.10593
683	560	34.106	-120.	120.25	1585	0.10605
684	570	35.354	-120.	121.36	1585	0.106
684	560	34.106	-120.	120.25	1585	0.10605
684	568	35.062	-120.	119.27	1585	0.10609
685	570	35.354	-120.	121.36	1585	0.106
685	568	35.062	-120.	119.27	1585	0.10609
685	577	37.01	-120.	120.28	1585	0.10605
686	570	35.354	-120.	121.36	1585	0.106
686	577	37.01	-120.	120.28	1585	0.10605
686	576	36.972	-120.	121.65	1585	0.10599
687	570	35.354	-120.	121.36	1585	0.106
687	576	36.972	-120.	121.65	1585	0.10599
687	566	34.943	-120.	123.6	1585	0.10591
688	570	35.354	-120.	121.36	1585	0.106
688	566	34.943	-120.	123.6	1585	0.10591
688	556	34.028	-120.	123.11	1585	0.10593
689	577	37.01	-120.	120.28	1585	0.10605
689	568	35.062	-120.	119.27	1585	0.10609
689	575	36.909	-120.	117.34	1585	0.10618
690	576	36.972	-120.	121.65	1585	0.10599
690	574	36.709	-120.	124.58	1585	0.10587
690	566	34.943	-120.	123.6	1585	0.10591
691	524	31.758	-120.	125.71	1588	0.10583
691	503	30.725	-120.	125.95	1588	0.10582
691	519	31.619	-120.	126.45	1588	0.1058
692	552	33.712	-120.	125.26	1588	0.10584
692	565	34.943	-120.	123.6	1588	0.10591
692	574	36.709	-120.	124.58	1588	0.10587
693	552	33.712	-120.	125.26	1588	0.10584
693	574	36.709	-120.	124.58	1588	0.10587
693	549	33.314	-120.	127.38	1588	0.10577
694	552	33.712	-120.	125.26	1588	0.10584
694	549	33.314	-120.	127.38	1588	0.10577
694	519	31.619	-120.	126.45	1588	0.1058
695	552	33.712	-120.	125.26	1588	0.10584
695	519	31.619	-120.	126.45	1588	0.1058
695	524	31.758	-120.	125.71	1588	0.10583
696	552	33.712	-120.	125.26	1588	0.10584
696	524	31.758	-120.	125.71	1588	0.10583
696	554	33.93	-120.	123.84	1588	0.1059
697	552	33.712	-120.	125.26	1588	0.10584
697	554	33.93	-120.	123.84	1588	0.1059
697	565	34.943	-120.	123.6	1588	0.10591
698	557	34.028	-120.	123.11	1588	0.10593
698	554	33.93	-120.	123.84	1588	0.1059
698	565	34.943	-120.	123.6	1588	0.10591
699	530	31.959	-120.	124.3	1588	0.10588
699	539	32.274	-120.	122.15	1588	0.10597
699	478	29.04	-120.	125.04	1588	0.10585
700	530	31.959	-120.	124.3	1588	0.10588
700	478	29.04	-120.	125.04	1588	0.10585
700	503	30.725	-120.	125.95	1588	0.10582
701	530	31.959	-120.	124.3	1588	0.10588
701	503	30.725	-120.	125.95	1588	0.10582
701	524	31.758	-120.	125.71	1588	0.10583
702	530	31.959	-120.	124.3	1588	0.10588
702	524	31.758	-120.	125.71	1588	0.10583
702	554	33.93	-120.	123.84	1588	0.1059
703	530	31.959	-120.	124.3	1588	0.10588
703	554	33.93	-120.	123.84	1588	0.1059
703	557	34.028	-120.	123.11	1588	0.10593
704	530	31.959	-120.	124.3	1588	0.10588
704	557	34.028	-120.	123.11	1588	0.10593
704	539	32.274	-120.	122.15	1588	0.10597
705	549	33.314	-120.	127.38	1589	0.10577
705	572	35.883	-120.	128.81	1589	0.10572
705	574	36.709	-120.	124.58	1589	0.10587
706	495	29.794	-120.	128.1	1591	0.10574
706	470	28.397	-120.	127.71	1591	0.10576
706	502	30.725	-120.	125.95	1591	0.10582
707	495	29.794	-120.	128.1	1591	0.10574
707	502	30.725	-120.	125.95	1591	0.10582
707	520	31.619	-120.	126.45	1591	0.1058
708	495	29.794	-120.	128.1	1591	0.10574
708	520	31.619	-120.	126.45	1591	0.1058
708	505	30.745	-120.	129.14	1591	0.10571
709	495	29.794	-120.	128.1	1591	0.10574
709	505	30.745	-120.	129.14	1591	0.10571
709	485	29.384	-120.	130.08	1591	0.10568
710	495	29.794	-120.	128.1	1591	0.10574
710	485	29.384	-120.	130.08	1591	0.10568
710	465	27.896	-120.	129.26	1591	0.1057
711	495	29.794	-120.	128.1	1591	0.10574
711	465	27.896	-120.	129.26	1591	0.1057
711	470	28.397	-120.	127.71	1591	0.10576
712	505	30.745	-120.	129.14	1591	0.10571
712	520	31.619	-120.	126.45	1591	0.1058
712	549	33.314	-120.	127.38	1591	0.10577
713	470	28.397	-120.	127.71	1591	0.10576
713	478	29.04	-120.	125.04	1591	0.10585
713	502	30.725	-120.	125.95	1591	0.10582
714	465	27.896	-120.	129.26	1591	0.1057
714	485	29.384	-120.	130.08	1591	0.10568
714	456	26.843	-120.	131.8	1591	0.10563
715	500	30.508	-120.	129.85	1592	0.10568
715	504	30.745	-120.	129.14	1592	0.10571
715	484	29.384	-120.	130.08	1592	0.10568
716	540	32.636	-120.	129.42	1592	0.1057
716	572	35.883	-120.	128.81	1592	0.10572
716	549	33.314	-120.	127.38	1592	0.10577
717	540	32.636	-120.	129.42	1592	0.1057
717	549	33.314	-120.	127.38	1592	0.10577
717	504	30.745	-120.	129.14	1592	0.10571
718	540	32.636	-120.	129.42	1592	0.1057
718	504	30.745	-120.	129.14	1592	0.10571
718	500	30.508	-120.	129.85	1592	0.10568
719	540	32.636	-120.	129.42	1592	0.1057
719	500	30.508	-120.	129.85	1592	0.10568
719	531	32.136	-120.	130.77	1592	0.10566
720	540	32.636	-120.	129.42	1592	0.1057
720	531	32.136	-120.	130.77	1592	0.10566
720	547	33.229	-120.	130.57	1592	0.10566
721	540	32.636	-120.	129.42	1592	0.1057
721	547	33.229	-120.	130.57	1592	0.10566
721	572	35.883	-120.	128.81	1592	0.10572
722	497	29.996	-120.	131.19	1592	0.10564
722	479	29.242	-120.	133.19	1592	0.10559
722	456	26.843	-120.	131.8	1592	0.10563
723	497	29.996	-120.	131.19	1592	0.10564
723	456	26.843	-120.	131.8	1592	0.10563
723	484	29.384	-120.	130.08	1592	0.10568
724	497	29.996	-120.	131.19	1592	0.10564
724	484	29.384	-120.	130.08	1592	0.10568
724	500	30.508	-120.	129.85	1592	0.10568
725	497	29.996	-120.	131.19	1592	0.10564
725	500	30.508	-120.	129.85	1592	0.10568
725	531	32.136	-120.	130.77	1592	0.10566
726	497	29.996	-120.	131.19	1592	0.10564
726	531	32.136	-120.	130.77	1592	0.10566
726	525	31.866	-120.	131.46	1592	0.10564
727	497	29.996	-120.	131.19	1592	0.10564
727	525	31.866	-120.	131.46	1592	0.10564
727	479	29.242	-120.	133.19	1592	0.10559
728	531	32.136	-120.	130.77	1592	0.10566
728	525	31.866	-120.	131.46	1592	0.10564
728	547	33.229	-120.	130.57	1592	0.10566
729	494	29.577	-120.	107.44	1594	0.10662
729	481	29.263	-120.	106.75	1594	0.10664
729	474	28.622	-120.	107.7	1594	0.10661
730	517	31.382	-120.	106.93	1594	0.10663
730	561	34.155	-120.	106.16	1594	0.10666
730	499	30.485	-120.	104.97	1594	0.10671
731	517	31.382	-120.	106.93	1594	0.10663
731	499	30.485	-120.	104.97	1594	0.10671
731	481	29.263	-120.	106.75	1594	0.10664
732	517	31.382	-120.	106.93	1594	0.10663
732	481	29.263	-120.	106.75	1594	0.10664
732	494	29.577	-120.	107.44	1594	0.10662
733	517	31.382	-120.	106.93	1594	0.10663
733	494	29.577	-120.	107.44	1594	0.10662
733	529	31.935	-120.	108.26	1594	0.10658
734	517	31.382	-120.	106.93	1594	0.10663
734	529	31.935	-120.	108.26	1594	0.10658
734	542	32.875	-120.	108.	1594	0.10659
735	517	31.382	-120.	106.93	1594	0.10663
735	542	32.875	-120.	108.	1594	0.10659
735	561	34.155	-120.	106.16	1594	0.10666
736	498	30.113	-120.	108.76	1594	0.10656
736	511	30.932	-120.	110.76	1594	0.10648
736	462	27.402	-120.	109.46	1594	0.10653
737	498	30.113	-120.	108.76	1594	0.10656
737	462	27.402	-120.	109.46	1594	0.10653
737	474	28.622	-120.	107.7	1594	0.10661
738	498	30.113	-120.	108.76	1594	0.10656
738	474	28.622	-120.	107.7	1594	0.10661
738	494	29.577	-120.	107.44	1594	0.10662
739	498	30.113	-120.	108.76	1594	0.10656
739	494	29.577	-120.	107.44	1594	0.10662
739	529	31.935	-120.	108.26	1594	0.10658
740	498	30.113	-120.	108.76	1594	0.10656
740	529	31.935	-120.	108.26	1594	0.10658
740	534	32.207	-120.	108.95	1594	0.10655
741	498	30.113	-120.	108.76	1594	0.10656
741	534	32.207	-120.	108.95	1594	0.10655
741	511	30.932	-120.	110.76	1594	0.10648
742	529	31.935	-120.	108.26	1594	0.10658
742	534	32.207	-120.	108.95	1594	0.10655
742	542	32.875	-120.	108.	1594	0.10659
743	477	28.754	-120.	113.62	1595	0.10635
743	511	30.932	-120.	110.76	1595	0.10648
743	462	27.402	-120.	109.46	1595	0.10653
744	561	34.155	-120.	106.16	1598	0.10666
744	536	32.209	-120.	102.31	1598	0.10679
744	499	30.485	-120.	104.97	1598	0.10671
745	107	-23.785	-120.	100.93	1649	0.10697
745	110	-23.545	-120.	96.143	1649	0.10699
745	73	-26.285	-120.	99.47	1649	0.10698
746	136	-21.358	-120.	102.37	1650	0.10695
746	130	-21.726	-120.	101.28	1650	0.10697
746	123	-22.197	-120.	101.87	1650	0.10696
747	133	-21.51	-120.	98.163	1650	0.10699
747	138	-21.019	-120.	97.611	1650	0.10699
747	125	-21.878	-120.	97.108	1650	0.10699
748	119	-22.44	-120.	99.25	1650	0.10699
748	123	-22.197	-120.	101.87	1650	0.10696
748	107	-23.785	-120.	100.93	1650	0.10697
749	119	-22.44	-120.	99.25	1650	0.10699
749	107	-23.785	-120.	100.93	1650	0.10697
749	110	-23.545	-120.	96.143	1650	0.10699
750	119	-22.44	-120.	99.25	1650	0.10699
750	110	-23.545	-120.	96.143	1650	0.10699
750	125	-21.878	-120.	97.108	1650	0.10699
751	119	-22.44	-120.	99.25	1650	0.10699
751	125	-21.878	-120.	97.108	1650	0.10699
751	133	-21.51	-120.	98.163	1650	0.10699
752	119	-22.44	-120.	99.25	1650	0.10699
752	133	-21.51	-120.	98.163	1650	0.10699
752	130	-21.726	-120.	101.28	1650	0.10697
753	119	-22.44	-120.	99.25	1650	0.10699
753	130	-21.726	-120.	101.28	1650	0.10697
753	123	-22.197	-120.	101.87	1650	0.10696
754	140	-20.794	-120.	100.22	1650	0.10698
754	138	-21.019	-120.	97.611	1650	0.10699
754	153	-19.369	-120.	98.573	1650	0.10699
755	140	-20.794	-120.	100.22	1650	0.10698
755	153	-19.369	-120.	98.573	1650	0.10699
755	151	-19.781	-120.	103.3	1650	0.10694
756	140	-20.794	-120.	100.22	1650	0.10698
756	151	-19.781	-120.	103.3	1650	0.10694
756	136	-21.358	-120.	102.37	1650	0.10695
757	140	-20.794	-120.	100.22	1650	0.10698
757	136	-21.358	-120.	102.37	1650	0.10695
757	130	-21.726	-120.	101.28	1650	0.10697
758	140	-20.794	-120.	100.22	1650	0.10698
758	130	-21.726	-120.	101.28	1650	0.10697
758	133	-21.51	-120.	98.163	1650	0.10699
759	140	-20.794	-120.	100.22	1650	0.10698
759	133	-21.51	-120.	98.163	1650	0.10699
759	138	-21.019	-120.	97.611	1650	0.10699
760	171	-16.855	-120.	100.05	1654	0.10699
760	153	-19.369	-120.	98.573	1654	0.10699
760	151	-19.781	-120.	103.3	1654	0.10694
761	221	-8.7706	-120.	146.81	1667	0.10558
761	229	-7.1945	-120.	148.83	1667	0.10561
761	217	-9.7773	-120.	147.68	1667	0.10559
762	221	-8.7706	-120.	146.81	1667	0.10558
762	217	-9.7773	-120.	147.68	1667	0.10559
762	212	-10.674	-120.	146.2	1667	0.10558
763	221	-8.7706	-120.	146.81	1667	0.10558
763	212	-10.674	-120.	146.2	1667	0.10558
763	215	-9.8754	-120.	144.75	1667	0.10556
764	221	-8.7706	-120.	146.81	1667	0.10558
764	215	-9.8754	-120.	144.75	1667	0.10556
764	224	-8.3944	-120.	145.41	1667	0.10556
765	221	-8.7706	-120.	146.81	1667	0.10558
765	224	-8.3944	-120.	145.41	1667	0.10556
765	233	-6.7075	-120.	147.97	1667	0.10559
766	221	-8.7706	-120.	146.81	1667	0.10558
766	233	-6.7075	-120.	147.97	1667	0.10559
766	229	-7.1945	-120.	148.83	1667	0.10561
767	215	-9.8754	-120.	144.75	1667	0.10556
767	212	-10.674	-120.	146.2	1667	0.10558
767	197	-12.295	-120.	143.44	1667	0.10557
768	229	-7.1945	-120.	148.83	1667	0.10561
768	226	-8.113	-120.	150.47	1667	0.10564
768	217	-9.7773	-120.	147.68	1667	0.10559
769	233	-6.7075	-120.	147.97	1667	0.10559
769	224	-8.3944	-120.	145.41	1667	0.10556
769	240	-5.7995	-120.	146.33	1667	0.10555
770	486	29.388	-120.	135.79	1726	0.10554
770	479	29.242	-120.	133.19	1726	0.10559
770	460	27.061	-120.	136.97	1726	0.10553
771	486	29.388	-120.	135.79	1726	0.10554
771	460	27.061	-120.	136.97	1726	0.10553
771	476	28.693	-120.	137.9	1726	0.10552
772	486	29.388	-120.	135.79	1726	0.10554
772	476	28.693	-120.	137.9	1726	0.10552
772	492	29.517	-120.	137.53	1726	0.10552
773	486	29.388	-120.	135.79	1726	0.10554
773	492	29.517	-120.	137.53	1726	0.10552
773	512	30.952	-120.	135.04	1726	0.10556
774	486	29.388	-120.	135.79	1726	0.10554
774	512	30.952	-120.	135.04	1726	0.10556
774	509	30.864	-120.	134.14	1726	0.10558
775	486	29.388	-120.	135.79	1726	0.10554
775	509	30.864	-120.	134.14	1726	0.10558
775	479	29.242	-120.	133.19	1726	0.10559
776	513	31.043	-120.	136.75	1726	0.10553
776	550	33.344	-120.	135.59	1726	0.10555
776	514	31.189	-120.	139.32	1726	0.10551
777	513	31.043	-120.	136.75	1726	0.10553
777	514	31.189	-120.	139.32	1726	0.10551
777	493	29.543	-120.	138.38	1726	0.10551
778	513	31.043	-120.	136.75	1726	0.10553
778	493	29.543	-120.	138.38	1726	0.10551
778	492	29.517	-120.	137.53	1726	0.10552
779	513	31.043	-120.	136.75	1726	0.10553
779	492	29.517	-120.	137.53	1726	0.10552
779	512	30.952	-120.	135.04	1726	0.10556
780	513	31.043	-120.	136.75	1726	0.10553
780	512	30.952	-120.	135.04	1726	0.10556
780	521	31.71	-120.	134.63	1726	0.10557
781	513	31.043	-120.	136.75	1726	0.10553
781	521	31.71	-120.	134.63	1726	0.10557
781	550	33.344	-120.	135.59	1726	0.10555
782	492	29.517	-120.	137.53	1726	0.10552
782	476	28.693	-120.	137.9	1726	0.10552
782	493	29.543	-120.	138.38	1726	0.10551
783	512	30.952	-120.	135.04	1726	0.10556
783	521	31.71	-120.	134.63	1726	0.10557
783	509	30.864	-120.	134.14	1726	0.10558
784	476	28.693	-120.	137.9	1744	0.10552
784	458	26.876	-120.	140.1	1744	0.1055
784	460	27.061	-120.	136.97	1744	0.10553
785	473	28.593	-120.	142.76	1744	0.1055
785	452	26.586	-120.	144.91	1744	0.10552
785	454	26.788	-120.	141.73	1744	0.1055
786	469	28.326	-120.	140.43	1744	0.1055
786	473	28.593	-120.	142.76	1744	0.1055
786	454	26.788	-120.	141.73	1744	0.1055
787	469	28.326	-120.	140.43	1744	0.1055
787	454	26.788	-120.	141.73	1744	0.1055
787	458	26.876	-120.	140.1	1744	0.1055
788	469	28.326	-120.	140.43	1744	0.1055
788	458	26.876	-120.	140.1	1744	0.1055
788	476	28.693	-120.	137.9	1744	0.10552
789	469	28.326	-120.	140.43	1744	0.1055
789	476	28.693	-120.	137.9	1744	0.10552
789	493	29.543	-120.	138.38	1744	0.10551
790	469	28.326	-120.	140.43	1744	0.1055
790	493	29.543	-120.	138.38	1744	0.10551
790	488	29.463	-120.	141.7	1744	0.1055
791	469	28.326	-120.	140.43	1744	0.1055
791	488	29.463	-120.	141.7	1744	0.1055
791	473	28.593	-120.	142.76	1744	0.1055
792	514	31.189	-120.	139.32	1744	0.10551
792	488	29.463	-120.	141.7	1744	0.1055
792	493	29.543	-120.	138.38	1744	0.10551
793	390	18.671	-120.	94.527	1810	0.10692
793	388	18.369	-120.	95.895	1810	0.10692
793	373	16.06	-120.	94.294	1810	0.10692
794	390	18.671	-120.	94.527	1810	0.10692
794	373	16.06	-120.	94.294	1810	0.10692
794	377	16.533	-120.	93.457	1810	0.10691
795	390	18.671	-120.	94.527	1810	0.10692
795	377	16.533	-120.	93.457	1810	0.10691
795	397	19.897	-120.	93.386	1810	0.10691
796	390	18.671	-120.	94.527	1810	0.10692
796	397	19.897	-120.	93.386	1810	0.10691
796	409	21.067	-120.	94.197	1810	0.10691
797	390	18.671	-120.	94.527	1810	0.10692
797	409	21.067	-120.	94.197	1810	0.10691
797	401	20.101	-120.	95.931	1810	0.10691
798	390	18.671	-120.	94.527	1810	0.10692
798	401	20.101	-120.	95.931	1810	0.10691
798	388	18.369	-120.	95.895	1810	0.10692
799	397	19.897	-120.	93.386	1810	0.10691
799	377	16.533	-120.	93.457	1810	0.10691
799	381	17.43	-120.	91.87	1810	0.1069
800	388	18.369	-120.	95.895	1810	0.10692
800	365	15.169	-120.	95.872	1810	0.10694
800	373	16.06	-120.	94.294	1810	0.10692
801	401	20.101	-120.	95.931	1810	0.10691
801	409	21.067	-120.	94.197	1810	0.10691
801	431	23.352	-120.	95.976	1810	0.10691
802	406	20.74	-120.	93.354	1811	0.10691
802	398	19.897	-120.	93.386	1811	0.10691
802	410	21.067	-120.	94.197	1811	0.10691
803	400	20.015	-120.	91.744	1811	0.1069
803	392	18.881	-120.	89.348	1811	0.10687
803	381	17.43	-120.	91.87	1811	0.1069
804	400	20.015	-120.	91.744	1811	0.1069
804	381	17.43	-120.	91.87	1811	0.1069
804	398	19.897	-120.	93.386	1811	0.10691
805	400	20.015	-120.	91.744	1811	0.1069
805	398	19.897	-120.	93.386	1811	0.10691
805	406	20.74	-120.	93.354	1811	0.10691
806	400	20.015	-120.	91.744	1811	0.1069
806	406	20.74	-120.	93.354	1811	0.10691
806	416	21.743	-120.	91.638	1811	0.1069
807	400	20.015	-120.	91.744	1811	0.1069
807	416	21.743	-120.	91.638	1811	0.1069
807	412	21.398	-120.	90.871	1811	0.1069
808	400	20.015	-120.	91.744	1811	0.1069
808	412	21.398	-120.	90.871	1811	0.1069
808	392	18.881	-120.	89.348	1811	0.10687
809	421	22.376	-120.	93.382	1811	0.10691
809	441	24.832	-120.	93.474	1811	0.10692
809	431	23.352	-120.	95.976	1811	0.10691
810	421	22.376	-120.	93.382	1811	0.10691
810	431	23.352	-120.	95.976	1811	0.10691
810	410	21.067	-120.	94.197	1811	0.10691
811	421	22.376	-120.	93.382	1811	0.10691
811	410	21.067	-120.	94.197	1811	0.10691
811	406	20.74	-120.	93.354	1811	0.10691
812	421	22.376	-120.	93.382	1811	0.10691
812	406	20.74	-120.	93.354	1811	0.10691
812	416	21.743	-120.	91.638	1811	0.1069
813	421	22.376	-120.	93.382	1811	0.10691
813	416	21.743	-120.	91.638	1811	0.1069
813	426	22.522	-120.	91.651	1811	0.10691
814	421	22.376	-120.	93.382	1811	0.10691
814	426	22.522	-120.	91.651	1811	0.10691
814	441	24.832	-120.	93.474	1811	0.10692
815	416	21.743	-120.	91.638	1811	0.1069
815	426	22.522	-120.	91.651	1811	0.10691
815	412	21.398	-120.	90.871	1811	0.1069
