小面	点	X坐标 (mm)	Y坐标 (mm)	Z坐标 (mm)	单元数	定向变形 (mm)
0	256	-2.9777	-120.	149.89	577	0.10923
0	268	-1.0913	-120.	151.9	577	0.10926
0	252	-3.9312	-120.	151.58	577	0.10925
1	288	1.8045	-120.	154.98	577	0.10931
1	267	-1.1343	-120.	154.83	577	0.1093
1	276	-0.11815	-120.	152.95	577	0.10927
2	243	-5.3928	-120.	154.18	577	0.10928
2	248	-4.4252	-120.	152.47	577	0.10926
2	259	-2.4941	-120.	154.68	577	0.1093
3	261	-2.1991	-120.	153.07	577	0.10927
3	252	-3.9312	-120.	151.58	577	0.10925
3	268	-1.0913	-120.	151.9	577	0.10926
4	261	-2.1991	-120.	153.07	577	0.10927
4	268	-1.0913	-120.	151.9	577	0.10926
4	276	-0.11815	-120.	152.95	577	0.10927
5	261	-2.1991	-120.	153.07	577	0.10927
5	276	-0.11815	-120.	152.95	577	0.10927
5	267	-1.1343	-120.	154.83	577	0.1093
6	261	-2.1991	-120.	153.07	577	0.10927
6	267	-1.1343	-120.	154.83	577	0.1093
6	259	-2.4941	-120.	154.68	577	0.1093
7	261	-2.1991	-120.	153.07	577	0.10927
7	259	-2.4941	-120.	154.68	577	0.1093
7	248	-4.4252	-120.	152.47	577	0.10926
8	261	-2.1991	-120.	153.07	577	0.10927
8	248	-4.4252	-120.	152.47	577	0.10926
8	252	-3.9312	-120.	151.58	577	0.10925
9	526	31.866	-120.	131.46	610	0.10921
9	510	30.864	-120.	134.14	610	0.10918
9	479	29.242	-120.	133.19	610	0.10919
10	564	34.544	-120.	132.9	610	0.10919
10	550	33.344	-120.	135.59	610	0.10916
10	522	31.71	-120.	134.63	610	0.10917
11	541	32.873	-120.	132.56	610	0.1092
11	564	34.544	-120.	132.9	610	0.10919
11	522	31.71	-120.	134.63	610	0.10917
12	541	32.873	-120.	132.56	610	0.1092
12	522	31.71	-120.	134.63	610	0.10917
12	510	30.864	-120.	134.14	610	0.10918
13	541	32.873	-120.	132.56	610	0.1092
13	510	30.864	-120.	134.14	610	0.10918
13	526	31.866	-120.	131.46	610	0.10921
14	541	32.873	-120.	132.56	610	0.1092
14	526	31.866	-120.	131.46	610	0.10921
14	546	33.229	-120.	130.57	610	0.10923
15	541	32.873	-120.	132.56	610	0.1092
15	546	33.229	-120.	130.57	610	0.10923
15	567	35.024	-120.	131.62	610	0.10921
16	541	32.873	-120.	132.56	610	0.1092
16	567	35.024	-120.	131.62	610	0.10921
16	564	34.544	-120.	132.9	610	0.10919
17	572	35.883	-120.	128.81	610	0.10926
17	567	35.024	-120.	131.62	610	0.10921
17	546	33.229	-120.	130.57	610	0.10923
18	109	-23.556	-120.	106.6	619	0.11016
18	124	-22.151	-120.	106.97	619	0.11015
18	98	-24.934	-120.	108.56	619	0.11012
19	109	-23.556	-120.	106.6	619	0.11016
19	98	-24.934	-120.	108.56	619	0.11012
19	83	-25.781	-120.	108.08	619	0.11013
20	109	-23.556	-120.	106.6	619	0.11016
20	83	-25.781	-120.	108.08	619	0.11013
20	104	-24.368	-120.	105.63	619	0.11018
21	109	-23.556	-120.	106.6	619	0.11016
21	104	-24.368	-120.	105.63	619	0.11018
21	117	-22.763	-120.	104.8	619	0.11019
22	109	-23.556	-120.	106.6	619	0.11016
22	117	-22.763	-120.	104.8	619	0.11019
22	137	-21.34	-120.	105.57	619	0.11018
23	109	-23.556	-120.	106.6	619	0.11016
23	137	-21.34	-120.	105.57	619	0.11018
23	124	-22.151	-120.	106.97	619	0.11015
24	104	-24.368	-120.	105.63	619	0.11018
24	83	-25.781	-120.	108.08	619	0.11013
24	55	-27.388	-120.	107.17	619	0.11014
25	124	-22.151	-120.	106.97	619	0.11015
25	112	-23.336	-120.	109.46	619	0.11009
25	98	-24.934	-120.	108.56	619	0.11012
26	137	-21.34	-120.	105.57	619	0.11018
26	117	-22.763	-120.	104.8	619	0.11019
26	151	-19.781	-120.	103.3	619	0.11022
27	153	-19.369	-120.	98.573	622	0.11025
27	139	-21.019	-120.	97.611	622	0.11025
27	155	-18.865	-120.	95.735	622	0.11025
28	110	-23.545	-120.	96.143	622	0.11025
28	134	-21.451	-120.	94.077	622	0.11024
28	126	-21.878	-120.	97.108	622	0.11025
29	165	-18.085	-120.	91.387	622	0.11021
29	161	-18.611	-120.	94.262	622	0.11024
29	144	-20.419	-120.	93.178	622	0.11023
30	145	-20.374	-120.	95.329	622	0.11025
30	155	-18.865	-120.	95.735	622	0.11025
30	139	-21.019	-120.	97.611	622	0.11025
31	145	-20.374	-120.	95.329	622	0.11025
31	139	-21.019	-120.	97.611	622	0.11025
31	126	-21.878	-120.	97.108	622	0.11025
32	145	-20.374	-120.	95.329	622	0.11025
32	126	-21.878	-120.	97.108	622	0.11025
32	134	-21.451	-120.	94.077	622	0.11024
33	145	-20.374	-120.	95.329	622	0.11025
33	134	-21.451	-120.	94.077	622	0.11024
33	144	-20.419	-120.	93.178	622	0.11023
34	145	-20.374	-120.	95.329	622	0.11025
34	144	-20.419	-120.	93.178	622	0.11023
34	161	-18.611	-120.	94.262	622	0.11024
35	145	-20.374	-120.	95.329	622	0.11025
35	161	-18.611	-120.	94.262	622	0.11024
35	155	-18.865	-120.	95.735	622	0.11025
36	285	1.3031	-120.	89.681	635	0.11016
36	275	-0.15357	-120.	92.615	635	0.11023
36	300	4.2195	-120.	92.615	635	0.11022
37	80	-26.056	-120.	108.78	712	0.11011
37	97	-24.934	-120.	108.56	712	0.11012
37	82	-25.781	-120.	108.08	712	0.11013
38	43	-28.173	-120.	109.18	712	0.1101
38	23	-29.748	-120.	110.74	712	0.11006
38	7	-31.417	-120.	109.78	712	0.11008
39	43	-28.173	-120.	109.18	712	0.1101
39	7	-31.417	-120.	109.78	712	0.11008
39	55	-27.388	-120.	107.17	712	0.11014
40	43	-28.173	-120.	109.18	712	0.1101
40	55	-27.388	-120.	107.17	712	0.11014
40	82	-25.781	-120.	108.08	712	0.11013
41	43	-28.173	-120.	109.18	712	0.1101
41	82	-25.781	-120.	108.08	712	0.11013
41	80	-26.056	-120.	108.78	712	0.11011
42	43	-28.173	-120.	109.18	712	0.1101
42	80	-26.056	-120.	108.78	712	0.11011
42	36	-28.65	-120.	110.53	712	0.11007
43	43	-28.173	-120.	109.18	712	0.1101
43	36	-28.65	-120.	110.53	712	0.11007
43	23	-29.748	-120.	110.74	712	0.11006
44	32	-28.882	-120.	111.23	712	0.11005
44	36	-28.65	-120.	110.53	712	0.11007
44	23	-29.748	-120.	110.74	712	0.11006
45	68	-26.514	-120.	110.12	712	0.11008
45	61	-27.224	-120.	112.18	712	0.11003
45	112	-23.336	-120.	109.46	712	0.11009
46	68	-26.514	-120.	110.12	712	0.11008
46	112	-23.336	-120.	109.46	712	0.11009
46	97	-24.934	-120.	108.56	712	0.11012
47	68	-26.514	-120.	110.12	712	0.11008
47	97	-24.934	-120.	108.56	712	0.11012
47	80	-26.056	-120.	108.78	712	0.11011
48	68	-26.514	-120.	110.12	712	0.11008
48	80	-26.056	-120.	108.78	712	0.11011
48	36	-28.65	-120.	110.53	712	0.11007
49	68	-26.514	-120.	110.12	712	0.11008
49	36	-28.65	-120.	110.53	712	0.11007
49	32	-28.882	-120.	111.23	712	0.11005
50	68	-26.514	-120.	110.12	712	0.11008
50	32	-28.882	-120.	111.23	712	0.11005
50	61	-27.224	-120.	112.18	712	0.11003
51	241	-5.7764	-120.	90.758	716	0.11019
51	235	-6.5008	-120.	90.968	716	0.11019
51	237	-6.2516	-120.	91.919	716	0.11021
52	225	-8.3372	-120.	89.613	716	0.11016
52	223	-8.5933	-120.	88.683	716	0.11014
52	220	-9.0374	-120.	89.857	716	0.11017
53	227	-7.8565	-120.	91.427	716	0.1102
53	237	-6.2516	-120.	91.919	716	0.11021
53	231	-7.1082	-120.	94.093	716	0.11025
54	227	-7.8565	-120.	91.427	716	0.1102
54	231	-7.1082	-120.	94.093	716	0.11025
54	214	-9.904	-120.	92.112	716	0.11021
55	227	-7.8565	-120.	91.427	716	0.1102
55	214	-9.904	-120.	92.112	716	0.11021
55	220	-9.0374	-120.	89.857	716	0.11017
56	227	-7.8565	-120.	91.427	716	0.1102
56	220	-9.0374	-120.	89.857	716	0.11017
56	225	-8.3372	-120.	89.613	716	0.11016
57	227	-7.8565	-120.	91.427	716	0.1102
57	225	-8.3372	-120.	89.613	716	0.11016
57	235	-6.5008	-120.	90.968	716	0.11019
58	227	-7.8565	-120.	91.427	716	0.1102
58	235	-6.5008	-120.	90.968	716	0.11019
58	237	-6.2516	-120.	91.919	716	0.11021
59	232	-6.9679	-120.	89.165	716	0.11015
59	223	-8.5933	-120.	88.683	716	0.11014
59	228	-7.7041	-120.	86.405	716	0.11009
60	232	-6.9679	-120.	89.165	716	0.11015
60	228	-7.7041	-120.	86.405	716	0.11009
60	245	-4.8957	-120.	88.564	716	0.11014
61	232	-6.9679	-120.	89.165	716	0.11015
61	245	-4.8957	-120.	88.564	716	0.11014
61	241	-5.7764	-120.	90.758	716	0.11019
62	232	-6.9679	-120.	89.165	716	0.11015
62	241	-5.7764	-120.	90.758	716	0.11019
62	235	-6.5008	-120.	90.968	716	0.11019
63	232	-6.9679	-120.	89.165	716	0.11015
63	235	-6.5008	-120.	90.968	716	0.11019
63	225	-8.3372	-120.	89.613	716	0.11016
64	232	-6.9679	-120.	89.165	716	0.11015
64	225	-8.3372	-120.	89.613	716	0.11016
64	223	-8.5933	-120.	88.683	716	0.11014
65	177	-15.833	-120.	140.87	735	0.10925
65	169	-17.251	-120.	143.32	735	0.10923
65	197	-12.295	-120.	143.44	735	0.10922
66	1	-32.805	-120.	116.88	751	0.10989
66	0	-32.924	-120.	121.19	751	0.10976
66	16	-30.093	-120.	118.32	751	0.10985
67	226	-8.113	-120.	150.47	765	0.10924
67	218	-9.54	-120.	153.01	765	0.10926
67	243	-5.3928	-120.	154.18	765	0.10928
68	250	-4.0658	-120.	91.691	802	0.11021
68	263	-2.0045	-120.	91.016	802	0.11019
68	257	-2.8829	-120.	92.974	802	0.11024
69	250	-4.0658	-120.	91.691	802	0.11021
69	257	-2.8829	-120.	92.974	802	0.11024
69	247	-4.4686	-120.	93.311	802	0.11024
70	250	-4.0658	-120.	91.691	802	0.11021
70	247	-4.4686	-120.	93.311	802	0.11024
70	238	-6.2516	-120.	91.919	802	0.11021
71	250	-4.0658	-120.	91.691	802	0.11021
71	238	-6.2516	-120.	91.919	802	0.11021
71	242	-5.7764	-120.	90.758	802	0.11019
72	250	-4.0658	-120.	91.691	802	0.11021
72	242	-5.7764	-120.	90.758	802	0.11019
72	254	-3.011	-120.	90.17	802	0.11017
73	250	-4.0658	-120.	91.691	802	0.11021
73	254	-3.011	-120.	90.17	802	0.11017
73	263	-2.0045	-120.	91.016	802	0.11019
74	238	-6.2516	-120.	91.919	802	0.11021
74	247	-4.4686	-120.	93.311	802	0.11024
74	231	-7.1082	-120.	94.093	802	0.11025
75	263	-2.0045	-120.	91.016	802	0.11019
75	275	-0.15357	-120.	92.615	802	0.11023
75	257	-2.8829	-120.	92.974	802	0.11024
76	254	-3.011	-120.	90.17	802	0.11017
76	242	-5.7764	-120.	90.758	802	0.11019
76	245	-4.8957	-120.	88.564	802	0.11014
77	353	12.589	-120.	91.638	810	0.11018
77	343	11.174	-120.	94.093	810	0.1102
77	365	15.169	-120.	95.872	810	0.11018
78	427	22.928	-120.	139.99	840	0.10914
78	413	21.536	-120.	141.87	840	0.10914
78	420	21.895	-120.	138.97	840	0.10914
79	427	22.928	-120.	139.99	840	0.10914
79	420	21.895	-120.	138.97	840	0.10914
79	429	22.98	-120.	137.77	840	0.10914
80	427	22.928	-120.	139.99	840	0.10914
80	429	22.98	-120.	137.77	840	0.10914
80	437	24.441	-120.	138.64	840	0.10914
81	427	22.928	-120.	139.99	840	0.10914
81	437	24.441	-120.	138.64	840	0.10914
81	435	24.303	-120.	140.3	840	0.10914
82	427	22.928	-120.	139.99	840	0.10914
82	435	24.303	-120.	140.3	840	0.10914
82	424	22.411	-120.	142.4	840	0.10914
83	427	22.928	-120.	139.99	840	0.10914
83	424	22.411	-120.	142.4	840	0.10914
83	413	21.536	-120.	141.87	840	0.10914
84	437	24.441	-120.	138.64	840	0.10914
84	429	22.98	-120.	137.77	840	0.10914
84	439	24.656	-120.	135.59	840	0.10916
85	413	21.536	-120.	141.87	840	0.10914
85	399	19.899	-120.	140.87	840	0.10913
85	420	21.895	-120.	138.97	840	0.10914
86	424	22.411	-120.	142.4	840	0.10914
86	435	24.303	-120.	140.3	840	0.10914
86	434	24.064	-120.	143.4	840	0.10915
87	240	-5.7995	-120.	146.33	842	0.1092
87	256	-2.9777	-120.	149.89	842	0.10923
87	265	-1.522	-120.	147.24	842	0.10919
88	35	-28.656	-120.	129.72	857	0.1095
88	6	-31.929	-120.	128.36	857	0.10954
88	10	-30.643	-120.	132.48	857	0.10943
89	152	-19.63	-120.	147.46	858	0.10922
89	175	-16.089	-120.	149.92	858	0.10922
89	181	-14.63	-120.	147.4	858	0.10922
90	214	-9.904	-120.	92.112	861	0.11021
90	206	-11.103	-120.	95.872	861	0.11026
90	231	-7.1082	-120.	94.093	861	0.11025
91	56	-27.376	-120.	127.13	865	0.10957
91	63	-27.196	-120.	127.86	865	0.10955
91	70	-26.429	-120.	126.87	865	0.10958
92	31	-29.171	-120.	127.62	865	0.10956
92	6	-31.929	-120.	128.36	865	0.10954
92	35	-28.656	-120.	129.72	865	0.1095
93	31	-29.171	-120.	127.62	865	0.10956
93	35	-28.656	-120.	129.72	865	0.1095
93	63	-27.196	-120.	127.86	865	0.10955
94	31	-29.171	-120.	127.62	865	0.10956
94	63	-27.196	-120.	127.86	865	0.10955
94	56	-27.376	-120.	127.13	865	0.10957
95	31	-29.171	-120.	127.62	865	0.10956
95	56	-27.376	-120.	127.13	865	0.10957
95	28	-29.468	-120.	126.21	865	0.1096
96	31	-29.171	-120.	127.62	865	0.10956
96	28	-29.468	-120.	126.21	865	0.1096
96	15	-30.401	-120.	126.46	865	0.1096
97	31	-29.171	-120.	127.62	865	0.10956
97	15	-30.401	-120.	126.46	865	0.1096
97	6	-31.929	-120.	128.36	865	0.10954
98	52	-27.657	-120.	125.72	865	0.10962
98	44	-28.087	-120.	123.61	865	0.10968
98	96	-24.974	-120.	125.04	865	0.10964
99	52	-27.657	-120.	125.72	865	0.10962
99	96	-24.974	-120.	125.04	865	0.10964
99	70	-26.429	-120.	126.87	865	0.10958
100	52	-27.657	-120.	125.72	865	0.10962
100	70	-26.429	-120.	126.87	865	0.10958
100	56	-27.376	-120.	127.13	865	0.10957
101	52	-27.657	-120.	125.72	865	0.10962
101	56	-27.376	-120.	127.13	865	0.10957
101	28	-29.468	-120.	126.21	865	0.1096
102	52	-27.657	-120.	125.72	865	0.10962
102	28	-29.468	-120.	126.21	865	0.1096
102	25	-29.607	-120.	125.48	865	0.10962
103	52	-27.657	-120.	125.72	865	0.10962
103	25	-29.607	-120.	125.48	865	0.10962
103	44	-28.087	-120.	123.61	865	0.10968
104	28	-29.468	-120.	126.21	865	0.1096
104	25	-29.607	-120.	125.48	865	0.10962
104	15	-30.401	-120.	126.46	865	0.1096
105	44	-28.087	-120.	123.61	867	0.10968
105	24	-29.607	-120.	125.48	867	0.10962
105	19	-29.999	-120.	122.65	867	0.10971
106	6	-31.929	-120.	128.36	867	0.10954
106	3	-32.513	-120.	125.48	867	0.10963
106	14	-30.401	-120.	126.46	867	0.1096
107	0	-32.924	-120.	121.19	867	0.10976
107	9	-30.996	-120.	122.16	867	0.10973
107	2	-32.701	-120.	124.13	867	0.10967
108	8	-31.036	-120.	124.39	867	0.10966
108	19	-29.999	-120.	122.65	867	0.10971
108	24	-29.607	-120.	125.48	867	0.10962
109	8	-31.036	-120.	124.39	867	0.10966
109	24	-29.607	-120.	125.48	867	0.10962
109	14	-30.401	-120.	126.46	867	0.1096
110	8	-31.036	-120.	124.39	867	0.10966
110	14	-30.401	-120.	126.46	867	0.1096
110	3	-32.513	-120.	125.48	867	0.10963
111	8	-31.036	-120.	124.39	867	0.10966
111	3	-32.513	-120.	125.48	867	0.10963
111	2	-32.701	-120.	124.13	867	0.10967
112	8	-31.036	-120.	124.39	867	0.10966
112	2	-32.701	-120.	124.13	867	0.10967
112	9	-30.996	-120.	122.16	867	0.10973
113	8	-31.036	-120.	124.39	867	0.10966
113	9	-30.996	-120.	122.16	867	0.10973
113	19	-29.999	-120.	122.65	867	0.10971
114	204	-11.69	-120.	149.52	879	0.10923
114	208	-10.796	-120.	149.39	879	0.10923
114	199	-12.084	-120.	148.78	879	0.10923
115	207	-10.848	-120.	150.93	879	0.10924
115	218	-9.54	-120.	153.01	879	0.10926
115	226	-8.113	-120.	150.47	879	0.10924
116	207	-10.848	-120.	150.93	879	0.10924
116	226	-8.113	-120.	150.47	879	0.10924
116	208	-10.796	-120.	149.39	879	0.10923
117	207	-10.848	-120.	150.93	879	0.10924
117	208	-10.796	-120.	149.39	879	0.10923
117	204	-11.69	-120.	149.52	879	0.10923
118	207	-10.848	-120.	150.93	879	0.10924
118	204	-11.69	-120.	149.52	879	0.10923
118	194	-12.675	-120.	151.25	879	0.10924
119	207	-10.848	-120.	150.93	879	0.10924
119	194	-12.675	-120.	151.25	879	0.10924
119	198	-12.273	-120.	151.92	879	0.10924
120	207	-10.848	-120.	150.93	879	0.10924
120	198	-12.273	-120.	151.92	879	0.10924
120	218	-9.54	-120.	153.01	879	0.10926
121	190	-13.446	-120.	149.7	879	0.10923
121	175	-16.089	-120.	149.92	879	0.10922
121	181	-14.63	-120.	147.4	879	0.10922
122	190	-13.446	-120.	149.7	879	0.10923
122	181	-14.63	-120.	147.4	879	0.10922
122	199	-12.084	-120.	148.78	879	0.10923
123	190	-13.446	-120.	149.7	879	0.10923
123	199	-12.084	-120.	148.78	879	0.10923
123	204	-11.69	-120.	149.52	879	0.10923
124	190	-13.446	-120.	149.7	879	0.10923
124	204	-11.69	-120.	149.52	879	0.10923
124	194	-12.675	-120.	151.25	879	0.10924
125	190	-13.446	-120.	149.7	879	0.10923
125	194	-12.675	-120.	151.25	879	0.10924
125	188	-13.511	-120.	151.33	879	0.10924
126	190	-13.446	-120.	149.7	879	0.10923
126	188	-13.511	-120.	151.33	879	0.10924
126	175	-16.089	-120.	149.92	879	0.10922
127	194	-12.675	-120.	151.25	879	0.10924
127	188	-13.511	-120.	151.33	879	0.10924
127	198	-12.273	-120.	151.92	879	0.10924
128	463	27.448	-120.	103.66	890	0.11001
128	451	26.451	-120.	103.94	890	0.11
128	464	27.85	-120.	104.3	890	0.10999
129	453	26.629	-120.	102.49	890	0.11004
129	444	25.409	-120.	100.72	890	0.11008
129	432	23.847	-120.	103.3	890	0.11002
130	453	26.629	-120.	102.49	890	0.11004
130	432	23.847	-120.	103.3	890	0.11002
130	451	26.451	-120.	103.94	890	0.11
131	453	26.629	-120.	102.49	890	0.11004
131	451	26.451	-120.	103.94	890	0.11
131	463	27.448	-120.	103.66	890	0.11001
132	453	26.629	-120.	102.49	890	0.11004
132	463	27.448	-120.	103.66	890	0.11001
132	471	28.524	-120.	101.95	890	0.11005
133	453	26.629	-120.	102.49	890	0.11004
133	471	28.524	-120.	101.95	890	0.11005
133	467	28.095	-120.	101.35	890	0.11006
134	453	26.629	-120.	102.49	890	0.11004
134	467	28.095	-120.	101.35	890	0.11006
134	444	25.409	-120.	100.72	890	0.11008
135	483	29.334	-120.	103.14	890	0.11002
135	536	32.209	-120.	102.31	890	0.11004
135	499	30.485	-120.	104.97	890	0.10997
136	483	29.334	-120.	103.14	890	0.11002
136	499	30.485	-120.	104.97	890	0.10997
136	464	27.85	-120.	104.3	890	0.10999
137	483	29.334	-120.	103.14	890	0.11002
137	464	27.85	-120.	104.3	890	0.10999
137	463	27.448	-120.	103.66	890	0.11001
138	483	29.334	-120.	103.14	890	0.11002
138	463	27.448	-120.	103.66	890	0.11001
138	471	28.524	-120.	101.95	890	0.11005
139	483	29.334	-120.	103.14	890	0.11002
139	471	28.524	-120.	101.95	890	0.11005
139	490	29.49	-120.	101.66	890	0.11005
140	483	29.334	-120.	103.14	890	0.11002
140	490	29.49	-120.	101.66	890	0.11005
140	536	32.209	-120.	102.31	890	0.11004
141	471	28.524	-120.	101.95	890	0.11005
141	490	29.49	-120.	101.66	890	0.11005
141	467	28.095	-120.	101.35	890	0.11006
142	50	-27.848	-120.	115.7	894	0.10993
142	45	-27.948	-120.	116.45	894	0.1099
142	65	-26.814	-120.	115.45	894	0.10993
143	53	-27.595	-120.	114.29	894	0.10997
143	29	-29.43	-120.	114.03	894	0.10997
143	61	-27.224	-120.	112.18	894	0.11003
144	53	-27.595	-120.	114.29	894	0.10997
144	61	-27.224	-120.	112.18	894	0.11003
144	100	-24.688	-120.	113.62	894	0.10999
145	53	-27.595	-120.	114.29	894	0.10997
145	100	-24.688	-120.	113.62	894	0.10999
145	65	-26.814	-120.	115.45	894	0.10993
146	53	-27.595	-120.	114.29	894	0.10997
146	65	-26.814	-120.	115.45	894	0.10993
146	50	-27.848	-120.	115.7	894	0.10993
147	53	-27.595	-120.	114.29	894	0.10997
147	50	-27.848	-120.	115.7	894	0.10993
147	26	-29.567	-120.	114.76	894	0.10995
148	53	-27.595	-120.	114.29	894	0.10997
148	26	-29.567	-120.	114.76	894	0.10995
148	29	-29.43	-120.	114.03	894	0.10997
149	12	-30.578	-120.	114.99	894	0.10995
149	26	-29.567	-120.	114.76	894	0.10995
149	29	-29.43	-120.	114.03	894	0.10997
150	21	-29.807	-120.	116.19	894	0.10991
150	1	-32.805	-120.	116.88	894	0.10989
150	16	-30.093	-120.	118.32	894	0.10985
151	21	-29.807	-120.	116.19	894	0.10991
151	16	-30.093	-120.	118.32	894	0.10985
151	45	-27.948	-120.	116.45	894	0.1099
152	21	-29.807	-120.	116.19	894	0.10991
152	45	-27.948	-120.	116.45	894	0.1099
152	50	-27.848	-120.	115.7	894	0.10993
153	21	-29.807	-120.	116.19	894	0.10991
153	50	-27.848	-120.	115.7	894	0.10993
153	26	-29.567	-120.	114.76	894	0.10995
154	21	-29.807	-120.	116.19	894	0.10991
154	26	-29.567	-120.	114.76	894	0.10995
154	12	-30.578	-120.	114.99	894	0.10995
155	21	-29.807	-120.	116.19	894	0.10991
155	12	-30.578	-120.	114.99	894	0.10995
155	1	-32.805	-120.	116.88	894	0.10989
156	40	-28.243	-120.	120.02	900	0.10979
156	59	-27.268	-120.	119.76	900	0.1098
156	38	-28.244	-120.	119.26	900	0.10982
157	42	-28.178	-120.	121.44	900	0.10975
157	44	-28.087	-120.	123.61	900	0.10968
157	88	-25.431	-120.	120.69	900	0.10977
158	42	-28.178	-120.	121.44	900	0.10975
158	88	-25.431	-120.	120.69	900	0.10977
158	59	-27.268	-120.	119.76	900	0.1098
159	42	-28.178	-120.	121.44	900	0.10975
159	59	-27.268	-120.	119.76	900	0.1098
159	40	-28.243	-120.	120.02	900	0.10979
160	42	-28.178	-120.	121.44	900	0.10975
160	40	-28.243	-120.	120.02	900	0.10979
160	18	-30.04	-120.	121.91	900	0.10973
161	42	-28.178	-120.	121.44	900	0.10975
161	18	-30.04	-120.	121.91	900	0.10973
161	19	-29.999	-120.	122.65	900	0.10971
162	42	-28.178	-120.	121.44	900	0.10975
162	19	-29.999	-120.	122.65	900	0.10971
162	44	-28.087	-120.	123.61	900	0.10968
163	17	-30.09	-120.	120.48	900	0.10978
163	0	-32.924	-120.	121.19	900	0.10976
163	16	-30.093	-120.	118.32	900	0.10985
164	17	-30.09	-120.	120.48	900	0.10978
164	16	-30.093	-120.	118.32	900	0.10985
164	38	-28.244	-120.	119.26	900	0.10982
165	17	-30.09	-120.	120.48	900	0.10978
165	38	-28.244	-120.	119.26	900	0.10982
165	40	-28.243	-120.	120.02	900	0.10979
166	17	-30.09	-120.	120.48	900	0.10978
166	40	-28.243	-120.	120.02	900	0.10979
166	18	-30.04	-120.	121.91	900	0.10973
167	17	-30.09	-120.	120.48	900	0.10978
167	18	-30.04	-120.	121.91	900	0.10973
167	9	-30.996	-120.	122.16	900	0.10973
168	17	-30.09	-120.	120.48	900	0.10978
168	9	-30.996	-120.	122.16	900	0.10973
168	0	-32.924	-120.	121.19	900	0.10976
169	18	-30.04	-120.	121.91	900	0.10973
169	9	-30.996	-120.	122.16	900	0.10973
169	19	-29.999	-120.	122.65	900	0.10971
170	101	-24.589	-120.	134.53	905	0.10938
170	143	-20.59	-120.	135.59	905	0.10935
170	115	-22.777	-120.	131.8	905	0.10944
171	236	-6.4699	-120.	149.04	910	0.10922
171	234	-6.7075	-120.	147.97	910	0.10922
171	230	-7.1945	-120.	148.83	910	0.10922
172	239	-6.0411	-120.	151.07	910	0.10924
172	249	-4.4252	-120.	152.47	910	0.10926
172	243	-5.3928	-120.	154.18	910	0.10928
173	239	-6.0411	-120.	151.07	910	0.10924
173	243	-5.3928	-120.	154.18	910	0.10928
173	226	-8.113	-120.	150.47	910	0.10924
174	239	-6.0411	-120.	151.07	910	0.10924
174	226	-8.113	-120.	150.47	910	0.10924
174	230	-7.1945	-120.	148.83	910	0.10922
175	239	-6.0411	-120.	151.07	910	0.10924
175	230	-7.1945	-120.	148.83	910	0.10922
175	236	-6.4699	-120.	149.04	910	0.10922
176	239	-6.0411	-120.	151.07	910	0.10924
176	236	-6.4699	-120.	149.04	910	0.10922
176	246	-4.6513	-120.	151.42	910	0.10925
177	239	-6.0411	-120.	151.07	910	0.10924
177	246	-4.6513	-120.	151.42	910	0.10925
177	249	-4.4252	-120.	152.47	910	0.10926
178	251	-3.9312	-120.	151.58	910	0.10925
178	246	-4.6513	-120.	151.42	910	0.10925
178	249	-4.4252	-120.	152.47	910	0.10926
179	244	-5.0895	-120.	149.37	910	0.10923
179	256	-2.9777	-120.	149.89	910	0.10923
179	240	-5.7995	-120.	146.33	910	0.1092
180	244	-5.0895	-120.	149.37	910	0.10923
180	240	-5.7995	-120.	146.33	910	0.1092
180	234	-6.7075	-120.	147.97	910	0.10922
181	244	-5.0895	-120.	149.37	910	0.10923
181	234	-6.7075	-120.	147.97	910	0.10922
181	236	-6.4699	-120.	149.04	910	0.10922
182	244	-5.0895	-120.	149.37	910	0.10923
182	236	-6.4699	-120.	149.04	910	0.10922
182	246	-4.6513	-120.	151.42	910	0.10925
183	244	-5.0895	-120.	149.37	910	0.10923
183	246	-4.6513	-120.	151.42	910	0.10925
183	251	-3.9312	-120.	151.58	910	0.10925
184	244	-5.0895	-120.	149.37	910	0.10923
184	251	-3.9312	-120.	151.58	910	0.10925
184	256	-2.9777	-120.	149.89	910	0.10923
185	304	4.9242	-120.	150.14	912	0.10923
185	302	4.6741	-120.	149.18	912	0.10921
185	299	4.1731	-120.	150.21	912	0.10923
186	312	6.3385	-120.	149.94	912	0.10922
186	323	8.4836	-120.	149.65	912	0.10922
186	308	5.588	-120.	147.24	912	0.10918
187	312	6.3385	-120.	149.94	912	0.10922
187	308	5.588	-120.	147.24	912	0.10918
187	302	4.6741	-120.	149.18	912	0.10921
188	312	6.3385	-120.	149.94	912	0.10922
188	302	4.6741	-120.	149.18	912	0.10921
188	304	4.9242	-120.	150.14	912	0.10923
189	312	6.3385	-120.	149.94	912	0.10922
189	304	4.9242	-120.	150.14	912	0.10923
189	314	6.814	-120.	151.77	912	0.10926
190	312	6.3385	-120.	149.94	912	0.10922
190	314	6.814	-120.	151.77	912	0.10926
190	320	7.5469	-120.	151.66	912	0.10926
191	312	6.3385	-120.	149.94	912	0.10922
191	320	7.5469	-120.	151.66	912	0.10926
191	323	8.4836	-120.	149.65	912	0.10922
192	307	5.3872	-120.	151.95	912	0.10926
192	311	6.1077	-120.	154.74	912	0.10931
192	296	3.2389	-120.	152.16	912	0.10926
193	307	5.3872	-120.	151.95	912	0.10926
193	296	3.2389	-120.	152.16	912	0.10926
193	299	4.1731	-120.	150.21	912	0.10923
194	307	5.3872	-120.	151.95	912	0.10926
194	299	4.1731	-120.	150.21	912	0.10923
194	304	4.9242	-120.	150.14	912	0.10923
195	307	5.3872	-120.	151.95	912	0.10926
195	304	4.9242	-120.	150.14	912	0.10923
195	314	6.814	-120.	151.77	912	0.10926
196	307	5.3872	-120.	151.95	912	0.10926
196	314	6.814	-120.	151.77	912	0.10926
196	316	7.065	-120.	152.71	912	0.10927
197	307	5.3872	-120.	151.95	912	0.10926
197	316	7.065	-120.	152.71	912	0.10927
197	311	6.1077	-120.	154.74	912	0.10931
198	314	6.814	-120.	151.77	912	0.10926
198	316	7.065	-120.	152.71	912	0.10927
198	320	7.5469	-120.	151.66	912	0.10926
199	387	18.289	-120.	147.65	935	0.10919
199	393	19.016	-120.	145.11	935	0.10916
199	405	20.723	-120.	146.15	935	0.10917
200	396	19.872	-120.	148.18	935	0.1092
200	387	18.289	-120.	147.65	935	0.10919
200	405	20.723	-120.	146.15	935	0.10917
201	396	19.872	-120.	148.18	935	0.1092
201	405	20.723	-120.	146.15	935	0.10917
201	415	21.609	-120.	146.7	935	0.10918
202	396	19.872	-120.	148.18	935	0.1092
202	415	21.609	-120.	146.7	935	0.10918
202	408	20.929	-120.	149.43	935	0.10921
203	396	19.872	-120.	148.18	935	0.1092
203	408	20.929	-120.	149.43	935	0.10921
203	394	19.764	-120.	150.15	935	0.10922
204	396	19.872	-120.	148.18	935	0.1092
204	394	19.764	-120.	150.15	935	0.10922
204	385	17.918	-120.	148.97	935	0.10921
205	396	19.872	-120.	148.18	935	0.1092
205	385	17.918	-120.	148.97	935	0.10921
205	387	18.289	-120.	147.65	935	0.10919
206	408	20.929	-120.	149.43	935	0.10921
206	415	21.609	-120.	146.7	935	0.10918
206	430	23.336	-120.	147.74	935	0.10919
207	394	19.764	-120.	150.15	935	0.10922
207	380	17.167	-120.	151.53	935	0.10925
207	385	17.918	-120.	148.97	935	0.10921
208	291	2.4319	-120.	148.95	938	0.10921
208	299	4.1731	-120.	150.21	938	0.10923
208	287	1.3459	-120.	150.21	938	0.10923
209	291	2.4319	-120.	148.95	938	0.10921
209	287	1.3459	-120.	150.21	938	0.10923
209	279	0.33219	-120.	149.18	938	0.10922
210	291	2.4319	-120.	148.95	938	0.10921
210	279	0.33219	-120.	149.18	938	0.10922
210	284	1.2224	-120.	147.46	938	0.10919
211	291	2.4319	-120.	148.95	938	0.10921
211	284	1.2224	-120.	147.46	938	0.10919
211	294	2.8435	-120.	147.46	938	0.10918
212	291	2.4319	-120.	148.95	938	0.10921
212	294	2.8435	-120.	147.46	938	0.10918
212	302	4.6741	-120.	149.18	938	0.10921
213	291	2.4319	-120.	148.95	938	0.10921
213	302	4.6741	-120.	149.18	938	0.10921
213	299	4.1731	-120.	150.21	938	0.10923
214	284	1.2224	-120.	147.46	938	0.10919
214	279	0.33219	-120.	149.18	938	0.10922
214	265	-1.522	-120.	147.24	938	0.10919
215	299	4.1731	-120.	150.21	938	0.10923
215	296	3.2389	-120.	152.16	938	0.10926
215	287	1.3459	-120.	150.21	938	0.10923
216	302	4.6741	-120.	149.18	938	0.10921
216	294	2.8435	-120.	147.46	938	0.10918
216	308	5.588	-120.	147.24	938	0.10918
217	335	10.335	-120.	151.03	942	0.10924
217	319	7.5469	-120.	151.66	942	0.10926
217	323	8.4836	-120.	149.65	942	0.10922
218	326	9.0131	-120.	154.27	942	0.1093
218	311	6.1077	-120.	154.74	942	0.10931
218	317	7.065	-120.	152.71	942	0.10927
219	328	9.2669	-120.	152.57	942	0.10927
219	326	9.0131	-120.	154.27	942	0.1093
219	317	7.065	-120.	152.71	942	0.10927
220	328	9.2669	-120.	152.57	942	0.10927
220	317	7.065	-120.	152.71	942	0.10927
220	319	7.5469	-120.	151.66	942	0.10926
221	328	9.2669	-120.	152.57	942	0.10927
221	319	7.5469	-120.	151.66	942	0.10926
221	335	10.335	-120.	151.03	942	0.10924
222	328	9.2669	-120.	152.57	942	0.10927
222	335	10.335	-120.	151.03	942	0.10924
222	344	11.293	-120.	151.76	942	0.10926
223	328	9.2669	-120.	152.57	942	0.10927
223	344	11.293	-120.	151.76	942	0.10926
223	336	10.348	-120.	153.98	942	0.10929
224	328	9.2669	-120.	152.57	942	0.10927
224	336	10.348	-120.	153.98	942	0.10929
224	326	9.0131	-120.	154.27	942	0.1093
225	356	13.174	-120.	153.16	942	0.10928
225	336	10.348	-120.	153.98	942	0.10929
225	344	11.293	-120.	151.76	942	0.10926
226	219	-9.0374	-120.	89.857	965	0.11017
226	214	-9.904	-120.	92.112	965	0.11021
226	205	-11.685	-120.	90.932	965	0.11019
227	210	-10.696	-120.	89.164	965	0.11016
227	219	-9.0374	-120.	89.857	965	0.11017
227	205	-11.685	-120.	90.932	965	0.11019
228	210	-10.696	-120.	89.164	965	0.11016
228	205	-11.685	-120.	90.932	965	0.11019
228	195	-12.608	-120.	90.314	965	0.11018
229	210	-10.696	-120.	89.164	965	0.11016
229	195	-12.608	-120.	90.314	965	0.11018
229	202	-11.761	-120.	87.856	965	0.11013
230	210	-10.696	-120.	89.164	965	0.11016
230	202	-11.761	-120.	87.856	965	0.11013
230	213	-10.493	-120.	87.342	965	0.11012
231	210	-10.696	-120.	89.164	965	0.11016
231	213	-10.493	-120.	87.342	965	0.11012
231	222	-8.5933	-120.	88.683	965	0.11014
232	210	-10.696	-120.	89.164	965	0.11016
232	222	-8.5933	-120.	88.683	965	0.11014
232	219	-9.0374	-120.	89.857	965	0.11017
233	202	-11.761	-120.	87.856	965	0.11013
233	195	-12.608	-120.	90.314	965	0.11018
233	183	-14.413	-120.	89.13	965	0.11016
234	213	-10.493	-120.	87.342	965	0.11012
234	228	-7.7041	-120.	86.405	965	0.11009
234	222	-8.5933	-120.	88.683	965	0.11014
235	193	-12.821	-120.	94.742	966	0.11025
235	192	-13.091	-120.	93.772	966	0.11023
235	185	-13.745	-120.	94.149	966	0.11024
236	196	-12.345	-120.	91.267	966	0.1102
236	205	-11.685	-120.	90.932	966	0.11019
236	195	-12.608	-120.	90.314	966	0.11018
237	187	-13.615	-120.	91.942	966	0.11021
237	185	-13.745	-120.	94.149	966	0.11024
237	178	-15.485	-120.	93.018	966	0.11022
238	187	-13.615	-120.	91.942	966	0.11021
238	178	-15.485	-120.	93.018	966	0.11022
238	183	-14.413	-120.	89.13	966	0.11016
239	187	-13.615	-120.	91.942	966	0.11021
239	183	-14.413	-120.	89.13	966	0.11016
239	195	-12.608	-120.	90.314	966	0.11018
240	187	-13.615	-120.	91.942	966	0.11021
240	195	-12.608	-120.	90.314	966	0.11018
240	196	-12.345	-120.	91.267	966	0.1102
241	187	-13.615	-120.	91.942	966	0.11021
241	196	-12.345	-120.	91.267	966	0.1102
241	192	-13.091	-120.	93.772	966	0.11023
242	187	-13.615	-120.	91.942	966	0.11021
242	192	-13.091	-120.	93.772	966	0.11023
242	185	-13.745	-120.	94.149	966	0.11024
243	201	-11.825	-120.	93.116	966	0.11023
243	205	-11.685	-120.	90.932	966	0.11019
243	214	-9.904	-120.	92.112	966	0.11021
244	201	-11.825	-120.	93.116	966	0.11023
244	214	-9.904	-120.	92.112	966	0.11021
244	206	-11.103	-120.	95.872	966	0.11026
245	201	-11.825	-120.	93.116	966	0.11023
245	206	-11.103	-120.	95.872	966	0.11026
245	193	-12.821	-120.	94.742	966	0.11025
246	201	-11.825	-120.	93.116	966	0.11023
246	193	-12.821	-120.	94.742	966	0.11025
246	192	-13.091	-120.	93.772	966	0.11023
247	201	-11.825	-120.	93.116	966	0.11023
247	192	-13.091	-120.	93.772	966	0.11023
247	196	-12.345	-120.	91.267	966	0.1102
248	201	-11.825	-120.	93.116	966	0.11023
248	196	-12.345	-120.	91.267	966	0.1102
248	205	-11.685	-120.	90.932	966	0.11019
249	281	0.59341	-120.	150.18	972	0.10923
249	286	1.3459	-120.	150.21	972	0.10923
249	278	0.33219	-120.	149.18	972	0.10922
250	283	1.0853	-120.	152.07	972	0.10926
250	288	1.8045	-120.	154.98	972	0.10931
250	296	3.2389	-120.	152.16	972	0.10926
251	283	1.0853	-120.	152.07	972	0.10926
251	296	3.2389	-120.	152.16	972	0.10926
251	286	1.3459	-120.	150.21	972	0.10923
252	283	1.0853	-120.	152.07	972	0.10926
252	286	1.3459	-120.	150.21	972	0.10923
252	281	0.59341	-120.	150.18	972	0.10923
253	283	1.0853	-120.	152.07	972	0.10926
253	281	0.59341	-120.	150.18	972	0.10923
253	274	-0.353	-120.	151.97	972	0.10926
254	283	1.0853	-120.	152.07	972	0.10926
254	274	-0.353	-120.	151.97	972	0.10926
254	277	-0.11815	-120.	152.95	972	0.10927
255	283	1.0853	-120.	152.07	972	0.10926
255	277	-0.11815	-120.	152.95	972	0.10927
255	288	1.8045	-120.	154.98	972	0.10931
256	271	-0.83641	-120.	150.06	972	0.10923
256	256	-2.9777	-120.	149.89	972	0.10923
256	265	-1.522	-120.	147.24	972	0.10919
257	271	-0.83641	-120.	150.06	972	0.10923
257	265	-1.522	-120.	147.24	972	0.10919
257	278	0.33219	-120.	149.18	972	0.10922
258	271	-0.83641	-120.	150.06	972	0.10923
258	278	0.33219	-120.	149.18	972	0.10922
258	281	0.59341	-120.	150.18	972	0.10923
259	271	-0.83641	-120.	150.06	972	0.10923
259	281	0.59341	-120.	150.18	972	0.10923
259	274	-0.353	-120.	151.97	972	0.10926
260	271	-0.83641	-120.	150.06	972	0.10923
260	274	-0.353	-120.	151.97	972	0.10926
260	269	-1.0913	-120.	151.9	972	0.10926
261	271	-0.83641	-120.	150.06	972	0.10923
261	269	-1.0913	-120.	151.9	972	0.10926
261	256	-2.9777	-120.	149.89	972	0.10923
262	274	-0.353	-120.	151.97	972	0.10926
262	269	-1.0913	-120.	151.9	972	0.10926
262	277	-0.11815	-120.	152.95	972	0.10927
263	57	-27.373	-120.	138.94	975	0.10929
263	99	-24.821	-120.	142.41	975	0.10924
263	113	-23.261	-120.	139.86	975	0.10928
264	318	7.3448	-120.	91.56	976	0.11019
264	329	9.39	-120.	91.764	976	0.11018
264	324	8.5345	-120.	93.311	976	0.11021
265	318	7.3448	-120.	91.56	976	0.11019
265	324	8.5345	-120.	93.311	976	0.11021
265	315	6.9488	-120.	92.974	976	0.11021
266	318	7.3448	-120.	91.56	976	0.11019
266	315	6.9488	-120.	92.974	976	0.11021
266	306	5.1429	-120.	90.861	976	0.11018
267	318	7.3448	-120.	91.56	976	0.11019
267	306	5.1429	-120.	90.861	976	0.11018
267	310	5.6436	-120.	89.931	976	0.11016
268	318	7.3448	-120.	91.56	976	0.11019
268	310	5.6436	-120.	89.931	976	0.11016
268	322	8.4091	-120.	90.519	976	0.11017
269	318	7.3448	-120.	91.56	976	0.11019
269	322	8.4091	-120.	90.519	976	0.11017
269	329	9.39	-120.	91.764	976	0.11018
270	306	5.1429	-120.	90.861	976	0.11018
270	315	6.9488	-120.	92.974	976	0.11021
270	300	4.2195	-120.	92.615	976	0.11022
271	329	9.39	-120.	91.764	976	0.11018
271	343	11.174	-120.	94.093	976	0.1102
271	324	8.5345	-120.	93.311	976	0.11021
272	322	8.4091	-120.	90.519	976	0.11017
272	310	5.6436	-120.	89.931	976	0.11016
272	313	6.5826	-120.	88.167	976	0.11013
273	260	-2.2653	-120.	90.059	979	0.11017
273	255	-3.011	-120.	90.17	979	0.11017
273	262	-2.0045	-120.	91.016	979	0.11019
274	270	-0.84033	-120.	89.911	979	0.11017
274	272	-0.59171	-120.	88.013	979	0.11012
274	285	1.3031	-120.	89.681	979	0.11016
275	270	-0.84033	-120.	89.911	979	0.11017
275	285	1.3031	-120.	89.681	979	0.11016
275	275	-0.15357	-120.	92.615	979	0.11023
276	270	-0.84033	-120.	89.911	979	0.11017
276	275	-0.15357	-120.	92.615	979	0.11023
276	262	-2.0045	-120.	91.016	979	0.11019
277	270	-0.84033	-120.	89.911	979	0.11017
277	262	-2.0045	-120.	91.016	979	0.11019
277	260	-2.2653	-120.	90.059	979	0.11017
278	270	-0.84033	-120.	89.911	979	0.11017
278	260	-2.2653	-120.	90.059	979	0.11017
278	266	-1.3299	-120.	88.083	979	0.11013
279	270	-0.84033	-120.	89.911	979	0.11017
279	266	-1.3299	-120.	88.083	979	0.11013
279	272	-0.59171	-120.	88.013	979	0.11012
280	264	-1.5709	-120.	87.142	979	0.1101
280	266	-1.3299	-120.	88.083	979	0.11013
280	272	-0.59171	-120.	88.013	979	0.11012
281	258	-2.7619	-120.	88.247	979	0.11013
281	253	-3.4987	-120.	85.463	979	0.11006
281	245	-4.8957	-120.	88.564	979	0.11014
282	258	-2.7619	-120.	88.247	979	0.11013
282	245	-4.8957	-120.	88.564	979	0.11014
282	255	-3.011	-120.	90.17	979	0.11017
283	258	-2.7619	-120.	88.247	979	0.11013
283	255	-3.011	-120.	90.17	979	0.11017
283	260	-2.2653	-120.	90.059	979	0.11017
284	258	-2.7619	-120.	88.247	979	0.11013
284	260	-2.2653	-120.	90.059	979	0.11017
284	266	-1.3299	-120.	88.083	979	0.11013
285	258	-2.7619	-120.	88.247	979	0.11013
285	266	-1.3299	-120.	88.083	979	0.11013
285	264	-1.5709	-120.	87.142	979	0.1101
286	258	-2.7619	-120.	88.247	979	0.11013
286	264	-1.5709	-120.	87.142	979	0.1101
286	253	-3.4987	-120.	85.463	979	0.11006
287	309	5.6436	-120.	89.931	984	0.11016
287	303	4.8924	-120.	89.862	984	0.11016
287	305	5.1429	-120.	90.861	984	0.11018
288	295	3.0008	-120.	87.884	984	0.11012
288	293	2.7559	-120.	86.903	984	0.1101
288	289	2.2612	-120.	87.855	984	0.11012
289	297	3.47	-120.	89.793	984	0.11016
289	305	5.1429	-120.	90.861	984	0.11018
289	300	4.2195	-120.	92.615	984	0.11022
290	297	3.47	-120.	89.793	984	0.11016
290	300	4.2195	-120.	92.615	984	0.11022
290	285	1.3031	-120.	89.681	984	0.11016
291	297	3.47	-120.	89.793	984	0.11016
291	285	1.3031	-120.	89.681	984	0.11016
291	289	2.2612	-120.	87.855	984	0.11012
292	297	3.47	-120.	89.793	984	0.11016
292	289	2.2612	-120.	87.855	984	0.11012
292	295	3.0008	-120.	87.884	984	0.11012
293	297	3.47	-120.	89.793	984	0.11016
293	295	3.0008	-120.	87.884	984	0.11012
293	303	4.8924	-120.	89.862	984	0.11016
294	297	3.47	-120.	89.793	984	0.11016
294	303	4.8924	-120.	89.862	984	0.11016
294	305	5.1429	-120.	90.861	984	0.11018
295	301	4.4345	-120.	87.969	984	0.11012
295	293	2.7559	-120.	86.903	984	0.1101
295	298	3.7317	-120.	85.064	984	0.11006
296	301	4.4345	-120.	87.969	984	0.11012
296	298	3.7317	-120.	85.064	984	0.11006
296	313	6.5826	-120.	88.167	984	0.11013
297	301	4.4345	-120.	87.969	984	0.11012
297	313	6.5826	-120.	88.167	984	0.11013
297	309	5.6436	-120.	89.931	984	0.11016
298	301	4.4345	-120.	87.969	984	0.11012
298	309	5.6436	-120.	89.931	984	0.11016
298	303	4.8924	-120.	89.862	984	0.11016
299	301	4.4345	-120.	87.969	984	0.11012
299	303	4.8924	-120.	89.862	984	0.11016
299	295	3.0008	-120.	87.884	984	0.11012
300	301	4.4345	-120.	87.969	984	0.11012
300	295	3.0008	-120.	87.884	984	0.11012
300	293	2.7559	-120.	86.903	984	0.1101
301	182	-14.524	-120.	96.261	995	0.11025
301	176	-16.032	-120.	95.811	995	0.11025
301	185	-13.745	-120.	94.149	995	0.11024
302	182	-14.524	-120.	96.261	995	0.11025
302	185	-13.745	-120.	94.149	995	0.11024
302	193	-12.821	-120.	94.742	995	0.11025
303	182	-14.524	-120.	96.261	995	0.11025
303	193	-12.821	-120.	94.742	995	0.11025
303	189	-13.45	-120.	97.31	995	0.11026
304	182	-14.524	-120.	96.261	995	0.11025
304	189	-13.45	-120.	97.31	995	0.11026
304	180	-14.762	-120.	98.263	995	0.11026
305	182	-14.524	-120.	96.261	995	0.11025
305	180	-14.762	-120.	98.263	995	0.11026
305	174	-16.334	-120.	97.294	995	0.11025
306	182	-14.524	-120.	96.261	995	0.11025
306	174	-16.334	-120.	97.294	995	0.11025
306	176	-16.032	-120.	95.811	995	0.11025
307	189	-13.45	-120.	97.31	995	0.11026
307	193	-12.821	-120.	94.742	995	0.11025
307	206	-11.103	-120.	95.872	995	0.11026
308	176	-16.032	-120.	95.811	995	0.11025
308	178	-15.485	-120.	93.018	995	0.11022
308	185	-13.745	-120.	94.149	995	0.11024
309	174	-16.334	-120.	97.294	995	0.11025
309	180	-14.762	-120.	98.263	995	0.11026
309	171	-16.855	-120.	100.05	995	0.11025
310	253	-3.4987	-120.	85.463	996	0.11006
310	228	-7.7041	-120.	86.405	996	0.11009
310	245	-4.8957	-120.	88.564	996	0.11014
311	169	-17.251	-120.	143.32	997	0.10923
311	163	-18.192	-120.	144.96	997	0.10923
311	148	-20.24	-120.	142.97	997	0.10924
312	152	-19.63	-120.	147.46	997	0.10922
312	127	-21.862	-120.	145.54	997	0.10922
312	159	-18.684	-120.	145.81	997	0.10922
313	99	-24.821	-120.	142.41	997	0.10924
313	129	-21.791	-120.	142.79	997	0.10924
313	114	-22.843	-120.	144.59	997	0.10923
314	142	-20.602	-120.	144.44	997	0.10923
314	148	-20.24	-120.	142.97	997	0.10924
314	163	-18.192	-120.	144.96	997	0.10923
315	142	-20.602	-120.	144.44	997	0.10923
315	163	-18.192	-120.	144.96	997	0.10923
315	159	-18.684	-120.	145.81	997	0.10922
316	142	-20.602	-120.	144.44	997	0.10923
316	159	-18.684	-120.	145.81	997	0.10922
316	127	-21.862	-120.	145.54	997	0.10922
317	142	-20.602	-120.	144.44	997	0.10923
317	127	-21.862	-120.	145.54	997	0.10922
317	114	-22.843	-120.	144.59	997	0.10923
318	142	-20.602	-120.	144.44	997	0.10923
318	114	-22.843	-120.	144.59	997	0.10923
318	129	-21.791	-120.	142.79	997	0.10924
319	142	-20.602	-120.	144.44	997	0.10923
319	129	-21.791	-120.	142.79	997	0.10924
319	148	-20.24	-120.	142.97	997	0.10924
320	575	36.909	-120.	117.34	999	0.10957
320	573	36.317	-120.	113.07	999	0.10971
320	555	33.96	-120.	115.92	999	0.10962
321	313	6.5826	-120.	88.167	1004	0.11013
321	321	8.0152	-120.	85.538	1004	0.11008
321	298	3.7317	-120.	85.064	1004	0.11006
322	108	-23.689	-120.	103.77	1024	0.11021
322	103	-24.368	-120.	105.63	1024	0.11018
322	78	-26.081	-120.	104.59	1024	0.11019
323	108	-23.689	-120.	103.77	1024	0.11021
323	78	-26.081	-120.	104.59	1024	0.11019
323	90	-25.369	-120.	103.36	1024	0.11021
324	108	-23.689	-120.	103.77	1024	0.11021
324	90	-25.369	-120.	103.36	1024	0.11021
324	122	-22.197	-120.	101.87	1024	0.11023
325	108	-23.689	-120.	103.77	1024	0.11021
325	122	-22.197	-120.	101.87	1024	0.11023
325	135	-21.358	-120.	102.37	1024	0.11023
326	108	-23.689	-120.	103.77	1024	0.11021
326	135	-21.358	-120.	102.37	1024	0.11023
326	116	-22.763	-120.	104.8	1024	0.11019
327	108	-23.689	-120.	103.77	1024	0.11021
327	116	-22.763	-120.	104.8	1024	0.11019
327	103	-24.368	-120.	105.63	1024	0.11018
328	122	-22.197	-120.	101.87	1024	0.11023
328	90	-25.369	-120.	103.36	1024	0.11021
328	107	-23.785	-120.	100.93	1024	0.11024
329	103	-24.368	-120.	105.63	1024	0.11018
329	55	-27.388	-120.	107.17	1024	0.11014
329	78	-26.081	-120.	104.59	1024	0.11019
330	116	-22.763	-120.	104.8	1024	0.11019
330	135	-21.358	-120.	102.37	1024	0.11023
330	151	-19.781	-120.	103.3	1024	0.11022
331	84	-25.691	-120.	136.27	1035	0.10934
331	64	-26.981	-120.	133.72	1035	0.1094
331	101	-24.589	-120.	134.53	1035	0.10938
332	27	-29.479	-120.	135.18	1035	0.10937
332	10	-30.643	-120.	132.48	1035	0.10943
332	41	-28.225	-120.	133.31	1035	0.10941
333	54	-27.584	-120.	135.34	1035	0.10936
333	27	-29.479	-120.	135.18	1035	0.10937
333	41	-28.225	-120.	133.31	1035	0.10941
334	54	-27.584	-120.	135.34	1035	0.10936
334	41	-28.225	-120.	133.31	1035	0.10941
334	64	-26.981	-120.	133.72	1035	0.1094
335	54	-27.584	-120.	135.34	1035	0.10936
335	64	-26.981	-120.	133.72	1035	0.1094
335	84	-25.691	-120.	136.27	1035	0.10934
336	54	-27.584	-120.	135.34	1035	0.10936
336	84	-25.691	-120.	136.27	1035	0.10934
336	75	-26.268	-120.	137.17	1035	0.10932
337	54	-27.584	-120.	135.34	1035	0.10936
337	75	-26.268	-120.	137.17	1035	0.10932
337	34	-28.862	-120.	136.4	1035	0.10934
338	54	-27.584	-120.	135.34	1035	0.10936
338	34	-28.862	-120.	136.4	1035	0.10934
338	27	-29.479	-120.	135.18	1035	0.10937
339	57	-27.373	-120.	138.94	1035	0.10929
339	34	-28.862	-120.	136.4	1035	0.10934
339	75	-26.268	-120.	137.17	1035	0.10932
340	131	-21.647	-120.	137.26	1036	0.10932
340	118	-22.638	-120.	137.55	1036	0.10931
340	120	-22.202	-120.	138.16	1036	0.1093
341	92	-25.296	-120.	136.9	1036	0.10933
341	85	-25.691	-120.	136.27	1036	0.10934
341	74	-26.268	-120.	137.17	1036	0.10932
342	102	-24.506	-120.	138.1	1036	0.10931
342	120	-22.202	-120.	138.16	1036	0.1093
342	113	-23.261	-120.	139.86	1036	0.10928
343	102	-24.506	-120.	138.1	1036	0.10931
343	113	-23.261	-120.	139.86	1036	0.10928
343	57	-27.373	-120.	138.94	1036	0.10929
344	102	-24.506	-120.	138.1	1036	0.10931
344	57	-27.373	-120.	138.94	1036	0.10929
344	74	-26.268	-120.	137.17	1036	0.10932
345	102	-24.506	-120.	138.1	1036	0.10931
345	74	-26.268	-120.	137.17	1036	0.10932
345	92	-25.296	-120.	136.9	1036	0.10933
346	102	-24.506	-120.	138.1	1036	0.10931
346	92	-25.296	-120.	136.9	1036	0.10933
346	118	-22.638	-120.	137.55	1036	0.10931
347	102	-24.506	-120.	138.1	1036	0.10931
347	118	-22.638	-120.	137.55	1036	0.10931
347	120	-22.202	-120.	138.16	1036	0.1093
348	111	-23.409	-120.	136.35	1036	0.10934
348	85	-25.691	-120.	136.27	1036	0.10934
348	101	-24.589	-120.	134.53	1036	0.10938
349	111	-23.409	-120.	136.35	1036	0.10934
349	101	-24.589	-120.	134.53	1036	0.10938
349	143	-20.59	-120.	135.59	1036	0.10935
350	111	-23.409	-120.	136.35	1036	0.10934
350	143	-20.59	-120.	135.59	1036	0.10935
350	131	-21.647	-120.	137.26	1036	0.10932
351	111	-23.409	-120.	136.35	1036	0.10934
351	131	-21.647	-120.	137.26	1036	0.10932
351	118	-22.638	-120.	137.55	1036	0.10931
352	111	-23.409	-120.	136.35	1036	0.10934
352	118	-22.638	-120.	137.55	1036	0.10931
352	92	-25.296	-120.	136.9	1036	0.10933
353	111	-23.409	-120.	136.35	1036	0.10934
353	92	-25.296	-120.	136.9	1036	0.10933
353	85	-25.691	-120.	136.27	1036	0.10934
354	149	-19.941	-120.	138.82	1037	0.10929
354	166	-17.829	-120.	138.97	1037	0.10928
354	158	-18.742	-120.	140.49	1037	0.10926
355	149	-19.941	-120.	138.82	1037	0.10929
355	158	-18.742	-120.	140.49	1037	0.10926
355	147	-20.31	-120.	140.26	1037	0.10927
356	149	-19.941	-120.	138.82	1037	0.10929
356	147	-20.31	-120.	140.26	1037	0.10927
356	121	-22.202	-120.	138.16	1037	0.1093
357	149	-19.941	-120.	138.82	1037	0.10929
357	121	-22.202	-120.	138.16	1037	0.1093
357	132	-21.647	-120.	137.26	1037	0.10932
358	149	-19.941	-120.	138.82	1037	0.10929
358	132	-21.647	-120.	137.26	1037	0.10932
358	154	-18.914	-120.	137.77	1037	0.10931
359	149	-19.941	-120.	138.82	1037	0.10929
359	154	-18.914	-120.	137.77	1037	0.10931
359	166	-17.829	-120.	138.97	1037	0.10928
360	121	-22.202	-120.	138.16	1037	0.1093
360	147	-20.31	-120.	140.26	1037	0.10927
360	113	-23.261	-120.	139.86	1037	0.10928
361	166	-17.829	-120.	138.97	1037	0.10928
361	177	-15.833	-120.	140.87	1037	0.10925
361	158	-18.742	-120.	140.49	1037	0.10926
362	154	-18.914	-120.	137.77	1037	0.10931
362	132	-21.647	-120.	137.26	1037	0.10932
362	143	-20.59	-120.	135.59	1037	0.10935
363	86	-25.532	-120.	128.87	1041	0.10952
363	71	-26.322	-120.	130.55	1041	0.10948
363	62	-27.196	-120.	127.86	1041	0.10955
364	86	-25.532	-120.	128.87	1041	0.10952
364	62	-27.196	-120.	127.86	1041	0.10955
364	69	-26.429	-120.	126.87	1041	0.10958
365	86	-25.532	-120.	128.87	1041	0.10952
365	69	-26.429	-120.	126.87	1041	0.10958
365	105	-24.331	-120.	127.71	1041	0.10956
366	86	-25.532	-120.	128.87	1041	0.10952
366	105	-24.331	-120.	127.71	1041	0.10956
366	106	-23.83	-120.	129.26	1041	0.10951
367	86	-25.532	-120.	128.87	1041	0.10952
367	106	-23.83	-120.	129.26	1041	0.10951
367	95	-25.087	-120.	131.	1041	0.10946
368	86	-25.532	-120.	128.87	1041	0.10952
368	95	-25.087	-120.	131.	1041	0.10946
368	71	-26.322	-120.	130.55	1041	0.10948
369	105	-24.331	-120.	127.71	1041	0.10956
369	69	-26.429	-120.	126.87	1041	0.10958
369	96	-24.974	-120.	125.04	1041	0.10964
370	71	-26.322	-120.	130.55	1041	0.10948
370	35	-28.656	-120.	129.72	1041	0.1095
370	62	-27.196	-120.	127.86	1041	0.10955
371	95	-25.087	-120.	131.	1041	0.10946
371	106	-23.83	-120.	129.26	1041	0.10951
371	115	-22.777	-120.	131.8	1041	0.10944
372	61	-27.224	-120.	112.18	1056	0.11003
372	100	-24.688	-120.	113.62	1056	0.10999
372	112	-23.336	-120.	109.46	1056	0.11009
373	150	-19.798	-120.	140.81	1065	0.10926
373	157	-18.742	-120.	140.49	1065	0.10926
373	146	-20.31	-120.	140.26	1065	0.10927
374	156	-18.773	-120.	141.82	1065	0.10925
374	169	-17.251	-120.	143.32	1065	0.10923
374	177	-15.833	-120.	140.87	1065	0.10925
375	156	-18.773	-120.	141.82	1065	0.10925
375	177	-15.833	-120.	140.87	1065	0.10925
375	157	-18.742	-120.	140.49	1065	0.10926
376	156	-18.773	-120.	141.82	1065	0.10925
376	157	-18.742	-120.	140.49	1065	0.10926
376	150	-19.798	-120.	140.81	1065	0.10926
377	156	-18.773	-120.	141.82	1065	0.10925
377	150	-19.798	-120.	140.81	1065	0.10926
377	141	-20.774	-120.	142.45	1065	0.10924
378	156	-18.773	-120.	141.82	1065	0.10925
378	141	-20.774	-120.	142.45	1065	0.10924
378	148	-20.24	-120.	142.97	1065	0.10924
379	156	-18.773	-120.	141.82	1065	0.10925
379	148	-20.24	-120.	142.97	1065	0.10924
379	169	-17.251	-120.	143.32	1065	0.10923
380	128	-21.792	-120.	141.43	1065	0.10926
380	99	-24.821	-120.	142.41	1065	0.10924
380	113	-23.261	-120.	139.86	1065	0.10928
381	128	-21.792	-120.	141.43	1065	0.10926
381	113	-23.261	-120.	139.86	1065	0.10928
381	146	-20.31	-120.	140.26	1065	0.10927
382	128	-21.792	-120.	141.43	1065	0.10926
382	146	-20.31	-120.	140.26	1065	0.10927
382	150	-19.798	-120.	140.81	1065	0.10926
383	128	-21.792	-120.	141.43	1065	0.10926
383	150	-19.798	-120.	140.81	1065	0.10926
383	141	-20.774	-120.	142.45	1065	0.10924
384	128	-21.792	-120.	141.43	1065	0.10926
384	141	-20.774	-120.	142.45	1065	0.10924
384	129	-21.791	-120.	142.79	1065	0.10924
385	128	-21.792	-120.	141.43	1065	0.10926
385	129	-21.791	-120.	142.79	1065	0.10924
385	99	-24.821	-120.	142.41	1065	0.10924
386	141	-20.774	-120.	142.45	1065	0.10924
386	129	-21.791	-120.	142.79	1065	0.10924
386	148	-20.24	-120.	142.97	1065	0.10924
387	77	-26.164	-120.	103.72	1069	0.1102
387	79	-26.081	-120.	104.59	1069	0.11019
387	89	-25.369	-120.	103.36	1069	0.11021
388	76	-26.232	-120.	102.02	1069	0.11023
388	47	-27.911	-120.	101.92	1069	0.11023
388	73	-26.285	-120.	99.47	1069	0.11025
389	76	-26.232	-120.	102.02	1069	0.11023
389	73	-26.285	-120.	99.47	1069	0.11025
389	107	-23.785	-120.	100.93	1069	0.11024
390	76	-26.232	-120.	102.02	1069	0.11023
390	107	-23.785	-120.	100.93	1069	0.11024
390	89	-25.369	-120.	103.36	1069	0.11021
391	76	-26.232	-120.	102.02	1069	0.11023
391	89	-25.369	-120.	103.36	1069	0.11021
391	77	-26.164	-120.	103.72	1069	0.1102
392	76	-26.232	-120.	102.02	1069	0.11023
392	77	-26.164	-120.	103.72	1069	0.1102
392	48	-27.878	-120.	102.73	1069	0.11022
393	76	-26.232	-120.	102.02	1069	0.11023
393	48	-27.878	-120.	102.73	1069	0.11022
393	47	-27.911	-120.	101.92	1069	0.11023
394	37	-28.595	-120.	103.11	1069	0.11021
394	48	-27.878	-120.	102.73	1069	0.11022
394	47	-27.911	-120.	101.92	1069	0.11023
395	51	-27.669	-120.	104.51	1069	0.11019
395	20	-29.906	-120.	105.74	1069	0.11017
395	55	-27.388	-120.	107.17	1069	0.11014
396	51	-27.669	-120.	104.51	1069	0.11019
396	55	-27.388	-120.	107.17	1069	0.11014
396	79	-26.081	-120.	104.59	1069	0.11019
397	51	-27.669	-120.	104.51	1069	0.11019
397	79	-26.081	-120.	104.59	1069	0.11019
397	77	-26.164	-120.	103.72	1069	0.1102
398	51	-27.669	-120.	104.51	1069	0.11019
398	77	-26.164	-120.	103.72	1069	0.1102
398	48	-27.878	-120.	102.73	1069	0.11022
399	51	-27.669	-120.	104.51	1069	0.11019
399	48	-27.878	-120.	102.73	1069	0.11022
399	37	-28.595	-120.	103.11	1069	0.11021
400	51	-27.669	-120.	104.51	1069	0.11019
400	37	-28.595	-120.	103.11	1069	0.11021
400	20	-29.906	-120.	105.74	1069	0.11017
401	417	21.839	-120.	142.89	1084	0.10914
401	424	22.411	-120.	142.4	1084	0.10914
401	413	21.536	-120.	141.87	1084	0.10914
402	425	22.428	-120.	144.8	1084	0.10916
402	430	23.336	-120.	147.74	1084	0.10919
402	434	24.064	-120.	143.4	1084	0.10915
403	425	22.428	-120.	144.8	1084	0.10916
403	434	24.064	-120.	143.4	1084	0.10915
403	424	22.411	-120.	142.4	1084	0.10914
404	425	22.428	-120.	144.8	1084	0.10916
404	424	22.411	-120.	142.4	1084	0.10914
404	417	21.839	-120.	142.89	1084	0.10914
405	425	22.428	-120.	144.8	1084	0.10916
405	417	21.839	-120.	142.89	1084	0.10914
405	411	21.309	-120.	145.7	1084	0.10917
406	425	22.428	-120.	144.8	1084	0.10916
406	411	21.309	-120.	145.7	1084	0.10917
406	414	21.609	-120.	146.7	1084	0.10918
407	425	22.428	-120.	144.8	1084	0.10916
407	414	21.609	-120.	146.7	1084	0.10918
407	430	23.336	-120.	147.74	1084	0.10919
408	403	20.72	-120.	143.77	1084	0.10915
408	393	19.016	-120.	145.11	1084	0.10916
408	399	19.899	-120.	140.87	1084	0.10913
409	403	20.72	-120.	143.77	1084	0.10915
409	399	19.899	-120.	140.87	1084	0.10913
409	413	21.536	-120.	141.87	1084	0.10914
410	403	20.72	-120.	143.77	1084	0.10915
410	413	21.536	-120.	141.87	1084	0.10914
410	417	21.839	-120.	142.89	1084	0.10914
411	403	20.72	-120.	143.77	1084	0.10915
411	417	21.839	-120.	142.89	1084	0.10914
411	411	21.309	-120.	145.7	1084	0.10917
412	403	20.72	-120.	143.77	1084	0.10915
412	411	21.309	-120.	145.7	1084	0.10917
412	404	20.723	-120.	146.15	1084	0.10917
413	403	20.72	-120.	143.77	1084	0.10915
413	404	20.723	-120.	146.15	1084	0.10917
413	393	19.016	-120.	145.11	1084	0.10916
414	411	21.309	-120.	145.7	1084	0.10917
414	404	20.723	-120.	146.15	1084	0.10917
414	414	21.609	-120.	146.7	1084	0.10918
415	346	11.663	-120.	147.66	1097	0.10919
415	349	11.922	-120.	148.61	1097	0.1092
415	354	12.635	-120.	148.36	1097	0.1092
416	342	11.047	-120.	150.83	1097	0.10924
416	334	10.335	-120.	151.03	1097	0.10924
416	345	11.293	-120.	151.76	1097	0.10926
417	351	12.422	-120.	150.4	1097	0.10923
417	354	12.635	-120.	148.36	1097	0.1092
417	362	14.46	-120.	149.69	1097	0.10922
418	351	12.422	-120.	150.4	1097	0.10923
418	362	14.46	-120.	149.69	1097	0.10922
418	356	13.174	-120.	153.16	1097	0.10928
419	351	12.422	-120.	150.4	1097	0.10923
419	356	13.174	-120.	153.16	1097	0.10928
419	345	11.293	-120.	151.76	1097	0.10926
420	351	12.422	-120.	150.4	1097	0.10923
420	345	11.293	-120.	151.76	1097	0.10926
420	342	11.047	-120.	150.83	1097	0.10924
421	351	12.422	-120.	150.4	1097	0.10923
421	342	11.047	-120.	150.83	1097	0.10924
421	349	11.922	-120.	148.61	1097	0.1092
422	351	12.422	-120.	150.4	1097	0.10923
422	349	11.922	-120.	148.61	1097	0.1092
422	354	12.635	-120.	148.36	1097	0.1092
423	338	10.553	-120.	149.02	1097	0.10921
423	334	10.335	-120.	151.03	1097	0.10924
423	323	8.4836	-120.	149.65	1097	0.10922
424	338	10.553	-120.	149.02	1097	0.10921
424	323	8.4836	-120.	149.65	1097	0.10922
424	332	9.8655	-120.	146.33	1097	0.10916
425	338	10.553	-120.	149.02	1097	0.10921
425	332	9.8655	-120.	146.33	1097	0.10916
425	346	11.663	-120.	147.66	1097	0.10919
426	338	10.553	-120.	149.02	1097	0.10921
426	346	11.663	-120.	147.66	1097	0.10919
426	349	11.922	-120.	148.61	1097	0.1092
427	338	10.553	-120.	149.02	1097	0.10921
427	349	11.922	-120.	148.61	1097	0.1092
427	342	11.047	-120.	150.83	1097	0.10924
428	338	10.553	-120.	149.02	1097	0.10921
428	342	11.047	-120.	150.83	1097	0.10924
428	334	10.335	-120.	151.03	1097	0.10924
429	393	19.016	-120.	145.11	1104	0.10916
429	399	19.899	-120.	140.87	1104	0.10913
429	375	16.361	-120.	143.44	1104	0.10914
430	436	24.303	-120.	140.3	1108	0.10914
430	440	24.802	-120.	139.73	1108	0.10914
430	438	24.441	-120.	138.64	1108	0.10914
431	450	26.414	-120.	140.68	1108	0.10914
431	455	26.788	-120.	141.73	1108	0.10914
431	457	26.876	-120.	140.1	1108	0.10914
432	446	25.708	-120.	138.62	1108	0.10914
432	438	24.441	-120.	138.64	1108	0.10914
432	439	24.656	-120.	135.59	1108	0.10916
433	446	25.708	-120.	138.62	1108	0.10914
433	439	24.656	-120.	135.59	1108	0.10916
433	460	27.061	-120.	136.97	1108	0.10915
434	446	25.708	-120.	138.62	1108	0.10914
434	460	27.061	-120.	136.97	1108	0.10915
434	457	26.876	-120.	140.1	1108	0.10914
435	446	25.708	-120.	138.62	1108	0.10914
435	457	26.876	-120.	140.1	1108	0.10914
435	450	26.414	-120.	140.68	1108	0.10914
436	446	25.708	-120.	138.62	1108	0.10914
436	450	26.414	-120.	140.68	1108	0.10914
436	440	24.802	-120.	139.73	1108	0.10914
437	446	25.708	-120.	138.62	1108	0.10914
437	440	24.802	-120.	139.73	1108	0.10914
437	438	24.441	-120.	138.64	1108	0.10914
438	445	25.493	-120.	141.79	1108	0.10914
438	455	26.788	-120.	141.73	1108	0.10914
438	452	26.586	-120.	144.91	1108	0.10916
439	445	25.493	-120.	141.79	1108	0.10914
439	452	26.586	-120.	144.91	1108	0.10916
439	434	24.064	-120.	143.4	1108	0.10915
440	445	25.493	-120.	141.79	1108	0.10914
440	434	24.064	-120.	143.4	1108	0.10915
440	436	24.303	-120.	140.3	1108	0.10914
441	445	25.493	-120.	141.79	1108	0.10914
441	436	24.303	-120.	140.3	1108	0.10914
441	440	24.802	-120.	139.73	1108	0.10914
442	445	25.493	-120.	141.79	1108	0.10914
442	440	24.802	-120.	139.73	1108	0.10914
442	450	26.414	-120.	140.68	1108	0.10914
443	445	25.493	-120.	141.79	1108	0.10914
443	450	26.414	-120.	140.68	1108	0.10914
443	455	26.788	-120.	141.73	1108	0.10914
444	88	-25.431	-120.	120.69	1109	0.10977
444	44	-28.087	-120.	123.61	1109	0.10968
444	96	-24.974	-120.	125.04	1109	0.10964
445	362	14.46	-120.	149.69	1115	0.10922
445	356	13.174	-120.	153.16	1115	0.10928
445	380	17.167	-120.	151.53	1115	0.10925
446	308	5.588	-120.	147.24	1140	0.10918
446	323	8.4836	-120.	149.65	1140	0.10922
446	332	9.8655	-120.	146.33	1140	0.10916
447	508	30.804	-120.	116.74	1153	0.10959
447	480	29.255	-120.	116.32	1153	0.1096
447	506	30.803	-120.	114.51	1153	0.10966
448	508	30.804	-120.	116.74	1153	0.10959
448	506	30.803	-120.	114.51	1153	0.10966
448	527	31.894	-120.	115.	1153	0.10965
449	508	30.804	-120.	116.74	1153	0.10959
449	527	31.894	-120.	115.	1153	0.10965
449	532	32.19	-120.	117.81	1153	0.10956
450	508	30.804	-120.	116.74	1153	0.10959
450	532	32.19	-120.	117.81	1153	0.10956
450	515	31.257	-120.	118.83	1153	0.10952
451	508	30.804	-120.	116.74	1153	0.10959
451	515	31.257	-120.	118.83	1153	0.10952
451	487	29.425	-120.	117.94	1153	0.10955
452	508	30.804	-120.	116.74	1153	0.10959
452	487	29.425	-120.	117.94	1153	0.10955
452	480	29.255	-120.	116.32	1153	0.1096
453	532	32.19	-120.	117.81	1153	0.10956
453	527	31.894	-120.	115.	1153	0.10965
453	555	33.96	-120.	115.92	1153	0.10962
454	480	29.255	-120.	116.32	1153	0.1096
454	477	28.754	-120.	113.62	1153	0.10969
454	506	30.803	-120.	114.51	1153	0.10966
455	487	29.425	-120.	117.94	1153	0.10955
455	515	31.257	-120.	118.83	1153	0.10952
455	491	29.497	-120.	120.69	1153	0.10947
456	466	27.921	-120.	96.479	1215	0.11015
456	441	24.832	-120.	93.474	1215	0.11018
456	431	23.352	-120.	95.976	1215	0.11016
457	67	-26.804	-120.	117.53	1253	0.10987
457	66	-26.814	-120.	115.45	1253	0.10993
457	93	-25.189	-120.	116.32	1253	0.10991
458	67	-26.804	-120.	117.53	1253	0.10987
458	93	-25.189	-120.	116.32	1253	0.10991
458	91	-25.359	-120.	117.94	1253	0.10986
459	67	-26.804	-120.	117.53	1253	0.10987
459	91	-25.359	-120.	117.94	1253	0.10986
459	60	-27.268	-120.	119.76	1253	0.1098
460	67	-26.804	-120.	117.53	1253	0.10987
460	60	-27.268	-120.	119.76	1253	0.1098
460	39	-28.244	-120.	119.26	1253	0.10982
461	67	-26.804	-120.	117.53	1253	0.10987
461	39	-28.244	-120.	119.26	1253	0.10982
461	46	-27.948	-120.	116.45	1253	0.1099
462	67	-26.804	-120.	117.53	1253	0.10987
462	46	-27.948	-120.	116.45	1253	0.1099
462	66	-26.814	-120.	115.45	1253	0.10993
463	60	-27.268	-120.	119.76	1253	0.1098
463	91	-25.359	-120.	117.94	1253	0.10986
463	88	-25.431	-120.	120.69	1253	0.10977
464	66	-26.814	-120.	115.45	1253	0.10993
464	100	-24.688	-120.	113.62	1253	0.10999
464	93	-25.189	-120.	116.32	1253	0.10991
465	46	-27.948	-120.	116.45	1253	0.1099
465	39	-28.244	-120.	119.26	1253	0.10982
465	16	-30.093	-120.	118.32	1253	0.10985
466	33	-28.882	-120.	111.23	1255	0.11005
466	61	-27.224	-120.	112.18	1255	0.11003
466	30	-29.43	-120.	114.03	1255	0.10997
467	13	-30.536	-120.	112.93	1255	0.11
467	33	-28.882	-120.	111.23	1255	0.11005
467	30	-29.43	-120.	114.03	1255	0.10997
468	13	-30.536	-120.	112.93	1255	0.11
468	30	-29.43	-120.	114.03	1255	0.10997
468	11	-30.578	-120.	114.99	1255	0.10995
469	13	-30.536	-120.	112.93	1255	0.11
469	11	-30.578	-120.	114.99	1255	0.10995
469	4	-32.421	-120.	113.97	1255	0.10997
470	13	-30.536	-120.	112.93	1255	0.11
470	4	-32.421	-120.	113.97	1255	0.10997
470	5	-32.159	-120.	112.62	1255	0.11001
471	13	-30.536	-120.	112.93	1255	0.11
471	5	-32.159	-120.	112.62	1255	0.11001
471	22	-29.748	-120.	110.74	1255	0.11006
472	13	-30.536	-120.	112.93	1255	0.11
472	22	-29.748	-120.	110.74	1255	0.11006
472	33	-28.882	-120.	111.23	1255	0.11005
473	4	-32.421	-120.	113.97	1255	0.10997
473	11	-30.578	-120.	114.99	1255	0.10995
473	1	-32.805	-120.	116.88	1255	0.10989
474	5	-32.159	-120.	112.62	1255	0.11001
474	7	-31.417	-120.	109.78	1255	0.11008
474	22	-29.748	-120.	110.74	1255	0.11006
475	381	17.43	-120.	91.87	1256	0.11017
475	392	18.881	-120.	89.348	1256	0.11017
475	364	14.983	-120.	87.508	1256	0.11014
476	81	-26.046	-120.	131.25	1264	0.10946
476	94	-25.087	-120.	131.	1264	0.10946
476	72	-26.322	-120.	130.55	1264	0.10948
477	49	-27.864	-120.	131.72	1264	0.10945
477	41	-28.225	-120.	133.31	1264	0.10941
477	10	-30.643	-120.	132.48	1264	0.10943
478	49	-27.864	-120.	131.72	1264	0.10945
478	10	-30.643	-120.	132.48	1264	0.10943
478	35	-28.656	-120.	129.72	1264	0.1095
479	49	-27.864	-120.	131.72	1264	0.10945
479	35	-28.656	-120.	129.72	1264	0.1095
479	72	-26.322	-120.	130.55	1264	0.10948
480	49	-27.864	-120.	131.72	1264	0.10945
480	72	-26.322	-120.	130.55	1264	0.10948
480	81	-26.046	-120.	131.25	1264	0.10946
481	49	-27.864	-120.	131.72	1264	0.10945
481	81	-26.046	-120.	131.25	1264	0.10946
481	58	-27.289	-120.	133.05	1264	0.10941
482	49	-27.864	-120.	131.72	1264	0.10945
482	58	-27.289	-120.	133.05	1264	0.10941
482	41	-28.225	-120.	133.31	1264	0.10941
483	64	-26.981	-120.	133.72	1264	0.1094
483	58	-27.289	-120.	133.05	1264	0.10941
483	41	-28.225	-120.	133.31	1264	0.10941
484	87	-25.462	-120.	132.56	1264	0.10942
484	101	-24.589	-120.	134.53	1264	0.10938
484	115	-22.777	-120.	131.8	1264	0.10944
485	87	-25.462	-120.	132.56	1264	0.10942
485	115	-22.777	-120.	131.8	1264	0.10944
485	94	-25.087	-120.	131.	1264	0.10946
486	87	-25.462	-120.	132.56	1264	0.10942
486	94	-25.087	-120.	131.	1264	0.10946
486	81	-26.046	-120.	131.25	1264	0.10946
487	87	-25.462	-120.	132.56	1264	0.10942
487	81	-26.046	-120.	131.25	1264	0.10946
487	58	-27.289	-120.	133.05	1264	0.10941
488	87	-25.462	-120.	132.56	1264	0.10942
488	58	-27.289	-120.	133.05	1264	0.10941
488	64	-26.981	-120.	133.72	1264	0.1094
489	87	-25.462	-120.	132.56	1264	0.10942
489	64	-26.981	-120.	133.72	1264	0.1094
489	101	-24.589	-120.	134.53	1264	0.10938
490	184	-14.334	-120.	145.42	1276	0.10922
490	186	-13.704	-120.	145.83	1276	0.10922
490	191	-13.215	-120.	145.	1276	0.10922
491	173	-16.43	-120.	146.22	1276	0.10922
491	152	-19.63	-120.	147.46	1276	0.10922
491	181	-14.63	-120.	147.4	1276	0.10922
492	173	-16.43	-120.	146.22	1276	0.10922
492	181	-14.63	-120.	147.4	1276	0.10922
492	186	-13.704	-120.	145.83	1276	0.10922
493	173	-16.43	-120.	146.22	1276	0.10922
493	186	-13.704	-120.	145.83	1276	0.10922
493	184	-14.334	-120.	145.42	1276	0.10922
494	173	-16.43	-120.	146.22	1276	0.10922
494	184	-14.334	-120.	145.42	1276	0.10922
494	168	-17.598	-120.	145.4	1276	0.10922
495	173	-16.43	-120.	146.22	1276	0.10922
495	168	-17.598	-120.	145.4	1276	0.10922
495	160	-18.684	-120.	145.81	1276	0.10922
496	173	-16.43	-120.	146.22	1276	0.10922
496	160	-18.684	-120.	145.81	1276	0.10922
496	152	-19.63	-120.	147.46	1276	0.10922
497	179	-15.481	-120.	144.59	1276	0.10923
497	169	-17.251	-120.	143.32	1276	0.10923
497	197	-12.295	-120.	143.44	1276	0.10922
498	179	-15.481	-120.	144.59	1276	0.10923
498	197	-12.295	-120.	143.44	1276	0.10922
498	191	-13.215	-120.	145.	1276	0.10922
499	179	-15.481	-120.	144.59	1276	0.10923
499	191	-13.215	-120.	145.	1276	0.10922
499	184	-14.334	-120.	145.42	1276	0.10922
500	179	-15.481	-120.	144.59	1276	0.10923
500	184	-14.334	-120.	145.42	1276	0.10922
500	168	-17.598	-120.	145.4	1276	0.10922
501	179	-15.481	-120.	144.59	1276	0.10923
501	168	-17.598	-120.	145.4	1276	0.10922
501	164	-18.192	-120.	144.96	1276	0.10923
502	179	-15.481	-120.	144.59	1276	0.10923
502	164	-18.192	-120.	144.96	1276	0.10923
502	169	-17.251	-120.	143.32	1276	0.10923
503	168	-17.598	-120.	145.4	1276	0.10922
503	164	-18.192	-120.	144.96	1276	0.10923
503	160	-18.684	-120.	145.81	1276	0.10922
504	20	-29.906	-120.	105.74	1287	0.11017
504	7	-31.417	-120.	109.78	1287	0.11008
504	55	-27.388	-120.	107.17	1287	0.11014
505	203	-11.708	-120.	147.15	1310	0.10922
505	191	-13.215	-120.	145.	1310	0.10922
505	211	-10.674	-120.	146.2	1310	0.10922
506	203	-11.708	-120.	147.15	1310	0.10922
506	211	-10.674	-120.	146.2	1310	0.10922
506	216	-9.7773	-120.	147.68	1310	0.10922
507	203	-11.708	-120.	147.15	1310	0.10922
507	216	-9.7773	-120.	147.68	1310	0.10922
507	209	-10.796	-120.	149.39	1310	0.10923
508	203	-11.708	-120.	147.15	1310	0.10922
508	209	-10.796	-120.	149.39	1310	0.10923
508	200	-12.084	-120.	148.78	1310	0.10923
509	203	-11.708	-120.	147.15	1310	0.10922
509	200	-12.084	-120.	148.78	1310	0.10923
509	186	-13.704	-120.	145.83	1310	0.10922
510	203	-11.708	-120.	147.15	1310	0.10922
510	186	-13.704	-120.	145.83	1310	0.10922
510	191	-13.215	-120.	145.	1310	0.10922
511	209	-10.796	-120.	149.39	1310	0.10923
511	216	-9.7773	-120.	147.68	1310	0.10922
511	226	-8.113	-120.	150.47	1310	0.10924
512	191	-13.215	-120.	145.	1310	0.10922
512	197	-12.295	-120.	143.44	1310	0.10922
512	211	-10.674	-120.	146.2	1310	0.10922
513	186	-13.704	-120.	145.83	1310	0.10922
513	200	-12.084	-120.	148.78	1310	0.10923
513	181	-14.63	-120.	147.4	1310	0.10922
514	288	1.8045	-120.	154.98	1350	0.10931
514	311	6.1077	-120.	154.74	1350	0.10931
514	296	3.2389	-120.	152.16	1350	0.10926
515	430	23.336	-120.	147.74	1355	0.10919
515	452	26.586	-120.	144.91	1355	0.10916
515	434	24.064	-120.	143.4	1355	0.10915
516	372	15.89	-120.	146.87	1362	0.10918
516	369	15.629	-120.	145.89	1362	0.10917
516	366	15.218	-120.	147.21	1362	0.10918
517	379	17.139	-120.	146.16	1362	0.10917
517	393	19.016	-120.	145.11	1362	0.10916
517	375	16.361	-120.	143.44	1362	0.10914
518	379	17.139	-120.	146.16	1362	0.10917
518	375	16.361	-120.	143.44	1362	0.10914
518	369	15.629	-120.	145.89	1362	0.10917
519	379	17.139	-120.	146.16	1362	0.10917
519	369	15.629	-120.	145.89	1362	0.10917
519	372	15.89	-120.	146.87	1362	0.10918
520	379	17.139	-120.	146.16	1362	0.10917
520	372	15.89	-120.	146.87	1362	0.10918
520	383	17.646	-120.	148.02	1362	0.10919
521	379	17.139	-120.	146.16	1362	0.10917
521	383	17.646	-120.	148.02	1362	0.10919
521	386	18.289	-120.	147.65	1362	0.10919
522	379	17.139	-120.	146.16	1362	0.10917
522	386	18.289	-120.	147.65	1362	0.10919
522	393	19.016	-120.	145.11	1362	0.10916
523	376	16.383	-120.	148.72	1362	0.1092
523	380	17.167	-120.	151.53	1362	0.10925
523	362	14.46	-120.	149.69	1362	0.10922
524	376	16.383	-120.	148.72	1362	0.1092
524	362	14.46	-120.	149.69	1362	0.10922
524	366	15.218	-120.	147.21	1362	0.10918
525	376	16.383	-120.	148.72	1362	0.1092
525	366	15.218	-120.	147.21	1362	0.10918
525	372	15.89	-120.	146.87	1362	0.10918
526	376	16.383	-120.	148.72	1362	0.1092
526	372	15.89	-120.	146.87	1362	0.10918
526	383	17.646	-120.	148.02	1362	0.10919
527	376	16.383	-120.	148.72	1362	0.1092
527	383	17.646	-120.	148.02	1362	0.10919
527	384	17.918	-120.	148.97	1362	0.10921
528	376	16.383	-120.	148.72	1362	0.1092
528	384	17.918	-120.	148.97	1362	0.10921
528	380	17.167	-120.	151.53	1362	0.10925
529	383	17.646	-120.	148.02	1362	0.10919
529	384	17.918	-120.	148.97	1362	0.10921
529	386	18.289	-120.	147.65	1362	0.10919
530	358	13.591	-120.	146.55	1363	0.10917
530	359	13.941	-120.	144.75	1363	0.10915
530	370	15.629	-120.	145.89	1363	0.10917
531	358	13.591	-120.	146.55	1363	0.10917
531	370	15.629	-120.	145.89	1363	0.10917
531	367	15.218	-120.	147.21	1363	0.10918
532	358	13.591	-120.	146.55	1363	0.10917
532	367	15.218	-120.	147.21	1363	0.10918
532	355	12.635	-120.	148.36	1363	0.1092
533	358	13.591	-120.	146.55	1363	0.10917
533	355	12.635	-120.	148.36	1363	0.1092
533	347	11.663	-120.	147.66	1363	0.10919
534	358	13.591	-120.	146.55	1363	0.10917
534	347	11.663	-120.	147.66	1363	0.10919
534	352	12.46	-120.	145.41	1363	0.10915
535	358	13.591	-120.	146.55	1363	0.10917
535	352	12.46	-120.	145.41	1363	0.10915
535	359	13.941	-120.	144.75	1363	0.10915
536	355	12.635	-120.	148.36	1363	0.1092
536	367	15.218	-120.	147.21	1363	0.10918
536	362	14.46	-120.	149.69	1363	0.10922
537	359	13.941	-120.	144.75	1363	0.10915
537	375	16.361	-120.	143.44	1363	0.10914
537	370	15.629	-120.	145.89	1363	0.10917
538	352	12.46	-120.	145.41	1363	0.10915
538	347	11.663	-120.	147.66	1363	0.10919
538	332	9.8655	-120.	146.33	1363	0.10916
539	172	-16.628	-120.	96.27	1435	0.11025
539	174	-16.334	-120.	97.294	1435	0.11025
539	176	-16.032	-120.	95.811	1435	0.11025
540	167	-17.726	-120.	97.196	1435	0.11025
540	153	-19.369	-120.	98.573	1435	0.11025
540	171	-16.855	-120.	100.05	1435	0.11025
541	167	-17.726	-120.	97.196	1435	0.11025
541	171	-16.855	-120.	100.05	1435	0.11025
541	174	-16.334	-120.	97.294	1435	0.11025
542	167	-17.726	-120.	97.196	1435	0.11025
542	174	-16.334	-120.	97.294	1435	0.11025
542	172	-16.628	-120.	96.27	1435	0.11025
543	167	-17.726	-120.	97.196	1435	0.11025
543	172	-16.628	-120.	96.27	1435	0.11025
543	162	-18.302	-120.	95.252	1435	0.11025
544	167	-17.726	-120.	97.196	1435	0.11025
544	162	-18.302	-120.	95.252	1435	0.11025
544	155	-18.865	-120.	95.735	1435	0.11025
545	167	-17.726	-120.	97.196	1435	0.11025
545	155	-18.865	-120.	95.735	1435	0.11025
545	153	-19.369	-120.	98.573	1435	0.11025
546	170	-17.191	-120.	94.333	1435	0.11024
546	165	-18.085	-120.	91.387	1435	0.11021
546	178	-15.485	-120.	93.018	1435	0.11022
547	170	-17.191	-120.	94.333	1435	0.11024
547	178	-15.485	-120.	93.018	1435	0.11022
547	176	-16.032	-120.	95.811	1435	0.11025
548	170	-17.191	-120.	94.333	1435	0.11024
548	176	-16.032	-120.	95.811	1435	0.11025
548	172	-16.628	-120.	96.27	1435	0.11025
549	170	-17.191	-120.	94.333	1435	0.11024
549	172	-16.628	-120.	96.27	1435	0.11025
549	162	-18.302	-120.	95.252	1435	0.11025
550	170	-17.191	-120.	94.333	1435	0.11024
550	162	-18.302	-120.	95.252	1435	0.11025
550	161	-18.611	-120.	94.262	1435	0.11024
551	170	-17.191	-120.	94.333	1435	0.11024
551	161	-18.611	-120.	94.262	1435	0.11024
551	165	-18.085	-120.	91.387	1435	0.11021
552	162	-18.302	-120.	95.252	1435	0.11025
552	161	-18.611	-120.	94.262	1435	0.11024
552	155	-18.865	-120.	95.735	1435	0.11025
553	183	-14.413	-120.	89.13	1437	0.11016
553	165	-18.085	-120.	91.387	1437	0.11021
553	178	-15.485	-120.	93.018	1437	0.11022
554	272	-0.59171	-120.	88.013	1449	0.11012
554	290	2.2612	-120.	87.855	1449	0.11012
554	285	1.3031	-120.	89.681	1449	0.11016
555	282	0.78947	-120.	85.044	1449	0.11006
555	298	3.7317	-120.	85.064	1449	0.11006
555	292	2.7559	-120.	86.903	1449	0.1101
556	280	0.51125	-120.	86.679	1449	0.11009
556	282	0.78947	-120.	85.044	1449	0.11006
556	292	2.7559	-120.	86.903	1449	0.1101
557	280	0.51125	-120.	86.679	1449	0.11009
557	292	2.7559	-120.	86.903	1449	0.1101
557	290	2.2612	-120.	87.855	1449	0.11012
558	280	0.51125	-120.	86.679	1449	0.11009
558	290	2.2612	-120.	87.855	1449	0.11012
558	272	-0.59171	-120.	88.013	1449	0.11012
559	280	0.51125	-120.	86.679	1449	0.11009
559	272	-0.59171	-120.	88.013	1449	0.11012
559	264	-1.5709	-120.	87.142	1449	0.1101
560	280	0.51125	-120.	86.679	1449	0.11009
560	264	-1.5709	-120.	87.142	1449	0.1101
560	273	-0.57654	-120.	85.119	1449	0.11006
561	280	0.51125	-120.	86.679	1449	0.11009
561	273	-0.57654	-120.	85.119	1449	0.11006
561	282	0.78947	-120.	85.044	1449	0.11006
562	253	-3.4987	-120.	85.463	1449	0.11006
562	273	-0.57654	-120.	85.119	1449	0.11006
562	264	-1.5709	-120.	87.142	1449	0.1101
563	327	9.1417	-120.	90.688	1451	0.11017
563	322	8.4091	-120.	90.519	1451	0.11017
563	329	9.39	-120.	91.764	1451	0.11018
564	325	8.6798	-120.	88.651	1451	0.11014
564	321	8.0152	-120.	85.538	1451	0.11008
564	313	6.5826	-120.	88.167	1451	0.11013
565	325	8.6798	-120.	88.651	1451	0.11014
565	313	6.5826	-120.	88.167	1451	0.11013
565	322	8.4091	-120.	90.519	1451	0.11017
566	325	8.6798	-120.	88.651	1451	0.11014
566	322	8.4091	-120.	90.519	1451	0.11017
566	327	9.1417	-120.	90.688	1451	0.11017
567	325	8.6798	-120.	88.651	1451	0.11014
567	327	9.1417	-120.	90.688	1451	0.11017
567	333	10.073	-120.	89.023	1451	0.11015
568	325	8.6798	-120.	88.651	1451	0.11014
568	333	10.073	-120.	89.023	1451	0.11015
568	330	9.8569	-120.	87.974	1451	0.11013
569	325	8.6798	-120.	88.651	1451	0.11014
569	330	9.8569	-120.	87.974	1451	0.11013
569	321	8.0152	-120.	85.538	1451	0.11008
570	337	10.526	-120.	91.072	1451	0.11017
570	353	12.589	-120.	91.638	1451	0.11018
570	343	11.174	-120.	94.093	1451	0.1102
571	337	10.526	-120.	91.072	1451	0.11017
571	343	11.174	-120.	94.093	1451	0.1102
571	329	9.39	-120.	91.764	1451	0.11018
572	337	10.526	-120.	91.072	1451	0.11017
572	329	9.39	-120.	91.764	1451	0.11018
572	327	9.1417	-120.	90.688	1451	0.11017
573	337	10.526	-120.	91.072	1451	0.11017
573	327	9.1417	-120.	90.688	1451	0.11017
573	333	10.073	-120.	89.023	1451	0.11015
574	337	10.526	-120.	91.072	1451	0.11017
574	333	10.073	-120.	89.023	1451	0.11015
574	339	10.786	-120.	89.228	1451	0.11015
575	337	10.526	-120.	91.072	1451	0.11017
575	339	10.786	-120.	89.228	1451	0.11015
575	353	12.589	-120.	91.638	1451	0.11018
576	333	10.073	-120.	89.023	1451	0.11015
576	339	10.786	-120.	89.228	1451	0.11015
576	330	9.8569	-120.	87.974	1451	0.11013
577	516	31.257	-120.	118.83	1455	0.10952
577	537	32.231	-120.	118.57	1455	0.10953
577	533	32.19	-120.	117.81	1455	0.10956
578	559	34.106	-120.	119.51	1455	0.1095
578	560	34.106	-120.	120.25	1455	0.10948
578	568	35.062	-120.	119.27	1455	0.10951
579	558	34.076	-120.	118.07	1455	0.10955
579	533	32.19	-120.	117.81	1455	0.10956
579	555	33.96	-120.	115.92	1455	0.10962
580	558	34.076	-120.	118.07	1455	0.10955
580	555	33.96	-120.	115.92	1455	0.10962
580	575	36.909	-120.	117.34	1455	0.10957
581	558	34.076	-120.	118.07	1455	0.10955
581	575	36.909	-120.	117.34	1455	0.10957
581	568	35.062	-120.	119.27	1455	0.10951
582	558	34.076	-120.	118.07	1455	0.10955
582	568	35.062	-120.	119.27	1455	0.10951
582	559	34.106	-120.	119.51	1455	0.1095
583	558	34.076	-120.	118.07	1455	0.10955
583	559	34.106	-120.	119.51	1455	0.1095
583	537	32.231	-120.	118.57	1455	0.10953
584	558	34.076	-120.	118.07	1455	0.10955
584	537	32.231	-120.	118.57	1455	0.10953
584	533	32.19	-120.	117.81	1455	0.10956
585	538	32.245	-120.	120.	1455	0.10949
585	560	34.106	-120.	120.25	1455	0.10948
585	539	32.274	-120.	122.15	1455	0.10942
586	538	32.245	-120.	120.	1455	0.10949
586	539	32.274	-120.	122.15	1455	0.10942
586	491	29.497	-120.	120.69	1455	0.10947
587	538	32.245	-120.	120.	1455	0.10949
587	491	29.497	-120.	120.69	1455	0.10947
587	516	31.257	-120.	118.83	1455	0.10952
588	538	32.245	-120.	120.	1455	0.10949
588	516	31.257	-120.	118.83	1455	0.10952
588	537	32.231	-120.	118.57	1455	0.10953
589	538	32.245	-120.	120.	1455	0.10949
589	537	32.231	-120.	118.57	1455	0.10953
589	559	34.106	-120.	119.51	1455	0.1095
590	538	32.245	-120.	120.	1455	0.10949
590	559	34.106	-120.	119.51	1455	0.1095
590	560	34.106	-120.	120.25	1455	0.10948
591	523	31.753	-120.	114.26	1519	0.10967
591	507	30.803	-120.	114.51	1519	0.10966
591	528	31.894	-120.	115.	1519	0.10965
592	518	31.423	-120.	112.87	1519	0.10972
592	511	30.932	-120.	110.76	1519	0.10979
592	477	28.754	-120.	113.62	1519	0.10969
593	518	31.423	-120.	112.87	1519	0.10972
593	477	28.754	-120.	113.62	1519	0.10969
593	507	30.803	-120.	114.51	1519	0.10966
594	518	31.423	-120.	112.87	1519	0.10972
594	507	30.803	-120.	114.51	1519	0.10966
594	523	31.753	-120.	114.26	1519	0.10967
595	518	31.423	-120.	112.87	1519	0.10972
595	523	31.753	-120.	114.26	1519	0.10967
595	548	33.238	-120.	112.39	1519	0.10973
596	518	31.423	-120.	112.87	1519	0.10972
596	548	33.238	-120.	112.39	1519	0.10973
596	545	33.06	-120.	111.67	1519	0.10976
597	518	31.423	-120.	112.87	1519	0.10972
597	545	33.06	-120.	111.67	1519	0.10976
597	511	30.932	-120.	110.76	1519	0.10979
598	551	33.555	-120.	113.8	1519	0.10969
598	573	36.317	-120.	113.07	1519	0.10971
598	555	33.96	-120.	115.92	1519	0.10962
599	551	33.555	-120.	113.8	1519	0.10969
599	555	33.96	-120.	115.92	1519	0.10962
599	528	31.894	-120.	115.	1519	0.10965
600	551	33.555	-120.	113.8	1519	0.10969
600	528	31.894	-120.	115.	1519	0.10965
600	523	31.753	-120.	114.26	1519	0.10967
601	551	33.555	-120.	113.8	1519	0.10969
601	523	31.753	-120.	114.26	1519	0.10967
601	548	33.238	-120.	112.39	1519	0.10973
602	551	33.555	-120.	113.8	1519	0.10969
602	548	33.238	-120.	112.39	1519	0.10973
602	563	34.168	-120.	112.14	1519	0.10974
603	551	33.555	-120.	113.8	1519	0.10969
603	563	34.168	-120.	112.14	1519	0.10974
603	573	36.317	-120.	113.07	1519	0.10971
604	548	33.238	-120.	112.39	1519	0.10973
604	563	34.168	-120.	112.14	1519	0.10974
604	545	33.06	-120.	111.67	1519	0.10976
605	544	33.06	-120.	111.67	1521	0.10976
605	511	30.932	-120.	110.76	1521	0.10979
605	535	32.207	-120.	108.95	1521	0.10985
606	553	33.855	-120.	109.98	1521	0.10981
606	544	33.06	-120.	111.67	1521	0.10976
606	535	32.207	-120.	108.95	1521	0.10985
607	553	33.855	-120.	109.98	1521	0.10981
607	535	32.207	-120.	108.95	1521	0.10985
607	543	32.875	-120.	108.	1521	0.10988
608	553	33.855	-120.	109.98	1521	0.10981
608	543	32.875	-120.	108.	1521	0.10988
608	569	35.206	-120.	108.91	1521	0.10984
609	553	33.855	-120.	109.98	1521	0.10981
609	569	35.206	-120.	108.91	1521	0.10984
609	571	35.614	-120.	110.21	1521	0.1098
610	553	33.855	-120.	109.98	1521	0.10981
610	571	35.614	-120.	110.21	1521	0.1098
610	562	34.168	-120.	112.14	1521	0.10974
611	553	33.855	-120.	109.98	1521	0.10981
611	562	34.168	-120.	112.14	1521	0.10974
611	544	33.06	-120.	111.67	1521	0.10976
612	569	35.206	-120.	108.91	1521	0.10984
612	543	32.875	-120.	108.	1521	0.10988
612	561	34.155	-120.	106.16	1521	0.10993
613	571	35.614	-120.	110.21	1521	0.1098
613	573	36.317	-120.	113.07	1521	0.10971
613	562	34.168	-120.	112.14	1521	0.10974
614	461	27.302	-120.	105.87	1528	0.10994
614	464	27.85	-120.	104.3	1528	0.10999
614	482	29.263	-120.	106.75	1528	0.10992
615	461	27.302	-120.	105.87	1528	0.10994
615	482	29.263	-120.	106.75	1528	0.10992
615	475	28.622	-120.	107.7	1528	0.10989
616	461	27.302	-120.	105.87	1528	0.10994
616	475	28.622	-120.	107.7	1528	0.10989
616	448	26.217	-120.	106.97	1528	0.10991
617	461	27.302	-120.	105.87	1528	0.10994
617	448	26.217	-120.	106.97	1528	0.10991
617	443	25.406	-120.	105.57	1528	0.10995
618	461	27.302	-120.	105.87	1528	0.10994
618	443	25.406	-120.	105.57	1528	0.10995
618	451	26.451	-120.	103.94	1528	0.11
619	461	27.302	-120.	105.87	1528	0.10994
619	451	26.451	-120.	103.94	1528	0.11
619	464	27.85	-120.	104.3	1528	0.10999
620	448	26.217	-120.	106.97	1528	0.10991
620	475	28.622	-120.	107.7	1528	0.10989
620	462	27.402	-120.	109.46	1528	0.10983
621	464	27.85	-120.	104.3	1528	0.10999
621	499	30.485	-120.	104.97	1528	0.10997
621	482	29.263	-120.	106.75	1528	0.10992
622	451	26.451	-120.	103.94	1528	0.11
622	443	25.406	-120.	105.57	1528	0.10995
622	432	23.847	-120.	103.3	1528	0.11002
623	353	12.589	-120.	91.638	1530	0.11018
623	340	10.786	-120.	89.228	1530	0.11015
623	357	13.535	-120.	90.005	1530	0.11016
624	321	8.0152	-120.	85.538	1530	0.11008
624	341	10.891	-120.	86.162	1530	0.1101
624	331	9.8569	-120.	87.974	1530	0.11013
625	364	14.983	-120.	87.508	1530	0.11014
625	360	14.027	-120.	89.153	1530	0.11015
625	350	12.207	-120.	86.534	1530	0.11011
626	348	11.884	-120.	88.176	1530	0.11014
626	357	13.535	-120.	90.005	1530	0.11016
626	340	10.786	-120.	89.228	1530	0.11015
627	348	11.884	-120.	88.176	1530	0.11014
627	340	10.786	-120.	89.228	1530	0.11015
627	331	9.8569	-120.	87.974	1530	0.11013
628	348	11.884	-120.	88.176	1530	0.11014
628	331	9.8569	-120.	87.974	1530	0.11013
628	341	10.891	-120.	86.162	1530	0.1101
629	348	11.884	-120.	88.176	1530	0.11014
629	341	10.891	-120.	86.162	1530	0.1101
629	350	12.207	-120.	86.534	1530	0.11011
630	348	11.884	-120.	88.176	1530	0.11014
630	350	12.207	-120.	86.534	1530	0.11011
630	360	14.027	-120.	89.153	1530	0.11015
631	348	11.884	-120.	88.176	1530	0.11014
631	360	14.027	-120.	89.153	1530	0.11015
631	357	13.535	-120.	90.005	1530	0.11016
632	371	15.86	-120.	93.118	1531	0.11018
632	374	16.06	-120.	94.294	1531	0.11018
632	378	16.533	-120.	93.457	1531	0.11018
633	363	14.571	-120.	92.538	1531	0.11018
633	353	12.589	-120.	91.638	1531	0.11018
633	365	15.169	-120.	95.872	1531	0.11018
634	363	14.571	-120.	92.538	1531	0.11018
634	365	15.169	-120.	95.872	1531	0.11018
634	374	16.06	-120.	94.294	1531	0.11018
635	363	14.571	-120.	92.538	1531	0.11018
635	374	16.06	-120.	94.294	1531	0.11018
635	371	15.86	-120.	93.118	1531	0.11018
636	363	14.571	-120.	92.538	1531	0.11018
636	371	15.86	-120.	93.118	1531	0.11018
636	361	14.21	-120.	90.302	1531	0.11016
637	363	14.571	-120.	92.538	1531	0.11018
637	361	14.21	-120.	90.302	1531	0.11016
637	357	13.535	-120.	90.005	1531	0.11016
638	363	14.571	-120.	92.538	1531	0.11018
638	357	13.535	-120.	90.005	1531	0.11016
638	353	12.589	-120.	91.638	1531	0.11018
639	368	15.507	-120.	90.901	1531	0.11017
639	364	14.983	-120.	87.508	1531	0.11014
639	381	17.43	-120.	91.87	1531	0.11017
640	368	15.507	-120.	90.901	1531	0.11017
640	381	17.43	-120.	91.87	1531	0.11017
640	378	16.533	-120.	93.457	1531	0.11018
641	368	15.507	-120.	90.901	1531	0.11017
641	378	16.533	-120.	93.457	1531	0.11018
641	371	15.86	-120.	93.118	1531	0.11018
642	368	15.507	-120.	90.901	1531	0.11017
642	371	15.86	-120.	93.118	1531	0.11018
642	361	14.21	-120.	90.302	1531	0.11016
643	368	15.507	-120.	90.901	1531	0.11017
643	361	14.21	-120.	90.302	1531	0.11016
643	360	14.027	-120.	89.153	1531	0.11015
644	368	15.507	-120.	90.901	1531	0.11017
644	360	14.027	-120.	89.153	1531	0.11015
644	364	14.983	-120.	87.508	1531	0.11014
645	361	14.21	-120.	90.302	1531	0.11016
645	360	14.027	-120.	89.153	1531	0.11015
645	357	13.535	-120.	90.005	1531	0.11016
646	432	23.847	-120.	103.3	1544	0.11002
646	444	25.409	-120.	100.72	1544	0.11008
646	407	20.921	-120.	100.05	1544	0.1101
647	449	26.403	-120.	99.043	1546	0.11011
647	468	28.095	-120.	101.35	1546	0.11006
647	444	25.409	-120.	100.72	1546	0.11008
648	501	30.617	-120.	99.84	1546	0.11009
648	536	32.209	-120.	102.31	1546	0.11004
648	489	29.49	-120.	101.66	1546	0.11005
649	472	28.556	-120.	99.8	1546	0.1101
649	501	30.617	-120.	99.84	1546	0.11009
649	489	29.49	-120.	101.66	1546	0.11005
650	472	28.556	-120.	99.8	1546	0.1101
650	489	29.49	-120.	101.66	1546	0.11005
650	468	28.095	-120.	101.35	1546	0.11006
651	472	28.556	-120.	99.8	1546	0.1101
651	468	28.095	-120.	101.35	1546	0.11006
651	449	26.403	-120.	99.043	1546	0.11011
652	472	28.556	-120.	99.8	1546	0.1101
652	449	26.403	-120.	99.043	1546	0.11011
652	459	26.924	-120.	98.172	1546	0.11013
653	472	28.556	-120.	99.8	1546	0.1101
653	459	26.924	-120.	98.172	1546	0.11013
653	496	29.807	-120.	98.737	1546	0.11012
654	472	28.556	-120.	99.8	1546	0.1101
654	496	29.807	-120.	98.737	1546	0.11012
654	501	30.617	-120.	99.84	1546	0.11009
655	466	27.921	-120.	96.479	1546	0.11015
655	496	29.807	-120.	98.737	1546	0.11012
655	459	26.924	-120.	98.172	1546	0.11013
656	428	22.931	-120.	98.116	1547	0.11013
656	423	22.388	-120.	97.593	1547	0.11014
656	419	21.882	-120.	98.448	1547	0.11013
657	433	23.908	-120.	99.146	1547	0.11011
657	449	26.403	-120.	99.043	1547	0.11011
657	444	25.409	-120.	100.72	1547	0.11008
658	433	23.908	-120.	99.146	1547	0.11011
658	444	25.409	-120.	100.72	1547	0.11008
658	407	20.921	-120.	100.05	1547	0.1101
659	433	23.908	-120.	99.146	1547	0.11011
659	407	20.921	-120.	100.05	1547	0.1101
659	419	21.882	-120.	98.448	1547	0.11013
660	433	23.908	-120.	99.146	1547	0.11011
660	419	21.882	-120.	98.448	1547	0.11013
660	428	22.931	-120.	98.116	1547	0.11013
661	433	23.908	-120.	99.146	1547	0.11011
661	428	22.931	-120.	98.116	1547	0.11013
661	447	25.899	-120.	98.502	1547	0.11012
662	433	23.908	-120.	99.146	1547	0.11011
662	447	25.899	-120.	98.502	1547	0.11012
662	449	26.403	-120.	99.043	1547	0.11011
663	459	26.924	-120.	98.172	1547	0.11013
663	447	25.899	-120.	98.502	1547	0.11012
663	449	26.403	-120.	99.043	1547	0.11011
664	442	24.902	-120.	97.473	1547	0.11014
664	466	27.921	-120.	96.479	1547	0.11015
664	431	23.352	-120.	95.976	1547	0.11016
665	442	24.902	-120.	97.473	1547	0.11014
665	431	23.352	-120.	95.976	1547	0.11016
665	423	22.388	-120.	97.593	1547	0.11014
666	442	24.902	-120.	97.473	1547	0.11014
666	423	22.388	-120.	97.593	1547	0.11014
666	428	22.931	-120.	98.116	1547	0.11013
667	442	24.902	-120.	97.473	1547	0.11014
667	428	22.931	-120.	98.116	1547	0.11013
667	447	25.899	-120.	98.502	1547	0.11012
668	442	24.902	-120.	97.473	1547	0.11014
668	447	25.899	-120.	98.502	1547	0.11012
668	459	26.924	-120.	98.172	1547	0.11013
669	442	24.902	-120.	97.473	1547	0.11014
669	459	26.924	-120.	98.172	1547	0.11013
669	466	27.921	-120.	96.479	1547	0.11015
670	395	19.847	-120.	97.24	1566	0.11015
670	418	21.882	-120.	98.448	1566	0.11013
670	391	18.828	-120.	98.263	1566	0.11014
671	395	19.847	-120.	97.24	1566	0.11015
671	391	18.828	-120.	98.263	1566	0.11014
671	382	17.516	-120.	97.31	1566	0.11016
672	395	19.847	-120.	97.24	1566	0.11015
672	382	17.516	-120.	97.31	1566	0.11016
672	389	18.369	-120.	95.895	1566	0.11017
673	395	19.847	-120.	97.24	1566	0.11015
673	389	18.369	-120.	95.895	1566	0.11017
673	402	20.101	-120.	95.931	1566	0.11016
674	395	19.847	-120.	97.24	1566	0.11015
674	402	20.101	-120.	95.931	1566	0.11016
674	422	22.388	-120.	97.593	1566	0.11014
675	395	19.847	-120.	97.24	1566	0.11015
675	422	22.388	-120.	97.593	1566	0.11014
675	418	21.882	-120.	98.448	1566	0.11013
676	389	18.369	-120.	95.895	1566	0.11017
676	382	17.516	-120.	97.31	1566	0.11016
676	365	15.169	-120.	95.872	1566	0.11018
677	418	21.882	-120.	98.448	1566	0.11013
677	407	20.921	-120.	100.05	1566	0.1101
677	391	18.828	-120.	98.263	1566	0.11014
678	422	22.388	-120.	97.593	1566	0.11014
678	402	20.101	-120.	95.931	1566	0.11016
678	431	23.352	-120.	95.976	1566	0.11016
679	439	24.656	-120.	135.59	1581	0.10916
679	479	29.242	-120.	133.19	1581	0.10919
679	456	26.843	-120.	131.8	1581	0.10921
680	460	27.061	-120.	136.97	1582	0.10915
680	479	29.242	-120.	133.19	1582	0.10919
680	439	24.656	-120.	135.59	1582	0.10916
681	539	32.274	-120.	122.15	1583	0.10942
681	491	29.497	-120.	120.69	1583	0.10947
681	478	29.04	-120.	125.04	1583	0.10935
682	556	34.028	-120.	123.11	1585	0.1094
682	539	32.274	-120.	122.15	1585	0.10942
682	560	34.106	-120.	120.25	1585	0.10948
683	570	35.354	-120.	121.36	1585	0.10945
683	556	34.028	-120.	123.11	1585	0.1094
683	560	34.106	-120.	120.25	1585	0.10948
684	570	35.354	-120.	121.36	1585	0.10945
684	560	34.106	-120.	120.25	1585	0.10948
684	568	35.062	-120.	119.27	1585	0.10951
685	570	35.354	-120.	121.36	1585	0.10945
685	568	35.062	-120.	119.27	1585	0.10951
685	577	37.01	-120.	120.28	1585	0.10948
686	570	35.354	-120.	121.36	1585	0.10945
686	577	37.01	-120.	120.28	1585	0.10948
686	576	36.972	-120.	121.65	1585	0.10944
687	570	35.354	-120.	121.36	1585	0.10945
687	576	36.972	-120.	121.65	1585	0.10944
687	566	34.943	-120.	123.6	1585	0.10938
688	570	35.354	-120.	121.36	1585	0.10945
688	566	34.943	-120.	123.6	1585	0.10938
688	556	34.028	-120.	123.11	1585	0.1094
689	577	37.01	-120.	120.28	1585	0.10948
689	568	35.062	-120.	119.27	1585	0.10951
689	575	36.909	-120.	117.34	1585	0.10957
690	576	36.972	-120.	121.65	1585	0.10944
690	574	36.709	-120.	124.58	1585	0.10936
690	566	34.943	-120.	123.6	1585	0.10938
691	524	31.758	-120.	125.71	1588	0.10933
691	503	30.725	-120.	125.95	1588	0.10932
691	519	31.619	-120.	126.45	1588	0.10931
692	552	33.712	-120.	125.26	1588	0.10934
692	565	34.943	-120.	123.6	1588	0.10938
692	574	36.709	-120.	124.58	1588	0.10936
693	552	33.712	-120.	125.26	1588	0.10934
693	574	36.709	-120.	124.58	1588	0.10936
693	549	33.314	-120.	127.38	1588	0.10929
694	552	33.712	-120.	125.26	1588	0.10934
694	549	33.314	-120.	127.38	1588	0.10929
694	519	31.619	-120.	126.45	1588	0.10931
695	552	33.712	-120.	125.26	1588	0.10934
695	519	31.619	-120.	126.45	1588	0.10931
695	524	31.758	-120.	125.71	1588	0.10933
696	552	33.712	-120.	125.26	1588	0.10934
696	524	31.758	-120.	125.71	1588	0.10933
696	554	33.93	-120.	123.84	1588	0.10938
697	552	33.712	-120.	125.26	1588	0.10934
697	554	33.93	-120.	123.84	1588	0.10938
697	565	34.943	-120.	123.6	1588	0.10938
698	557	34.028	-120.	123.11	1588	0.1094
698	554	33.93	-120.	123.84	1588	0.10938
698	565	34.943	-120.	123.6	1588	0.10938
699	530	31.959	-120.	124.3	1588	0.10937
699	539	32.274	-120.	122.15	1588	0.10942
699	478	29.04	-120.	125.04	1588	0.10935
700	530	31.959	-120.	124.3	1588	0.10937
700	478	29.04	-120.	125.04	1588	0.10935
700	503	30.725	-120.	125.95	1588	0.10932
701	530	31.959	-120.	124.3	1588	0.10937
701	503	30.725	-120.	125.95	1588	0.10932
701	524	31.758	-120.	125.71	1588	0.10933
702	530	31.959	-120.	124.3	1588	0.10937
702	524	31.758	-120.	125.71	1588	0.10933
702	554	33.93	-120.	123.84	1588	0.10938
703	530	31.959	-120.	124.3	1588	0.10937
703	554	33.93	-120.	123.84	1588	0.10938
703	557	34.028	-120.	123.11	1588	0.1094
704	530	31.959	-120.	124.3	1588	0.10937
704	557	34.028	-120.	123.11	1588	0.1094
704	539	32.274	-120.	122.15	1588	0.10942
705	549	33.314	-120.	127.38	1589	0.10929
705	572	35.883	-120.	128.81	1589	0.10926
705	574	36.709	-120.	124.58	1589	0.10936
706	495	29.794	-120.	128.1	1591	0.10928
706	470	28.397	-120.	127.71	1591	0.10929
706	502	30.725	-120.	125.95	1591	0.10932
707	495	29.794	-120.	128.1	1591	0.10928
707	502	30.725	-120.	125.95	1591	0.10932
707	520	31.619	-120.	126.45	1591	0.10931
708	495	29.794	-120.	128.1	1591	0.10928
708	520	31.619	-120.	126.45	1591	0.10931
708	505	30.745	-120.	129.14	1591	0.10925
709	495	29.794	-120.	128.1	1591	0.10928
709	505	30.745	-120.	129.14	1591	0.10925
709	485	29.384	-120.	130.08	1591	0.10924
710	495	29.794	-120.	128.1	1591	0.10928
710	485	29.384	-120.	130.08	1591	0.10924
710	465	27.896	-120.	129.26	1591	0.10925
711	495	29.794	-120.	128.1	1591	0.10928
711	465	27.896	-120.	129.26	1591	0.10925
711	470	28.397	-120.	127.71	1591	0.10929
712	505	30.745	-120.	129.14	1591	0.10925
712	520	31.619	-120.	126.45	1591	0.10931
712	549	33.314	-120.	127.38	1591	0.10929
713	470	28.397	-120.	127.71	1591	0.10929
713	478	29.04	-120.	125.04	1591	0.10935
713	502	30.725	-120.	125.95	1591	0.10932
714	465	27.896	-120.	129.26	1591	0.10925
714	485	29.384	-120.	130.08	1591	0.10924
714	456	26.843	-120.	131.8	1591	0.10921
715	500	30.508	-120.	129.85	1592	0.10924
715	504	30.745	-120.	129.14	1592	0.10925
715	484	29.384	-120.	130.08	1592	0.10924
716	540	32.636	-120.	129.42	1592	0.10925
716	572	35.883	-120.	128.81	1592	0.10926
716	549	33.314	-120.	127.38	1592	0.10929
717	540	32.636	-120.	129.42	1592	0.10925
717	549	33.314	-120.	127.38	1592	0.10929
717	504	30.745	-120.	129.14	1592	0.10925
718	540	32.636	-120.	129.42	1592	0.10925
718	504	30.745	-120.	129.14	1592	0.10925
718	500	30.508	-120.	129.85	1592	0.10924
719	540	32.636	-120.	129.42	1592	0.10925
719	500	30.508	-120.	129.85	1592	0.10924
719	531	32.136	-120.	130.77	1592	0.10922
720	540	32.636	-120.	129.42	1592	0.10925
720	531	32.136	-120.	130.77	1592	0.10922
720	547	33.229	-120.	130.57	1592	0.10923
721	540	32.636	-120.	129.42	1592	0.10925
721	547	33.229	-120.	130.57	1592	0.10923
721	572	35.883	-120.	128.81	1592	0.10926
722	497	29.996	-120.	131.19	1592	0.10922
722	479	29.242	-120.	133.19	1592	0.10919
722	456	26.843	-120.	131.8	1592	0.10921
723	497	29.996	-120.	131.19	1592	0.10922
723	456	26.843	-120.	131.8	1592	0.10921
723	484	29.384	-120.	130.08	1592	0.10924
724	497	29.996	-120.	131.19	1592	0.10922
724	484	29.384	-120.	130.08	1592	0.10924
724	500	30.508	-120.	129.85	1592	0.10924
725	497	29.996	-120.	131.19	1592	0.10922
725	500	30.508	-120.	129.85	1592	0.10924
725	531	32.136	-120.	130.77	1592	0.10922
726	497	29.996	-120.	131.19	1592	0.10922
726	531	32.136	-120.	130.77	1592	0.10922
726	525	31.866	-120.	131.46	1592	0.10921
727	497	29.996	-120.	131.19	1592	0.10922
727	525	31.866	-120.	131.46	1592	0.10921
727	479	29.242	-120.	133.19	1592	0.10919
728	531	32.136	-120.	130.77	1592	0.10922
728	525	31.866	-120.	131.46	1592	0.10921
728	547	33.229	-120.	130.57	1592	0.10923
729	494	29.577	-120.	107.44	1594	0.10989
729	481	29.263	-120.	106.75	1594	0.10992
729	474	28.622	-120.	107.7	1594	0.10989
730	517	31.382	-120.	106.93	1594	0.10991
730	561	34.155	-120.	106.16	1594	0.10993
730	499	30.485	-120.	104.97	1594	0.10997
731	517	31.382	-120.	106.93	1594	0.10991
731	499	30.485	-120.	104.97	1594	0.10997
731	481	29.263	-120.	106.75	1594	0.10992
732	517	31.382	-120.	106.93	1594	0.10991
732	481	29.263	-120.	106.75	1594	0.10992
732	494	29.577	-120.	107.44	1594	0.10989
733	517	31.382	-120.	106.93	1594	0.10991
733	494	29.577	-120.	107.44	1594	0.10989
733	529	31.935	-120.	108.26	1594	0.10987
734	517	31.382	-120.	106.93	1594	0.10991
734	529	31.935	-120.	108.26	1594	0.10987
734	542	32.875	-120.	108.	1594	0.10988
735	517	31.382	-120.	106.93	1594	0.10991
735	542	32.875	-120.	108.	1594	0.10988
735	561	34.155	-120.	106.16	1594	0.10993
736	498	30.113	-120.	108.76	1594	0.10985
736	511	30.932	-120.	110.76	1594	0.10979
736	462	27.402	-120.	109.46	1594	0.10983
737	498	30.113	-120.	108.76	1594	0.10985
737	462	27.402	-120.	109.46	1594	0.10983
737	474	28.622	-120.	107.7	1594	0.10989
738	498	30.113	-120.	108.76	1594	0.10985
738	474	28.622	-120.	107.7	1594	0.10989
738	494	29.577	-120.	107.44	1594	0.10989
739	498	30.113	-120.	108.76	1594	0.10985
739	494	29.577	-120.	107.44	1594	0.10989
739	529	31.935	-120.	108.26	1594	0.10987
740	498	30.113	-120.	108.76	1594	0.10985
740	529	31.935	-120.	108.26	1594	0.10987
740	534	32.207	-120.	108.95	1594	0.10985
741	498	30.113	-120.	108.76	1594	0.10985
741	534	32.207	-120.	108.95	1594	0.10985
741	511	30.932	-120.	110.76	1594	0.10979
742	529	31.935	-120.	108.26	1594	0.10987
742	534	32.207	-120.	108.95	1594	0.10985
742	542	32.875	-120.	108.	1594	0.10988
743	477	28.754	-120.	113.62	1595	0.10969
743	511	30.932	-120.	110.76	1595	0.10979
743	462	27.402	-120.	109.46	1595	0.10983
744	561	34.155	-120.	106.16	1598	0.10993
744	536	32.209	-120.	102.31	1598	0.11004
744	499	30.485	-120.	104.97	1598	0.10997
745	107	-23.785	-120.	100.93	1649	0.11024
745	110	-23.545	-120.	96.143	1649	0.11025
745	73	-26.285	-120.	99.47	1649	0.11025
746	136	-21.358	-120.	102.37	1650	0.11023
746	130	-21.726	-120.	101.28	1650	0.11024
746	123	-22.197	-120.	101.87	1650	0.11023
747	133	-21.51	-120.	98.163	1650	0.11025
747	138	-21.019	-120.	97.611	1650	0.11025
747	125	-21.878	-120.	97.108	1650	0.11025
748	119	-22.44	-120.	99.25	1650	0.11025
748	123	-22.197	-120.	101.87	1650	0.11023
748	107	-23.785	-120.	100.93	1650	0.11024
749	119	-22.44	-120.	99.25	1650	0.11025
749	107	-23.785	-120.	100.93	1650	0.11024
749	110	-23.545	-120.	96.143	1650	0.11025
750	119	-22.44	-120.	99.25	1650	0.11025
750	110	-23.545	-120.	96.143	1650	0.11025
750	125	-21.878	-120.	97.108	1650	0.11025
751	119	-22.44	-120.	99.25	1650	0.11025
751	125	-21.878	-120.	97.108	1650	0.11025
751	133	-21.51	-120.	98.163	1650	0.11025
752	119	-22.44	-120.	99.25	1650	0.11025
752	133	-21.51	-120.	98.163	1650	0.11025
752	130	-21.726	-120.	101.28	1650	0.11024
753	119	-22.44	-120.	99.25	1650	0.11025
753	130	-21.726	-120.	101.28	1650	0.11024
753	123	-22.197	-120.	101.87	1650	0.11023
754	140	-20.794	-120.	100.22	1650	0.11024
754	138	-21.019	-120.	97.611	1650	0.11025
754	153	-19.369	-120.	98.573	1650	0.11025
755	140	-20.794	-120.	100.22	1650	0.11024
755	153	-19.369	-120.	98.573	1650	0.11025
755	151	-19.781	-120.	103.3	1650	0.11022
756	140	-20.794	-120.	100.22	1650	0.11024
756	151	-19.781	-120.	103.3	1650	0.11022
756	136	-21.358	-120.	102.37	1650	0.11023
757	140	-20.794	-120.	100.22	1650	0.11024
757	136	-21.358	-120.	102.37	1650	0.11023
757	130	-21.726	-120.	101.28	1650	0.11024
758	140	-20.794	-120.	100.22	1650	0.11024
758	130	-21.726	-120.	101.28	1650	0.11024
758	133	-21.51	-120.	98.163	1650	0.11025
759	140	-20.794	-120.	100.22	1650	0.11024
759	133	-21.51	-120.	98.163	1650	0.11025
759	138	-21.019	-120.	97.611	1650	0.11025
760	171	-16.855	-120.	100.05	1654	0.11025
760	153	-19.369	-120.	98.573	1654	0.11025
760	151	-19.781	-120.	103.3	1654	0.11022
761	221	-8.7706	-120.	146.81	1667	0.10921
761	229	-7.1945	-120.	148.83	1667	0.10922
761	217	-9.7773	-120.	147.68	1667	0.10922
762	221	-8.7706	-120.	146.81	1667	0.10921
762	217	-9.7773	-120.	147.68	1667	0.10922
762	212	-10.674	-120.	146.2	1667	0.10922
763	221	-8.7706	-120.	146.81	1667	0.10921
763	212	-10.674	-120.	146.2	1667	0.10922
763	215	-9.8754	-120.	144.75	1667	0.10921
764	221	-8.7706	-120.	146.81	1667	0.10921
764	215	-9.8754	-120.	144.75	1667	0.10921
764	224	-8.3944	-120.	145.41	1667	0.10921
765	221	-8.7706	-120.	146.81	1667	0.10921
765	224	-8.3944	-120.	145.41	1667	0.10921
765	233	-6.7075	-120.	147.97	1667	0.10922
766	221	-8.7706	-120.	146.81	1667	0.10921
766	233	-6.7075	-120.	147.97	1667	0.10922
766	229	-7.1945	-120.	148.83	1667	0.10922
767	215	-9.8754	-120.	144.75	1667	0.10921
767	212	-10.674	-120.	146.2	1667	0.10922
767	197	-12.295	-120.	143.44	1667	0.10922
768	229	-7.1945	-120.	148.83	1667	0.10922
768	226	-8.113	-120.	150.47	1667	0.10924
768	217	-9.7773	-120.	147.68	1667	0.10922
769	233	-6.7075	-120.	147.97	1667	0.10922
769	224	-8.3944	-120.	145.41	1667	0.10921
769	240	-5.7995	-120.	146.33	1667	0.1092
770	486	29.388	-120.	135.79	1726	0.10916
770	479	29.242	-120.	133.19	1726	0.10919
770	460	27.061	-120.	136.97	1726	0.10915
771	486	29.388	-120.	135.79	1726	0.10916
771	460	27.061	-120.	136.97	1726	0.10915
771	476	28.693	-120.	137.9	1726	0.10914
772	486	29.388	-120.	135.79	1726	0.10916
772	476	28.693	-120.	137.9	1726	0.10914
772	492	29.517	-120.	137.53	1726	0.10915
773	486	29.388	-120.	135.79	1726	0.10916
773	492	29.517	-120.	137.53	1726	0.10915
773	512	30.952	-120.	135.04	1726	0.10917
774	486	29.388	-120.	135.79	1726	0.10916
774	512	30.952	-120.	135.04	1726	0.10917
774	509	30.864	-120.	134.14	1726	0.10918
775	486	29.388	-120.	135.79	1726	0.10916
775	509	30.864	-120.	134.14	1726	0.10918
775	479	29.242	-120.	133.19	1726	0.10919
776	513	31.043	-120.	136.75	1726	0.10915
776	550	33.344	-120.	135.59	1726	0.10916
776	514	31.189	-120.	139.32	1726	0.10914
777	513	31.043	-120.	136.75	1726	0.10915
777	514	31.189	-120.	139.32	1726	0.10914
777	493	29.543	-120.	138.38	1726	0.10914
778	513	31.043	-120.	136.75	1726	0.10915
778	493	29.543	-120.	138.38	1726	0.10914
778	492	29.517	-120.	137.53	1726	0.10915
779	513	31.043	-120.	136.75	1726	0.10915
779	492	29.517	-120.	137.53	1726	0.10915
779	512	30.952	-120.	135.04	1726	0.10917
780	513	31.043	-120.	136.75	1726	0.10915
780	512	30.952	-120.	135.04	1726	0.10917
780	521	31.71	-120.	134.63	1726	0.10917
781	513	31.043	-120.	136.75	1726	0.10915
781	521	31.71	-120.	134.63	1726	0.10917
781	550	33.344	-120.	135.59	1726	0.10916
782	492	29.517	-120.	137.53	1726	0.10915
782	476	28.693	-120.	137.9	1726	0.10914
782	493	29.543	-120.	138.38	1726	0.10914
783	512	30.952	-120.	135.04	1726	0.10917
783	521	31.71	-120.	134.63	1726	0.10917
783	509	30.864	-120.	134.14	1726	0.10918
784	476	28.693	-120.	137.9	1744	0.10914
784	458	26.876	-120.	140.1	1744	0.10914
784	460	27.061	-120.	136.97	1744	0.10915
785	473	28.593	-120.	142.76	1744	0.10914
785	452	26.586	-120.	144.91	1744	0.10916
785	454	26.788	-120.	141.73	1744	0.10914
786	469	28.326	-120.	140.43	1744	0.10914
786	473	28.593	-120.	142.76	1744	0.10914
786	454	26.788	-120.	141.73	1744	0.10914
787	469	28.326	-120.	140.43	1744	0.10914
787	454	26.788	-120.	141.73	1744	0.10914
787	458	26.876	-120.	140.1	1744	0.10914
788	469	28.326	-120.	140.43	1744	0.10914
788	458	26.876	-120.	140.1	1744	0.10914
788	476	28.693	-120.	137.9	1744	0.10914
789	469	28.326	-120.	140.43	1744	0.10914
789	476	28.693	-120.	137.9	1744	0.10914
789	493	29.543	-120.	138.38	1744	0.10914
790	469	28.326	-120.	140.43	1744	0.10914
790	493	29.543	-120.	138.38	1744	0.10914
790	488	29.463	-120.	141.7	1744	0.10914
791	469	28.326	-120.	140.43	1744	0.10914
791	488	29.463	-120.	141.7	1744	0.10914
791	473	28.593	-120.	142.76	1744	0.10914
792	514	31.189	-120.	139.32	1744	0.10914
792	488	29.463	-120.	141.7	1744	0.10914
792	493	29.543	-120.	138.38	1744	0.10914
793	390	18.671	-120.	94.527	1810	0.11017
793	388	18.369	-120.	95.895	1810	0.11017
793	373	16.06	-120.	94.294	1810	0.11018
794	390	18.671	-120.	94.527	1810	0.11017
794	373	16.06	-120.	94.294	1810	0.11018
794	377	16.533	-120.	93.457	1810	0.11018
795	390	18.671	-120.	94.527	1810	0.11017
795	377	16.533	-120.	93.457	1810	0.11018
795	397	19.897	-120.	93.386	1810	0.11017
796	390	18.671	-120.	94.527	1810	0.11017
796	397	19.897	-120.	93.386	1810	0.11017
796	409	21.067	-120.	94.197	1810	0.11017
797	390	18.671	-120.	94.527	1810	0.11017
797	409	21.067	-120.	94.197	1810	0.11017
797	401	20.101	-120.	95.931	1810	0.11016
798	390	18.671	-120.	94.527	1810	0.11017
798	401	20.101	-120.	95.931	1810	0.11016
798	388	18.369	-120.	95.895	1810	0.11017
799	397	19.897	-120.	93.386	1810	0.11017
799	377	16.533	-120.	93.457	1810	0.11018
799	381	17.43	-120.	91.87	1810	0.11017
800	388	18.369	-120.	95.895	1810	0.11017
800	365	15.169	-120.	95.872	1810	0.11018
800	373	16.06	-120.	94.294	1810	0.11018
801	401	20.101	-120.	95.931	1810	0.11016
801	409	21.067	-120.	94.197	1810	0.11017
801	431	23.352	-120.	95.976	1810	0.11016
802	406	20.74	-120.	93.354	1811	0.11017
802	398	19.897	-120.	93.386	1811	0.11017
802	410	21.067	-120.	94.197	1811	0.11017
803	400	20.015	-120.	91.744	1811	0.11018
803	392	18.881	-120.	89.348	1811	0.11017
803	381	17.43	-120.	91.87	1811	0.11017
804	400	20.015	-120.	91.744	1811	0.11018
804	381	17.43	-120.	91.87	1811	0.11017
804	398	19.897	-120.	93.386	1811	0.11017
805	400	20.015	-120.	91.744	1811	0.11018
805	398	19.897	-120.	93.386	1811	0.11017
805	406	20.74	-120.	93.354	1811	0.11017
806	400	20.015	-120.	91.744	1811	0.11018
806	406	20.74	-120.	93.354	1811	0.11017
806	416	21.743	-120.	91.638	1811	0.11018
807	400	20.015	-120.	91.744	1811	0.11018
807	416	21.743	-120.	91.638	1811	0.11018
807	412	21.398	-120.	90.871	1811	0.11018
808	400	20.015	-120.	91.744	1811	0.11018
808	412	21.398	-120.	90.871	1811	0.11018
808	392	18.881	-120.	89.348	1811	0.11017
809	421	22.376	-120.	93.382	1811	0.11018
809	441	24.832	-120.	93.474	1811	0.11018
809	431	23.352	-120.	95.976	1811	0.11016
810	421	22.376	-120.	93.382	1811	0.11018
810	431	23.352	-120.	95.976	1811	0.11016
810	410	21.067	-120.	94.197	1811	0.11017
811	421	22.376	-120.	93.382	1811	0.11018
811	410	21.067	-120.	94.197	1811	0.11017
811	406	20.74	-120.	93.354	1811	0.11017
812	421	22.376	-120.	93.382	1811	0.11018
812	406	20.74	-120.	93.354	1811	0.11017
812	416	21.743	-120.	91.638	1811	0.11018
813	421	22.376	-120.	93.382	1811	0.11018
813	416	21.743	-120.	91.638	1811	0.11018
813	426	22.522	-120.	91.651	1811	0.11018
814	421	22.376	-120.	93.382	1811	0.11018
814	426	22.522	-120.	91.651	1811	0.11018
814	441	24.832	-120.	93.474	1811	0.11018
815	416	21.743	-120.	91.638	1811	0.11018
815	426	22.522	-120.	91.651	1811	0.11018
815	412	21.398	-120.	90.871	1811	0.11018
