小面	点	X坐标 (mm)	Y坐标 (mm)	Z坐标 (mm)	单元数	定向变形 (mm)
0	135	-5.0197	-90.002	146.51	580	3.6992e-002
0	129	-7.53	-90.002	149.49	580	3.4104e-002
0	149	-2.2115	-90.002	150.32	580	4.1971e-002
1	55	-22.885	-90.002	100.04	647	-2.8822e-004
1	63	-21.217	-90.002	102.2	647	2.6917e-003
1	37	-25.28	-90.002	103.92	647	-2.8028e-003
1	39	-25.257	-90.002	101.82	647	-3.3009e-003
2	21	-27.703	-90.002	101.55	647	-6.9407e-003
2	44	-24.757	-90.002	97.566	647	-3.6398e-003
2	55	-22.885	-90.002	100.04	647	-2.8822e-004
2	39	-25.257	-90.002	101.82	647	-3.3009e-003
3	37	-25.28	-90.002	103.92	647	-2.8028e-003
3	10	-30.011	-90.002	105.94	647	-9.2025e-003
3	21	-27.703	-90.002	101.55	647	-6.9407e-003
3	39	-25.257	-90.002	101.82	647	-3.3009e-003
4	32	-26.312	-90.002	123.11	656	5.1319e-004
4	14	-29.112	-90.002	125.85	656	-2.8806e-003
4	8	-30.546	-90.002	123.5	656	-5.5541e-003
4	12	-29.622	-90.002	120.92	656	-4.8521e-003
5	4	-31.893	-90.002	128.58	656	-6.2431e-003
5	14	-29.112	-90.002	125.85	656	-2.8806e-003
5	8	-30.546	-90.002	123.5	656	-5.5541e-003
5	2	-32.767	-90.002	123.7	656	-8.7367e-003
6	2	-32.767	-90.002	123.7	656	-8.7367e-003
6	0	-32.887	-90.002	118.75	656	-1.0157e-002
6	12	-29.622	-90.002	120.92	656	-4.8521e-003
6	8	-30.546	-90.002	123.5	656	-5.5541e-003
7	165	2.7109	-90.002	153.59	662	4.9849e-002
7	169	3.6719	-90.002	154.9	662	5.1546e-002
7	163	2.0246	-90.002	154.99	662	4.9198e-002
8	48	-23.809	-90.002	110.63	699	1.0443e-003
8	18	-27.981	-90.002	114.05	699	-4.183e-003
8	23	-27.343	-90.002	116.6	699	-2.6107e-003
8	40	-25.213	-90.002	116.27	699	4.1629e-004
9	5	-31.752	-90.002	117.17	699	-8.9027e-003
9	18	-27.981	-90.002	114.05	699	-4.183e-003
9	23	-27.343	-90.002	116.6	699	-2.6107e-003
9	17	-28.584	-90.002	119.37	699	-3.7294e-003
10	36	-25.373	-90.002	121.58	699	1.5041e-003
10	40	-25.213	-90.002	116.27	699	4.1629e-004
10	23	-27.343	-90.002	116.6	699	-2.6107e-003
10	17	-28.584	-90.002	119.37	699	-3.7294e-003
11	310	35.46	-90.002	116.52	839	8.8429e-002
11	314	36.682	-90.002	115.48	839	8.9972e-002
11	315	36.909	-90.002	117.12	839	9.0679e-002
12	129	-7.53	-90.002	149.49	876	3.4104e-002
12	135	-5.0197	-90.002	146.51	876	3.6992e-002
12	130	-6.6575	-90.002	146.08	876	3.4524e-002
13	66	-21.126	-90.002	134.77	880	1.0884e-002
13	59	-22.444	-90.002	134.49	880	8.9137e-003
13	60	-22.067	-90.002	133.15	880	9.1308e-003
14	196	12.174	-90.002	92.983	911	4.9107e-002
14	191	10.051	-90.002	89.339	911	4.5119e-002
14	189	9.2434	-90.002	90.571	911	4.4248e-002
14	194	11.136	-90.002	94.105	911	4.7875e-002
15	185	7.8012	-90.002	85.484	911	4.089e-002
15	191	10.051	-90.002	89.339	911	4.5119e-002
15	189	9.2434	-90.002	90.571	911	4.4248e-002
15	180	7.202	-90.002	86.783	911	4.0338e-002
16	96	-14.944	-90.002	91.296	917	9.1226e-003
16	94	-16.021	-90.002	90.083	917	7.2521e-003
16	101	-14.615	-90.002	89.219	917	9.0912e-003
17	159	0.73719	-90.002	90.924	937	3.1933e-002
17	168	3.3289	-90.002	88.209	937	3.5044e-002
17	170	4.8072	-90.002	89.82	937	3.7598e-002
17	164	2.6704	-90.002	92.534	937	3.5152e-002
18	173	6.1614	-90.002	85.302	937	3.8456e-002
18	168	3.3289	-90.002	88.209	937	3.5044e-002
18	170	4.8072	-90.002	89.82	937	3.7598e-002
18	180	7.202	-90.002	86.783	937	4.0338e-002
19	173	6.1614	-90.002	85.302	969	3.8456e-002
19	185	7.8012	-90.002	85.484	969	4.089e-002
19	180	7.202	-90.002	86.783	969	4.0338e-002
20	255	26.603	-90.002	95.154	990	7.0577e-002
20	266	27.785	-90.002	96.305	990	7.2568e-002
20	252	25.972	-90.002	96.176	990	6.9904e-002
21	251	25.873	-90.002	133.71	1005	7.8533e-002
21	254	26.449	-90.002	134.72	1005	7.9604e-002
21	249	25.239	-90.002	134.65	1005	7.7843e-002
22	97	-14.844	-90.002	142.26	1039	2.1782e-002
22	100	-14.667	-90.002	141.83	1039	2.1932e-002
22	104	-14.262	-90.002	142.14	1039	2.2592e-002
23	60	-22.067	-90.002	133.15	1042	9.1308e-003
23	30	-26.321	-90.002	130.95	1042	2.4293e-003
23	34	-26.16	-90.002	128.54	1042	2.0714e-003
23	46	-24.131	-90.002	128.47	1042	4.9966e-003
24	9	-30.45	-90.002	128.78	1042	-4.0971e-003
24	30	-26.321	-90.002	130.95	1042	2.4293e-003
24	34	-26.16	-90.002	128.54	1042	2.0714e-003
24	20	-27.847	-90.002	126.17	1042	-9.6241e-004
25	41	-25.207	-90.002	123.54	1042	2.2274e-003
25	46	-24.131	-90.002	128.47	1042	4.9966e-003
25	34	-26.16	-90.002	128.54	1042	2.0714e-003
25	20	-27.847	-90.002	126.17	1042	-9.6241e-004
26	45	-24.224	-90.002	110.6	1054	4.3167e-004
26	22	-27.554	-90.002	108.97	1054	-4.8454e-003
26	13	-29.544	-90.002	111.72	1054	-7.0541e-003
26	15	-28.737	-90.002	114.01	1054	-5.2987e-003
27	7	-30.589	-90.002	107.48	1054	-9.656e-003
27	22	-27.554	-90.002	108.97	1054	-4.8454e-003
27	13	-29.544	-90.002	111.72	1054	-7.0541e-003
27	3	-32.083	-90.002	112.2	1054	-1.0641e-002
28	1	-32.842	-90.002	117.1	1054	-1.0508e-002
28	15	-28.737	-90.002	114.01	1054	-5.2987e-003
28	13	-29.544	-90.002	111.72	1054	-7.0541e-003
28	3	-32.083	-90.002	112.2	1054	-1.0641e-002
29	130	-6.6575	-90.002	146.08	1057	3.4524e-002
29	129	-7.53	-90.002	149.49	1057	3.4104e-002
29	117	-10.195	-90.002	146.17	1057	2.9447e-002
29	116	-10.495	-90.002	144.48	1057	2.8598e-002
30	110	-12.092	-90.002	143.49	1057	2.605e-002
30	117	-10.195	-90.002	146.17	1057	2.9447e-002
30	116	-10.495	-90.002	144.48	1057	2.8598e-002
31	28	-26.974	-90.002	132.31	1072	1.8207e-003
31	59	-22.444	-90.002	134.49	1072	8.9137e-003
31	43	-24.88	-90.002	136.84	1072	5.9701e-003
31	25	-27.225	-90.002	134.67	1072	2.0406e-003
32	11	-29.679	-90.002	134.8	1072	-1.4804e-003
32	6	-31.401	-90.002	130.16	1072	-5.1334e-003
32	28	-26.974	-90.002	132.31	1072	1.8207e-003
32	25	-27.225	-90.002	134.67	1072	2.0406e-003
33	43	-24.88	-90.002	136.84	1072	5.9701e-003
33	24	-27.268	-90.002	139.13	1072	3.0864e-003
33	11	-29.679	-90.002	134.8	1072	-1.4804e-003
33	25	-27.225	-90.002	134.67	1072	2.0406e-003
34	201	13.107	-90.002	149.08	1102	6.3753e-002
34	209	14.791	-90.002	144.3	1102	6.5062e-002
34	199	12.662	-90.002	145.36	1102	6.2245e-002
35	299	32.942	-90.002	112.85	1127	8.3915e-002
35	274	29.405	-90.002	110.41	1127	7.8202e-002
35	291	31.665	-90.002	108.26	1127	8.0996e-002
35	302	33.464	-90.002	110.57	1127	8.4149e-002
36	311	35.749	-90.002	110.62	1127	8.7489e-002
36	314	36.682	-90.002	115.48	1127	8.9972e-002
36	299	32.942	-90.002	112.85	1127	8.3915e-002
36	302	33.464	-90.002	110.57	1127	8.4149e-002
37	291	31.665	-90.002	108.26	1127	8.0996e-002
37	306	34.084	-90.002	105.95	1127	8.3984e-002
37	311	35.749	-90.002	110.62	1127	8.7489e-002
37	302	33.464	-90.002	110.57	1127	8.4149e-002
38	269	28.361	-90.002	112.15	1129	7.708e-002
38	292	31.755	-90.002	114.24	1129	8.2503e-002
38	300	32.942	-90.002	112.85	1129	8.3915e-002
38	274	29.405	-90.002	110.41	1129	7.8202e-002
39	310	35.46	-90.002	116.52	1129	8.8429e-002
39	292	31.755	-90.002	114.24	1129	8.2503e-002
39	300	32.942	-90.002	112.85	1129	8.3915e-002
39	314	36.682	-90.002	115.48	1129	8.9972e-002
40	249	25.239	-90.002	134.65	1134	7.7843e-002
40	264	27.603	-90.002	136.82	1134	8.1766e-002
40	246	24.829	-90.002	138.5	1134	7.8159e-002
40	236	22.51	-90.002	138.35	1134	7.4783e-002
41	279	29.932	-90.002	138.96	1134	8.563e-002
41	264	27.603	-90.002	136.82	1134	8.1766e-002
41	246	24.829	-90.002	138.5	1134	7.8159e-002
41	243	24.443	-90.002	140.12	1134	7.7983e-002
42	243	24.443	-90.002	140.12	1134	7.7983e-002
42	224	19.581	-90.002	141.16	1134	7.1226e-002
42	236	22.51	-90.002	138.35	1134	7.4783e-002
42	246	24.829	-90.002	138.5	1134	7.8159e-002
43	134	-5.3286	-90.002	85.842	1172	2.1821e-002
43	144	-3.7187	-90.002	85.481	1172	2.4083e-002
43	141	-4.2919	-90.002	87.196	1172	2.3667e-002
44	113	-11.58	-90.002	96.147	1173	1.5231e-002
44	102	-14.602	-90.002	98.106	1173	1.131e-002
44	105	-14.113	-90.002	95.271	1173	1.1319e-002
44	108	-13.159	-90.002	93.87	1173	1.2364e-002
45	88	-17.169	-90.002	100.34	1173	8.1257e-003
45	99	-14.726	-90.002	98.203	1173	1.1153e-002
45	95	-15.545	-90.002	96.249	1173	9.4716e-003
45	93	-16.178	-90.002	96.318	1173	8.5655e-003
46	99	-14.726	-90.002	98.203	1173	1.1153e-002
46	102	-14.602	-90.002	98.106	1173	1.131e-002
46	105	-14.113	-90.002	95.271	1173	1.1319e-002
46	95	-15.545	-90.002	96.249	1173	9.4716e-003
47	98	-14.788	-90.002	94.601	1173	1.0168e-002
47	95	-15.545	-90.002	96.249	1173	9.4716e-003
47	93	-16.178	-90.002	96.318	1173	8.5655e-003
48	98	-14.788	-90.002	94.601	1173	1.0168e-002
48	93	-16.178	-90.002	96.318	1173	8.5655e-003
48	96	-14.944	-90.002	91.296	1173	9.1226e-003
49	98	-14.788	-90.002	94.601	1173	1.0168e-002
49	96	-14.944	-90.002	91.296	1173	9.1226e-003
49	108	-13.159	-90.002	93.87	1173	1.2364e-002
50	98	-14.788	-90.002	94.601	1173	1.0168e-002
50	108	-13.159	-90.002	93.87	1173	1.2364e-002
50	105	-14.113	-90.002	95.271	1173	1.1319e-002
51	98	-14.788	-90.002	94.601	1173	1.0168e-002
51	105	-14.113	-90.002	95.271	1173	1.1319e-002
51	95	-15.545	-90.002	96.249	1173	9.4716e-003
52	45	-24.224	-90.002	110.6	1184	4.3167e-004
52	16	-28.737	-90.002	114.01	1184	-5.2987e-003
52	18	-27.981	-90.002	114.05	1184	-4.183e-003
52	48	-23.809	-90.002	110.63	1184	1.0443e-003
53	1	-32.842	-90.002	117.1	1184	-1.0508e-002
53	16	-28.737	-90.002	114.01	1184	-5.2987e-003
53	18	-27.981	-90.002	114.05	1184	-4.183e-003
53	5	-31.752	-90.002	117.17	1184	-8.9027e-003
54	9	-30.45	-90.002	128.78	1185	-4.0971e-003
54	6	-31.401	-90.002	130.16	1185	-5.1334e-003
54	4	-31.893	-90.002	128.58	1185	-6.2431e-003
55	155	-4.9186e-002	-90.002	147.42	1212	4.4388e-002
55	156	8.971e-002	-90.002	147.72	1212	4.4661e-002
55	157	0.31472	-90.002	147.43	1212	4.4916e-002
56	165	2.7109	-90.002	153.59	1212	4.9849e-002
56	166	3.0035	-90.002	150.3	1212	4.9483e-002
56	158	0.52758	-90.002	149.32	1212	4.5677e-002
56	151	-1.8452	-90.002	150.57	1212	4.256e-002
57	162	1.4381	-90.002	148.45	1212	4.6782e-002
57	157	0.31472	-90.002	147.43	1212	4.4916e-002
57	167	3.2552	-90.002	147.47	1212	4.9171e-002
58	162	1.4381	-90.002	148.45	1212	4.6782e-002
58	167	3.2552	-90.002	147.47	1212	4.9171e-002
58	166	3.0035	-90.002	150.3	1212	4.9483e-002
59	162	1.4381	-90.002	148.45	1212	4.6782e-002
59	166	3.0035	-90.002	150.3	1212	4.9483e-002
59	158	0.52758	-90.002	149.32	1212	4.5677e-002
60	162	1.4381	-90.002	148.45	1212	4.6782e-002
60	158	0.52758	-90.002	149.32	1212	4.5677e-002
60	156	8.971e-002	-90.002	147.72	1212	4.4661e-002
61	162	1.4381	-90.002	148.45	1212	4.6782e-002
61	156	8.971e-002	-90.002	147.72	1212	4.4661e-002
61	157	0.31472	-90.002	147.43	1212	4.4916e-002
62	152	-1.4181	-90.002	148.64	1212	4.2708e-002
62	151	-1.8452	-90.002	150.57	1212	4.256e-002
62	149	-2.2115	-90.002	150.32	1212	4.1971e-002
63	152	-1.4181	-90.002	148.64	1212	4.2708e-002
63	149	-2.2115	-90.002	150.32	1212	4.1971e-002
63	135	-5.0197	-90.002	146.51	1212	3.6992e-002
64	152	-1.4181	-90.002	148.64	1212	4.2708e-002
64	135	-5.0197	-90.002	146.51	1212	3.6992e-002
64	155	-4.9186e-002	-90.002	147.42	1212	4.4388e-002
65	152	-1.4181	-90.002	148.64	1212	4.2708e-002
65	155	-4.9186e-002	-90.002	147.42	1212	4.4388e-002
65	156	8.971e-002	-90.002	147.72	1212	4.4661e-002
66	152	-1.4181	-90.002	148.64	1212	4.2708e-002
66	156	8.971e-002	-90.002	147.72	1212	4.4661e-002
66	158	0.52758	-90.002	149.32	1212	4.5677e-002
67	152	-1.4181	-90.002	148.64	1212	4.2708e-002
67	158	0.52758	-90.002	149.32	1212	4.5677e-002
67	151	-1.8452	-90.002	150.57	1212	4.256e-002
68	194	11.136	-90.002	94.105	1217	4.7875e-002
68	196	12.174	-90.002	92.983	1217	4.9107e-002
68	205	13.598	-90.002	95.081	1217	5.1689e-002
69	285	30.96	-90.002	121.77	1218	8.3088e-002
69	305	33.832	-90.002	119.53	1218	8.6751e-002
69	308	34.797	-90.002	121.96	1218	8.8722e-002
69	304	33.548	-90.002	124.29	1218	8.7443e-002
70	315	36.909	-90.002	117.12	1218	9.0679e-002
70	305	33.832	-90.002	119.53	1218	8.6751e-002
70	308	34.797	-90.002	121.96	1218	8.8722e-002
70	316	36.967	-90.002	122.08	1218	9.191e-002
71	316	36.967	-90.002	122.08	1218	9.191e-002
71	313	36.271	-90.002	126.98	1218	9.2032e-002
71	304	33.548	-90.002	124.29	1218	8.7443e-002
71	308	34.797	-90.002	121.96	1218	8.8722e-002
72	273	29.3	-90.002	123.37	1222	8.1045e-002
72	268	28.333	-90.002	128.03	1222	8.0745e-002
72	281	30.387	-90.002	128.01	1222	8.372e-002
72	294	32.017	-90.002	125.63	1222	8.5529e-002
73	253	26.333	-90.002	132.77	1222	7.8975e-002
73	268	28.333	-90.002	128.03	1222	8.0745e-002
73	281	30.387	-90.002	128.01	1222	8.372e-002
73	282	30.657	-90.002	130.42	1222	8.468e-002
74	309	34.938	-90.002	128.06	1222	9.0345e-002
74	294	32.017	-90.002	125.63	1222	8.5529e-002
74	281	30.387	-90.002	128.01	1222	8.372e-002
74	282	30.657	-90.002	130.42	1222	8.468e-002
75	285	30.96	-90.002	121.77	1224	8.3088e-002
75	273	29.3	-90.002	123.37	1224	8.1045e-002
75	275	29.473	-90.002	120.63	1224	8.0655e-002
76	221	18.696	-90.002	89.227	1234	5.7663e-002
76	220	18.184	-90.002	90.246	1234	5.7168e-002
76	234	22.295	-90.002	92.927	1234	6.3788e-002
76	237	22.879	-90.002	91.89	1234	6.4386e-002
77	252	25.972	-90.002	96.176	1234	6.9904e-002
77	234	22.295	-90.002	92.927	1234	6.3788e-002
77	237	22.879	-90.002	91.89	1234	6.4386e-002
77	255	26.603	-90.002	95.154	1234	7.0577e-002
78	9	-30.45	-90.002	128.78	1284	-4.0971e-003
78	31	-26.321	-90.002	130.95	1284	2.4293e-003
78	29	-26.974	-90.002	132.31	1284	1.8207e-003
78	6	-31.401	-90.002	130.16	1284	-5.1334e-003
79	60	-22.067	-90.002	133.15	1284	9.1308e-003
79	31	-26.321	-90.002	130.95	1284	2.4293e-003
79	29	-26.974	-90.002	132.31	1284	1.8207e-003
79	59	-22.444	-90.002	134.49	1284	8.9137e-003
80	78	-18.99	-90.002	102.3	1291	5.9674e-003
80	62	-21.397	-90.002	105.6	1291	3.2919e-003
80	58	-22.737	-90.002	105.43	1291	1.2921e-003
80	63	-21.217	-90.002	102.2	1291	2.6917e-003
81	51	-23.605	-90.002	110.09	1291	1.2056e-003
81	62	-21.397	-90.002	105.6	1291	3.2919e-003
81	58	-22.737	-90.002	105.43	1291	1.2921e-003
81	47	-24.021	-90.002	109.98	1291	5.703e-004
82	38	-25.28	-90.002	103.92	1292	-2.8028e-003
82	63	-21.217	-90.002	102.2	1292	2.6917e-003
82	57	-22.737	-90.002	105.43	1292	1.2921e-003
82	42	-25.037	-90.002	105.63	1292	-2.0142e-003
83	27	-27.158	-90.002	107.86	1292	-4.5467e-003
83	10	-30.011	-90.002	105.94	1292	-9.2025e-003
83	38	-25.28	-90.002	103.92	1292	-2.8028e-003
83	42	-25.037	-90.002	105.63	1292	-2.0142e-003
84	57	-22.737	-90.002	105.43	1292	1.2921e-003
84	47	-24.021	-90.002	109.98	1292	5.703e-004
84	27	-27.158	-90.002	107.86	1292	-4.5467e-003
84	42	-25.037	-90.002	105.63	1292	-2.0142e-003
85	45	-24.224	-90.002	110.6	1293	4.3167e-004
85	22	-27.554	-90.002	108.97	1293	-4.8454e-003
85	26	-27.158	-90.002	107.86	1293	-4.5467e-003
85	47	-24.021	-90.002	109.98	1293	5.703e-004
86	7	-30.589	-90.002	107.48	1293	-9.656e-003
86	22	-27.554	-90.002	108.97	1293	-4.8454e-003
86	26	-27.158	-90.002	107.86	1293	-4.5467e-003
86	10	-30.011	-90.002	105.94	1293	-9.2025e-003
87	4	-31.893	-90.002	128.58	1300	-6.2431e-003
87	9	-30.45	-90.002	128.78	1300	-4.0971e-003
87	19	-27.847	-90.002	126.17	1300	-9.6241e-004
87	14	-29.112	-90.002	125.85	1300	-2.8806e-003
88	41	-25.207	-90.002	123.54	1300	2.2274e-003
88	19	-27.847	-90.002	126.17	1300	-9.6241e-004
88	14	-29.112	-90.002	125.85	1300	-2.8806e-003
88	32	-26.312	-90.002	123.11	1300	5.1319e-004
89	259	27.185	-90.002	133.3	1342	8.0332e-002
89	288	31.581	-90.002	130.94	1342	8.6144e-002
89	293	31.93	-90.002	133.27	1342	8.7195e-002
89	277	29.684	-90.002	135.52	1342	8.447e-002
90	312	35.955	-90.002	128.6	1342	9.1947e-002
90	288	31.581	-90.002	130.94	1342	8.6144e-002
90	293	31.93	-90.002	133.27	1342	8.7195e-002
90	307	34.4	-90.002	133.31	1342	9.0783e-002
91	307	34.4	-90.002	133.31	1342	9.0783e-002
91	296	32.15	-90.002	137.72	1342	8.8549e-002
91	277	29.684	-90.002	135.52	1342	8.447e-002
91	293	31.93	-90.002	133.27	1342	8.7195e-002
92	151	-1.8452	-90.002	150.57	1369	4.256e-002
92	150	-1.9103	-90.002	150.65	1369	4.2486e-002
92	149	-2.2115	-90.002	150.32	1369	4.1971e-002
93	163	2.0246	-90.002	154.99	1369	4.9198e-002
93	150	-1.9103	-90.002	150.65	1369	4.2486e-002
93	151	-1.8452	-90.002	150.57	1369	4.256e-002
93	165	2.7109	-90.002	153.59	1369	4.9849e-002
94	245	24.765	-90.002	146.54	1372	7.994e-002
94	241	23.521	-90.002	147.62	1372	7.8399e-002
94	239	23.427	-90.002	146.17	1372	7.7929e-002
95	224	19.581	-90.002	141.16	1415	7.1226e-002
95	230	21.388	-90.002	143.52	1415	7.4375e-002
95	242	24.223	-90.002	142.15	1415	7.814e-002
95	244	24.443	-90.002	140.12	1415	7.7983e-002
96	239	23.427	-90.002	146.17	1415	7.7929e-002
96	230	21.388	-90.002	143.52	1415	7.4375e-002
96	242	24.223	-90.002	142.15	1415	7.814e-002
96	256	26.941	-90.002	142.8	1415	8.2209e-002
97	279	29.932	-90.002	138.96	1415	8.563e-002
97	244	24.443	-90.002	140.12	1415	7.7983e-002
97	242	24.223	-90.002	142.15	1415	7.814e-002
97	256	26.941	-90.002	142.8	1415	8.2209e-002
98	32	-26.312	-90.002	123.11	1442	5.1319e-004
98	36	-25.373	-90.002	121.58	1442	1.5041e-003
98	41	-25.207	-90.002	123.54	1442	2.2274e-003
99	78	-18.99	-90.002	102.3	1453	5.9674e-003
99	64	-21.156	-90.002	100.07	1453	2.2416e-003
99	56	-22.885	-90.002	100.04	1453	-2.8821e-004
99	63	-21.217	-90.002	102.2	1453	2.6917e-003
100	50	-23.617	-90.002	97.533	1453	-1.9847e-003
100	64	-21.156	-90.002	100.07	1453	2.2416e-003
100	56	-22.885	-90.002	100.04	1453	-2.8821e-004
100	44	-24.757	-90.002	97.566	1453	-3.6398e-003
101	50	-23.617	-90.002	97.533	1459	-1.9847e-003
101	44	-24.757	-90.002	97.566	1459	-3.6398e-003
101	49	-23.708	-90.002	96.293	1459	-2.4261e-003
102	50	-23.617	-90.002	97.533	1460	-1.9847e-003
102	49	-23.708	-90.002	96.293	1460	-2.4261e-003
102	61	-22.047	-90.002	96.947	1460	1.6151e-004
103	78	-18.99	-90.002	102.3	1461	5.9674e-003
103	88	-17.169	-90.002	100.34	1461	8.1257e-003
103	76	-19.339	-90.002	98.832	1461	4.5826e-003
103	65	-21.156	-90.002	100.07	1461	2.2416e-003
104	50	-23.617	-90.002	97.533	1461	-1.9847e-003
104	65	-21.156	-90.002	100.07	1461	2.2416e-003
104	76	-19.339	-90.002	98.832	1461	4.5826e-003
104	61	-22.047	-90.002	96.947	1461	1.6151e-004
105	145	-3.2462	-90.002	91.92	1467	2.6359e-002
105	143	-4.0154	-90.002	91.185	1467	2.5054e-002
105	147	-2.3403	-90.002	90.107	1467	2.7236e-002
106	145	-3.2462	-90.002	91.92	1467	2.6359e-002
106	147	-2.3403	-90.002	90.107	1467	2.7236e-002
106	154	-0.62363	-90.002	92.674	1467	3.0377e-002
107	145	-3.2462	-90.002	91.92	1467	2.6359e-002
107	154	-0.62363	-90.002	92.674	1467	3.0377e-002
107	137	-4.6633	-90.002	93.328	1467	2.4637e-002
108	145	-3.2462	-90.002	91.92	1467	2.6359e-002
108	137	-4.6633	-90.002	93.328	1467	2.4637e-002
108	139	-4.5884	-90.002	92.305	1467	2.4493e-002
109	145	-3.2462	-90.002	91.92	1467	2.6359e-002
109	139	-4.5884	-90.002	92.305	1467	2.4493e-002
109	143	-4.0154	-90.002	91.185	1467	2.5054e-002
110	140	-4.4417	-90.002	90.216	1467	2.4193e-002
110	136	-5.0021	-90.002	91.436	1467	2.3675e-002
110	132	-6.5589	-90.002	91.154	1467	2.1331e-002
111	140	-4.4417	-90.002	90.216	1467	2.4193e-002
111	132	-6.5589	-90.002	91.154	1467	2.1331e-002
111	141	-4.2919	-90.002	87.196	1467	2.3667e-002
112	140	-4.4417	-90.002	90.216	1467	2.4193e-002
112	141	-4.2919	-90.002	87.196	1467	2.3667e-002
112	147	-2.3403	-90.002	90.107	1467	2.7236e-002
113	140	-4.4417	-90.002	90.216	1467	2.4193e-002
113	147	-2.3403	-90.002	90.107	1467	2.7236e-002
113	143	-4.0154	-90.002	91.185	1467	2.5054e-002
114	140	-4.4417	-90.002	90.216	1467	2.4193e-002
114	143	-4.0154	-90.002	91.185	1467	2.5054e-002
114	136	-5.0021	-90.002	91.436	1467	2.3675e-002
115	133	-5.8744	-90.002	92.576	1467	2.2682e-002
115	139	-4.5884	-90.002	92.305	1467	2.4493e-002
115	137	-4.6633	-90.002	93.328	1467	2.4637e-002
116	133	-5.8744	-90.002	92.576	1467	2.2682e-002
116	137	-4.6633	-90.002	93.328	1467	2.4637e-002
116	125	-8.5594	-90.002	94.656	1467	1.9272e-002
117	133	-5.8744	-90.002	92.576	1467	2.2682e-002
117	125	-8.5594	-90.002	94.656	1467	1.9272e-002
117	132	-6.5589	-90.002	91.154	1467	2.1331e-002
118	133	-5.8744	-90.002	92.576	1467	2.2682e-002
118	132	-6.5589	-90.002	91.154	1467	2.1331e-002
118	136	-5.0021	-90.002	91.436	1467	2.3675e-002
119	133	-5.8744	-90.002	92.576	1467	2.2682e-002
119	136	-5.0021	-90.002	91.436	1467	2.3675e-002
119	139	-4.5884	-90.002	92.305	1467	2.4493e-002
120	139	-4.5884	-90.002	92.305	1467	2.4493e-002
120	136	-5.0021	-90.002	91.436	1467	2.3675e-002
120	143	-4.0154	-90.002	91.185	1467	2.5054e-002
121	101	-14.615	-90.002	89.219	1472	9.0912e-003
121	109	-12.869	-90.002	90.243	1472	1.1894e-002
121	122	-8.6841	-90.002	88.427	1472	1.7557e-002
121	119	-10.098	-90.002	87.174	1472	1.5184e-002
122	141	-4.2919	-90.002	87.196	1472	2.3667e-002
122	122	-8.6841	-90.002	88.427	1472	1.7557e-002
122	119	-10.098	-90.002	87.174	1472	1.5184e-002
122	134	-5.3286	-90.002	85.842	1472	2.1821e-002
123	159	0.73719	-90.002	90.924	1483	3.1933e-002
123	153	-1.3916	-90.002	88.322	1483	2.8181e-002
123	160	1.0489	-90.002	87.174	1483	3.1461e-002
123	168	3.3289	-90.002	88.209	1483	3.5044e-002
124	144	-3.7187	-90.002	85.481	1483	2.4083e-002
124	153	-1.3916	-90.002	88.322	1483	2.8181e-002
124	160	1.0489	-90.002	87.174	1483	3.1461e-002
124	161	1.2176	-90.002	85.013	1483	3.1174e-002
125	161	1.2176	-90.002	85.013	1483	3.1174e-002
125	173	6.1614	-90.002	85.302	1483	3.8456e-002
125	168	3.3289	-90.002	88.209	1483	3.5044e-002
125	160	1.0489	-90.002	87.174	1483	3.1461e-002
126	159	0.73719	-90.002	90.924	1484	3.1933e-002
126	153	-1.3916	-90.002	88.322	1484	2.8181e-002
126	148	-2.3403	-90.002	90.107	1484	2.7236e-002
126	154	-0.62363	-90.002	92.674	1484	3.0377e-002
127	144	-3.7187	-90.002	85.481	1484	2.4083e-002
127	153	-1.3916	-90.002	88.322	1484	2.8181e-002
127	148	-2.3403	-90.002	90.107	1484	2.7236e-002
127	141	-4.2919	-90.002	87.196	1484	2.3667e-002
128	188	9.2434	-90.002	90.571	1485	4.4248e-002
128	194	11.136	-90.002	94.105	1485	4.7875e-002
128	178	6.8885	-90.002	92.933	1485	4.1402e-002
128	179	6.9717	-90.002	91.088	1485	4.1067e-002
129	171	4.8072	-90.002	89.82	1485	3.7598e-002
129	180	7.202	-90.002	86.783	1485	4.0338e-002
129	188	9.2434	-90.002	90.571	1485	4.4248e-002
129	179	6.9717	-90.002	91.088	1485	4.1067e-002
130	178	6.8885	-90.002	92.933	1485	4.1402e-002
130	164	2.6704	-90.002	92.534	1485	3.5152e-002
130	171	4.8072	-90.002	89.82	1485	3.7598e-002
130	179	6.9717	-90.002	91.088	1485	4.1067e-002
131	259	27.185	-90.002	133.3	1511	8.0332e-002
131	254	26.449	-90.002	134.72	1511	7.9604e-002
131	271	28.894	-90.002	136.94	1511	8.3659e-002
131	276	29.684	-90.002	135.52	1511	8.447e-002
132	296	32.15	-90.002	137.72	1511	8.8549e-002
132	276	29.684	-90.002	135.52	1511	8.447e-002
132	271	28.894	-90.002	136.94	1511	8.3659e-002
132	287	31.325	-90.002	139.15	1511	8.7687e-002
133	96	-14.944	-90.002	91.296	1536	9.1226e-003
133	94	-16.021	-90.002	90.083	1536	7.2521e-003
133	73	-20.1	-90.002	92.891	1536	1.9935e-003
133	79	-18.687	-90.002	93.88	1536	4.2997e-003
134	49	-23.708	-90.002	96.293	1536	-2.4261e-003
134	61	-22.047	-90.002	96.947	1536	1.6151e-004
134	79	-18.687	-90.002	93.88	1536	4.2997e-003
134	73	-20.1	-90.002	92.891	1536	1.9935e-003
135	238	23.04	-90.002	102.31	1553	6.7095e-002
135	262	27.514	-90.002	103.88	1553	7.3951e-002
135	265	27.642	-90.002	105.76	1553	7.4571e-002
135	250	25.563	-90.002	105.77	1553	7.1554e-002
136	298	32.404	-90.002	105.6	1553	8.1458e-002
136	262	27.514	-90.002	103.88	1553	7.3951e-002
136	265	27.642	-90.002	105.76	1553	7.4571e-002
136	278	29.825	-90.002	107.7	1553	7.8191e-002
137	278	29.825	-90.002	107.7	1553	7.8191e-002
137	260	27.455	-90.002	109.62	1553	7.5185e-002
137	250	25.563	-90.002	105.77	1553	7.1554e-002
137	265	27.642	-90.002	105.76	1553	7.4571e-002
138	254	26.449	-90.002	134.72	1560	7.9604e-002
138	249	25.239	-90.002	134.65	1560	7.7843e-002
138	264	27.603	-90.002	136.82	1560	8.1766e-002
138	270	28.894	-90.002	136.94	1560	8.3659e-002
139	287	31.325	-90.002	139.15	1560	8.7687e-002
139	270	28.894	-90.002	136.94	1560	8.3659e-002
139	264	27.603	-90.002	136.82	1560	8.1766e-002
139	279	29.932	-90.002	138.96	1560	8.563e-002
140	298	32.404	-90.002	105.6	1562	8.1458e-002
140	301	33.339	-90.002	104.48	1562	8.2557e-002
140	284	30.877	-90.002	100.18	1562	7.7974e-002
140	280	30.058	-90.002	101.5	1562	7.7093e-002
141	266	27.785	-90.002	96.305	1562	7.2568e-002
141	258	27.158	-90.002	97.759	1562	7.2002e-002
141	280	30.058	-90.002	101.5	1562	7.7093e-002
141	284	30.877	-90.002	100.18	1562	7.7974e-002
142	196	12.174	-90.002	92.983	1563	4.9107e-002
142	207	14.625	-90.002	90.794	1563	5.2132e-002
142	197	12.444	-90.002	88.909	1563	4.8496e-002
142	192	10.051	-90.002	89.339	1563	4.5119e-002
143	215	17.204	-90.002	88.523	1563	5.5323e-002
143	207	14.625	-90.002	90.794	1563	5.2132e-002
143	197	12.444	-90.002	88.909	1563	4.8496e-002
143	198	12.622	-90.002	86.644	1563	4.8198e-002
144	185	7.8012	-90.002	85.484	1563	4.089e-002
144	192	10.051	-90.002	89.339	1563	4.5119e-002
144	197	12.444	-90.002	88.909	1563	4.8496e-002
144	198	12.622	-90.002	86.644	1563	4.8198e-002
145	228	21.146	-90.002	100.29	1564	6.3882e-002
145	218	17.642	-90.002	97.36	1564	5.8106e-002
145	219	17.763	-90.002	95.17	1564	5.7752e-002
145	226	19.724	-90.002	95.456	1564	6.0665e-002
146	205	13.598	-90.002	95.081	1564	5.1689e-002
146	218	17.642	-90.002	97.36	1564	5.8106e-002
146	219	17.763	-90.002	95.17	1564	5.7752e-002
146	212	15.823	-90.002	92.734	1564	5.4347e-002
147	212	15.823	-90.002	92.734	1564	5.4347e-002
147	220	18.184	-90.002	90.246	1564	5.7168e-002
147	226	19.724	-90.002	95.456	1564	6.0665e-002
147	219	17.763	-90.002	95.17	1564	5.7752e-002
148	228	21.146	-90.002	100.29	1570	6.3882e-002
148	240	23.471	-90.002	98.309	1570	6.6781e-002
148	233	21.844	-90.002	95.571	1570	6.3769e-002
148	227	19.724	-90.002	95.456	1570	6.0665e-002
149	252	25.972	-90.002	96.176	1570	6.9904e-002
149	240	23.471	-90.002	98.309	1570	6.6781e-002
149	233	21.844	-90.002	95.571	1570	6.3769e-002
149	235	22.295	-90.002	92.927	1570	6.3788e-002
150	220	18.184	-90.002	90.246	1570	5.7168e-002
150	227	19.724	-90.002	95.456	1570	6.0665e-002
150	233	21.844	-90.002	95.571	1570	6.3769e-002
150	235	22.295	-90.002	92.927	1570	6.3788e-002
151	285	30.96	-90.002	121.77	1576	8.3088e-002
151	273	29.3	-90.002	123.37	1576	8.1045e-002
151	295	32.017	-90.002	125.63	1576	8.5529e-002
151	303	33.548	-90.002	124.29	1576	8.7443e-002
152	313	36.271	-90.002	126.98	1576	9.2032e-002
152	303	33.548	-90.002	124.29	1576	8.7443e-002
152	295	32.017	-90.002	125.63	1576	8.5529e-002
152	309	34.938	-90.002	128.06	1576	9.0345e-002
153	201	13.107	-90.002	149.08	1603	6.3753e-002
153	203	13.174	-90.002	149.2	1603	6.3879e-002
153	202	13.118	-90.002	149.23	1603	6.3803e-002
154	210	14.916	-90.002	152.48	1603	6.7151e-002
154	203	13.174	-90.002	149.2	1603	6.3879e-002
154	202	13.118	-90.002	149.23	1603	6.3803e-002
154	204	13.388	-90.002	153.1	1603	6.5097e-002
155	298	32.404	-90.002	105.6	1607	8.1458e-002
155	301	33.339	-90.002	104.48	1607	8.2557e-002
155	306	34.084	-90.002	105.95	1607	8.3984e-002
156	260	27.455	-90.002	109.62	1612	7.5185e-002
156	278	29.825	-90.002	107.7	1612	7.8191e-002
156	290	31.665	-90.002	108.26	1612	8.0996e-002
156	274	29.405	-90.002	110.41	1612	7.8202e-002
157	298	32.404	-90.002	105.6	1612	8.1458e-002
157	278	29.825	-90.002	107.7	1612	7.8191e-002
157	290	31.665	-90.002	108.26	1612	8.0996e-002
157	306	34.084	-90.002	105.95	1612	8.3984e-002
158	274	29.405	-90.002	110.41	1613	7.8202e-002
158	269	28.361	-90.002	112.15	1613	7.708e-002
158	260	27.455	-90.002	109.62	1613	7.5185e-002
159	287	31.325	-90.002	139.15	1616	8.7687e-002
159	279	29.932	-90.002	138.96	1616	8.563e-002
159	257	26.941	-90.002	142.8	1616	8.2209e-002
159	267	28.326	-90.002	143.1	1616	8.4274e-002
160	239	23.427	-90.002	146.17	1616	7.7929e-002
160	257	26.941	-90.002	142.8	1616	8.2209e-002
160	267	28.326	-90.002	143.1	1616	8.4274e-002
160	245	24.765	-90.002	146.54	1616	7.994e-002
161	47	-24.021	-90.002	109.98	1683	5.703e-004
161	48	-23.809	-90.002	110.63	1683	1.0443e-003
161	45	-24.224	-90.002	110.6	1683	4.3167e-004
162	51	-23.605	-90.002	110.09	1684	1.2056e-003
162	48	-23.809	-90.002	110.63	1684	1.0443e-003
162	47	-24.021	-90.002	109.98	1684	5.703e-004
163	33	-26.291	-90.002	140.46	1687	4.8293e-003
163	24	-27.268	-90.002	139.13	1687	3.0864e-003
163	35	-25.697	-90.002	139.38	1687	5.4178e-003
164	66	-21.126	-90.002	134.77	1688	1.0884e-002
164	52	-23.442	-90.002	137.1	1688	8.1129e-003
164	43	-24.88	-90.002	136.84	1688	5.9701e-003
164	59	-22.444	-90.002	134.49	1688	8.9137e-003
165	35	-25.697	-90.002	139.38	1688	5.4178e-003
165	52	-23.442	-90.002	137.1	1688	8.1129e-003
165	43	-24.88	-90.002	136.84	1688	5.9701e-003
165	24	-27.268	-90.002	139.13	1688	3.0864e-003
166	35	-25.697	-90.002	139.38	1689	5.4178e-003
166	53	-23.442	-90.002	137.1	1689	8.1129e-003
166	69	-20.826	-90.002	138.72	1689	1.2286e-002
166	71	-20.457	-90.002	140.55	1689	1.3272e-002
167	66	-21.126	-90.002	134.77	1689	1.0884e-002
167	53	-23.442	-90.002	137.1	1689	8.1129e-003
167	69	-20.826	-90.002	138.72	1689	1.2286e-002
167	81	-18.349	-90.002	138.46	1689	1.5795e-002
168	100	-14.667	-90.002	141.83	1689	2.1932e-002
168	71	-20.457	-90.002	140.55	1689	1.3272e-002
168	69	-20.826	-90.002	138.72	1689	1.2286e-002
168	81	-18.349	-90.002	138.46	1689	1.5795e-002
169	127	-7.6585	-90.002	149.75	1711	3.3982e-002
169	129	-7.53	-90.002	149.49	1711	3.4104e-002
169	128	-7.5452	-90.002	149.78	1711	3.4152e-002
170	126	-7.7502	-90.002	153.54	1711	3.4779e-002
170	128	-7.5452	-90.002	149.78	1711	3.4152e-002
170	127	-7.6585	-90.002	149.75	1711	3.3982e-002
170	121	-9.3377	-90.002	153.1	1711	3.2385e-002
171	138	-4.6543	-90.002	150.43	1712	3.8476e-002
171	128	-7.5452	-90.002	149.78	1712	3.4152e-002
171	129	-7.53	-90.002	149.49	1712	3.4104e-002
172	138	-4.6543	-90.002	150.43	1712	3.8476e-002
172	129	-7.53	-90.002	149.49	1712	3.4104e-002
172	149	-2.2115	-90.002	150.32	1712	4.1971e-002
173	138	-4.6543	-90.002	150.43	1712	3.8476e-002
173	149	-2.2115	-90.002	150.32	1712	4.1971e-002
173	150	-1.9103	-90.002	150.65	1712	4.2486e-002
174	138	-4.6543	-90.002	150.43	1712	3.8476e-002
174	150	-1.9103	-90.002	150.65	1712	4.2486e-002
174	142	-4.0746	-90.002	151.89	1712	3.9667e-002
175	138	-4.6543	-90.002	150.43	1712	3.8476e-002
175	142	-4.0746	-90.002	151.89	1712	3.9667e-002
175	128	-7.5452	-90.002	149.78	1712	3.4152e-002
176	146	-2.9214	-90.002	154.64	1712	4.1996e-002
176	126	-7.7502	-90.002	153.54	1712	3.4779e-002
176	128	-7.5452	-90.002	149.78	1712	3.4152e-002
176	142	-4.0746	-90.002	151.89	1712	3.9667e-002
177	150	-1.9103	-90.002	150.65	1712	4.2486e-002
177	163	2.0246	-90.002	154.99	1712	4.9198e-002
177	146	-2.9214	-90.002	154.64	1712	4.1996e-002
177	142	-4.0746	-90.002	151.89	1712	3.9667e-002
178	110	-12.092	-90.002	143.49	1748	2.605e-002
178	103	-14.269	-90.002	142.62	1748	2.27e-002
178	104	-14.262	-90.002	142.14	1748	2.2592e-002
179	129	-7.53	-90.002	149.49	1749	3.4104e-002
179	127	-7.6585	-90.002	149.75	1749	3.3982e-002
179	120	-10.012	-90.002	147.44	1749	3.0023e-002
179	118	-10.195	-90.002	146.17	1749	2.9447e-002
180	121	-9.3377	-90.002	153.1	1749	3.2385e-002
180	127	-7.6585	-90.002	149.75	1749	3.3982e-002
180	120	-10.012	-90.002	147.44	1749	3.0023e-002
180	111	-11.689	-90.002	148.1	1749	2.7772e-002
181	112	-11.651	-90.002	145.56	1749	2.7199e-002
181	103	-14.269	-90.002	142.62	1749	2.27e-002
181	110	-12.092	-90.002	143.49	1749	2.605e-002
182	112	-11.651	-90.002	145.56	1749	2.7199e-002
182	110	-12.092	-90.002	143.49	1749	2.605e-002
182	118	-10.195	-90.002	146.17	1749	2.9447e-002
183	112	-11.651	-90.002	145.56	1749	2.7199e-002
183	118	-10.195	-90.002	146.17	1749	2.9447e-002
183	120	-10.012	-90.002	147.44	1749	3.0023e-002
184	112	-11.651	-90.002	145.56	1749	2.7199e-002
184	120	-10.012	-90.002	147.44	1749	3.0023e-002
184	111	-11.689	-90.002	148.1	1749	2.7772e-002
185	112	-11.651	-90.002	145.56	1749	2.7199e-002
185	111	-11.689	-90.002	148.1	1749	2.7772e-002
185	103	-14.269	-90.002	142.62	1749	2.27e-002
186	91	-16.278	-90.002	145.72	1750	2.0572e-002
186	103	-14.269	-90.002	142.62	1750	2.27e-002
186	111	-11.689	-90.002	148.1	1750	2.7772e-002
186	106	-13.977	-90.002	148.41	1750	2.4552e-002
187	107	-13.902	-90.002	151.16	1750	2.5338e-002
187	83	-18.112	-90.002	148.55	1750	1.8631e-002
187	91	-16.278	-90.002	145.72	1750	2.0572e-002
187	106	-13.977	-90.002	148.41	1750	2.4552e-002
188	111	-11.689	-90.002	148.1	1750	2.7772e-002
188	121	-9.3377	-90.002	153.1	1750	3.2385e-002
188	107	-13.902	-90.002	151.16	1750	2.5338e-002
188	106	-13.977	-90.002	148.41	1750	2.4552e-002
189	193	10.965	-90.002	145.9	1760	5.9924e-002
189	201	13.107	-90.002	149.08	1760	6.3753e-002
189	199	12.662	-90.002	145.36	1760	6.2245e-002
190	165	2.7109	-90.002	153.59	1762	4.9849e-002
190	184	7.3848	-90.002	153.09	1762	5.6459e-002
190	187	8.5958	-90.002	154.38	1762	5.8505e-002
190	169	3.6719	-90.002	154.9	1762	5.1546e-002
191	195	11.943	-90.002	151.95	1762	6.2749e-002
191	184	7.3848	-90.002	153.09	1762	5.6459e-002
191	187	8.5958	-90.002	154.38	1762	5.8505e-002
191	204	13.388	-90.002	153.1	1762	6.5097e-002
192	195	11.943	-90.002	151.95	1763	6.2749e-002
192	204	13.388	-90.002	153.1	1763	6.5097e-002
192	202	13.118	-90.002	149.23	1763	6.3803e-002
192	200	13.063	-90.002	149.19	1763	6.3716e-002
193	201	13.107	-90.002	149.08	1763	6.3753e-002
193	202	13.118	-90.002	149.23	1763	6.3803e-002
193	200	13.063	-90.002	149.19	1763	6.3716e-002
194	259	27.185	-90.002	133.3	1769	8.0332e-002
194	289	31.581	-90.002	130.94	1769	8.6144e-002
194	283	30.657	-90.002	130.42	1769	8.468e-002
194	253	26.333	-90.002	132.77	1769	7.8975e-002
195	312	35.955	-90.002	128.6	1769	9.1947e-002
195	289	31.581	-90.002	130.94	1769	8.6144e-002
195	283	30.657	-90.002	130.42	1769	8.468e-002
195	309	34.938	-90.002	128.06	1769	9.0345e-002
196	313	36.271	-90.002	126.98	1770	9.2032e-002
196	312	35.955	-90.002	128.6	1770	9.1947e-002
196	309	34.938	-90.002	128.06	1770	9.0345e-002
197	159	0.73719	-90.002	90.924	1771	3.1933e-002
197	164	2.6704	-90.002	92.534	1771	3.5152e-002
197	154	-0.62363	-90.002	92.674	1771	3.0377e-002
198	224	19.581	-90.002	141.16	1775	7.1226e-002
198	214	16.311	-90.002	143.48	1775	6.7061e-002
198	213	16.267	-90.002	144.11	1775	6.7144e-002
198	225	19.609	-90.002	143.36	1775	7.1779e-002
199	213	16.267	-90.002	144.11	1775	6.7144e-002
199	209	14.791	-90.002	144.3	1775	6.5062e-002
199	214	16.311	-90.002	143.48	1775	6.7061e-002
200	224	19.581	-90.002	141.16	1776	7.1226e-002
200	229	21.388	-90.002	143.52	1776	7.4375e-002
200	232	21.458	-90.002	145.37	1776	7.4909e-002
200	225	19.609	-90.002	143.36	1776	7.1779e-002
201	239	23.427	-90.002	146.17	1776	7.7929e-002
201	229	21.388	-90.002	143.52	1776	7.4375e-002
201	232	21.458	-90.002	145.37	1776	7.4909e-002
201	241	23.521	-90.002	147.62	1776	7.8399e-002
202	238	23.04	-90.002	102.31	1812	6.7095e-002
202	263	27.514	-90.002	103.88	1812	7.3951e-002
202	261	27.513	-90.002	101.82	1812	7.3471e-002
202	248	25.009	-90.002	100.13	1812	6.9442e-002
203	298	32.404	-90.002	105.6	1812	8.1458e-002
203	263	27.514	-90.002	103.88	1812	7.3951e-002
203	261	27.513	-90.002	101.82	1812	7.3471e-002
203	280	30.058	-90.002	101.5	1812	7.7093e-002
204	258	27.158	-90.002	97.759	1812	7.2002e-002
204	248	25.009	-90.002	100.13	1812	6.9442e-002
204	261	27.513	-90.002	101.82	1812	7.3471e-002
204	280	30.058	-90.002	101.5	1812	7.7093e-002
205	84	-17.717	-90.002	97.835	1816	6.6995e-003
205	77	-19.339	-90.002	98.832	1816	4.5826e-003
205	88	-17.169	-90.002	100.34	1816	8.1257e-003
206	84	-17.717	-90.002	97.835	1816	6.6995e-003
206	88	-17.169	-90.002	100.34	1816	8.1257e-003
206	92	-16.178	-90.002	96.318	1816	8.5655e-003
207	84	-17.717	-90.002	97.835	1816	6.6995e-003
207	92	-16.178	-90.002	96.318	1816	8.5655e-003
207	85	-17.373	-90.002	96.383	1816	6.8388e-003
208	84	-17.717	-90.002	97.835	1816	6.6995e-003
208	85	-17.373	-90.002	96.383	1816	6.8388e-003
208	80	-18.525	-90.002	97.299	1816	5.3874e-003
209	84	-17.717	-90.002	97.835	1816	6.6995e-003
209	80	-18.525	-90.002	97.299	1816	5.3874e-003
209	77	-19.339	-90.002	98.832	1816	4.5826e-003
210	80	-18.525	-90.002	97.299	1816	5.3874e-003
210	82	-18.139	-90.002	96.073	1816	5.6449e-003
210	85	-17.373	-90.002	96.383	1816	6.8388e-003
211	89	-17.064	-90.002	94.79	1816	6.8933e-003
211	79	-18.687	-90.002	93.88	1816	4.2997e-003
211	96	-14.944	-90.002	91.296	1816	9.1226e-003
212	89	-17.064	-90.002	94.79	1816	6.8933e-003
212	96	-14.944	-90.002	91.296	1816	9.1226e-003
212	92	-16.178	-90.002	96.318	1816	8.5655e-003
213	89	-17.064	-90.002	94.79	1816	6.8933e-003
213	92	-16.178	-90.002	96.318	1816	8.5655e-003
213	85	-17.373	-90.002	96.383	1816	6.8388e-003
214	89	-17.064	-90.002	94.79	1816	6.8933e-003
214	85	-17.373	-90.002	96.383	1816	6.8388e-003
214	82	-18.139	-90.002	96.073	1816	5.6449e-003
215	89	-17.064	-90.002	94.79	1816	6.8933e-003
215	82	-18.139	-90.002	96.073	1816	5.6449e-003
215	79	-18.687	-90.002	93.88	1816	4.2997e-003
216	75	-19.347	-90.002	96.606	1816	4.0147e-003
216	79	-18.687	-90.002	93.88	1816	4.2997e-003
216	61	-22.047	-90.002	96.947	1816	1.6151e-004
217	75	-19.347	-90.002	96.606	1816	4.0147e-003
217	61	-22.047	-90.002	96.947	1816	1.6151e-004
217	77	-19.339	-90.002	98.832	1816	4.5826e-003
218	75	-19.347	-90.002	96.606	1816	4.0147e-003
218	77	-19.339	-90.002	98.832	1816	4.5826e-003
218	80	-18.525	-90.002	97.299	1816	5.3874e-003
219	75	-19.347	-90.002	96.606	1816	4.0147e-003
219	80	-18.525	-90.002	97.299	1816	5.3874e-003
219	82	-18.139	-90.002	96.073	1816	5.6449e-003
220	75	-19.347	-90.002	96.606	1816	4.0147e-003
220	82	-18.139	-90.002	96.073	1816	5.6449e-003
220	79	-18.687	-90.002	93.88	1816	4.2997e-003
221	131	-6.5589	-90.002	91.154	1818	2.1331e-002
221	125	-8.5594	-90.002	94.656	1818	1.9272e-002
221	115	-10.582	-90.002	92.583	1818	1.5809e-002
221	124	-8.6146	-90.002	90.747	1818	1.8229e-002
222	123	-8.6841	-90.002	88.427	1818	1.7557e-002
222	141	-4.2919	-90.002	87.196	1818	2.3667e-002
222	131	-6.5589	-90.002	91.154	1818	2.1331e-002
222	124	-8.6146	-90.002	90.747	1818	1.8229e-002
223	115	-10.582	-90.002	92.583	1818	1.5809e-002
223	109	-12.869	-90.002	90.243	1818	1.1894e-002
223	123	-8.6841	-90.002	88.427	1818	1.7557e-002
223	124	-8.6146	-90.002	90.747	1818	1.8229e-002
224	272	29.288	-90.002	116.35	1898	7.9393e-002
224	269	28.361	-90.002	112.15	1898	7.708e-002
224	292	31.755	-90.002	114.24	1898	8.2503e-002
224	286	31.145	-90.002	116.41	1898	8.2114e-002
225	297	32.337	-90.002	118.67	1898	8.4373e-002
225	275	29.473	-90.002	120.63	1898	8.0655e-002
225	272	29.288	-90.002	116.35	1898	7.9393e-002
225	286	31.145	-90.002	116.41	1898	8.2114e-002
226	292	31.755	-90.002	114.24	1898	8.2503e-002
226	310	35.46	-90.002	116.52	1898	8.8429e-002
226	297	32.337	-90.002	118.67	1898	8.4373e-002
226	286	31.145	-90.002	116.41	1898	8.2114e-002
227	285	30.96	-90.002	121.77	1899	8.3088e-002
227	305	33.832	-90.002	119.53	1899	8.6751e-002
227	297	32.337	-90.002	118.67	1899	8.4373e-002
227	275	29.473	-90.002	120.63	1899	8.0655e-002
228	315	36.909	-90.002	117.12	1899	9.0679e-002
228	305	33.832	-90.002	119.53	1899	8.6751e-002
228	297	32.337	-90.002	118.67	1899	8.4373e-002
228	310	35.46	-90.002	116.52	1899	8.8429e-002
229	113	-11.58	-90.002	96.147	2908	1.5231e-002
229	108	-13.159	-90.002	93.87	2908	1.2364e-002
229	114	-10.582	-90.002	92.583	2908	1.5809e-002
229	125	-8.5594	-90.002	94.656	2908	1.9272e-002
230	96	-14.944	-90.002	91.296	2908	9.1226e-003
230	108	-13.159	-90.002	93.87	2908	1.2364e-002
230	114	-10.582	-90.002	92.583	2908	1.5809e-002
230	109	-12.869	-90.002	90.243	2908	1.1894e-002
231	96	-14.944	-90.002	91.296	2909	9.1226e-003
231	101	-14.615	-90.002	89.219	2909	9.0912e-003
231	109	-12.869	-90.002	90.243	2909	1.1894e-002
232	0	-32.887	-90.002	118.75	2926	-1.0157e-002
232	1	-32.842	-90.002	117.1	2926	-1.0508e-002
232	5	-31.752	-90.002	117.17	2926	-8.9027e-003
233	36	-25.373	-90.002	121.58	2927	1.5041e-003
233	17	-28.584	-90.002	119.37	2927	-3.7294e-003
233	12	-29.622	-90.002	120.92	2927	-4.8521e-003
233	32	-26.312	-90.002	123.11	2927	5.1319e-004
234	5	-31.752	-90.002	117.17	2927	-8.9027e-003
234	17	-28.584	-90.002	119.37	2927	-3.7294e-003
234	12	-29.622	-90.002	120.92	2927	-4.8521e-003
234	0	-32.887	-90.002	118.75	2927	-1.0157e-002
235	97	-14.844	-90.002	142.26	2943	2.1782e-002
235	67	-20.831	-90.002	141.32	2943	1.2921e-002
235	70	-20.492	-90.002	143.6	2943	1.3976e-002
235	86	-17.264	-90.002	145.06	2943	1.8989e-002
236	33	-26.291	-90.002	140.46	2943	4.8293e-003
236	67	-20.831	-90.002	141.32	2943	1.2921e-002
236	70	-20.492	-90.002	143.6	2943	1.3976e-002
236	54	-23.155	-90.002	144.3	2943	1.0307e-002
237	74	-19.468	-90.002	147.61	2943	1.6445e-002
237	86	-17.264	-90.002	145.06	2943	1.8989e-002
237	70	-20.492	-90.002	143.6	2943	1.3976e-002
237	54	-23.155	-90.002	144.3	2943	1.0307e-002
238	97	-14.844	-90.002	142.26	2944	2.1782e-002
238	100	-14.667	-90.002	141.83	2944	2.1932e-002
238	72	-20.457	-90.002	140.55	2944	1.3272e-002
238	68	-20.831	-90.002	141.32	2944	1.2921e-002
239	35	-25.697	-90.002	139.38	2944	5.4178e-003
239	72	-20.457	-90.002	140.55	2944	1.3272e-002
239	68	-20.831	-90.002	141.32	2944	1.2921e-002
239	33	-26.291	-90.002	140.46	2944	4.8293e-003
240	259	27.185	-90.002	133.3	2947	8.0332e-002
240	254	26.449	-90.002	134.72	2947	7.9604e-002
240	251	25.873	-90.002	133.71	2947	7.8533e-002
241	251	25.873	-90.002	133.71	2948	7.8533e-002
241	253	26.333	-90.002	132.77	2948	7.8975e-002
241	259	27.185	-90.002	133.3	2948	8.0332e-002
242	215	17.204	-90.002	88.523	2951	5.5323e-002
242	221	18.696	-90.002	89.227	2951	5.7663e-002
242	220	18.184	-90.002	90.246	2951	5.7168e-002
243	196	12.174	-90.002	92.983	2952	4.9107e-002
243	205	13.598	-90.002	95.081	2952	5.1689e-002
243	212	15.823	-90.002	92.734	2952	5.4347e-002
243	208	14.625	-90.002	90.794	2952	5.2132e-002
244	215	17.204	-90.002	88.523	2952	5.5323e-002
244	208	14.625	-90.002	90.794	2952	5.2132e-002
244	212	15.823	-90.002	92.734	2952	5.4347e-002
244	220	18.184	-90.002	90.246	2952	5.7168e-002
245	177	6.8003	-90.002	147.48	2953	5.4289e-002
245	176	6.4059	-90.002	147.15	2953	5.3642e-002
245	172	5.9208	-90.002	147.2	2953	5.2954e-002
246	175	6.3378	-90.002	148.05	2953	5.3757e-002
246	172	5.9208	-90.002	147.2	2953	5.2954e-002
246	167	3.2552	-90.002	147.47	2953	4.9171e-002
247	175	6.3378	-90.002	148.05	2953	5.3757e-002
247	167	3.2552	-90.002	147.47	2953	4.9171e-002
247	182	7.2706	-90.002	149.54	2953	5.5453e-002
248	175	6.3378	-90.002	148.05	2953	5.3757e-002
248	182	7.2706	-90.002	149.54	2953	5.5453e-002
248	186	8.4421	-90.002	148.57	2953	5.6913e-002
249	175	6.3378	-90.002	148.05	2953	5.3757e-002
249	186	8.4421	-90.002	148.57	2953	5.6913e-002
249	177	6.8003	-90.002	147.48	2953	5.4289e-002
250	175	6.3378	-90.002	148.05	2953	5.3757e-002
250	177	6.8003	-90.002	147.48	2953	5.4289e-002
250	172	5.9208	-90.002	147.2	2953	5.2954e-002
251	195	11.943	-90.002	151.95	2953	6.2749e-002
251	182	7.2706	-90.002	149.54	2953	5.5453e-002
251	186	8.4421	-90.002	148.57	2953	5.6913e-002
251	200	13.063	-90.002	149.19	2953	6.3716e-002
252	190	9.7973	-90.002	147.89	2953	5.8708e-002
252	201	13.107	-90.002	149.08	2953	6.3753e-002
252	193	10.965	-90.002	145.9	2953	5.9924e-002
253	190	9.7973	-90.002	147.89	2953	5.8708e-002
253	193	10.965	-90.002	145.9	2953	5.9924e-002
253	176	6.4059	-90.002	147.15	2953	5.3642e-002
254	190	9.7973	-90.002	147.89	2953	5.8708e-002
254	176	6.4059	-90.002	147.15	2953	5.3642e-002
254	177	6.8003	-90.002	147.48	2953	5.4289e-002
255	190	9.7973	-90.002	147.89	2953	5.8708e-002
255	177	6.8003	-90.002	147.48	2953	5.4289e-002
255	186	8.4421	-90.002	148.57	2953	5.6913e-002
256	190	9.7973	-90.002	147.89	2953	5.8708e-002
256	186	8.4421	-90.002	148.57	2953	5.6913e-002
256	200	13.063	-90.002	149.19	2953	6.3716e-002
257	190	9.7973	-90.002	147.89	2953	5.8708e-002
257	200	13.063	-90.002	149.19	2953	6.3716e-002
257	201	13.107	-90.002	149.08	2953	6.3753e-002
258	195	11.943	-90.002	151.95	2954	6.2749e-002
258	181	7.2705	-90.002	149.54	2954	5.5453e-002
258	174	6.1728	-90.002	151.39	2954	5.431e-002
258	183	7.3848	-90.002	153.09	2954	5.6459e-002
259	167	3.2552	-90.002	147.47	2954	4.9171e-002
259	181	7.2705	-90.002	149.54	2954	5.5453e-002
259	174	6.1728	-90.002	151.39	2954	5.431e-002
259	166	3.0035	-90.002	150.3	2954	4.9483e-002
260	183	7.3848	-90.002	153.09	2954	5.6459e-002
260	165	2.7109	-90.002	153.59	2954	4.9849e-002
260	166	3.0035	-90.002	150.3	2954	4.9483e-002
260	174	6.1728	-90.002	151.39	2954	5.431e-002
261	104	-14.262	-90.002	142.14	2975	2.2592e-002
261	103	-14.269	-90.002	142.62	2975	2.27e-002
261	97	-14.844	-90.002	142.26	2975	2.1782e-002
262	103	-14.269	-90.002	142.62	2976	2.27e-002
262	97	-14.844	-90.002	142.26	2976	2.1782e-002
262	87	-17.264	-90.002	145.06	2976	1.8989e-002
262	90	-16.278	-90.002	145.72	2976	2.0572e-002
263	83	-18.112	-90.002	148.55	2976	1.8631e-002
263	90	-16.278	-90.002	145.72	2976	2.0572e-002
263	87	-17.264	-90.002	145.06	2976	1.8989e-002
263	74	-19.468	-90.002	147.61	2976	1.6445e-002
264	225	19.609	-90.002	143.36	2981	7.1779e-002
264	217	17.408	-90.002	147.7	2981	6.9621e-002
264	223	19.442	-90.002	147.8	2981	7.2572e-002
264	231	21.458	-90.002	145.37	2981	7.4909e-002
265	210	14.916	-90.002	152.48	2981	6.7151e-002
265	217	17.408	-90.002	147.7	2981	6.9621e-002
265	223	19.442	-90.002	147.8	2981	7.2572e-002
265	222	19.402	-90.002	150.38	2981	7.3114e-002
266	241	23.521	-90.002	147.62	2981	7.8399e-002
266	231	21.458	-90.002	145.37	2981	7.4909e-002
266	223	19.442	-90.002	147.8	2981	7.2572e-002
266	222	19.402	-90.002	150.38	2981	7.3114e-002
267	225	19.609	-90.002	143.36	2982	7.1779e-002
267	216	17.408	-90.002	147.7	2982	6.9621e-002
267	211	15.765	-90.002	147.01	2982	6.7096e-002
267	213	16.267	-90.002	144.11	2982	6.7144e-002
268	210	14.916	-90.002	152.48	2982	6.7151e-002
268	216	17.408	-90.002	147.7	2982	6.9621e-002
268	211	15.765	-90.002	147.01	2982	6.7096e-002
268	203	13.174	-90.002	149.2	2982	6.3879e-002
269	206	14.621	-90.002	146.74	2982	6.5386e-002
269	203	13.174	-90.002	149.2	2982	6.3879e-002
269	201	13.107	-90.002	149.08	2982	6.3753e-002
270	206	14.621	-90.002	146.74	2982	6.5386e-002
270	201	13.107	-90.002	149.08	2982	6.3753e-002
270	209	14.791	-90.002	144.3	2982	6.5062e-002
271	206	14.621	-90.002	146.74	2982	6.5386e-002
271	209	14.791	-90.002	144.3	2982	6.5062e-002
271	213	16.267	-90.002	144.11	2982	6.7144e-002
272	206	14.621	-90.002	146.74	2982	6.5386e-002
272	213	16.267	-90.002	144.11	2982	6.7144e-002
272	211	15.765	-90.002	147.01	2982	6.7096e-002
273	206	14.621	-90.002	146.74	2982	6.5386e-002
273	211	15.765	-90.002	147.01	2982	6.7096e-002
273	203	13.174	-90.002	149.2	2982	6.3879e-002
274	238	23.04	-90.002	102.31	3002	6.7095e-002
274	247	25.009	-90.002	100.13	3002	6.9442e-002
274	240	23.471	-90.002	98.309	3002	6.6781e-002
274	228	21.146	-90.002	100.29	3002	6.3882e-002
275	258	27.158	-90.002	97.759	3002	7.2002e-002
275	247	25.009	-90.002	100.13	3002	6.9442e-002
275	240	23.471	-90.002	98.309	3002	6.6781e-002
275	252	25.972	-90.002	96.176	3002	6.9904e-002
276	252	25.972	-90.002	96.176	3003	6.9904e-002
276	266	27.785	-90.002	96.305	3003	7.2568e-002
276	258	27.158	-90.002	97.759	3003	7.2002e-002
