小面	点	X坐标 (mm)	Y坐标 (mm)	Z坐标 (mm)	单元数	定向变形 (mm)
0	135	-5.0197	-90.002	146.51	580	9.8414e-002
0	129	-7.53	-90.002	149.49	580	9.9017e-002
0	149	-2.2115	-90.002	150.32	580	0.1069
1	55	-22.885	-90.002	100.04	647	1.3161e-002
1	63	-21.217	-90.002	102.2	647	1.8327e-002
1	37	-25.28	-90.002	103.92	647	1.4263e-002
1	39	-25.257	-90.002	101.82	647	1.1721e-002
2	21	-27.703	-90.002	101.55	647	7.6803e-003
2	44	-24.757	-90.002	97.566	647	7.3134e-003
2	55	-22.885	-90.002	100.04	647	1.3161e-002
2	39	-25.257	-90.002	101.82	647	1.1721e-002
3	37	-25.28	-90.002	103.92	647	1.4263e-002
3	10	-30.011	-90.002	105.94	647	9.6593e-003
3	21	-27.703	-90.002	101.55	647	7.6803e-003
3	39	-25.257	-90.002	101.82	647	1.1721e-002
4	32	-26.312	-90.002	123.11	656	3.767e-002
4	14	-29.112	-90.002	125.85	656	3.7205e-002
4	8	-30.546	-90.002	123.5	656	3.1868e-002
4	12	-29.622	-90.002	120.92	656	2.9779e-002
5	4	-31.893	-90.002	128.58	656	3.6738e-002
5	14	-29.112	-90.002	125.85	656	3.7205e-002
5	8	-30.546	-90.002	123.5	656	3.1868e-002
5	2	-32.767	-90.002	123.7	656	2.8821e-002
6	2	-32.767	-90.002	123.7	656	2.8821e-002
6	0	-32.887	-90.002	118.75	656	2.2005e-002
6	12	-29.622	-90.002	120.92	656	2.9779e-002
6	8	-30.546	-90.002	123.5	656	3.1868e-002
7	165	2.7109	-90.002	153.59	662	0.1173
7	169	3.6719	-90.002	154.9	662	0.1202
7	163	2.0246	-90.002	154.99	662	0.11827
8	48	-23.809	-90.002	110.63	699	2.4825e-002
8	18	-27.981	-90.002	114.05	699	2.3084e-002
8	23	-27.343	-90.002	116.6	699	2.7382e-002
8	40	-25.213	-90.002	116.27	699	3.0112e-002
9	5	-31.752	-90.002	117.17	699	2.1586e-002
9	18	-27.981	-90.002	114.05	699	2.3084e-002
9	23	-27.343	-90.002	116.6	699	2.7382e-002
9	17	-28.584	-90.002	119.37	699	2.9232e-002
10	36	-25.373	-90.002	121.58	699	3.6998e-002
10	40	-25.213	-90.002	116.27	699	3.0112e-002
10	23	-27.343	-90.002	116.6	699	2.7382e-002
10	17	-28.584	-90.002	119.37	699	2.9232e-002
11	310	35.46	-90.002	116.52	839	0.11467
11	314	36.682	-90.002	115.48	839	0.1152
11	315	36.909	-90.002	117.12	839	0.1172
12	129	-7.53	-90.002	149.49	876	9.9017e-002
12	135	-5.0197	-90.002	146.51	876	9.8414e-002
12	130	-6.6575	-90.002	146.08	876	9.5755e-002
13	66	-21.126	-90.002	134.77	880	6.1153e-002
13	59	-22.444	-90.002	134.49	880	5.884e-002
13	60	-22.067	-90.002	133.15	880	5.7621e-002
14	196	12.174	-90.002	92.983	911	5.833e-002
14	191	10.051	-90.002	89.339	911	5.1102e-002
14	189	9.2434	-90.002	90.571	911	5.1355e-002
14	194	11.136	-90.002	94.105	911	5.8141e-002
15	185	7.8012	-90.002	85.484	911	4.331e-002
15	191	10.051	-90.002	89.339	911	5.1102e-002
15	189	9.2434	-90.002	90.571	911	5.1355e-002
15	180	7.202	-90.002	86.783	911	4.3938e-002
16	96	-14.944	-90.002	91.296	917	1.5088e-002
16	94	-16.021	-90.002	90.083	917	1.1962e-002
16	101	-14.615	-90.002	89.219	917	1.3145e-002
17	159	0.73719	-90.002	90.924	937	3.9148e-002
17	168	3.3289	-90.002	88.209	937	3.983e-002
17	170	4.8072	-90.002	89.82	937	4.3953e-002
17	164	2.6704	-90.002	92.534	937	4.3984e-002
18	173	6.1614	-90.002	85.302	937	4.0649e-002
18	168	3.3289	-90.002	88.209	937	3.983e-002
18	170	4.8072	-90.002	89.82	937	4.3953e-002
18	180	7.202	-90.002	86.783	937	4.3938e-002
19	173	6.1614	-90.002	85.302	969	4.0649e-002
19	185	7.8012	-90.002	85.484	969	4.331e-002
19	180	7.202	-90.002	86.783	969	4.3938e-002
20	255	26.603	-90.002	95.154	990	8.075e-002
20	266	27.785	-90.002	96.305	990	8.3572e-002
20	252	25.972	-90.002	96.176	990	8.0948e-002
21	251	25.873	-90.002	133.71	1005	0.12126
21	254	26.449	-90.002	134.72	1005	0.12317
21	249	25.239	-90.002	134.65	1005	0.12157
22	97	-14.844	-90.002	142.26	1039	7.9918e-002
22	100	-14.667	-90.002	141.83	1039	7.9618e-002
22	104	-14.262	-90.002	142.14	1039	8.0574e-002
23	60	-22.067	-90.002	133.15	1042	5.7621e-002
23	30	-26.321	-90.002	130.95	1042	4.8286e-002
23	34	-26.16	-90.002	128.54	1042	4.5272e-002
23	46	-24.131	-90.002	128.47	1042	4.8213e-002
24	9	-30.45	-90.002	128.78	1042	3.9164e-002
24	30	-26.321	-90.002	130.95	1042	4.8286e-002
24	34	-26.16	-90.002	128.54	1042	4.5272e-002
24	20	-27.847	-90.002	126.17	1042	3.9524e-002
25	41	-25.207	-90.002	123.54	1042	3.9899e-002
25	46	-24.131	-90.002	128.47	1042	4.8213e-002
25	34	-26.16	-90.002	128.54	1042	4.5272e-002
25	20	-27.847	-90.002	126.17	1042	3.9524e-002
26	45	-24.224	-90.002	110.6	1054	2.4182e-002
26	22	-27.554	-90.002	108.97	1054	1.7165e-002
26	13	-29.544	-90.002	111.72	1054	1.7741e-002
26	15	-28.737	-90.002	114.01	1054	2.1908e-002
27	7	-30.589	-90.002	107.48	1054	1.0741e-002
27	22	-27.554	-90.002	108.97	1054	1.7165e-002
27	13	-29.544	-90.002	111.72	1054	1.7741e-002
27	3	-32.083	-90.002	112.2	1054	1.4576e-002
28	1	-32.842	-90.002	117.1	1054	1.9886e-002
28	15	-28.737	-90.002	114.01	1054	2.1908e-002
28	13	-29.544	-90.002	111.72	1054	1.7741e-002
28	3	-32.083	-90.002	112.2	1054	1.4576e-002
29	130	-6.6575	-90.002	146.08	1057	9.5755e-002
29	129	-7.53	-90.002	149.49	1057	9.9017e-002
29	117	-10.195	-90.002	146.17	1057	9.1233e-002
29	116	-10.495	-90.002	144.48	1057	8.8664e-002
30	110	-12.092	-90.002	143.49	1057	8.5249e-002
30	117	-10.195	-90.002	146.17	1057	9.1233e-002
30	116	-10.495	-90.002	144.48	1057	8.8664e-002
31	28	-26.974	-90.002	132.31	1072	4.9143e-002
31	59	-22.444	-90.002	134.49	1072	5.884e-002
31	43	-24.88	-90.002	136.84	1072	5.8342e-002
31	25	-27.225	-90.002	134.67	1072	5.1939e-002
32	11	-29.679	-90.002	134.8	1072	4.8459e-002
32	6	-31.401	-90.002	130.16	1072	3.9613e-002
32	28	-26.974	-90.002	132.31	1072	4.9143e-002
32	25	-27.225	-90.002	134.67	1072	5.1939e-002
33	43	-24.88	-90.002	136.84	1072	5.8342e-002
33	24	-27.268	-90.002	139.13	1072	5.7866e-002
33	11	-29.679	-90.002	134.8	1072	4.8459e-002
33	25	-27.225	-90.002	134.67	1072	5.1939e-002
34	201	13.107	-90.002	149.08	1102	0.12425
34	209	14.791	-90.002	144.3	1102	0.12025
34	199	12.662	-90.002	145.36	1102	0.11896
35	299	32.942	-90.002	112.85	1127	0.10752
35	274	29.405	-90.002	110.41	1127	0.10026
35	291	31.665	-90.002	108.26	1127	0.10108
35	302	33.464	-90.002	110.57	1127	0.10585
36	311	35.749	-90.002	110.62	1127	0.10895
36	314	36.682	-90.002	115.48	1127	0.1152
36	299	32.942	-90.002	112.85	1127	0.10752
36	302	33.464	-90.002	110.57	1127	0.10585
37	291	31.665	-90.002	108.26	1127	0.10108
37	306	34.084	-90.002	105.95	1127	0.10197
37	311	35.749	-90.002	110.62	1127	0.10895
37	302	33.464	-90.002	110.57	1127	0.10585
38	269	28.361	-90.002	112.15	1129	0.10067
38	292	31.755	-90.002	114.24	1129	0.10738
38	300	32.942	-90.002	112.85	1129	0.10752
38	274	29.405	-90.002	110.41	1129	0.10026
39	310	35.46	-90.002	116.52	1129	0.11467
39	292	31.755	-90.002	114.24	1129	0.10738
39	300	32.942	-90.002	112.85	1129	0.10752
39	314	36.682	-90.002	115.48	1129	0.1152
40	249	25.239	-90.002	134.65	1134	0.12157
40	264	27.603	-90.002	136.82	1134	0.12708
40	246	24.829	-90.002	138.5	1134	0.12561
40	236	22.51	-90.002	138.35	1134	0.12254
41	279	29.932	-90.002	138.96	1134	0.13252
41	264	27.603	-90.002	136.82	1134	0.12708
41	246	24.829	-90.002	138.5	1134	0.12561
41	243	24.443	-90.002	140.12	1134	0.12708
42	243	24.443	-90.002	140.12	1134	0.12708
42	224	19.581	-90.002	141.16	1134	0.12229
42	236	22.51	-90.002	138.35	1134	0.12254
42	246	24.829	-90.002	138.5	1134	0.12561
43	134	-5.3286	-90.002	85.842	1172	2.3697e-002
43	144	-3.7187	-90.002	85.481	1172	2.5771e-002
43	141	-4.2919	-90.002	87.196	1172	2.6928e-002
44	113	-11.58	-90.002	96.147	1173	2.613e-002
44	102	-14.602	-90.002	98.106	1173	2.369e-002
44	105	-14.113	-90.002	95.271	1173	2.1105e-002
44	108	-13.159	-90.002	93.87	1173	2.0951e-002
45	88	-17.169	-90.002	100.34	1173	2.2322e-002
45	99	-14.726	-90.002	98.203	1173	2.361e-002
45	95	-15.545	-90.002	96.249	1173	2.0012e-002
45	93	-16.178	-90.002	96.318	1173	1.91e-002
46	99	-14.726	-90.002	98.203	1173	2.361e-002
46	102	-14.602	-90.002	98.106	1173	2.369e-002
46	105	-14.113	-90.002	95.271	1173	2.1105e-002
46	95	-15.545	-90.002	96.249	1173	2.0012e-002
47	98	-14.788	-90.002	94.601	1173	1.9249e-002
47	95	-15.545	-90.002	96.249	1173	2.0012e-002
47	93	-16.178	-90.002	96.318	1173	1.91e-002
48	98	-14.788	-90.002	94.601	1173	1.9249e-002
48	93	-16.178	-90.002	96.318	1173	1.91e-002
48	96	-14.944	-90.002	91.296	1173	1.5088e-002
49	98	-14.788	-90.002	94.601	1173	1.9249e-002
49	96	-14.944	-90.002	91.296	1173	1.5088e-002
49	108	-13.159	-90.002	93.87	1173	2.0951e-002
50	98	-14.788	-90.002	94.601	1173	1.9249e-002
50	108	-13.159	-90.002	93.87	1173	2.0951e-002
50	105	-14.113	-90.002	95.271	1173	2.1105e-002
51	98	-14.788	-90.002	94.601	1173	1.9249e-002
51	105	-14.113	-90.002	95.271	1173	2.1105e-002
51	95	-15.545	-90.002	96.249	1173	2.0012e-002
52	45	-24.224	-90.002	110.6	1184	2.4182e-002
52	16	-28.737	-90.002	114.01	1184	2.1908e-002
52	18	-27.981	-90.002	114.05	1184	2.3084e-002
52	48	-23.809	-90.002	110.63	1184	2.4825e-002
53	1	-32.842	-90.002	117.1	1184	1.9886e-002
53	16	-28.737	-90.002	114.01	1184	2.1908e-002
53	18	-27.981	-90.002	114.05	1184	2.3084e-002
53	5	-31.752	-90.002	117.17	1184	2.1586e-002
54	9	-30.45	-90.002	128.78	1185	3.9164e-002
54	6	-31.401	-90.002	130.16	1185	3.9613e-002
54	4	-31.893	-90.002	128.58	1185	3.6738e-002
55	155	-4.9186e-002	-90.002	147.42	1212	0.10589
55	156	8.971e-002	-90.002	147.72	1212	0.10645
55	157	0.31472	-90.002	147.43	1212	0.10635
56	165	2.7109	-90.002	153.59	1212	0.1173
56	166	3.0035	-90.002	150.3	1212	0.1134
56	158	0.52758	-90.002	149.32	1212	0.10905
56	151	-1.8452	-90.002	150.57	1212	0.10769
57	162	1.4381	-90.002	148.45	1212	0.10907
57	157	0.31472	-90.002	147.43	1212	0.10635
57	167	3.2552	-90.002	147.47	1212	0.11006
58	162	1.4381	-90.002	148.45	1212	0.10907
58	167	3.2552	-90.002	147.47	1212	0.11006
58	166	3.0035	-90.002	150.3	1212	0.1134
59	162	1.4381	-90.002	148.45	1212	0.10907
59	166	3.0035	-90.002	150.3	1212	0.1134
59	158	0.52758	-90.002	149.32	1212	0.10905
60	162	1.4381	-90.002	148.45	1212	0.10907
60	158	0.52758	-90.002	149.32	1212	0.10905
60	156	8.971e-002	-90.002	147.72	1212	0.10645
61	162	1.4381	-90.002	148.45	1212	0.10907
61	156	8.971e-002	-90.002	147.72	1212	0.10645
61	157	0.31472	-90.002	147.43	1212	0.10635
62	152	-1.4181	-90.002	148.64	1212	0.10574
62	151	-1.8452	-90.002	150.57	1212	0.10769
62	149	-2.2115	-90.002	150.32	1212	0.1069
63	152	-1.4181	-90.002	148.64	1212	0.10574
63	149	-2.2115	-90.002	150.32	1212	0.1069
63	135	-5.0197	-90.002	146.51	1212	9.8414e-002
64	152	-1.4181	-90.002	148.64	1212	0.10574
64	135	-5.0197	-90.002	146.51	1212	9.8414e-002
64	155	-4.9186e-002	-90.002	147.42	1212	0.10589
65	152	-1.4181	-90.002	148.64	1212	0.10574
65	155	-4.9186e-002	-90.002	147.42	1212	0.10589
65	156	8.971e-002	-90.002	147.72	1212	0.10645
66	152	-1.4181	-90.002	148.64	1212	0.10574
66	156	8.971e-002	-90.002	147.72	1212	0.10645
66	158	0.52758	-90.002	149.32	1212	0.10905
67	152	-1.4181	-90.002	148.64	1212	0.10574
67	158	0.52758	-90.002	149.32	1212	0.10905
67	151	-1.8452	-90.002	150.57	1212	0.10769
68	194	11.136	-90.002	94.105	1217	5.8141e-002
68	196	12.174	-90.002	92.983	1217	5.833e-002
68	205	13.598	-90.002	95.081	1217	6.2693e-002
69	285	30.96	-90.002	121.77	1218	0.11435
69	305	33.832	-90.002	119.53	1218	0.1157
69	308	34.797	-90.002	121.96	1218	0.11956
69	304	33.548	-90.002	124.29	1218	0.12045
70	315	36.909	-90.002	117.12	1218	0.1172
70	305	33.832	-90.002	119.53	1218	0.1157
70	308	34.797	-90.002	121.96	1218	0.11956
70	316	36.967	-90.002	122.08	1218	0.1225
71	316	36.967	-90.002	122.08	1218	0.1225
71	313	36.271	-90.002	126.98	1218	0.12691
71	304	33.548	-90.002	124.29	1218	0.12045
71	308	34.797	-90.002	121.96	1218	0.11956
72	273	29.3	-90.002	123.37	1222	0.11394
72	268	28.333	-90.002	128.03	1222	0.11789
72	281	30.387	-90.002	128.01	1222	0.1205
72	294	32.017	-90.002	125.63	1222	0.11994
73	253	26.333	-90.002	132.77	1222	0.12075
73	268	28.333	-90.002	128.03	1222	0.11789
73	281	30.387	-90.002	128.01	1222	0.1205
73	282	30.657	-90.002	130.42	1222	0.12355
74	309	34.938	-90.002	128.06	1222	0.12638
74	294	32.017	-90.002	125.63	1222	0.11994
74	281	30.387	-90.002	128.01	1222	0.1205
74	282	30.657	-90.002	130.42	1222	0.12355
75	285	30.96	-90.002	121.77	1224	0.11435
75	273	29.3	-90.002	123.37	1224	0.11394
75	275	29.473	-90.002	120.63	1224	0.11117
76	221	18.696	-90.002	89.227	1234	6.3369e-002
76	220	18.184	-90.002	90.246	1234	6.3769e-002
76	234	22.295	-90.002	92.927	1234	7.2433e-002
76	237	22.879	-90.002	91.89	1234	7.2135e-002
77	252	25.972	-90.002	96.176	1234	8.0948e-002
77	234	22.295	-90.002	92.927	1234	7.2433e-002
77	237	22.879	-90.002	91.89	1234	7.2135e-002
77	255	26.603	-90.002	95.154	1234	8.075e-002
78	9	-30.45	-90.002	128.78	1284	3.9164e-002
78	31	-26.321	-90.002	130.95	1284	4.8286e-002
78	29	-26.974	-90.002	132.31	1284	4.9143e-002
78	6	-31.401	-90.002	130.16	1284	3.9613e-002
79	60	-22.067	-90.002	133.15	1284	5.7621e-002
79	31	-26.321	-90.002	130.95	1284	4.8286e-002
79	29	-26.974	-90.002	132.31	1284	4.9143e-002
79	59	-22.444	-90.002	134.49	1284	5.884e-002
80	78	-18.99	-90.002	102.3	1291	2.1856e-002
80	62	-21.397	-90.002	105.6	1291	2.2189e-002
80	58	-22.737	-90.002	105.43	1291	1.9959e-002
80	63	-21.217	-90.002	102.2	1291	1.8327e-002
81	51	-23.605	-90.002	110.09	1291	2.4444e-002
81	62	-21.397	-90.002	105.6	1291	2.2189e-002
81	58	-22.737	-90.002	105.43	1291	1.9959e-002
81	47	-24.021	-90.002	109.98	1291	2.3689e-002
82	38	-25.28	-90.002	103.92	1292	1.4263e-002
82	63	-21.217	-90.002	102.2	1292	1.8327e-002
82	57	-22.737	-90.002	105.43	1292	1.9959e-002
82	42	-25.037	-90.002	105.63	1292	1.6747e-002
83	27	-27.158	-90.002	107.86	1292	1.6354e-002
83	10	-30.011	-90.002	105.94	1292	9.6593e-003
83	38	-25.28	-90.002	103.92	1292	1.4263e-002
83	42	-25.037	-90.002	105.63	1292	1.6747e-002
84	57	-22.737	-90.002	105.43	1292	1.9959e-002
84	47	-24.021	-90.002	109.98	1292	2.3689e-002
84	27	-27.158	-90.002	107.86	1292	1.6354e-002
84	42	-25.037	-90.002	105.63	1292	1.6747e-002
85	45	-24.224	-90.002	110.6	1293	2.4182e-002
85	22	-27.554	-90.002	108.97	1293	1.7165e-002
85	26	-27.158	-90.002	107.86	1293	1.6354e-002
85	47	-24.021	-90.002	109.98	1293	2.3689e-002
86	7	-30.589	-90.002	107.48	1293	1.0741e-002
86	22	-27.554	-90.002	108.97	1293	1.7165e-002
86	26	-27.158	-90.002	107.86	1293	1.6354e-002
86	10	-30.011	-90.002	105.94	1293	9.6593e-003
87	4	-31.893	-90.002	128.58	1300	3.6738e-002
87	9	-30.45	-90.002	128.78	1300	3.9164e-002
87	19	-27.847	-90.002	126.17	1300	3.9524e-002
87	14	-29.112	-90.002	125.85	1300	3.7205e-002
88	41	-25.207	-90.002	123.54	1300	3.9899e-002
88	19	-27.847	-90.002	126.17	1300	3.9524e-002
88	14	-29.112	-90.002	125.85	1300	3.7205e-002
88	32	-26.312	-90.002	123.11	1300	3.767e-002
89	259	27.185	-90.002	133.3	1342	0.12245
89	288	31.581	-90.002	130.94	1342	0.12533
89	293	31.93	-90.002	133.27	1342	0.12842
89	277	29.684	-90.002	135.52	1342	0.12818
90	312	35.955	-90.002	128.6	1342	0.12828
90	288	31.581	-90.002	130.94	1342	0.12533
90	293	31.93	-90.002	133.27	1342	0.12842
90	307	34.4	-90.002	133.31	1342	0.13158
91	307	34.4	-90.002	133.31	1342	0.13158
91	296	32.15	-90.002	137.72	1342	0.13383
91	277	29.684	-90.002	135.52	1342	0.12818
91	293	31.93	-90.002	133.27	1342	0.12842
92	151	-1.8452	-90.002	150.57	1369	0.10769
92	150	-1.9103	-90.002	150.65	1369	0.10772
92	149	-2.2115	-90.002	150.32	1369	0.1069
93	163	2.0246	-90.002	154.99	1369	0.11827
93	150	-1.9103	-90.002	150.65	1369	0.10772
93	151	-1.8452	-90.002	150.57	1369	0.10769
93	165	2.7109	-90.002	153.59	1369	0.1173
94	245	24.765	-90.002	146.54	1372	0.13531
94	241	23.521	-90.002	147.62	1372	0.13513
94	239	23.427	-90.002	146.17	1372	0.13322
95	224	19.581	-90.002	141.16	1415	0.12229
95	230	21.388	-90.002	143.52	1415	0.12742
95	242	24.223	-90.002	142.15	1415	0.12926
95	244	24.443	-90.002	140.12	1415	0.12708
96	239	23.427	-90.002	146.17	1415	0.13322
96	230	21.388	-90.002	143.52	1415	0.12742
96	242	24.223	-90.002	142.15	1415	0.12926
96	256	26.941	-90.002	142.8	1415	0.13341
97	279	29.932	-90.002	138.96	1415	0.13252
97	244	24.443	-90.002	140.12	1415	0.12708
97	242	24.223	-90.002	142.15	1415	0.12926
97	256	26.941	-90.002	142.8	1415	0.13341
98	32	-26.312	-90.002	123.11	1442	3.767e-002
98	36	-25.373	-90.002	121.58	1442	3.6998e-002
98	41	-25.207	-90.002	123.54	1442	3.9899e-002
99	78	-18.99	-90.002	102.3	1453	2.1856e-002
99	64	-21.156	-90.002	100.07	1453	1.5841e-002
99	56	-22.885	-90.002	100.04	1453	1.3161e-002
99	63	-21.217	-90.002	102.2	1453	1.8327e-002
100	50	-23.617	-90.002	97.533	1453	9.0162e-003
100	64	-21.156	-90.002	100.07	1453	1.5841e-002
100	56	-22.885	-90.002	100.04	1453	1.3161e-002
100	44	-24.757	-90.002	97.566	1453	7.3134e-003
101	50	-23.617	-90.002	97.533	1459	9.0162e-003
101	44	-24.757	-90.002	97.566	1459	7.3134e-003
101	49	-23.708	-90.002	96.293	1459	7.3969e-003
102	50	-23.617	-90.002	97.533	1460	9.0162e-003
102	49	-23.708	-90.002	96.293	1460	7.3969e-003
102	61	-22.047	-90.002	96.947	1460	1.0736e-002
103	78	-18.99	-90.002	102.3	1461	2.1856e-002
103	88	-17.169	-90.002	100.34	1461	2.2322e-002
103	76	-19.339	-90.002	98.832	1461	1.7167e-002
103	65	-21.156	-90.002	100.07	1461	1.5841e-002
104	50	-23.617	-90.002	97.533	1461	9.0162e-003
104	65	-21.156	-90.002	100.07	1461	1.5841e-002
104	76	-19.339	-90.002	98.832	1461	1.7167e-002
104	61	-22.047	-90.002	96.947	1461	1.0736e-002
105	145	-3.2462	-90.002	91.92	1467	3.4208e-002
105	143	-4.0154	-90.002	91.185	1467	3.2132e-002
105	147	-2.3403	-90.002	90.107	1467	3.3444e-002
106	145	-3.2462	-90.002	91.92	1467	3.4208e-002
106	147	-2.3403	-90.002	90.107	1467	3.3444e-002
106	154	-0.62363	-90.002	92.674	1467	3.9167e-002
107	145	-3.2462	-90.002	91.92	1467	3.4208e-002
107	154	-0.62363	-90.002	92.674	1467	3.9167e-002
107	137	-4.6633	-90.002	93.328	1467	3.3686e-002
108	145	-3.2462	-90.002	91.92	1467	3.4208e-002
108	137	-4.6633	-90.002	93.328	1467	3.3686e-002
108	139	-4.5884	-90.002	92.305	1467	3.2578e-002
109	145	-3.2462	-90.002	91.92	1467	3.4208e-002
109	139	-4.5884	-90.002	92.305	1467	3.2578e-002
109	143	-4.0154	-90.002	91.185	1467	3.2132e-002
110	140	-4.4417	-90.002	90.216	1467	3.0307e-002
110	136	-5.0021	-90.002	91.436	1467	3.0892e-002
110	132	-6.5589	-90.002	91.154	1467	2.8111e-002
111	140	-4.4417	-90.002	90.216	1467	3.0307e-002
111	132	-6.5589	-90.002	91.154	1467	2.8111e-002
111	141	-4.2919	-90.002	87.196	1467	2.6928e-002
112	140	-4.4417	-90.002	90.216	1467	3.0307e-002
112	141	-4.2919	-90.002	87.196	1467	2.6928e-002
112	147	-2.3403	-90.002	90.107	1467	3.3444e-002
113	140	-4.4417	-90.002	90.216	1467	3.0307e-002
113	147	-2.3403	-90.002	90.107	1467	3.3444e-002
113	143	-4.0154	-90.002	91.185	1467	3.2132e-002
114	140	-4.4417	-90.002	90.216	1467	3.0307e-002
114	143	-4.0154	-90.002	91.185	1467	3.2132e-002
114	136	-5.0021	-90.002	91.436	1467	3.0892e-002
115	133	-5.8744	-90.002	92.576	1467	3.0888e-002
115	139	-4.5884	-90.002	92.305	1467	3.2578e-002
115	137	-4.6633	-90.002	93.328	1467	3.3686e-002
116	133	-5.8744	-90.002	92.576	1467	3.0888e-002
116	137	-4.6633	-90.002	93.328	1467	3.3686e-002
116	125	-8.5594	-90.002	94.656	1467	2.9138e-002
117	133	-5.8744	-90.002	92.576	1467	3.0888e-002
117	125	-8.5594	-90.002	94.656	1467	2.9138e-002
117	132	-6.5589	-90.002	91.154	1467	2.8111e-002
118	133	-5.8744	-90.002	92.576	1467	3.0888e-002
118	132	-6.5589	-90.002	91.154	1467	2.8111e-002
118	136	-5.0021	-90.002	91.436	1467	3.0892e-002
119	133	-5.8744	-90.002	92.576	1467	3.0888e-002
119	136	-5.0021	-90.002	91.436	1467	3.0892e-002
119	139	-4.5884	-90.002	92.305	1467	3.2578e-002
120	139	-4.5884	-90.002	92.305	1467	3.2578e-002
120	136	-5.0021	-90.002	91.436	1467	3.0892e-002
120	143	-4.0154	-90.002	91.185	1467	3.2132e-002
121	101	-14.615	-90.002	89.219	1472	1.3145e-002
121	109	-12.869	-90.002	90.243	1472	1.7108e-002
121	122	-8.6841	-90.002	88.427	1472	2.1526e-002
121	119	-10.098	-90.002	87.174	1472	1.782e-002
122	141	-4.2919	-90.002	87.196	1472	2.6928e-002
122	122	-8.6841	-90.002	88.427	1472	2.1526e-002
122	119	-10.098	-90.002	87.174	1472	1.782e-002
122	134	-5.3286	-90.002	85.842	1472	2.3697e-002
123	159	0.73719	-90.002	90.924	1483	3.9148e-002
123	153	-1.3916	-90.002	88.322	1483	3.2768e-002
123	160	1.0489	-90.002	87.174	1483	3.5138e-002
123	168	3.3289	-90.002	88.209	1483	3.983e-002
124	144	-3.7187	-90.002	85.481	1483	2.5771e-002
124	153	-1.3916	-90.002	88.322	1483	3.2768e-002
124	160	1.0489	-90.002	87.174	1483	3.5138e-002
124	161	1.2176	-90.002	85.013	1483	3.2829e-002
125	161	1.2176	-90.002	85.013	1483	3.2829e-002
125	173	6.1614	-90.002	85.302	1483	4.0649e-002
125	168	3.3289	-90.002	88.209	1483	3.983e-002
125	160	1.0489	-90.002	87.174	1483	3.5138e-002
126	159	0.73719	-90.002	90.924	1484	3.9148e-002
126	153	-1.3916	-90.002	88.322	1484	3.2768e-002
126	148	-2.3403	-90.002	90.107	1484	3.3444e-002
126	154	-0.62363	-90.002	92.674	1484	3.9167e-002
127	144	-3.7187	-90.002	85.481	1484	2.5771e-002
127	153	-1.3916	-90.002	88.322	1484	3.2768e-002
127	148	-2.3403	-90.002	90.107	1484	3.3444e-002
127	141	-4.2919	-90.002	87.196	1484	2.6928e-002
128	188	9.2434	-90.002	90.571	1485	5.1355e-002
128	194	11.136	-90.002	94.105	1485	5.8141e-002
128	178	6.8885	-90.002	92.933	1485	5.0679e-002
128	179	6.9717	-90.002	91.088	1485	4.8644e-002
129	171	4.8072	-90.002	89.82	1485	4.3953e-002
129	180	7.202	-90.002	86.783	1485	4.3938e-002
129	188	9.2434	-90.002	90.571	1485	5.1355e-002
129	179	6.9717	-90.002	91.088	1485	4.8644e-002
130	178	6.8885	-90.002	92.933	1485	5.0679e-002
130	164	2.6704	-90.002	92.534	1485	4.3984e-002
130	171	4.8072	-90.002	89.82	1485	4.3953e-002
130	179	6.9717	-90.002	91.088	1485	4.8644e-002
131	259	27.185	-90.002	133.3	1511	0.12245
131	254	26.449	-90.002	134.72	1511	0.12317
131	271	28.894	-90.002	136.94	1511	0.12884
131	276	29.684	-90.002	135.52	1511	0.12818
132	296	32.15	-90.002	137.72	1511	0.13383
132	276	29.684	-90.002	135.52	1511	0.12818
132	271	28.894	-90.002	136.94	1511	0.12884
132	287	31.325	-90.002	139.15	1511	0.13448
133	96	-14.944	-90.002	91.296	1536	1.5088e-002
133	94	-16.021	-90.002	90.083	1536	1.1962e-002
133	73	-20.1	-90.002	92.891	1536	8.9199e-003
133	79	-18.687	-90.002	93.88	1536	1.2292e-002
134	49	-23.708	-90.002	96.293	1536	7.3969e-003
134	61	-22.047	-90.002	96.947	1536	1.0736e-002
134	79	-18.687	-90.002	93.88	1536	1.2292e-002
134	73	-20.1	-90.002	92.891	1536	8.9199e-003
135	238	23.04	-90.002	102.31	1553	8.3318e-002
135	262	27.514	-90.002	103.88	1553	9.1002e-002
135	265	27.642	-90.002	105.76	1553	9.3099e-002
135	250	25.563	-90.002	105.77	1553	9.0298e-002
136	298	32.404	-90.002	105.6	1553	9.9362e-002
136	262	27.514	-90.002	103.88	1553	9.1002e-002
136	265	27.642	-90.002	105.76	1553	9.3099e-002
136	278	29.825	-90.002	107.7	1553	9.8032e-002
137	278	29.825	-90.002	107.7	1553	9.8032e-002
137	260	27.455	-90.002	109.62	1553	9.6821e-002
137	250	25.563	-90.002	105.77	1553	9.0298e-002
137	265	27.642	-90.002	105.76	1553	9.3099e-002
138	254	26.449	-90.002	134.72	1560	0.12317
138	249	25.239	-90.002	134.65	1560	0.12157
138	264	27.603	-90.002	136.82	1560	0.12708
138	270	28.894	-90.002	136.94	1560	0.12884
139	287	31.325	-90.002	139.15	1560	0.13448
139	270	28.894	-90.002	136.94	1560	0.12884
139	264	27.603	-90.002	136.82	1560	0.12708
139	279	29.932	-90.002	138.96	1560	0.13252
140	298	32.404	-90.002	105.6	1562	9.9362e-002
140	301	33.339	-90.002	104.48	1562	9.9479e-002
140	284	30.877	-90.002	100.18	1562	9.1774e-002
140	280	30.058	-90.002	101.5	1562	9.201e-002
141	266	27.785	-90.002	96.305	1562	8.3572e-002
141	258	27.158	-90.002	97.759	1562	8.4219e-002
141	280	30.058	-90.002	101.5	1562	9.201e-002
141	284	30.877	-90.002	100.18	1562	9.1774e-002
142	196	12.174	-90.002	92.983	1563	5.833e-002
142	207	14.625	-90.002	90.794	1563	5.9341e-002
142	197	12.444	-90.002	88.909	1563	5.4076e-002
142	192	10.051	-90.002	89.339	1563	5.1102e-002
143	215	17.204	-90.002	88.523	1563	6.0466e-002
143	207	14.625	-90.002	90.794	1563	5.9341e-002
143	197	12.444	-90.002	88.909	1563	5.4076e-002
143	198	12.622	-90.002	86.644	1563	5.1746e-002
144	185	7.8012	-90.002	85.484	1563	4.331e-002
144	192	10.051	-90.002	89.339	1563	5.1102e-002
144	197	12.444	-90.002	88.909	1563	5.4076e-002
144	198	12.622	-90.002	86.644	1563	5.1746e-002
145	228	21.146	-90.002	100.29	1564	7.8666e-002
145	218	17.642	-90.002	97.36	1564	7.0771e-002
145	219	17.763	-90.002	95.17	1564	6.8567e-002
145	226	19.724	-90.002	95.456	1564	7.1586e-002
146	205	13.598	-90.002	95.081	1564	6.2693e-002
146	218	17.642	-90.002	97.36	1564	7.0771e-002
146	219	17.763	-90.002	95.17	1564	6.8567e-002
146	212	15.823	-90.002	92.734	1564	6.32e-002
147	212	15.823	-90.002	92.734	1564	6.32e-002
147	220	18.184	-90.002	90.246	1564	6.3769e-002
147	226	19.724	-90.002	95.456	1564	7.1586e-002
147	219	17.763	-90.002	95.17	1564	6.8567e-002
148	228	21.146	-90.002	100.29	1570	7.8666e-002
148	240	23.471	-90.002	98.309	1570	7.9751e-002
148	233	21.844	-90.002	95.571	1570	7.4633e-002
148	227	19.724	-90.002	95.456	1570	7.1586e-002
149	252	25.972	-90.002	96.176	1570	8.0948e-002
149	240	23.471	-90.002	98.309	1570	7.9751e-002
149	233	21.844	-90.002	95.571	1570	7.4633e-002
149	235	22.295	-90.002	92.927	1570	7.2433e-002
150	220	18.184	-90.002	90.246	1570	6.3769e-002
150	227	19.724	-90.002	95.456	1570	7.1586e-002
150	233	21.844	-90.002	95.571	1570	7.4633e-002
150	235	22.295	-90.002	92.927	1570	7.2433e-002
151	285	30.96	-90.002	121.77	1576	0.11435
151	273	29.3	-90.002	123.37	1576	0.11394
151	295	32.017	-90.002	125.63	1576	0.11994
151	303	33.548	-90.002	124.29	1576	0.12045
152	313	36.271	-90.002	126.98	1576	0.12691
152	303	33.548	-90.002	124.29	1576	0.12045
152	295	32.017	-90.002	125.63	1576	0.11994
152	309	34.938	-90.002	128.06	1576	0.12638
153	201	13.107	-90.002	149.08	1603	0.12425
153	203	13.174	-90.002	149.2	1603	0.1245
153	202	13.118	-90.002	149.23	1603	0.12446
154	210	14.916	-90.002	152.48	1603	0.1308
154	203	13.174	-90.002	149.2	1603	0.1245
154	202	13.118	-90.002	149.23	1603	0.12446
154	204	13.388	-90.002	153.1	1603	0.12974
155	298	32.404	-90.002	105.6	1607	9.9362e-002
155	301	33.339	-90.002	104.48	1607	9.9479e-002
155	306	34.084	-90.002	105.95	1607	0.10197
156	260	27.455	-90.002	109.62	1612	9.6821e-002
156	278	29.825	-90.002	107.7	1612	9.8032e-002
156	290	31.665	-90.002	108.26	1612	0.10108
156	274	29.405	-90.002	110.41	1612	0.10026
157	298	32.404	-90.002	105.6	1612	9.9362e-002
157	278	29.825	-90.002	107.7	1612	9.8032e-002
157	290	31.665	-90.002	108.26	1612	0.10108
157	306	34.084	-90.002	105.95	1612	0.10197
158	274	29.405	-90.002	110.41	1613	0.10026
158	269	28.361	-90.002	112.15	1613	0.10067
158	260	27.455	-90.002	109.62	1613	9.6821e-002
159	287	31.325	-90.002	139.15	1616	0.13448
159	279	29.932	-90.002	138.96	1616	0.13252
159	257	26.941	-90.002	142.8	1616	0.13341
159	267	28.326	-90.002	143.1	1616	0.13548
160	239	23.427	-90.002	146.17	1616	0.13322
160	257	26.941	-90.002	142.8	1616	0.13341
160	267	28.326	-90.002	143.1	1616	0.13548
160	245	24.765	-90.002	146.54	1616	0.13531
161	47	-24.021	-90.002	109.98	1683	2.3689e-002
161	48	-23.809	-90.002	110.63	1683	2.4825e-002
161	45	-24.224	-90.002	110.6	1683	2.4182e-002
162	51	-23.605	-90.002	110.09	1684	2.4444e-002
162	48	-23.809	-90.002	110.63	1684	2.4825e-002
162	47	-24.021	-90.002	109.98	1684	2.3689e-002
163	33	-26.291	-90.002	140.46	1687	6.1097e-002
163	24	-27.268	-90.002	139.13	1687	5.7866e-002
163	35	-25.697	-90.002	139.38	1687	6.0522e-002
164	66	-21.126	-90.002	134.77	1688	6.1153e-002
164	52	-23.442	-90.002	137.1	1688	6.0825e-002
164	43	-24.88	-90.002	136.84	1688	5.8342e-002
164	59	-22.444	-90.002	134.49	1688	5.884e-002
165	35	-25.697	-90.002	139.38	1688	6.0522e-002
165	52	-23.442	-90.002	137.1	1688	6.0825e-002
165	43	-24.88	-90.002	136.84	1688	5.8342e-002
165	24	-27.268	-90.002	139.13	1688	5.7866e-002
166	35	-25.697	-90.002	139.38	1689	6.0522e-002
166	53	-23.442	-90.002	137.1	1689	6.0825e-002
166	69	-20.826	-90.002	138.72	1689	6.6785e-002
166	71	-20.457	-90.002	140.55	1689	6.9724e-002
167	66	-21.126	-90.002	134.77	1689	6.1153e-002
167	53	-23.442	-90.002	137.1	1689	6.0825e-002
167	69	-20.826	-90.002	138.72	1689	6.6785e-002
167	81	-18.349	-90.002	138.46	1689	7.0033e-002
168	100	-14.667	-90.002	141.83	1689	7.9618e-002
168	71	-20.457	-90.002	140.55	1689	6.9724e-002
168	69	-20.826	-90.002	138.72	1689	6.6785e-002
168	81	-18.349	-90.002	138.46	1689	7.0033e-002
169	127	-7.6585	-90.002	149.75	1711	9.918e-002
169	129	-7.53	-90.002	149.49	1711	9.9017e-002
169	128	-7.5452	-90.002	149.78	1711	9.9367e-002
170	126	-7.7502	-90.002	153.54	1711	0.10398
170	128	-7.5452	-90.002	149.78	1711	9.9367e-002
170	127	-7.6585	-90.002	149.75	1711	9.918e-002
170	121	-9.3377	-90.002	153.1	1711	0.10131
171	138	-4.6543	-90.002	150.43	1712	0.10393
171	128	-7.5452	-90.002	149.78	1712	9.9367e-002
171	129	-7.53	-90.002	149.49	1712	9.9017e-002
172	138	-4.6543	-90.002	150.43	1712	0.10393
172	129	-7.53	-90.002	149.49	1712	9.9017e-002
172	149	-2.2115	-90.002	150.32	1712	0.1069
173	138	-4.6543	-90.002	150.43	1712	0.10393
173	149	-2.2115	-90.002	150.32	1712	0.1069
173	150	-1.9103	-90.002	150.65	1712	0.10772
174	138	-4.6543	-90.002	150.43	1712	0.10393
174	150	-1.9103	-90.002	150.65	1712	0.10772
174	142	-4.0746	-90.002	151.89	1712	0.10656
175	138	-4.6543	-90.002	150.43	1712	0.10393
175	142	-4.0746	-90.002	151.89	1712	0.10656
175	128	-7.5452	-90.002	149.78	1712	9.9367e-002
176	146	-2.9214	-90.002	154.64	1712	0.1116
176	126	-7.7502	-90.002	153.54	1712	0.10398
176	128	-7.5452	-90.002	149.78	1712	9.9367e-002
176	142	-4.0746	-90.002	151.89	1712	0.10656
177	150	-1.9103	-90.002	150.65	1712	0.10772
177	163	2.0246	-90.002	154.99	1712	0.11827
177	146	-2.9214	-90.002	154.64	1712	0.1116
177	142	-4.0746	-90.002	151.89	1712	0.10656
178	110	-12.092	-90.002	143.49	1748	8.5249e-002
178	103	-14.269	-90.002	142.62	1748	8.1178e-002
178	104	-14.262	-90.002	142.14	1748	8.0574e-002
179	129	-7.53	-90.002	149.49	1749	9.9017e-002
179	127	-7.6585	-90.002	149.75	1749	9.918e-002
179	120	-10.012	-90.002	147.44	1749	9.3108e-002
179	118	-10.195	-90.002	146.17	1749	9.1233e-002
180	121	-9.3377	-90.002	153.1	1749	0.10131
180	127	-7.6585	-90.002	149.75	1749	9.918e-002
180	120	-10.012	-90.002	147.44	1749	9.3108e-002
180	111	-11.689	-90.002	148.1	1749	9.1728e-002
181	112	-11.651	-90.002	145.56	1749	8.8509e-002
181	103	-14.269	-90.002	142.62	1749	8.1178e-002
181	110	-12.092	-90.002	143.49	1749	8.5249e-002
182	112	-11.651	-90.002	145.56	1749	8.8509e-002
182	110	-12.092	-90.002	143.49	1749	8.5249e-002
182	118	-10.195	-90.002	146.17	1749	9.1233e-002
183	112	-11.651	-90.002	145.56	1749	8.8509e-002
183	118	-10.195	-90.002	146.17	1749	9.1233e-002
183	120	-10.012	-90.002	147.44	1749	9.3108e-002
184	112	-11.651	-90.002	145.56	1749	8.8509e-002
184	120	-10.012	-90.002	147.44	1749	9.3108e-002
184	111	-11.689	-90.002	148.1	1749	9.1728e-002
185	112	-11.651	-90.002	145.56	1749	8.8509e-002
185	111	-11.689	-90.002	148.1	1749	9.1728e-002
185	103	-14.269	-90.002	142.62	1749	8.1178e-002
186	91	-16.278	-90.002	145.72	1750	8.2388e-002
186	103	-14.269	-90.002	142.62	1750	8.1178e-002
186	111	-11.689	-90.002	148.1	1750	9.1728e-002
186	106	-13.977	-90.002	148.41	1750	8.9033e-002
187	107	-13.902	-90.002	151.16	1750	9.2703e-002
187	83	-18.112	-90.002	148.55	1750	8.352e-002
187	91	-16.278	-90.002	145.72	1750	8.2388e-002
187	106	-13.977	-90.002	148.41	1750	8.9033e-002
188	111	-11.689	-90.002	148.1	1750	9.1728e-002
188	121	-9.3377	-90.002	153.1	1750	0.10131
188	107	-13.902	-90.002	151.16	1750	9.2703e-002
188	106	-13.977	-90.002	148.41	1750	8.9033e-002
189	193	10.965	-90.002	145.9	1760	0.11755
189	201	13.107	-90.002	149.08	1760	0.12425
189	199	12.662	-90.002	145.36	1760	0.11896
190	165	2.7109	-90.002	153.59	1762	0.1173
190	184	7.3848	-90.002	153.09	1762	0.12241
190	187	8.5958	-90.002	154.38	1762	0.12556
190	169	3.6719	-90.002	154.9	1762	0.1202
191	195	11.943	-90.002	151.95	1762	0.1265
191	184	7.3848	-90.002	153.09	1762	0.12241
191	187	8.5958	-90.002	154.38	1762	0.12556
191	204	13.388	-90.002	153.1	1762	0.12974
192	195	11.943	-90.002	151.95	1763	0.1265
192	204	13.388	-90.002	153.1	1763	0.12974
192	202	13.118	-90.002	149.23	1763	0.12446
192	200	13.063	-90.002	149.19	1763	0.12435
193	201	13.107	-90.002	149.08	1763	0.12425
193	202	13.118	-90.002	149.23	1763	0.12446
193	200	13.063	-90.002	149.19	1763	0.12435
194	259	27.185	-90.002	133.3	1769	0.12245
194	289	31.581	-90.002	130.94	1769	0.12533
194	283	30.657	-90.002	130.42	1769	0.12355
194	253	26.333	-90.002	132.77	1769	0.12075
195	312	35.955	-90.002	128.6	1769	0.12828
195	289	31.581	-90.002	130.94	1769	0.12533
195	283	30.657	-90.002	130.42	1769	0.12355
195	309	34.938	-90.002	128.06	1769	0.12638
196	313	36.271	-90.002	126.98	1770	0.12691
196	312	35.955	-90.002	128.6	1770	0.12828
196	309	34.938	-90.002	128.06	1770	0.12638
197	159	0.73719	-90.002	90.924	1771	3.9148e-002
197	164	2.6704	-90.002	92.534	1771	4.3984e-002
197	154	-0.62363	-90.002	92.674	1771	3.9167e-002
198	224	19.581	-90.002	141.16	1775	0.12229
198	214	16.311	-90.002	143.48	1775	0.12111
198	213	16.267	-90.002	144.11	1775	0.12184
198	225	19.609	-90.002	143.36	1775	0.12504
199	213	16.267	-90.002	144.11	1775	0.12184
199	209	14.791	-90.002	144.3	1775	0.12025
199	214	16.311	-90.002	143.48	1775	0.12111
200	224	19.581	-90.002	141.16	1776	0.12229
200	229	21.388	-90.002	143.52	1776	0.12742
200	232	21.458	-90.002	145.37	1776	0.12981
200	225	19.609	-90.002	143.36	1776	0.12504
201	239	23.427	-90.002	146.17	1776	0.13322
201	229	21.388	-90.002	143.52	1776	0.12742
201	232	21.458	-90.002	145.37	1776	0.12981
201	241	23.521	-90.002	147.62	1776	0.13513
202	238	23.04	-90.002	102.31	1812	8.3318e-002
202	263	27.514	-90.002	103.88	1812	9.1002e-002
202	261	27.513	-90.002	101.82	1812	8.8891e-002
202	248	25.009	-90.002	100.13	1812	8.374e-002
203	298	32.404	-90.002	105.6	1812	9.9362e-002
203	263	27.514	-90.002	103.88	1812	9.1002e-002
203	261	27.513	-90.002	101.82	1812	8.8891e-002
203	280	30.058	-90.002	101.5	1812	9.201e-002
204	258	27.158	-90.002	97.759	1812	8.4219e-002
204	248	25.009	-90.002	100.13	1812	8.374e-002
204	261	27.513	-90.002	101.82	1812	8.8891e-002
204	280	30.058	-90.002	101.5	1812	9.201e-002
205	84	-17.717	-90.002	97.835	1816	1.85e-002
205	77	-19.339	-90.002	98.832	1816	1.7167e-002
205	88	-17.169	-90.002	100.34	1816	2.2322e-002
206	84	-17.717	-90.002	97.835	1816	1.85e-002
206	88	-17.169	-90.002	100.34	1816	2.2322e-002
206	92	-16.178	-90.002	96.318	1816	1.91e-002
207	84	-17.717	-90.002	97.835	1816	1.85e-002
207	92	-16.178	-90.002	96.318	1816	1.91e-002
207	85	-17.373	-90.002	96.383	1816	1.7313e-002
208	84	-17.717	-90.002	97.835	1816	1.85e-002
208	85	-17.373	-90.002	96.383	1816	1.7313e-002
208	80	-18.525	-90.002	97.299	1816	1.6608e-002
209	84	-17.717	-90.002	97.835	1816	1.85e-002
209	80	-18.525	-90.002	97.299	1816	1.6608e-002
209	77	-19.339	-90.002	98.832	1816	1.7167e-002
210	80	-18.525	-90.002	97.299	1816	1.6608e-002
210	82	-18.139	-90.002	96.073	1816	1.5753e-002
210	85	-17.373	-90.002	96.383	1816	1.7313e-002
211	89	-17.064	-90.002	94.79	1816	1.5905e-002
211	79	-18.687	-90.002	93.88	1816	1.2292e-002
211	96	-14.944	-90.002	91.296	1816	1.5088e-002
212	89	-17.064	-90.002	94.79	1816	1.5905e-002
212	96	-14.944	-90.002	91.296	1816	1.5088e-002
212	92	-16.178	-90.002	96.318	1816	1.91e-002
213	89	-17.064	-90.002	94.79	1816	1.5905e-002
213	92	-16.178	-90.002	96.318	1816	1.91e-002
213	85	-17.373	-90.002	96.383	1816	1.7313e-002
214	89	-17.064	-90.002	94.79	1816	1.5905e-002
214	85	-17.373	-90.002	96.383	1816	1.7313e-002
214	82	-18.139	-90.002	96.073	1816	1.5753e-002
215	89	-17.064	-90.002	94.79	1816	1.5905e-002
215	82	-18.139	-90.002	96.073	1816	1.5753e-002
215	79	-18.687	-90.002	93.88	1816	1.2292e-002
216	75	-19.347	-90.002	96.606	1816	1.4508e-002
216	79	-18.687	-90.002	93.88	1816	1.2292e-002
216	61	-22.047	-90.002	96.947	1816	1.0736e-002
217	75	-19.347	-90.002	96.606	1816	1.4508e-002
217	61	-22.047	-90.002	96.947	1816	1.0736e-002
217	77	-19.339	-90.002	98.832	1816	1.7167e-002
218	75	-19.347	-90.002	96.606	1816	1.4508e-002
218	77	-19.339	-90.002	98.832	1816	1.7167e-002
218	80	-18.525	-90.002	97.299	1816	1.6608e-002
219	75	-19.347	-90.002	96.606	1816	1.4508e-002
219	80	-18.525	-90.002	97.299	1816	1.6608e-002
219	82	-18.139	-90.002	96.073	1816	1.5753e-002
220	75	-19.347	-90.002	96.606	1816	1.4508e-002
220	82	-18.139	-90.002	96.073	1816	1.5753e-002
220	79	-18.687	-90.002	93.88	1816	1.2292e-002
221	131	-6.5589	-90.002	91.154	1818	2.8111e-002
221	125	-8.5594	-90.002	94.656	1818	2.9138e-002
221	115	-10.582	-90.002	92.583	1818	2.3492e-002
221	124	-8.6146	-90.002	90.747	1818	2.44e-002
222	123	-8.6841	-90.002	88.427	1818	2.1526e-002
222	141	-4.2919	-90.002	87.196	1818	2.6928e-002
222	131	-6.5589	-90.002	91.154	1818	2.8111e-002
222	124	-8.6146	-90.002	90.747	1818	2.44e-002
223	115	-10.582	-90.002	92.583	1818	2.3492e-002
223	109	-12.869	-90.002	90.243	1818	1.7108e-002
223	123	-8.6841	-90.002	88.427	1818	2.1526e-002
223	124	-8.6146	-90.002	90.747	1818	2.44e-002
224	272	29.288	-90.002	116.35	1898	0.10632
224	269	28.361	-90.002	112.15	1898	0.10067
224	292	31.755	-90.002	114.24	1898	0.10738
224	286	31.145	-90.002	116.41	1898	0.10885
225	297	32.337	-90.002	118.67	1898	0.11282
225	275	29.473	-90.002	120.63	1898	0.11117
225	272	29.288	-90.002	116.35	1898	0.10632
225	286	31.145	-90.002	116.41	1898	0.10885
226	292	31.755	-90.002	114.24	1898	0.10738
226	310	35.46	-90.002	116.52	1898	0.11467
226	297	32.337	-90.002	118.67	1898	0.11282
226	286	31.145	-90.002	116.41	1898	0.10885
227	285	30.96	-90.002	121.77	1899	0.11435
227	305	33.832	-90.002	119.53	1899	0.1157
227	297	32.337	-90.002	118.67	1899	0.11282
227	275	29.473	-90.002	120.63	1899	0.11117
228	315	36.909	-90.002	117.12	1899	0.1172
228	305	33.832	-90.002	119.53	1899	0.1157
228	297	32.337	-90.002	118.67	1899	0.11282
228	310	35.46	-90.002	116.52	1899	0.11467
229	113	-11.58	-90.002	96.147	2908	2.613e-002
229	108	-13.159	-90.002	93.87	2908	2.0951e-002
229	114	-10.582	-90.002	92.583	2908	2.3492e-002
229	125	-8.5594	-90.002	94.656	2908	2.9138e-002
230	96	-14.944	-90.002	91.296	2908	1.5088e-002
230	108	-13.159	-90.002	93.87	2908	2.0951e-002
230	114	-10.582	-90.002	92.583	2908	2.3492e-002
230	109	-12.869	-90.002	90.243	2908	1.7108e-002
231	96	-14.944	-90.002	91.296	2909	1.5088e-002
231	101	-14.615	-90.002	89.219	2909	1.3145e-002
231	109	-12.869	-90.002	90.243	2909	1.7108e-002
232	0	-32.887	-90.002	118.75	2926	2.2005e-002
232	1	-32.842	-90.002	117.1	2926	1.9886e-002
232	5	-31.752	-90.002	117.17	2926	2.1586e-002
233	36	-25.373	-90.002	121.58	2927	3.6998e-002
233	17	-28.584	-90.002	119.37	2927	2.9232e-002
233	12	-29.622	-90.002	120.92	2927	2.9779e-002
233	32	-26.312	-90.002	123.11	2927	3.767e-002
234	5	-31.752	-90.002	117.17	2927	2.1586e-002
234	17	-28.584	-90.002	119.37	2927	2.9232e-002
234	12	-29.622	-90.002	120.92	2927	2.9779e-002
234	0	-32.887	-90.002	118.75	2927	2.2005e-002
235	97	-14.844	-90.002	142.26	2943	7.9918e-002
235	67	-20.831	-90.002	141.32	2943	7.0188e-002
235	70	-20.492	-90.002	143.6	2943	7.3669e-002
235	86	-17.264	-90.002	145.06	2943	8.0155e-002
236	33	-26.291	-90.002	140.46	2943	6.1097e-002
236	67	-20.831	-90.002	141.32	2943	7.0188e-002
236	70	-20.492	-90.002	143.6	2943	7.3669e-002
236	54	-23.155	-90.002	144.3	2943	7.0756e-002
237	74	-19.468	-90.002	147.61	2943	8.0381e-002
237	86	-17.264	-90.002	145.06	2943	8.0155e-002
237	70	-20.492	-90.002	143.6	2943	7.3669e-002
237	54	-23.155	-90.002	144.3	2943	7.0756e-002
238	97	-14.844	-90.002	142.26	2944	7.9918e-002
238	100	-14.667	-90.002	141.83	2944	7.9618e-002
238	72	-20.457	-90.002	140.55	2944	6.9724e-002
238	68	-20.831	-90.002	141.32	2944	7.0188e-002
239	35	-25.697	-90.002	139.38	2944	6.0522e-002
239	72	-20.457	-90.002	140.55	2944	6.9724e-002
239	68	-20.831	-90.002	141.32	2944	7.0188e-002
239	33	-26.291	-90.002	140.46	2944	6.1097e-002
240	259	27.185	-90.002	133.3	2947	0.12245
240	254	26.449	-90.002	134.72	2947	0.12317
240	251	25.873	-90.002	133.71	2947	0.12126
241	251	25.873	-90.002	133.71	2948	0.12126
241	253	26.333	-90.002	132.77	2948	0.12075
241	259	27.185	-90.002	133.3	2948	0.12245
242	215	17.204	-90.002	88.523	2951	6.0466e-002
242	221	18.696	-90.002	89.227	2951	6.3369e-002
242	220	18.184	-90.002	90.246	2951	6.3769e-002
243	196	12.174	-90.002	92.983	2952	5.833e-002
243	205	13.598	-90.002	95.081	2952	6.2693e-002
243	212	15.823	-90.002	92.734	2952	6.32e-002
243	208	14.625	-90.002	90.794	2952	5.9341e-002
244	215	17.204	-90.002	88.523	2952	6.0466e-002
244	208	14.625	-90.002	90.794	2952	5.9341e-002
244	212	15.823	-90.002	92.734	2952	6.32e-002
244	220	18.184	-90.002	90.246	2952	6.3769e-002
245	177	6.8003	-90.002	147.48	2953	0.11445
245	176	6.4059	-90.002	147.15	2953	0.11354
245	172	5.9208	-90.002	147.2	2953	0.113
246	175	6.3378	-90.002	148.05	2953	0.11462
246	172	5.9208	-90.002	147.2	2953	0.113
246	167	3.2552	-90.002	147.47	2953	0.11006
247	175	6.3378	-90.002	148.05	2953	0.11462
247	167	3.2552	-90.002	147.47	2953	0.11006
247	182	7.2706	-90.002	149.54	2953	0.11768
248	175	6.3378	-90.002	148.05	2953	0.11462
248	182	7.2706	-90.002	149.54	2953	0.11768
248	186	8.4421	-90.002	148.57	2953	0.11788
249	175	6.3378	-90.002	148.05	2953	0.11462
249	186	8.4421	-90.002	148.57	2953	0.11788
249	177	6.8003	-90.002	147.48	2953	0.11445
250	175	6.3378	-90.002	148.05	2953	0.11462
250	177	6.8003	-90.002	147.48	2953	0.11445
250	172	5.9208	-90.002	147.2	2953	0.113
251	195	11.943	-90.002	151.95	2953	0.1265
251	182	7.2706	-90.002	149.54	2953	0.11768
251	186	8.4421	-90.002	148.57	2953	0.11788
251	200	13.063	-90.002	149.19	2953	0.12435
252	190	9.7973	-90.002	147.89	2953	0.11868
252	201	13.107	-90.002	149.08	2953	0.12425
252	193	10.965	-90.002	145.9	2953	0.11755
253	190	9.7973	-90.002	147.89	2953	0.11868
253	193	10.965	-90.002	145.9	2953	0.11755
253	176	6.4059	-90.002	147.15	2953	0.11354
254	190	9.7973	-90.002	147.89	2953	0.11868
254	176	6.4059	-90.002	147.15	2953	0.11354
254	177	6.8003	-90.002	147.48	2953	0.11445
255	190	9.7973	-90.002	147.89	2953	0.11868
255	177	6.8003	-90.002	147.48	2953	0.11445
255	186	8.4421	-90.002	148.57	2953	0.11788
256	190	9.7973	-90.002	147.89	2953	0.11868
256	186	8.4421	-90.002	148.57	2953	0.11788
256	200	13.063	-90.002	149.19	2953	0.12435
257	190	9.7973	-90.002	147.89	2953	0.11868
257	200	13.063	-90.002	149.19	2953	0.12435
257	201	13.107	-90.002	149.08	2953	0.12425
258	195	11.943	-90.002	151.95	2954	0.1265
258	181	7.2705	-90.002	149.54	2954	0.11768
258	174	6.1728	-90.002	151.39	2954	0.11872
258	183	7.3848	-90.002	153.09	2954	0.12241
259	167	3.2552	-90.002	147.47	2954	0.11006
259	181	7.2705	-90.002	149.54	2954	0.11768
259	174	6.1728	-90.002	151.39	2954	0.11872
259	166	3.0035	-90.002	150.3	2954	0.1134
260	183	7.3848	-90.002	153.09	2954	0.12241
260	165	2.7109	-90.002	153.59	2954	0.1173
260	166	3.0035	-90.002	150.3	2954	0.1134
260	174	6.1728	-90.002	151.39	2954	0.11872
261	104	-14.262	-90.002	142.14	2975	8.0574e-002
261	103	-14.269	-90.002	142.62	2975	8.1178e-002
261	97	-14.844	-90.002	142.26	2975	7.9918e-002
262	103	-14.269	-90.002	142.62	2976	8.1178e-002
262	97	-14.844	-90.002	142.26	2976	7.9918e-002
262	87	-17.264	-90.002	145.06	2976	8.0155e-002
262	90	-16.278	-90.002	145.72	2976	8.2388e-002
263	83	-18.112	-90.002	148.55	2976	8.352e-002
263	90	-16.278	-90.002	145.72	2976	8.2388e-002
263	87	-17.264	-90.002	145.06	2976	8.0155e-002
263	74	-19.468	-90.002	147.61	2976	8.0381e-002
264	225	19.609	-90.002	143.36	2981	0.12504
264	217	17.408	-90.002	147.7	2981	0.12776
264	223	19.442	-90.002	147.8	2981	0.13038
264	231	21.458	-90.002	145.37	2981	0.12981
265	210	14.916	-90.002	152.48	2981	0.1308
265	217	17.408	-90.002	147.7	2981	0.12776
265	223	19.442	-90.002	147.8	2981	0.13038
265	222	19.402	-90.002	150.38	2981	0.13359
266	241	23.521	-90.002	147.62	2981	0.13513
266	231	21.458	-90.002	145.37	2981	0.12981
266	223	19.442	-90.002	147.8	2981	0.13038
266	222	19.402	-90.002	150.38	2981	0.13359
267	225	19.609	-90.002	143.36	2982	0.12504
267	216	17.408	-90.002	147.7	2982	0.12776
267	211	15.765	-90.002	147.01	2982	0.12488
267	213	16.267	-90.002	144.11	2982	0.12184
268	210	14.916	-90.002	152.48	2982	0.1308
268	216	17.408	-90.002	147.7	2982	0.12776
268	211	15.765	-90.002	147.01	2982	0.12488
268	203	13.174	-90.002	149.2	2982	0.1245
269	206	14.621	-90.002	146.74	2982	0.12313
269	203	13.174	-90.002	149.2	2982	0.1245
269	201	13.107	-90.002	149.08	2982	0.12425
270	206	14.621	-90.002	146.74	2982	0.12313
270	201	13.107	-90.002	149.08	2982	0.12425
270	209	14.791	-90.002	144.3	2982	0.12025
271	206	14.621	-90.002	146.74	2982	0.12313
271	209	14.791	-90.002	144.3	2982	0.12025
271	213	16.267	-90.002	144.11	2982	0.12184
272	206	14.621	-90.002	146.74	2982	0.12313
272	213	16.267	-90.002	144.11	2982	0.12184
272	211	15.765	-90.002	147.01	2982	0.12488
273	206	14.621	-90.002	146.74	2982	0.12313
273	211	15.765	-90.002	147.01	2982	0.12488
273	203	13.174	-90.002	149.2	2982	0.1245
274	238	23.04	-90.002	102.31	3002	8.3318e-002
274	247	25.009	-90.002	100.13	3002	8.374e-002
274	240	23.471	-90.002	98.309	3002	7.9751e-002
274	228	21.146	-90.002	100.29	3002	7.8666e-002
275	258	27.158	-90.002	97.759	3002	8.4219e-002
275	247	25.009	-90.002	100.13	3002	8.374e-002
275	240	23.471	-90.002	98.309	3002	7.9751e-002
275	252	25.972	-90.002	96.176	3002	8.0948e-002
276	252	25.972	-90.002	96.176	3003	8.0948e-002
276	266	27.785	-90.002	96.305	3003	8.3572e-002
276	258	27.158	-90.002	97.759	3003	8.4219e-002
