小面	点	X坐标 (mm)	Y坐标 (mm)	Z坐标 (mm)	单元数	定向变形 (mm)
0	256	-2.9777	-120.	149.89	577	0.11098
0	268	-1.0913	-120.	151.9	577	0.11126
0	252	-3.9312	-120.	151.58	577	0.11119
1	288	1.8045	-120.	154.98	577	0.11207
1	267	-1.1343	-120.	154.83	577	0.11184
1	276	-0.11815	-120.	152.95	577	0.11149
2	243	-5.3928	-120.	154.18	577	0.11144
2	248	-4.4252	-120.	152.47	577	0.11128
2	259	-2.4941	-120.	154.68	577	0.11172
3	261	-2.1991	-120.	153.07	577	0.11145
3	252	-3.9312	-120.	151.58	577	0.11119
3	268	-1.0913	-120.	151.9	577	0.11126
4	261	-2.1991	-120.	153.07	577	0.11145
4	268	-1.0913	-120.	151.9	577	0.11126
4	276	-0.11815	-120.	152.95	577	0.11149
5	261	-2.1991	-120.	153.07	577	0.11145
5	276	-0.11815	-120.	152.95	577	0.11149
5	267	-1.1343	-120.	154.83	577	0.11184
6	261	-2.1991	-120.	153.07	577	0.11145
6	267	-1.1343	-120.	154.83	577	0.11184
6	259	-2.4941	-120.	154.68	577	0.11172
7	261	-2.1991	-120.	153.07	577	0.11145
7	259	-2.4941	-120.	154.68	577	0.11172
7	248	-4.4252	-120.	152.47	577	0.11128
8	261	-2.1991	-120.	153.07	577	0.11145
8	248	-4.4252	-120.	152.47	577	0.11128
8	252	-3.9312	-120.	151.58	577	0.11119
9	526	31.866	-120.	131.46	610	0.10502
9	510	30.864	-120.	134.14	610	0.10524
9	479	29.242	-120.	133.19	610	0.10513
10	564	34.544	-120.	132.9	610	0.10515
10	550	33.344	-120.	135.59	610	0.10547
10	522	31.71	-120.	134.63	610	0.10531
11	541	32.873	-120.	132.56	610	0.1051
11	564	34.544	-120.	132.9	610	0.10515
11	522	31.71	-120.	134.63	610	0.10531
12	541	32.873	-120.	132.56	610	0.1051
12	522	31.71	-120.	134.63	610	0.10531
12	510	30.864	-120.	134.14	610	0.10524
13	541	32.873	-120.	132.56	610	0.1051
13	510	30.864	-120.	134.14	610	0.10524
13	526	31.866	-120.	131.46	610	0.10502
14	541	32.873	-120.	132.56	610	0.1051
14	526	31.866	-120.	131.46	610	0.10502
14	546	33.229	-120.	130.57	610	0.10501
15	541	32.873	-120.	132.56	610	0.1051
15	546	33.229	-120.	130.57	610	0.10501
15	567	35.024	-120.	131.62	610	0.10507
16	541	32.873	-120.	132.56	610	0.1051
16	567	35.024	-120.	131.62	610	0.10507
16	564	34.544	-120.	132.9	610	0.10515
17	572	35.883	-120.	128.81	610	0.10507
17	567	35.024	-120.	131.62	610	0.10507
17	546	33.229	-120.	130.57	610	0.10501
18	109	-23.556	-120.	106.6	619	0.12369
18	124	-22.151	-120.	106.97	619	0.1237
18	98	-24.934	-120.	108.56	619	0.12381
19	109	-23.556	-120.	106.6	619	0.12369
19	98	-24.934	-120.	108.56	619	0.12381
19	83	-25.781	-120.	108.08	619	0.1238
20	109	-23.556	-120.	106.6	619	0.12369
20	83	-25.781	-120.	108.08	619	0.1238
20	104	-24.368	-120.	105.63	619	0.1236
21	109	-23.556	-120.	106.6	619	0.12369
21	104	-24.368	-120.	105.63	619	0.1236
21	117	-22.763	-120.	104.8	619	0.12348
22	109	-23.556	-120.	106.6	619	0.12369
22	117	-22.763	-120.	104.8	619	0.12348
22	137	-21.34	-120.	105.57	619	0.12358
23	109	-23.556	-120.	106.6	619	0.12369
23	137	-21.34	-120.	105.57	619	0.12358
23	124	-22.151	-120.	106.97	619	0.1237
24	104	-24.368	-120.	105.63	619	0.1236
24	83	-25.781	-120.	108.08	619	0.1238
24	55	-27.388	-120.	107.17	619	0.12374
25	124	-22.151	-120.	106.97	619	0.1237
25	112	-23.336	-120.	109.46	619	0.1238
25	98	-24.934	-120.	108.56	619	0.12381
26	137	-21.34	-120.	105.57	619	0.12358
26	117	-22.763	-120.	104.8	619	0.12348
26	151	-19.781	-120.	103.3	619	0.12323
27	153	-19.369	-120.	98.573	622	0.12192
27	139	-21.019	-120.	97.611	622	0.1216
27	155	-18.865	-120.	95.735	622	0.12086
28	110	-23.545	-120.	96.143	622	0.12108
28	134	-21.451	-120.	94.077	622	0.12023
28	126	-21.878	-120.	97.108	622	0.12142
29	165	-18.085	-120.	91.387	622	0.11899
29	161	-18.611	-120.	94.262	622	0.12026
29	144	-20.419	-120.	93.178	622	0.11983
30	145	-20.374	-120.	95.329	622	0.12072
30	155	-18.865	-120.	95.735	622	0.12086
30	139	-21.019	-120.	97.611	622	0.1216
31	145	-20.374	-120.	95.329	622	0.12072
31	139	-21.019	-120.	97.611	622	0.1216
31	126	-21.878	-120.	97.108	622	0.12142
32	145	-20.374	-120.	95.329	622	0.12072
32	126	-21.878	-120.	97.108	622	0.12142
32	134	-21.451	-120.	94.077	622	0.12023
33	145	-20.374	-120.	95.329	622	0.12072
33	134	-21.451	-120.	94.077	622	0.12023
33	144	-20.419	-120.	93.178	622	0.11983
34	145	-20.374	-120.	95.329	622	0.12072
34	144	-20.419	-120.	93.178	622	0.11983
34	161	-18.611	-120.	94.262	622	0.12026
35	145	-20.374	-120.	95.329	622	0.12072
35	161	-18.611	-120.	94.262	622	0.12026
35	155	-18.865	-120.	95.735	622	0.12086
36	285	1.3031	-120.	89.681	635	0.11795
36	275	-0.15357	-120.	92.615	635	0.11894
36	300	4.2195	-120.	92.615	635	0.11843
37	80	-26.056	-120.	108.78	712	0.12383
37	97	-24.934	-120.	108.56	712	0.12381
37	82	-25.781	-120.	108.08	712	0.1238
38	43	-28.173	-120.	109.18	712	0.12383
38	23	-29.748	-120.	110.74	712	0.1238
38	7	-31.417	-120.	109.78	712	0.12378
39	43	-28.173	-120.	109.18	712	0.12383
39	7	-31.417	-120.	109.78	712	0.12378
39	55	-27.388	-120.	107.17	712	0.12374
40	43	-28.173	-120.	109.18	712	0.12383
40	55	-27.388	-120.	107.17	712	0.12374
40	82	-25.781	-120.	108.08	712	0.1238
41	43	-28.173	-120.	109.18	712	0.12383
41	82	-25.781	-120.	108.08	712	0.1238
41	80	-26.056	-120.	108.78	712	0.12383
42	43	-28.173	-120.	109.18	712	0.12383
42	80	-26.056	-120.	108.78	712	0.12383
42	36	-28.65	-120.	110.53	712	0.12382
43	43	-28.173	-120.	109.18	712	0.12383
43	36	-28.65	-120.	110.53	712	0.12382
43	23	-29.748	-120.	110.74	712	0.1238
44	32	-28.882	-120.	111.23	712	0.12379
44	36	-28.65	-120.	110.53	712	0.12382
44	23	-29.748	-120.	110.74	712	0.1238
45	68	-26.514	-120.	110.12	712	0.12383
45	61	-27.224	-120.	112.18	712	0.12373
45	112	-23.336	-120.	109.46	712	0.1238
46	68	-26.514	-120.	110.12	712	0.12383
46	112	-23.336	-120.	109.46	712	0.1238
46	97	-24.934	-120.	108.56	712	0.12381
47	68	-26.514	-120.	110.12	712	0.12383
47	97	-24.934	-120.	108.56	712	0.12381
47	80	-26.056	-120.	108.78	712	0.12383
48	68	-26.514	-120.	110.12	712	0.12383
48	80	-26.056	-120.	108.78	712	0.12383
48	36	-28.65	-120.	110.53	712	0.12382
49	68	-26.514	-120.	110.12	712	0.12383
49	36	-28.65	-120.	110.53	712	0.12382
49	32	-28.882	-120.	111.23	712	0.12379
50	68	-26.514	-120.	110.12	712	0.12383
50	32	-28.882	-120.	111.23	712	0.12379
50	61	-27.224	-120.	112.18	712	0.12373
51	241	-5.7764	-120.	90.758	716	0.11856
51	235	-6.5008	-120.	90.968	716	0.11866
51	237	-6.2516	-120.	91.919	716	0.11906
52	225	-8.3372	-120.	89.613	716	0.1181
52	223	-8.5933	-120.	88.683	716	0.1177
52	220	-9.0374	-120.	89.857	716	0.1182
53	227	-7.8565	-120.	91.427	716	0.11888
53	237	-6.2516	-120.	91.919	716	0.11906
53	231	-7.1082	-120.	94.093	716	0.12004
54	227	-7.8565	-120.	91.427	716	0.11888
54	231	-7.1082	-120.	94.093	716	0.12004
54	214	-9.904	-120.	92.112	716	0.11922
55	227	-7.8565	-120.	91.427	716	0.11888
55	214	-9.904	-120.	92.112	716	0.11922
55	220	-9.0374	-120.	89.857	716	0.1182
56	227	-7.8565	-120.	91.427	716	0.11888
56	220	-9.0374	-120.	89.857	716	0.1182
56	225	-8.3372	-120.	89.613	716	0.1181
57	227	-7.8565	-120.	91.427	716	0.11888
57	225	-8.3372	-120.	89.613	716	0.1181
57	235	-6.5008	-120.	90.968	716	0.11866
58	227	-7.8565	-120.	91.427	716	0.11888
58	235	-6.5008	-120.	90.968	716	0.11866
58	237	-6.2516	-120.	91.919	716	0.11906
59	232	-6.9679	-120.	89.165	716	0.11791
59	223	-8.5933	-120.	88.683	716	0.1177
59	228	-7.7041	-120.	86.405	716	0.11676
60	232	-6.9679	-120.	89.165	716	0.11791
60	228	-7.7041	-120.	86.405	716	0.11676
60	245	-4.8957	-120.	88.564	716	0.11766
61	232	-6.9679	-120.	89.165	716	0.11791
61	245	-4.8957	-120.	88.564	716	0.11766
61	241	-5.7764	-120.	90.758	716	0.11856
62	232	-6.9679	-120.	89.165	716	0.11791
62	241	-5.7764	-120.	90.758	716	0.11856
62	235	-6.5008	-120.	90.968	716	0.11866
63	232	-6.9679	-120.	89.165	716	0.11791
63	235	-6.5008	-120.	90.968	716	0.11866
63	225	-8.3372	-120.	89.613	716	0.1181
64	232	-6.9679	-120.	89.165	716	0.11791
64	225	-8.3372	-120.	89.613	716	0.1181
64	223	-8.5933	-120.	88.683	716	0.1177
65	177	-15.833	-120.	140.87	735	0.11327
65	169	-17.251	-120.	143.32	735	0.11246
65	197	-12.295	-120.	143.44	735	0.11217
66	1	-32.805	-120.	116.88	751	0.12296
66	0	-32.924	-120.	121.19	751	0.12181
66	16	-30.093	-120.	118.32	751	0.12269
67	226	-8.113	-120.	150.47	765	0.11108
67	218	-9.54	-120.	153.01	765	0.11106
67	243	-5.3928	-120.	154.18	765	0.11144
68	250	-4.0658	-120.	91.691	802	0.11889
68	263	-2.0045	-120.	91.016	802	0.11852
68	257	-2.8829	-120.	92.974	802	0.11931
69	250	-4.0658	-120.	91.691	802	0.11889
69	257	-2.8829	-120.	92.974	802	0.11931
69	247	-4.4686	-120.	93.311	802	0.11956
70	250	-4.0658	-120.	91.691	802	0.11889
70	247	-4.4686	-120.	93.311	802	0.11956
70	238	-6.2516	-120.	91.919	802	0.11906
71	250	-4.0658	-120.	91.691	802	0.11889
71	238	-6.2516	-120.	91.919	802	0.11906
71	242	-5.7764	-120.	90.758	802	0.11856
72	250	-4.0658	-120.	91.691	802	0.11889
72	242	-5.7764	-120.	90.758	802	0.11856
72	254	-3.011	-120.	90.17	802	0.11825
73	250	-4.0658	-120.	91.691	802	0.11889
73	254	-3.011	-120.	90.17	802	0.11825
73	263	-2.0045	-120.	91.016	802	0.11852
74	238	-6.2516	-120.	91.919	802	0.11906
74	247	-4.4686	-120.	93.311	802	0.11956
74	231	-7.1082	-120.	94.093	802	0.12004
75	263	-2.0045	-120.	91.016	802	0.11852
75	275	-0.15357	-120.	92.615	802	0.11894
75	257	-2.8829	-120.	92.974	802	0.11931
76	254	-3.011	-120.	90.17	802	0.11825
76	242	-5.7764	-120.	90.758	802	0.11856
76	245	-4.8957	-120.	88.564	802	0.11766
77	353	12.589	-120.	91.638	810	0.11764
77	343	11.174	-120.	94.093	810	0.11759
77	365	15.169	-120.	95.872	810	0.11685
78	427	22.928	-120.	139.99	840	0.1065
78	413	21.536	-120.	141.87	840	0.10711
78	420	21.895	-120.	138.97	840	0.10619
79	427	22.928	-120.	139.99	840	0.1065
79	420	21.895	-120.	138.97	840	0.10619
79	429	22.98	-120.	137.77	840	0.10589
80	427	22.928	-120.	139.99	840	0.1065
80	429	22.98	-120.	137.77	840	0.10589
80	437	24.441	-120.	138.64	840	0.10613
81	427	22.928	-120.	139.99	840	0.1065
81	437	24.441	-120.	138.64	840	0.10613
81	435	24.303	-120.	140.3	840	0.1066
82	427	22.928	-120.	139.99	840	0.1065
82	435	24.303	-120.	140.3	840	0.1066
82	424	22.411	-120.	142.4	840	0.10731
83	427	22.928	-120.	139.99	840	0.1065
83	424	22.411	-120.	142.4	840	0.10731
83	413	21.536	-120.	141.87	840	0.10711
84	437	24.441	-120.	138.64	840	0.10613
84	429	22.98	-120.	137.77	840	0.10589
84	439	24.656	-120.	135.59	840	0.10545
85	413	21.536	-120.	141.87	840	0.10711
85	399	19.899	-120.	140.87	840	0.10674
85	420	21.895	-120.	138.97	840	0.10619
86	424	22.411	-120.	142.4	840	0.10731
86	435	24.303	-120.	140.3	840	0.1066
86	434	24.064	-120.	143.4	840	0.10767
87	240	-5.7995	-120.	146.33	842	0.11102
87	256	-2.9777	-120.	149.89	842	0.11098
87	265	-1.522	-120.	147.24	842	0.11052
88	35	-28.656	-120.	129.72	857	0.11851
88	6	-31.929	-120.	128.36	857	0.1191
88	10	-30.643	-120.	132.48	857	0.11725
89	152	-19.63	-120.	147.46	858	0.11129
89	175	-16.089	-120.	149.92	858	0.11092
89	181	-14.63	-120.	147.4	858	0.11138
90	214	-9.904	-120.	92.112	861	0.11922
90	206	-11.103	-120.	95.872	861	0.1209
90	231	-7.1082	-120.	94.093	861	0.12004
91	56	-27.376	-120.	127.13	865	0.11964
91	63	-27.196	-120.	127.86	865	0.11933
91	70	-26.429	-120.	126.87	865	0.11974
92	31	-29.171	-120.	127.62	865	0.11944
92	6	-31.929	-120.	128.36	865	0.1191
92	35	-28.656	-120.	129.72	865	0.11851
93	31	-29.171	-120.	127.62	865	0.11944
93	35	-28.656	-120.	129.72	865	0.11851
93	63	-27.196	-120.	127.86	865	0.11933
94	31	-29.171	-120.	127.62	865	0.11944
94	63	-27.196	-120.	127.86	865	0.11933
94	56	-27.376	-120.	127.13	865	0.11964
95	31	-29.171	-120.	127.62	865	0.11944
95	56	-27.376	-120.	127.13	865	0.11964
95	28	-29.468	-120.	126.21	865	0.12003
96	31	-29.171	-120.	127.62	865	0.11944
96	28	-29.468	-120.	126.21	865	0.12003
96	15	-30.401	-120.	126.46	865	0.11992
97	31	-29.171	-120.	127.62	865	0.11944
97	15	-30.401	-120.	126.46	865	0.11992
97	6	-31.929	-120.	128.36	865	0.1191
98	52	-27.657	-120.	125.72	865	0.12022
98	44	-28.087	-120.	123.61	865	0.12104
98	96	-24.974	-120.	125.04	865	0.12045
99	52	-27.657	-120.	125.72	865	0.12022
99	96	-24.974	-120.	125.04	865	0.12045
99	70	-26.429	-120.	126.87	865	0.11974
100	52	-27.657	-120.	125.72	865	0.12022
100	70	-26.429	-120.	126.87	865	0.11974
100	56	-27.376	-120.	127.13	865	0.11964
101	52	-27.657	-120.	125.72	865	0.12022
101	56	-27.376	-120.	127.13	865	0.11964
101	28	-29.468	-120.	126.21	865	0.12003
102	52	-27.657	-120.	125.72	865	0.12022
102	28	-29.468	-120.	126.21	865	0.12003
102	25	-29.607	-120.	125.48	865	0.12032
103	52	-27.657	-120.	125.72	865	0.12022
103	25	-29.607	-120.	125.48	865	0.12032
103	44	-28.087	-120.	123.61	865	0.12104
104	28	-29.468	-120.	126.21	865	0.12003
104	25	-29.607	-120.	125.48	865	0.12032
104	15	-30.401	-120.	126.46	865	0.11992
105	44	-28.087	-120.	123.61	867	0.12104
105	24	-29.607	-120.	125.48	867	0.12032
105	19	-29.999	-120.	122.65	867	0.12138
106	6	-31.929	-120.	128.36	867	0.1191
106	3	-32.513	-120.	125.48	867	0.1203
106	14	-30.401	-120.	126.46	867	0.11992
107	0	-32.924	-120.	121.19	867	0.12181
107	9	-30.996	-120.	122.16	867	0.12154
107	2	-32.701	-120.	124.13	867	0.12081
108	8	-31.036	-120.	124.39	867	0.12074
108	19	-29.999	-120.	122.65	867	0.12138
108	24	-29.607	-120.	125.48	867	0.12032
109	8	-31.036	-120.	124.39	867	0.12074
109	24	-29.607	-120.	125.48	867	0.12032
109	14	-30.401	-120.	126.46	867	0.11992
110	8	-31.036	-120.	124.39	867	0.12074
110	14	-30.401	-120.	126.46	867	0.11992
110	3	-32.513	-120.	125.48	867	0.1203
111	8	-31.036	-120.	124.39	867	0.12074
111	3	-32.513	-120.	125.48	867	0.1203
111	2	-32.701	-120.	124.13	867	0.12081
112	8	-31.036	-120.	124.39	867	0.12074
112	2	-32.701	-120.	124.13	867	0.12081
112	9	-30.996	-120.	122.16	867	0.12154
113	8	-31.036	-120.	124.39	867	0.12074
113	9	-30.996	-120.	122.16	867	0.12154
113	19	-29.999	-120.	122.65	867	0.12138
114	204	-11.69	-120.	149.52	879	0.1111
114	208	-10.796	-120.	149.39	879	0.11111
114	199	-12.084	-120.	148.78	879	0.11117
115	207	-10.848	-120.	150.93	879	0.11102
115	218	-9.54	-120.	153.01	879	0.11106
115	226	-8.113	-120.	150.47	879	0.11108
116	207	-10.848	-120.	150.93	879	0.11102
116	226	-8.113	-120.	150.47	879	0.11108
116	208	-10.796	-120.	149.39	879	0.11111
117	207	-10.848	-120.	150.93	879	0.11102
117	208	-10.796	-120.	149.39	879	0.11111
117	204	-11.69	-120.	149.52	879	0.1111
118	207	-10.848	-120.	150.93	879	0.11102
118	204	-11.69	-120.	149.52	879	0.1111
118	194	-12.675	-120.	151.25	879	0.11093
119	207	-10.848	-120.	150.93	879	0.11102
119	194	-12.675	-120.	151.25	879	0.11093
119	198	-12.273	-120.	151.92	879	0.11091
120	207	-10.848	-120.	150.93	879	0.11102
120	198	-12.273	-120.	151.92	879	0.11091
120	218	-9.54	-120.	153.01	879	0.11106
121	190	-13.446	-120.	149.7	879	0.11105
121	175	-16.089	-120.	149.92	879	0.11092
121	181	-14.63	-120.	147.4	879	0.11138
122	190	-13.446	-120.	149.7	879	0.11105
122	181	-14.63	-120.	147.4	879	0.11138
122	199	-12.084	-120.	148.78	879	0.11117
123	190	-13.446	-120.	149.7	879	0.11105
123	199	-12.084	-120.	148.78	879	0.11117
123	204	-11.69	-120.	149.52	879	0.1111
124	190	-13.446	-120.	149.7	879	0.11105
124	204	-11.69	-120.	149.52	879	0.1111
124	194	-12.675	-120.	151.25	879	0.11093
125	190	-13.446	-120.	149.7	879	0.11105
125	194	-12.675	-120.	151.25	879	0.11093
125	188	-13.511	-120.	151.33	879	0.11089
126	190	-13.446	-120.	149.7	879	0.11105
126	188	-13.511	-120.	151.33	879	0.11089
126	175	-16.089	-120.	149.92	879	0.11092
127	194	-12.675	-120.	151.25	879	0.11093
127	188	-13.511	-120.	151.33	879	0.11089
127	198	-12.273	-120.	151.92	879	0.11091
128	463	27.448	-120.	103.66	890	0.11326
128	451	26.451	-120.	103.94	890	0.11314
128	464	27.85	-120.	104.3	890	0.11296
129	453	26.629	-120.	102.49	890	0.11381
129	444	25.409	-120.	100.72	890	0.11462
129	432	23.847	-120.	103.3	890	0.11348
130	453	26.629	-120.	102.49	890	0.11381
130	432	23.847	-120.	103.3	890	0.11348
130	451	26.451	-120.	103.94	890	0.11314
131	453	26.629	-120.	102.49	890	0.11381
131	451	26.451	-120.	103.94	890	0.11314
131	463	27.448	-120.	103.66	890	0.11326
132	453	26.629	-120.	102.49	890	0.11381
132	463	27.448	-120.	103.66	890	0.11326
132	471	28.524	-120.	101.95	890	0.11403
133	453	26.629	-120.	102.49	890	0.11381
133	471	28.524	-120.	101.95	890	0.11403
133	467	28.095	-120.	101.35	890	0.1143
134	453	26.629	-120.	102.49	890	0.11381
134	467	28.095	-120.	101.35	890	0.1143
134	444	25.409	-120.	100.72	890	0.11462
135	483	29.334	-120.	103.14	890	0.11348
135	536	32.209	-120.	102.31	890	0.11383
135	499	30.485	-120.	104.97	890	0.11262
136	483	29.334	-120.	103.14	890	0.11348
136	499	30.485	-120.	104.97	890	0.11262
136	464	27.85	-120.	104.3	890	0.11296
137	483	29.334	-120.	103.14	890	0.11348
137	464	27.85	-120.	104.3	890	0.11296
137	463	27.448	-120.	103.66	890	0.11326
138	483	29.334	-120.	103.14	890	0.11348
138	463	27.448	-120.	103.66	890	0.11326
138	471	28.524	-120.	101.95	890	0.11403
139	483	29.334	-120.	103.14	890	0.11348
139	471	28.524	-120.	101.95	890	0.11403
139	490	29.49	-120.	101.66	890	0.11414
140	483	29.334	-120.	103.14	890	0.11348
140	490	29.49	-120.	101.66	890	0.11414
140	536	32.209	-120.	102.31	890	0.11383
141	471	28.524	-120.	101.95	890	0.11403
141	490	29.49	-120.	101.66	890	0.11414
141	467	28.095	-120.	101.35	890	0.1143
142	50	-27.848	-120.	115.7	894	0.12326
142	45	-27.948	-120.	116.45	894	0.12312
142	65	-26.814	-120.	115.45	894	0.1233
143	53	-27.595	-120.	114.29	894	0.12349
143	29	-29.43	-120.	114.03	894	0.12352
143	61	-27.224	-120.	112.18	894	0.12373
144	53	-27.595	-120.	114.29	894	0.12349
144	61	-27.224	-120.	112.18	894	0.12373
144	100	-24.688	-120.	113.62	894	0.12352
145	53	-27.595	-120.	114.29	894	0.12349
145	100	-24.688	-120.	113.62	894	0.12352
145	65	-26.814	-120.	115.45	894	0.1233
146	53	-27.595	-120.	114.29	894	0.12349
146	65	-26.814	-120.	115.45	894	0.1233
146	50	-27.848	-120.	115.7	894	0.12326
147	53	-27.595	-120.	114.29	894	0.12349
147	50	-27.848	-120.	115.7	894	0.12326
147	26	-29.567	-120.	114.76	894	0.12342
148	53	-27.595	-120.	114.29	894	0.12349
148	26	-29.567	-120.	114.76	894	0.12342
148	29	-29.43	-120.	114.03	894	0.12352
149	12	-30.578	-120.	114.99	894	0.12337
149	26	-29.567	-120.	114.76	894	0.12342
149	29	-29.43	-120.	114.03	894	0.12352
150	21	-29.807	-120.	116.19	894	0.12317
150	1	-32.805	-120.	116.88	894	0.12296
150	16	-30.093	-120.	118.32	894	0.12269
151	21	-29.807	-120.	116.19	894	0.12317
151	16	-30.093	-120.	118.32	894	0.12269
151	45	-27.948	-120.	116.45	894	0.12312
152	21	-29.807	-120.	116.19	894	0.12317
152	45	-27.948	-120.	116.45	894	0.12312
152	50	-27.848	-120.	115.7	894	0.12326
153	21	-29.807	-120.	116.19	894	0.12317
153	50	-27.848	-120.	115.7	894	0.12326
153	26	-29.567	-120.	114.76	894	0.12342
154	21	-29.807	-120.	116.19	894	0.12317
154	26	-29.567	-120.	114.76	894	0.12342
154	12	-30.578	-120.	114.99	894	0.12337
155	21	-29.807	-120.	116.19	894	0.12317
155	12	-30.578	-120.	114.99	894	0.12337
155	1	-32.805	-120.	116.88	894	0.12296
156	40	-28.243	-120.	120.02	900	0.12223
156	59	-27.268	-120.	119.76	900	0.12229
156	38	-28.244	-120.	119.26	900	0.12244
157	42	-28.178	-120.	121.44	900	0.12179
157	44	-28.087	-120.	123.61	900	0.12104
157	88	-25.431	-120.	120.69	900	0.12197
158	42	-28.178	-120.	121.44	900	0.12179
158	88	-25.431	-120.	120.69	900	0.12197
158	59	-27.268	-120.	119.76	900	0.12229
159	42	-28.178	-120.	121.44	900	0.12179
159	59	-27.268	-120.	119.76	900	0.12229
159	40	-28.243	-120.	120.02	900	0.12223
160	42	-28.178	-120.	121.44	900	0.12179
160	40	-28.243	-120.	120.02	900	0.12223
160	18	-30.04	-120.	121.91	900	0.12164
161	42	-28.178	-120.	121.44	900	0.12179
161	18	-30.04	-120.	121.91	900	0.12164
161	19	-29.999	-120.	122.65	900	0.12138
162	42	-28.178	-120.	121.44	900	0.12179
162	19	-29.999	-120.	122.65	900	0.12138
162	44	-28.087	-120.	123.61	900	0.12104
163	17	-30.09	-120.	120.48	900	0.12209
163	0	-32.924	-120.	121.19	900	0.12181
163	16	-30.093	-120.	118.32	900	0.12269
164	17	-30.09	-120.	120.48	900	0.12209
164	16	-30.093	-120.	118.32	900	0.12269
164	38	-28.244	-120.	119.26	900	0.12244
165	17	-30.09	-120.	120.48	900	0.12209
165	38	-28.244	-120.	119.26	900	0.12244
165	40	-28.243	-120.	120.02	900	0.12223
166	17	-30.09	-120.	120.48	900	0.12209
166	40	-28.243	-120.	120.02	900	0.12223
166	18	-30.04	-120.	121.91	900	0.12164
167	17	-30.09	-120.	120.48	900	0.12209
167	18	-30.04	-120.	121.91	900	0.12164
167	9	-30.996	-120.	122.16	900	0.12154
168	17	-30.09	-120.	120.48	900	0.12209
168	9	-30.996	-120.	122.16	900	0.12154
168	0	-32.924	-120.	121.19	900	0.12181
169	18	-30.04	-120.	121.91	900	0.12164
169	9	-30.996	-120.	122.16	900	0.12154
169	19	-29.999	-120.	122.65	900	0.12138
170	101	-24.589	-120.	134.53	905	0.11626
170	143	-20.59	-120.	135.59	905	0.11572
170	115	-22.777	-120.	131.8	905	0.11751
171	236	-6.4699	-120.	149.04	910	0.11105
171	234	-6.7075	-120.	147.97	910	0.11107
171	230	-7.1945	-120.	148.83	910	0.11108
172	239	-6.0411	-120.	151.07	910	0.11112
172	249	-4.4252	-120.	152.47	910	0.11128
172	243	-5.3928	-120.	154.18	910	0.11144
173	239	-6.0411	-120.	151.07	910	0.11112
173	243	-5.3928	-120.	154.18	910	0.11144
173	226	-8.113	-120.	150.47	910	0.11108
174	239	-6.0411	-120.	151.07	910	0.11112
174	226	-8.113	-120.	150.47	910	0.11108
174	230	-7.1945	-120.	148.83	910	0.11108
175	239	-6.0411	-120.	151.07	910	0.11112
175	230	-7.1945	-120.	148.83	910	0.11108
175	236	-6.4699	-120.	149.04	910	0.11105
176	239	-6.0411	-120.	151.07	910	0.11112
176	236	-6.4699	-120.	149.04	910	0.11105
176	246	-4.6513	-120.	151.42	910	0.11116
177	239	-6.0411	-120.	151.07	910	0.11112
177	246	-4.6513	-120.	151.42	910	0.11116
177	249	-4.4252	-120.	152.47	910	0.11128
178	251	-3.9312	-120.	151.58	910	0.11119
178	246	-4.6513	-120.	151.42	910	0.11116
178	249	-4.4252	-120.	152.47	910	0.11128
179	244	-5.0895	-120.	149.37	910	0.11101
179	256	-2.9777	-120.	149.89	910	0.11098
179	240	-5.7995	-120.	146.33	910	0.11102
180	244	-5.0895	-120.	149.37	910	0.11101
180	240	-5.7995	-120.	146.33	910	0.11102
180	234	-6.7075	-120.	147.97	910	0.11107
181	244	-5.0895	-120.	149.37	910	0.11101
181	234	-6.7075	-120.	147.97	910	0.11107
181	236	-6.4699	-120.	149.04	910	0.11105
182	244	-5.0895	-120.	149.37	910	0.11101
182	236	-6.4699	-120.	149.04	910	0.11105
182	246	-4.6513	-120.	151.42	910	0.11116
183	244	-5.0895	-120.	149.37	910	0.11101
183	246	-4.6513	-120.	151.42	910	0.11116
183	251	-3.9312	-120.	151.58	910	0.11119
184	244	-5.0895	-120.	149.37	910	0.11101
184	251	-3.9312	-120.	151.58	910	0.11119
184	256	-2.9777	-120.	149.89	910	0.11098
185	304	4.9242	-120.	150.14	912	0.11073
185	302	4.6741	-120.	149.18	912	0.11042
185	299	4.1731	-120.	150.21	912	0.11077
186	312	6.3385	-120.	149.94	912	0.11062
186	323	8.4836	-120.	149.65	912	0.11046
186	308	5.588	-120.	147.24	912	0.10972
187	312	6.3385	-120.	149.94	912	0.11062
187	308	5.588	-120.	147.24	912	0.10972
187	302	4.6741	-120.	149.18	912	0.11042
188	312	6.3385	-120.	149.94	912	0.11062
188	302	4.6741	-120.	149.18	912	0.11042
188	304	4.9242	-120.	150.14	912	0.11073
189	312	6.3385	-120.	149.94	912	0.11062
189	304	4.9242	-120.	150.14	912	0.11073
189	314	6.814	-120.	151.77	912	0.11126
190	312	6.3385	-120.	149.94	912	0.11062
190	314	6.814	-120.	151.77	912	0.11126
190	320	7.5469	-120.	151.66	912	0.11123
191	312	6.3385	-120.	149.94	912	0.11062
191	320	7.5469	-120.	151.66	912	0.11123
191	323	8.4836	-120.	149.65	912	0.11046
192	307	5.3872	-120.	151.95	912	0.11131
192	311	6.1077	-120.	154.74	912	0.11224
192	296	3.2389	-120.	152.16	912	0.11136
193	307	5.3872	-120.	151.95	912	0.11131
193	296	3.2389	-120.	152.16	912	0.11136
193	299	4.1731	-120.	150.21	912	0.11077
194	307	5.3872	-120.	151.95	912	0.11131
194	299	4.1731	-120.	150.21	912	0.11077
194	304	4.9242	-120.	150.14	912	0.11073
195	307	5.3872	-120.	151.95	912	0.11131
195	304	4.9242	-120.	150.14	912	0.11073
195	314	6.814	-120.	151.77	912	0.11126
196	307	5.3872	-120.	151.95	912	0.11131
196	314	6.814	-120.	151.77	912	0.11126
196	316	7.065	-120.	152.71	912	0.11159
197	307	5.3872	-120.	151.95	912	0.11131
197	316	7.065	-120.	152.71	912	0.11159
197	311	6.1077	-120.	154.74	912	0.11224
198	314	6.814	-120.	151.77	912	0.11126
198	316	7.065	-120.	152.71	912	0.11159
198	320	7.5469	-120.	151.66	912	0.11123
199	387	18.289	-120.	147.65	935	0.10949
199	393	19.016	-120.	145.11	935	0.10839
199	405	20.723	-120.	146.15	935	0.10882
200	396	19.872	-120.	148.18	935	0.1097
200	387	18.289	-120.	147.65	935	0.10949
200	405	20.723	-120.	146.15	935	0.10882
201	396	19.872	-120.	148.18	935	0.1097
201	405	20.723	-120.	146.15	935	0.10882
201	415	21.609	-120.	146.7	935	0.10904
202	396	19.872	-120.	148.18	935	0.1097
202	415	21.609	-120.	146.7	935	0.10904
202	408	20.929	-120.	149.43	935	0.11024
203	396	19.872	-120.	148.18	935	0.1097
203	408	20.929	-120.	149.43	935	0.11024
203	394	19.764	-120.	150.15	935	0.11056
204	396	19.872	-120.	148.18	935	0.1097
204	394	19.764	-120.	150.15	935	0.11056
204	385	17.918	-120.	148.97	935	0.11007
205	396	19.872	-120.	148.18	935	0.1097
205	385	17.918	-120.	148.97	935	0.11007
205	387	18.289	-120.	147.65	935	0.10949
206	408	20.929	-120.	149.43	935	0.11024
206	415	21.609	-120.	146.7	935	0.10904
206	430	23.336	-120.	147.74	935	0.10946
207	394	19.764	-120.	150.15	935	0.11056
207	380	17.167	-120.	151.53	935	0.1112
207	385	17.918	-120.	148.97	935	0.11007
208	291	2.4319	-120.	148.95	938	0.11049
208	299	4.1731	-120.	150.21	938	0.11077
208	287	1.3459	-120.	150.21	938	0.11088
209	291	2.4319	-120.	148.95	938	0.11049
209	287	1.3459	-120.	150.21	938	0.11088
209	279	0.33219	-120.	149.18	938	0.1107
210	291	2.4319	-120.	148.95	938	0.11049
210	279	0.33219	-120.	149.18	938	0.1107
210	284	1.2224	-120.	147.46	938	0.11024
211	291	2.4319	-120.	148.95	938	0.11049
211	284	1.2224	-120.	147.46	938	0.11024
211	294	2.8435	-120.	147.46	938	0.11005
212	291	2.4319	-120.	148.95	938	0.11049
212	294	2.8435	-120.	147.46	938	0.11005
212	302	4.6741	-120.	149.18	938	0.11042
213	291	2.4319	-120.	148.95	938	0.11049
213	302	4.6741	-120.	149.18	938	0.11042
213	299	4.1731	-120.	150.21	938	0.11077
214	284	1.2224	-120.	147.46	938	0.11024
214	279	0.33219	-120.	149.18	938	0.1107
214	265	-1.522	-120.	147.24	938	0.11052
215	299	4.1731	-120.	150.21	938	0.11077
215	296	3.2389	-120.	152.16	938	0.11136
215	287	1.3459	-120.	150.21	938	0.11088
216	302	4.6741	-120.	149.18	938	0.11042
216	294	2.8435	-120.	147.46	938	0.11005
216	308	5.588	-120.	147.24	938	0.10972
217	335	10.335	-120.	151.03	942	0.11099
217	319	7.5469	-120.	151.66	942	0.11123
217	323	8.4836	-120.	149.65	942	0.11046
218	326	9.0131	-120.	154.27	942	0.1122
218	311	6.1077	-120.	154.74	942	0.11224
218	317	7.065	-120.	152.71	942	0.11159
219	328	9.2669	-120.	152.57	942	0.11158
219	326	9.0131	-120.	154.27	942	0.1122
219	317	7.065	-120.	152.71	942	0.11159
220	328	9.2669	-120.	152.57	942	0.11158
220	317	7.065	-120.	152.71	942	0.11159
220	319	7.5469	-120.	151.66	942	0.11123
221	328	9.2669	-120.	152.57	942	0.11158
221	319	7.5469	-120.	151.66	942	0.11123
221	335	10.335	-120.	151.03	942	0.11099
222	328	9.2669	-120.	152.57	942	0.11158
222	335	10.335	-120.	151.03	942	0.11099
222	344	11.293	-120.	151.76	942	0.11128
223	328	9.2669	-120.	152.57	942	0.11158
223	344	11.293	-120.	151.76	942	0.11128
223	336	10.348	-120.	153.98	942	0.11213
224	328	9.2669	-120.	152.57	942	0.11158
224	336	10.348	-120.	153.98	942	0.11213
224	326	9.0131	-120.	154.27	942	0.1122
225	356	13.174	-120.	153.16	942	0.11187
225	336	10.348	-120.	153.98	942	0.11213
225	344	11.293	-120.	151.76	942	0.11128
226	219	-9.0374	-120.	89.857	965	0.1182
226	214	-9.904	-120.	92.112	965	0.11922
226	205	-11.685	-120.	90.932	965	0.1187
227	210	-10.696	-120.	89.164	965	0.11791
227	219	-9.0374	-120.	89.857	965	0.1182
227	205	-11.685	-120.	90.932	965	0.1187
228	210	-10.696	-120.	89.164	965	0.11791
228	205	-11.685	-120.	90.932	965	0.1187
228	195	-12.608	-120.	90.314	965	0.11843
229	210	-10.696	-120.	89.164	965	0.11791
229	195	-12.608	-120.	90.314	965	0.11843
229	202	-11.761	-120.	87.856	965	0.11734
230	210	-10.696	-120.	89.164	965	0.11791
230	202	-11.761	-120.	87.856	965	0.11734
230	213	-10.493	-120.	87.342	965	0.11712
231	210	-10.696	-120.	89.164	965	0.11791
231	213	-10.493	-120.	87.342	965	0.11712
231	222	-8.5933	-120.	88.683	965	0.1177
232	210	-10.696	-120.	89.164	965	0.11791
232	222	-8.5933	-120.	88.683	965	0.1177
232	219	-9.0374	-120.	89.857	965	0.1182
233	202	-11.761	-120.	87.856	965	0.11734
233	195	-12.608	-120.	90.314	965	0.11843
233	183	-14.413	-120.	89.13	965	0.11791
234	213	-10.493	-120.	87.342	965	0.11712
234	228	-7.7041	-120.	86.405	965	0.11676
234	222	-8.5933	-120.	88.683	965	0.1177
235	193	-12.821	-120.	94.742	966	0.12042
235	192	-13.091	-120.	93.772	966	0.11999
235	185	-13.745	-120.	94.149	966	0.12016
236	196	-12.345	-120.	91.267	966	0.11886
236	205	-11.685	-120.	90.932	966	0.1187
236	195	-12.608	-120.	90.314	966	0.11843
237	187	-13.615	-120.	91.942	966	0.11918
237	185	-13.745	-120.	94.149	966	0.12016
237	178	-15.485	-120.	93.018	966	0.11968
238	187	-13.615	-120.	91.942	966	0.11918
238	178	-15.485	-120.	93.018	966	0.11968
238	183	-14.413	-120.	89.13	966	0.11791
239	187	-13.615	-120.	91.942	966	0.11918
239	183	-14.413	-120.	89.13	966	0.11791
239	195	-12.608	-120.	90.314	966	0.11843
240	187	-13.615	-120.	91.942	966	0.11918
240	195	-12.608	-120.	90.314	966	0.11843
240	196	-12.345	-120.	91.267	966	0.11886
241	187	-13.615	-120.	91.942	966	0.11918
241	196	-12.345	-120.	91.267	966	0.11886
241	192	-13.091	-120.	93.772	966	0.11999
242	187	-13.615	-120.	91.942	966	0.11918
242	192	-13.091	-120.	93.772	966	0.11999
242	185	-13.745	-120.	94.149	966	0.12016
243	201	-11.825	-120.	93.116	966	0.11969
243	205	-11.685	-120.	90.932	966	0.1187
243	214	-9.904	-120.	92.112	966	0.11922
244	201	-11.825	-120.	93.116	966	0.11969
244	214	-9.904	-120.	92.112	966	0.11922
244	206	-11.103	-120.	95.872	966	0.1209
245	201	-11.825	-120.	93.116	966	0.11969
245	206	-11.103	-120.	95.872	966	0.1209
245	193	-12.821	-120.	94.742	966	0.12042
246	201	-11.825	-120.	93.116	966	0.11969
246	193	-12.821	-120.	94.742	966	0.12042
246	192	-13.091	-120.	93.772	966	0.11999
247	201	-11.825	-120.	93.116	966	0.11969
247	192	-13.091	-120.	93.772	966	0.11999
247	196	-12.345	-120.	91.267	966	0.11886
248	201	-11.825	-120.	93.116	966	0.11969
248	196	-12.345	-120.	91.267	966	0.11886
248	205	-11.685	-120.	90.932	966	0.1187
249	281	0.59341	-120.	150.18	972	0.1109
249	286	1.3459	-120.	150.21	972	0.11088
249	278	0.33219	-120.	149.18	972	0.1107
250	283	1.0853	-120.	152.07	972	0.11132
250	288	1.8045	-120.	154.98	972	0.11207
250	296	3.2389	-120.	152.16	972	0.11136
251	283	1.0853	-120.	152.07	972	0.11132
251	296	3.2389	-120.	152.16	972	0.11136
251	286	1.3459	-120.	150.21	972	0.11088
252	283	1.0853	-120.	152.07	972	0.11132
252	286	1.3459	-120.	150.21	972	0.11088
252	281	0.59341	-120.	150.18	972	0.1109
253	283	1.0853	-120.	152.07	972	0.11132
253	281	0.59341	-120.	150.18	972	0.1109
253	274	-0.353	-120.	151.97	972	0.11128
254	283	1.0853	-120.	152.07	972	0.11132
254	274	-0.353	-120.	151.97	972	0.11128
254	277	-0.11815	-120.	152.95	972	0.11149
255	283	1.0853	-120.	152.07	972	0.11132
255	277	-0.11815	-120.	152.95	972	0.11149
255	288	1.8045	-120.	154.98	972	0.11207
256	271	-0.83641	-120.	150.06	972	0.11093
256	256	-2.9777	-120.	149.89	972	0.11098
256	265	-1.522	-120.	147.24	972	0.11052
257	271	-0.83641	-120.	150.06	972	0.11093
257	265	-1.522	-120.	147.24	972	0.11052
257	278	0.33219	-120.	149.18	972	0.1107
258	271	-0.83641	-120.	150.06	972	0.11093
258	278	0.33219	-120.	149.18	972	0.1107
258	281	0.59341	-120.	150.18	972	0.1109
259	271	-0.83641	-120.	150.06	972	0.11093
259	281	0.59341	-120.	150.18	972	0.1109
259	274	-0.353	-120.	151.97	972	0.11128
260	271	-0.83641	-120.	150.06	972	0.11093
260	274	-0.353	-120.	151.97	972	0.11128
260	269	-1.0913	-120.	151.9	972	0.11126
261	271	-0.83641	-120.	150.06	972	0.11093
261	269	-1.0913	-120.	151.9	972	0.11126
261	256	-2.9777	-120.	149.89	972	0.11098
262	274	-0.353	-120.	151.97	972	0.11128
262	269	-1.0913	-120.	151.9	972	0.11126
262	277	-0.11815	-120.	152.95	972	0.11149
263	57	-27.373	-120.	138.94	975	0.11429
263	99	-24.821	-120.	142.41	975	0.11285
263	113	-23.261	-120.	139.86	975	0.11386
264	318	7.3448	-120.	91.56	976	0.11796
264	329	9.39	-120.	91.764	976	0.1178
264	324	8.5345	-120.	93.311	976	0.11794
265	318	7.3448	-120.	91.56	976	0.11796
265	324	8.5345	-120.	93.311	976	0.11794
265	315	6.9488	-120.	92.974	976	0.11813
266	318	7.3448	-120.	91.56	976	0.11796
266	315	6.9488	-120.	92.974	976	0.11813
266	306	5.1429	-120.	90.861	976	0.11804
267	318	7.3448	-120.	91.56	976	0.11796
267	306	5.1429	-120.	90.861	976	0.11804
267	310	5.6436	-120.	89.931	976	0.11785
268	318	7.3448	-120.	91.56	976	0.11796
268	310	5.6436	-120.	89.931	976	0.11785
268	322	8.4091	-120.	90.519	976	0.11779
269	318	7.3448	-120.	91.56	976	0.11796
269	322	8.4091	-120.	90.519	976	0.11779
269	329	9.39	-120.	91.764	976	0.1178
270	306	5.1429	-120.	90.861	976	0.11804
270	315	6.9488	-120.	92.974	976	0.11813
270	300	4.2195	-120.	92.615	976	0.11843
271	329	9.39	-120.	91.764	976	0.1178
271	343	11.174	-120.	94.093	976	0.11759
271	324	8.5345	-120.	93.311	976	0.11794
272	322	8.4091	-120.	90.519	976	0.11779
272	310	5.6436	-120.	89.931	976	0.11785
272	313	6.5826	-120.	88.167	976	0.11756
273	260	-2.2653	-120.	90.059	979	0.11819
273	255	-3.011	-120.	90.17	979	0.11825
273	262	-2.0045	-120.	91.016	979	0.11852
274	270	-0.84033	-120.	89.911	979	0.11809
274	272	-0.59171	-120.	88.013	979	0.11747
274	285	1.3031	-120.	89.681	979	0.11795
275	270	-0.84033	-120.	89.911	979	0.11809
275	285	1.3031	-120.	89.681	979	0.11795
275	275	-0.15357	-120.	92.615	979	0.11894
276	270	-0.84033	-120.	89.911	979	0.11809
276	275	-0.15357	-120.	92.615	979	0.11894
276	262	-2.0045	-120.	91.016	979	0.11852
277	270	-0.84033	-120.	89.911	979	0.11809
277	262	-2.0045	-120.	91.016	979	0.11852
277	260	-2.2653	-120.	90.059	979	0.11819
278	270	-0.84033	-120.	89.911	979	0.11809
278	260	-2.2653	-120.	90.059	979	0.11819
278	266	-1.3299	-120.	88.083	979	0.11749
279	270	-0.84033	-120.	89.911	979	0.11809
279	266	-1.3299	-120.	88.083	979	0.11749
279	272	-0.59171	-120.	88.013	979	0.11747
280	264	-1.5709	-120.	87.142	979	0.11718
280	266	-1.3299	-120.	88.083	979	0.11749
280	272	-0.59171	-120.	88.013	979	0.11747
281	258	-2.7619	-120.	88.247	979	0.11755
281	253	-3.4987	-120.	85.463	979	0.11653
281	245	-4.8957	-120.	88.564	979	0.11766
282	258	-2.7619	-120.	88.247	979	0.11755
282	245	-4.8957	-120.	88.564	979	0.11766
282	255	-3.011	-120.	90.17	979	0.11825
283	258	-2.7619	-120.	88.247	979	0.11755
283	255	-3.011	-120.	90.17	979	0.11825
283	260	-2.2653	-120.	90.059	979	0.11819
284	258	-2.7619	-120.	88.247	979	0.11755
284	260	-2.2653	-120.	90.059	979	0.11819
284	266	-1.3299	-120.	88.083	979	0.11749
285	258	-2.7619	-120.	88.247	979	0.11755
285	266	-1.3299	-120.	88.083	979	0.11749
285	264	-1.5709	-120.	87.142	979	0.11718
286	258	-2.7619	-120.	88.247	979	0.11755
286	264	-1.5709	-120.	87.142	979	0.11718
286	253	-3.4987	-120.	85.463	979	0.11653
287	309	5.6436	-120.	89.931	984	0.11785
287	303	4.8924	-120.	89.862	984	0.11787
287	305	5.1429	-120.	90.861	984	0.11804
288	295	3.0008	-120.	87.884	984	0.11746
288	293	2.7559	-120.	86.903	984	0.11721
288	289	2.2612	-120.	87.855	984	0.11745
289	297	3.47	-120.	89.793	984	0.11791
289	305	5.1429	-120.	90.861	984	0.11804
289	300	4.2195	-120.	92.615	984	0.11843
290	297	3.47	-120.	89.793	984	0.11791
290	300	4.2195	-120.	92.615	984	0.11843
290	285	1.3031	-120.	89.681	984	0.11795
291	297	3.47	-120.	89.793	984	0.11791
291	285	1.3031	-120.	89.681	984	0.11795
291	289	2.2612	-120.	87.855	984	0.11745
292	297	3.47	-120.	89.793	984	0.11791
292	289	2.2612	-120.	87.855	984	0.11745
292	295	3.0008	-120.	87.884	984	0.11746
293	297	3.47	-120.	89.793	984	0.11791
293	295	3.0008	-120.	87.884	984	0.11746
293	303	4.8924	-120.	89.862	984	0.11787
294	297	3.47	-120.	89.793	984	0.11791
294	303	4.8924	-120.	89.862	984	0.11787
294	305	5.1429	-120.	90.861	984	0.11804
295	301	4.4345	-120.	87.969	984	0.1175
295	293	2.7559	-120.	86.903	984	0.11721
295	298	3.7317	-120.	85.064	984	0.11681
296	301	4.4345	-120.	87.969	984	0.1175
296	298	3.7317	-120.	85.064	984	0.11681
296	313	6.5826	-120.	88.167	984	0.11756
297	301	4.4345	-120.	87.969	984	0.1175
297	313	6.5826	-120.	88.167	984	0.11756
297	309	5.6436	-120.	89.931	984	0.11785
298	301	4.4345	-120.	87.969	984	0.1175
298	309	5.6436	-120.	89.931	984	0.11785
298	303	4.8924	-120.	89.862	984	0.11787
299	301	4.4345	-120.	87.969	984	0.1175
299	303	4.8924	-120.	89.862	984	0.11787
299	295	3.0008	-120.	87.884	984	0.11746
300	301	4.4345	-120.	87.969	984	0.1175
300	295	3.0008	-120.	87.884	984	0.11746
300	293	2.7559	-120.	86.903	984	0.11721
301	182	-14.524	-120.	96.261	995	0.12106
301	176	-16.032	-120.	95.811	995	0.12087
301	185	-13.745	-120.	94.149	995	0.12016
302	182	-14.524	-120.	96.261	995	0.12106
302	185	-13.745	-120.	94.149	995	0.12016
302	193	-12.821	-120.	94.742	995	0.12042
303	182	-14.524	-120.	96.261	995	0.12106
303	193	-12.821	-120.	94.742	995	0.12042
303	189	-13.45	-120.	97.31	995	0.12149
304	182	-14.524	-120.	96.261	995	0.12106
304	189	-13.45	-120.	97.31	995	0.12149
304	180	-14.762	-120.	98.263	995	0.12184
305	182	-14.524	-120.	96.261	995	0.12106
305	180	-14.762	-120.	98.263	995	0.12184
305	174	-16.334	-120.	97.294	995	0.12146
306	182	-14.524	-120.	96.261	995	0.12106
306	174	-16.334	-120.	97.294	995	0.12146
306	176	-16.032	-120.	95.811	995	0.12087
307	189	-13.45	-120.	97.31	995	0.12149
307	193	-12.821	-120.	94.742	995	0.12042
307	206	-11.103	-120.	95.872	995	0.1209
308	176	-16.032	-120.	95.811	995	0.12087
308	178	-15.485	-120.	93.018	995	0.11968
308	185	-13.745	-120.	94.149	995	0.12016
309	174	-16.334	-120.	97.294	995	0.12146
309	180	-14.762	-120.	98.263	995	0.12184
309	171	-16.855	-120.	100.05	995	0.12244
310	253	-3.4987	-120.	85.463	996	0.11653
310	228	-7.7041	-120.	86.405	996	0.11676
310	245	-4.8957	-120.	88.564	996	0.11766
311	169	-17.251	-120.	143.32	997	0.11246
311	163	-18.192	-120.	144.96	997	0.11198
311	148	-20.24	-120.	142.97	997	0.11263
312	152	-19.63	-120.	147.46	997	0.11129
312	127	-21.862	-120.	145.54	997	0.11179
312	159	-18.684	-120.	145.81	997	0.11173
313	99	-24.821	-120.	142.41	997	0.11285
313	129	-21.791	-120.	142.79	997	0.11271
313	114	-22.843	-120.	144.59	997	0.11208
314	142	-20.602	-120.	144.44	997	0.11214
314	148	-20.24	-120.	142.97	997	0.11263
314	163	-18.192	-120.	144.96	997	0.11198
315	142	-20.602	-120.	144.44	997	0.11214
315	163	-18.192	-120.	144.96	997	0.11198
315	159	-18.684	-120.	145.81	997	0.11173
316	142	-20.602	-120.	144.44	997	0.11214
316	159	-18.684	-120.	145.81	997	0.11173
316	127	-21.862	-120.	145.54	997	0.11179
317	142	-20.602	-120.	144.44	997	0.11214
317	127	-21.862	-120.	145.54	997	0.11179
317	114	-22.843	-120.	144.59	997	0.11208
318	142	-20.602	-120.	144.44	997	0.11214
318	114	-22.843	-120.	144.59	997	0.11208
318	129	-21.791	-120.	142.79	997	0.11271
319	142	-20.602	-120.	144.44	997	0.11214
319	129	-21.791	-120.	142.79	997	0.11271
319	148	-20.24	-120.	142.97	997	0.11263
320	575	36.909	-120.	117.34	999	0.10735
320	573	36.317	-120.	113.07	999	0.10895
320	555	33.96	-120.	115.92	999	0.1078
321	313	6.5826	-120.	88.167	1004	0.11756
321	321	8.0152	-120.	85.538	1004	0.11722
321	298	3.7317	-120.	85.064	1004	0.11681
322	108	-23.689	-120.	103.77	1024	0.1233
322	103	-24.368	-120.	105.63	1024	0.1236
322	78	-26.081	-120.	104.59	1024	0.12343
323	108	-23.689	-120.	103.77	1024	0.1233
323	78	-26.081	-120.	104.59	1024	0.12343
323	90	-25.369	-120.	103.36	1024	0.12322
324	108	-23.689	-120.	103.77	1024	0.1233
324	90	-25.369	-120.	103.36	1024	0.12322
324	122	-22.197	-120.	101.87	1024	0.1229
325	108	-23.689	-120.	103.77	1024	0.1233
325	122	-22.197	-120.	101.87	1024	0.1229
325	135	-21.358	-120.	102.37	1024	0.12301
326	108	-23.689	-120.	103.77	1024	0.1233
326	135	-21.358	-120.	102.37	1024	0.12301
326	116	-22.763	-120.	104.8	1024	0.12348
327	108	-23.689	-120.	103.77	1024	0.1233
327	116	-22.763	-120.	104.8	1024	0.12348
327	103	-24.368	-120.	105.63	1024	0.1236
328	122	-22.197	-120.	101.87	1024	0.1229
328	90	-25.369	-120.	103.36	1024	0.12322
328	107	-23.785	-120.	100.93	1024	0.12266
329	103	-24.368	-120.	105.63	1024	0.1236
329	55	-27.388	-120.	107.17	1024	0.12374
329	78	-26.081	-120.	104.59	1024	0.12343
330	116	-22.763	-120.	104.8	1024	0.12348
330	135	-21.358	-120.	102.37	1024	0.12301
330	151	-19.781	-120.	103.3	1024	0.12323
331	84	-25.691	-120.	136.27	1035	0.11546
331	64	-26.981	-120.	133.72	1035	0.11666
331	101	-24.589	-120.	134.53	1035	0.11626
332	27	-29.479	-120.	135.18	1035	0.116
332	10	-30.643	-120.	132.48	1035	0.11725
332	41	-28.225	-120.	133.31	1035	0.11686
333	54	-27.584	-120.	135.34	1035	0.11591
333	27	-29.479	-120.	135.18	1035	0.116
333	41	-28.225	-120.	133.31	1035	0.11686
334	54	-27.584	-120.	135.34	1035	0.11591
334	41	-28.225	-120.	133.31	1035	0.11686
334	64	-26.981	-120.	133.72	1035	0.11666
335	54	-27.584	-120.	135.34	1035	0.11591
335	64	-26.981	-120.	133.72	1035	0.11666
335	84	-25.691	-120.	136.27	1035	0.11546
336	54	-27.584	-120.	135.34	1035	0.11591
336	84	-25.691	-120.	136.27	1035	0.11546
336	75	-26.268	-120.	137.17	1035	0.11506
337	54	-27.584	-120.	135.34	1035	0.11591
337	75	-26.268	-120.	137.17	1035	0.11506
337	34	-28.862	-120.	136.4	1035	0.11544
338	54	-27.584	-120.	135.34	1035	0.11591
338	34	-28.862	-120.	136.4	1035	0.11544
338	27	-29.479	-120.	135.18	1035	0.116
339	57	-27.373	-120.	138.94	1035	0.11429
339	34	-28.862	-120.	136.4	1035	0.11544
339	75	-26.268	-120.	137.17	1035	0.11506
340	131	-21.647	-120.	137.26	1036	0.11497
340	118	-22.638	-120.	137.55	1036	0.11486
340	120	-22.202	-120.	138.16	1036	0.11458
341	92	-25.296	-120.	136.9	1036	0.11518
341	85	-25.691	-120.	136.27	1036	0.11546
341	74	-26.268	-120.	137.17	1036	0.11506
342	102	-24.506	-120.	138.1	1036	0.11463
342	120	-22.202	-120.	138.16	1036	0.11458
342	113	-23.261	-120.	139.86	1036	0.11386
343	102	-24.506	-120.	138.1	1036	0.11463
343	113	-23.261	-120.	139.86	1036	0.11386
343	57	-27.373	-120.	138.94	1036	0.11429
344	102	-24.506	-120.	138.1	1036	0.11463
344	57	-27.373	-120.	138.94	1036	0.11429
344	74	-26.268	-120.	137.17	1036	0.11506
345	102	-24.506	-120.	138.1	1036	0.11463
345	74	-26.268	-120.	137.17	1036	0.11506
345	92	-25.296	-120.	136.9	1036	0.11518
346	102	-24.506	-120.	138.1	1036	0.11463
346	92	-25.296	-120.	136.9	1036	0.11518
346	118	-22.638	-120.	137.55	1036	0.11486
347	102	-24.506	-120.	138.1	1036	0.11463
347	118	-22.638	-120.	137.55	1036	0.11486
347	120	-22.202	-120.	138.16	1036	0.11458
348	111	-23.409	-120.	136.35	1036	0.1154
348	85	-25.691	-120.	136.27	1036	0.11546
348	101	-24.589	-120.	134.53	1036	0.11626
349	111	-23.409	-120.	136.35	1036	0.1154
349	101	-24.589	-120.	134.53	1036	0.11626
349	143	-20.59	-120.	135.59	1036	0.11572
350	111	-23.409	-120.	136.35	1036	0.1154
350	143	-20.59	-120.	135.59	1036	0.11572
350	131	-21.647	-120.	137.26	1036	0.11497
351	111	-23.409	-120.	136.35	1036	0.1154
351	131	-21.647	-120.	137.26	1036	0.11497
351	118	-22.638	-120.	137.55	1036	0.11486
352	111	-23.409	-120.	136.35	1036	0.1154
352	118	-22.638	-120.	137.55	1036	0.11486
352	92	-25.296	-120.	136.9	1036	0.11518
353	111	-23.409	-120.	136.35	1036	0.1154
353	92	-25.296	-120.	136.9	1036	0.11518
353	85	-25.691	-120.	136.27	1036	0.11546
354	149	-19.941	-120.	138.82	1037	0.11425
354	166	-17.829	-120.	138.97	1037	0.11413
354	158	-18.742	-120.	140.49	1037	0.11352
355	149	-19.941	-120.	138.82	1037	0.11425
355	158	-18.742	-120.	140.49	1037	0.11352
355	147	-20.31	-120.	140.26	1037	0.11365
356	149	-19.941	-120.	138.82	1037	0.11425
356	147	-20.31	-120.	140.26	1037	0.11365
356	121	-22.202	-120.	138.16	1037	0.11458
357	149	-19.941	-120.	138.82	1037	0.11425
357	121	-22.202	-120.	138.16	1037	0.11458
357	132	-21.647	-120.	137.26	1037	0.11497
358	149	-19.941	-120.	138.82	1037	0.11425
358	132	-21.647	-120.	137.26	1037	0.11497
358	154	-18.914	-120.	137.77	1037	0.11469
359	149	-19.941	-120.	138.82	1037	0.11425
359	154	-18.914	-120.	137.77	1037	0.11469
359	166	-17.829	-120.	138.97	1037	0.11413
360	121	-22.202	-120.	138.16	1037	0.11458
360	147	-20.31	-120.	140.26	1037	0.11365
360	113	-23.261	-120.	139.86	1037	0.11386
361	166	-17.829	-120.	138.97	1037	0.11413
361	177	-15.833	-120.	140.87	1037	0.11327
361	158	-18.742	-120.	140.49	1037	0.11352
362	154	-18.914	-120.	137.77	1037	0.11469
362	132	-21.647	-120.	137.26	1037	0.11497
362	143	-20.59	-120.	135.59	1037	0.11572
363	86	-25.532	-120.	128.87	1041	0.11887
363	71	-26.322	-120.	130.55	1041	0.11812
363	62	-27.196	-120.	127.86	1041	0.11933
364	86	-25.532	-120.	128.87	1041	0.11887
364	62	-27.196	-120.	127.86	1041	0.11933
364	69	-26.429	-120.	126.87	1041	0.11974
365	86	-25.532	-120.	128.87	1041	0.11887
365	69	-26.429	-120.	126.87	1041	0.11974
365	105	-24.331	-120.	127.71	1041	0.11934
366	86	-25.532	-120.	128.87	1041	0.11887
366	105	-24.331	-120.	127.71	1041	0.11934
366	106	-23.83	-120.	129.26	1041	0.11867
367	86	-25.532	-120.	128.87	1041	0.11887
367	106	-23.83	-120.	129.26	1041	0.11867
367	95	-25.087	-120.	131.	1041	0.11791
368	86	-25.532	-120.	128.87	1041	0.11887
368	95	-25.087	-120.	131.	1041	0.11791
368	71	-26.322	-120.	130.55	1041	0.11812
369	105	-24.331	-120.	127.71	1041	0.11934
369	69	-26.429	-120.	126.87	1041	0.11974
369	96	-24.974	-120.	125.04	1041	0.12045
370	71	-26.322	-120.	130.55	1041	0.11812
370	35	-28.656	-120.	129.72	1041	0.11851
370	62	-27.196	-120.	127.86	1041	0.11933
371	95	-25.087	-120.	131.	1041	0.11791
371	106	-23.83	-120.	129.26	1041	0.11867
371	115	-22.777	-120.	131.8	1041	0.11751
372	61	-27.224	-120.	112.18	1056	0.12373
372	100	-24.688	-120.	113.62	1056	0.12352
372	112	-23.336	-120.	109.46	1056	0.1238
373	150	-19.798	-120.	140.81	1065	0.11342
373	157	-18.742	-120.	140.49	1065	0.11352
373	146	-20.31	-120.	140.26	1065	0.11365
374	156	-18.773	-120.	141.82	1065	0.11301
374	169	-17.251	-120.	143.32	1065	0.11246
374	177	-15.833	-120.	140.87	1065	0.11327
375	156	-18.773	-120.	141.82	1065	0.11301
375	177	-15.833	-120.	140.87	1065	0.11327
375	157	-18.742	-120.	140.49	1065	0.11352
376	156	-18.773	-120.	141.82	1065	0.11301
376	157	-18.742	-120.	140.49	1065	0.11352
376	150	-19.798	-120.	140.81	1065	0.11342
377	156	-18.773	-120.	141.82	1065	0.11301
377	150	-19.798	-120.	140.81	1065	0.11342
377	141	-20.774	-120.	142.45	1065	0.11282
378	156	-18.773	-120.	141.82	1065	0.11301
378	141	-20.774	-120.	142.45	1065	0.11282
378	148	-20.24	-120.	142.97	1065	0.11263
379	156	-18.773	-120.	141.82	1065	0.11301
379	148	-20.24	-120.	142.97	1065	0.11263
379	169	-17.251	-120.	143.32	1065	0.11246
380	128	-21.792	-120.	141.43	1065	0.11321
380	99	-24.821	-120.	142.41	1065	0.11285
380	113	-23.261	-120.	139.86	1065	0.11386
381	128	-21.792	-120.	141.43	1065	0.11321
381	113	-23.261	-120.	139.86	1065	0.11386
381	146	-20.31	-120.	140.26	1065	0.11365
382	128	-21.792	-120.	141.43	1065	0.11321
382	146	-20.31	-120.	140.26	1065	0.11365
382	150	-19.798	-120.	140.81	1065	0.11342
383	128	-21.792	-120.	141.43	1065	0.11321
383	150	-19.798	-120.	140.81	1065	0.11342
383	141	-20.774	-120.	142.45	1065	0.11282
384	128	-21.792	-120.	141.43	1065	0.11321
384	141	-20.774	-120.	142.45	1065	0.11282
384	129	-21.791	-120.	142.79	1065	0.11271
385	128	-21.792	-120.	141.43	1065	0.11321
385	129	-21.791	-120.	142.79	1065	0.11271
385	99	-24.821	-120.	142.41	1065	0.11285
386	141	-20.774	-120.	142.45	1065	0.11282
386	129	-21.791	-120.	142.79	1065	0.11271
386	148	-20.24	-120.	142.97	1065	0.11263
387	77	-26.164	-120.	103.72	1069	0.12329
387	79	-26.081	-120.	104.59	1069	0.12343
387	89	-25.369	-120.	103.36	1069	0.12322
388	76	-26.232	-120.	102.02	1069	0.12294
388	47	-27.911	-120.	101.92	1069	0.12291
388	73	-26.285	-120.	99.47	1069	0.12226
389	76	-26.232	-120.	102.02	1069	0.12294
389	73	-26.285	-120.	99.47	1069	0.12226
389	107	-23.785	-120.	100.93	1069	0.12266
390	76	-26.232	-120.	102.02	1069	0.12294
390	107	-23.785	-120.	100.93	1069	0.12266
390	89	-25.369	-120.	103.36	1069	0.12322
391	76	-26.232	-120.	102.02	1069	0.12294
391	89	-25.369	-120.	103.36	1069	0.12322
391	77	-26.164	-120.	103.72	1069	0.12329
392	76	-26.232	-120.	102.02	1069	0.12294
392	77	-26.164	-120.	103.72	1069	0.12329
392	48	-27.878	-120.	102.73	1069	0.12309
393	76	-26.232	-120.	102.02	1069	0.12294
393	48	-27.878	-120.	102.73	1069	0.12309
393	47	-27.911	-120.	101.92	1069	0.12291
394	37	-28.595	-120.	103.11	1069	0.12316
394	48	-27.878	-120.	102.73	1069	0.12309
394	47	-27.911	-120.	101.92	1069	0.12291
395	51	-27.669	-120.	104.51	1069	0.12342
395	20	-29.906	-120.	105.74	1069	0.12357
395	55	-27.388	-120.	107.17	1069	0.12374
396	51	-27.669	-120.	104.51	1069	0.12342
396	55	-27.388	-120.	107.17	1069	0.12374
396	79	-26.081	-120.	104.59	1069	0.12343
397	51	-27.669	-120.	104.51	1069	0.12342
397	79	-26.081	-120.	104.59	1069	0.12343
397	77	-26.164	-120.	103.72	1069	0.12329
398	51	-27.669	-120.	104.51	1069	0.12342
398	77	-26.164	-120.	103.72	1069	0.12329
398	48	-27.878	-120.	102.73	1069	0.12309
399	51	-27.669	-120.	104.51	1069	0.12342
399	48	-27.878	-120.	102.73	1069	0.12309
399	37	-28.595	-120.	103.11	1069	0.12316
400	51	-27.669	-120.	104.51	1069	0.12342
400	37	-28.595	-120.	103.11	1069	0.12316
400	20	-29.906	-120.	105.74	1069	0.12357
401	417	21.839	-120.	142.89	1084	0.10749
401	424	22.411	-120.	142.4	1084	0.10731
401	413	21.536	-120.	141.87	1084	0.10711
402	425	22.428	-120.	144.8	1084	0.10823
402	430	23.336	-120.	147.74	1084	0.10946
402	434	24.064	-120.	143.4	1084	0.10767
403	425	22.428	-120.	144.8	1084	0.10823
403	434	24.064	-120.	143.4	1084	0.10767
403	424	22.411	-120.	142.4	1084	0.10731
404	425	22.428	-120.	144.8	1084	0.10823
404	424	22.411	-120.	142.4	1084	0.10731
404	417	21.839	-120.	142.89	1084	0.10749
405	425	22.428	-120.	144.8	1084	0.10823
405	417	21.839	-120.	142.89	1084	0.10749
405	411	21.309	-120.	145.7	1084	0.10862
406	425	22.428	-120.	144.8	1084	0.10823
406	411	21.309	-120.	145.7	1084	0.10862
406	414	21.609	-120.	146.7	1084	0.10904
407	425	22.428	-120.	144.8	1084	0.10823
407	414	21.609	-120.	146.7	1084	0.10904
407	430	23.336	-120.	147.74	1084	0.10946
408	403	20.72	-120.	143.77	1084	0.10783
408	393	19.016	-120.	145.11	1084	0.10839
408	399	19.899	-120.	140.87	1084	0.10674
409	403	20.72	-120.	143.77	1084	0.10783
409	399	19.899	-120.	140.87	1084	0.10674
409	413	21.536	-120.	141.87	1084	0.10711
410	403	20.72	-120.	143.77	1084	0.10783
410	413	21.536	-120.	141.87	1084	0.10711
410	417	21.839	-120.	142.89	1084	0.10749
411	403	20.72	-120.	143.77	1084	0.10783
411	417	21.839	-120.	142.89	1084	0.10749
411	411	21.309	-120.	145.7	1084	0.10862
412	403	20.72	-120.	143.77	1084	0.10783
412	411	21.309	-120.	145.7	1084	0.10862
412	404	20.723	-120.	146.15	1084	0.10882
413	403	20.72	-120.	143.77	1084	0.10783
413	404	20.723	-120.	146.15	1084	0.10882
413	393	19.016	-120.	145.11	1084	0.10839
414	411	21.309	-120.	145.7	1084	0.10862
414	404	20.723	-120.	146.15	1084	0.10882
414	414	21.609	-120.	146.7	1084	0.10904
415	346	11.663	-120.	147.66	1097	0.10957
415	349	11.922	-120.	148.61	1097	0.10997
415	354	12.635	-120.	148.36	1097	0.10985
416	342	11.047	-120.	150.83	1097	0.1109
416	334	10.335	-120.	151.03	1097	0.11099
416	345	11.293	-120.	151.76	1097	0.11128
417	351	12.422	-120.	150.4	1097	0.11072
417	354	12.635	-120.	148.36	1097	0.10985
417	362	14.46	-120.	149.69	1097	0.11041
418	351	12.422	-120.	150.4	1097	0.11072
418	362	14.46	-120.	149.69	1097	0.11041
418	356	13.174	-120.	153.16	1097	0.11187
419	351	12.422	-120.	150.4	1097	0.11072
419	356	13.174	-120.	153.16	1097	0.11187
419	345	11.293	-120.	151.76	1097	0.11128
420	351	12.422	-120.	150.4	1097	0.11072
420	345	11.293	-120.	151.76	1097	0.11128
420	342	11.047	-120.	150.83	1097	0.1109
421	351	12.422	-120.	150.4	1097	0.11072
421	342	11.047	-120.	150.83	1097	0.1109
421	349	11.922	-120.	148.61	1097	0.10997
422	351	12.422	-120.	150.4	1097	0.11072
422	349	11.922	-120.	148.61	1097	0.10997
422	354	12.635	-120.	148.36	1097	0.10985
423	338	10.553	-120.	149.02	1097	0.11017
423	334	10.335	-120.	151.03	1097	0.11099
423	323	8.4836	-120.	149.65	1097	0.11046
424	338	10.553	-120.	149.02	1097	0.11017
424	323	8.4836	-120.	149.65	1097	0.11046
424	332	9.8655	-120.	146.33	1097	0.10907
425	338	10.553	-120.	149.02	1097	0.11017
425	332	9.8655	-120.	146.33	1097	0.10907
425	346	11.663	-120.	147.66	1097	0.10957
426	338	10.553	-120.	149.02	1097	0.11017
426	346	11.663	-120.	147.66	1097	0.10957
426	349	11.922	-120.	148.61	1097	0.10997
427	338	10.553	-120.	149.02	1097	0.11017
427	349	11.922	-120.	148.61	1097	0.10997
427	342	11.047	-120.	150.83	1097	0.1109
428	338	10.553	-120.	149.02	1097	0.11017
428	342	11.047	-120.	150.83	1097	0.1109
428	334	10.335	-120.	151.03	1097	0.11099
429	393	19.016	-120.	145.11	1104	0.10839
429	399	19.899	-120.	140.87	1104	0.10674
429	375	16.361	-120.	143.44	1104	0.10769
430	436	24.303	-120.	140.3	1108	0.1066
430	440	24.802	-120.	139.73	1108	0.10644
430	438	24.441	-120.	138.64	1108	0.10613
431	450	26.414	-120.	140.68	1108	0.10671
431	455	26.788	-120.	141.73	1108	0.10704
431	457	26.876	-120.	140.1	1108	0.10653
432	446	25.708	-120.	138.62	1108	0.10613
432	438	24.441	-120.	138.64	1108	0.10613
432	439	24.656	-120.	135.59	1108	0.10545
433	446	25.708	-120.	138.62	1108	0.10613
433	439	24.656	-120.	135.59	1108	0.10545
433	460	27.061	-120.	136.97	1108	0.10573
434	446	25.708	-120.	138.62	1108	0.10613
434	460	27.061	-120.	136.97	1108	0.10573
434	457	26.876	-120.	140.1	1108	0.10653
435	446	25.708	-120.	138.62	1108	0.10613
435	457	26.876	-120.	140.1	1108	0.10653
435	450	26.414	-120.	140.68	1108	0.10671
436	446	25.708	-120.	138.62	1108	0.10613
436	450	26.414	-120.	140.68	1108	0.10671
436	440	24.802	-120.	139.73	1108	0.10644
437	446	25.708	-120.	138.62	1108	0.10613
437	440	24.802	-120.	139.73	1108	0.10644
437	438	24.441	-120.	138.64	1108	0.10613
438	445	25.493	-120.	141.79	1108	0.10708
438	455	26.788	-120.	141.73	1108	0.10704
438	452	26.586	-120.	144.91	1108	0.10822
439	445	25.493	-120.	141.79	1108	0.10708
439	452	26.586	-120.	144.91	1108	0.10822
439	434	24.064	-120.	143.4	1108	0.10767
440	445	25.493	-120.	141.79	1108	0.10708
440	434	24.064	-120.	143.4	1108	0.10767
440	436	24.303	-120.	140.3	1108	0.1066
441	445	25.493	-120.	141.79	1108	0.10708
441	436	24.303	-120.	140.3	1108	0.1066
441	440	24.802	-120.	139.73	1108	0.10644
442	445	25.493	-120.	141.79	1108	0.10708
442	440	24.802	-120.	139.73	1108	0.10644
442	450	26.414	-120.	140.68	1108	0.10671
443	445	25.493	-120.	141.79	1108	0.10708
443	450	26.414	-120.	140.68	1108	0.10671
443	455	26.788	-120.	141.73	1108	0.10704
444	88	-25.431	-120.	120.69	1109	0.12197
444	44	-28.087	-120.	123.61	1109	0.12104
444	96	-24.974	-120.	125.04	1109	0.12045
445	362	14.46	-120.	149.69	1115	0.11041
445	356	13.174	-120.	153.16	1115	0.11187
445	380	17.167	-120.	151.53	1115	0.1112
446	308	5.588	-120.	147.24	1140	0.10972
446	323	8.4836	-120.	149.65	1140	0.11046
446	332	9.8655	-120.	146.33	1140	0.10907
447	508	30.804	-120.	116.74	1153	0.10753
447	480	29.255	-120.	116.32	1153	0.10772
447	506	30.803	-120.	114.51	1153	0.10836
448	508	30.804	-120.	116.74	1153	0.10753
448	506	30.803	-120.	114.51	1153	0.10836
448	527	31.894	-120.	115.	1153	0.10815
449	508	30.804	-120.	116.74	1153	0.10753
449	527	31.894	-120.	115.	1153	0.10815
449	532	32.19	-120.	117.81	1153	0.10714
450	508	30.804	-120.	116.74	1153	0.10753
450	532	32.19	-120.	117.81	1153	0.10714
450	515	31.257	-120.	118.83	1153	0.10683
451	508	30.804	-120.	116.74	1153	0.10753
451	515	31.257	-120.	118.83	1153	0.10683
451	487	29.425	-120.	117.94	1153	0.10717
452	508	30.804	-120.	116.74	1153	0.10753
452	487	29.425	-120.	117.94	1153	0.10717
452	480	29.255	-120.	116.32	1153	0.10772
453	532	32.19	-120.	117.81	1153	0.10714
453	527	31.894	-120.	115.	1153	0.10815
453	555	33.96	-120.	115.92	1153	0.1078
454	480	29.255	-120.	116.32	1153	0.10772
454	477	28.754	-120.	113.62	1153	0.10875
454	506	30.803	-120.	114.51	1153	0.10836
455	487	29.425	-120.	117.94	1153	0.10717
455	515	31.257	-120.	118.83	1153	0.10683
455	491	29.497	-120.	120.69	1153	0.10634
456	466	27.921	-120.	96.479	1215	0.11629
456	441	24.832	-120.	93.474	1215	0.11726
456	431	23.352	-120.	95.976	1215	0.11647
457	67	-26.804	-120.	117.53	1253	0.12286
457	66	-26.814	-120.	115.45	1253	0.1233
457	93	-25.189	-120.	116.32	1253	0.12307
458	67	-26.804	-120.	117.53	1253	0.12286
458	93	-25.189	-120.	116.32	1253	0.12307
458	91	-25.359	-120.	117.94	1253	0.12271
459	67	-26.804	-120.	117.53	1253	0.12286
459	91	-25.359	-120.	117.94	1253	0.12271
459	60	-27.268	-120.	119.76	1253	0.12229
460	67	-26.804	-120.	117.53	1253	0.12286
460	60	-27.268	-120.	119.76	1253	0.12229
460	39	-28.244	-120.	119.26	1253	0.12244
461	67	-26.804	-120.	117.53	1253	0.12286
461	39	-28.244	-120.	119.26	1253	0.12244
461	46	-27.948	-120.	116.45	1253	0.12312
462	67	-26.804	-120.	117.53	1253	0.12286
462	46	-27.948	-120.	116.45	1253	0.12312
462	66	-26.814	-120.	115.45	1253	0.1233
463	60	-27.268	-120.	119.76	1253	0.12229
463	91	-25.359	-120.	117.94	1253	0.12271
463	88	-25.431	-120.	120.69	1253	0.12197
464	66	-26.814	-120.	115.45	1253	0.1233
464	100	-24.688	-120.	113.62	1253	0.12352
464	93	-25.189	-120.	116.32	1253	0.12307
465	46	-27.948	-120.	116.45	1253	0.12312
465	39	-28.244	-120.	119.26	1253	0.12244
465	16	-30.093	-120.	118.32	1253	0.12269
466	33	-28.882	-120.	111.23	1255	0.12379
466	61	-27.224	-120.	112.18	1255	0.12373
466	30	-29.43	-120.	114.03	1255	0.12352
467	13	-30.536	-120.	112.93	1255	0.12363
467	33	-28.882	-120.	111.23	1255	0.12379
467	30	-29.43	-120.	114.03	1255	0.12352
468	13	-30.536	-120.	112.93	1255	0.12363
468	30	-29.43	-120.	114.03	1255	0.12352
468	11	-30.578	-120.	114.99	1255	0.12337
469	13	-30.536	-120.	112.93	1255	0.12363
469	11	-30.578	-120.	114.99	1255	0.12337
469	4	-32.421	-120.	113.97	1255	0.12347
470	13	-30.536	-120.	112.93	1255	0.12363
470	4	-32.421	-120.	113.97	1255	0.12347
470	5	-32.159	-120.	112.62	1255	0.12362
471	13	-30.536	-120.	112.93	1255	0.12363
471	5	-32.159	-120.	112.62	1255	0.12362
471	22	-29.748	-120.	110.74	1255	0.1238
472	13	-30.536	-120.	112.93	1255	0.12363
472	22	-29.748	-120.	110.74	1255	0.1238
472	33	-28.882	-120.	111.23	1255	0.12379
473	4	-32.421	-120.	113.97	1255	0.12347
473	11	-30.578	-120.	114.99	1255	0.12337
473	1	-32.805	-120.	116.88	1255	0.12296
474	5	-32.159	-120.	112.62	1255	0.12362
474	7	-31.417	-120.	109.78	1255	0.12378
474	22	-29.748	-120.	110.74	1255	0.1238
475	381	17.43	-120.	91.87	1256	0.11754
475	392	18.881	-120.	89.348	1256	0.11793
475	364	14.983	-120.	87.508	1256	0.11783
476	81	-26.046	-120.	131.25	1264	0.1178
476	94	-25.087	-120.	131.	1264	0.11791
476	72	-26.322	-120.	130.55	1264	0.11812
477	49	-27.864	-120.	131.72	1264	0.11759
477	41	-28.225	-120.	133.31	1264	0.11686
477	10	-30.643	-120.	132.48	1264	0.11725
478	49	-27.864	-120.	131.72	1264	0.11759
478	10	-30.643	-120.	132.48	1264	0.11725
478	35	-28.656	-120.	129.72	1264	0.11851
479	49	-27.864	-120.	131.72	1264	0.11759
479	35	-28.656	-120.	129.72	1264	0.11851
479	72	-26.322	-120.	130.55	1264	0.11812
480	49	-27.864	-120.	131.72	1264	0.11759
480	72	-26.322	-120.	130.55	1264	0.11812
480	81	-26.046	-120.	131.25	1264	0.1178
481	49	-27.864	-120.	131.72	1264	0.11759
481	81	-26.046	-120.	131.25	1264	0.1178
481	58	-27.289	-120.	133.05	1264	0.11698
482	49	-27.864	-120.	131.72	1264	0.11759
482	58	-27.289	-120.	133.05	1264	0.11698
482	41	-28.225	-120.	133.31	1264	0.11686
483	64	-26.981	-120.	133.72	1264	0.11666
483	58	-27.289	-120.	133.05	1264	0.11698
483	41	-28.225	-120.	133.31	1264	0.11686
484	87	-25.462	-120.	132.56	1264	0.11719
484	101	-24.589	-120.	134.53	1264	0.11626
484	115	-22.777	-120.	131.8	1264	0.11751
485	87	-25.462	-120.	132.56	1264	0.11719
485	115	-22.777	-120.	131.8	1264	0.11751
485	94	-25.087	-120.	131.	1264	0.11791
486	87	-25.462	-120.	132.56	1264	0.11719
486	94	-25.087	-120.	131.	1264	0.11791
486	81	-26.046	-120.	131.25	1264	0.1178
487	87	-25.462	-120.	132.56	1264	0.11719
487	81	-26.046	-120.	131.25	1264	0.1178
487	58	-27.289	-120.	133.05	1264	0.11698
488	87	-25.462	-120.	132.56	1264	0.11719
488	58	-27.289	-120.	133.05	1264	0.11698
488	64	-26.981	-120.	133.72	1264	0.11666
489	87	-25.462	-120.	132.56	1264	0.11719
489	64	-26.981	-120.	133.72	1264	0.11666
489	101	-24.589	-120.	134.53	1264	0.11626
490	184	-14.334	-120.	145.42	1276	0.11179
490	186	-13.704	-120.	145.83	1276	0.11167
490	191	-13.215	-120.	145.	1276	0.11184
491	173	-16.43	-120.	146.22	1276	0.11164
491	152	-19.63	-120.	147.46	1276	0.11129
491	181	-14.63	-120.	147.4	1276	0.11138
492	173	-16.43	-120.	146.22	1276	0.11164
492	181	-14.63	-120.	147.4	1276	0.11138
492	186	-13.704	-120.	145.83	1276	0.11167
493	173	-16.43	-120.	146.22	1276	0.11164
493	186	-13.704	-120.	145.83	1276	0.11167
493	184	-14.334	-120.	145.42	1276	0.11179
494	173	-16.43	-120.	146.22	1276	0.11164
494	184	-14.334	-120.	145.42	1276	0.11179
494	168	-17.598	-120.	145.4	1276	0.11185
495	173	-16.43	-120.	146.22	1276	0.11164
495	168	-17.598	-120.	145.4	1276	0.11185
495	160	-18.684	-120.	145.81	1276	0.11173
496	173	-16.43	-120.	146.22	1276	0.11164
496	160	-18.684	-120.	145.81	1276	0.11173
496	152	-19.63	-120.	147.46	1276	0.11129
497	179	-15.481	-120.	144.59	1276	0.11203
497	169	-17.251	-120.	143.32	1276	0.11246
497	197	-12.295	-120.	143.44	1276	0.11217
498	179	-15.481	-120.	144.59	1276	0.11203
498	197	-12.295	-120.	143.44	1276	0.11217
498	191	-13.215	-120.	145.	1276	0.11184
499	179	-15.481	-120.	144.59	1276	0.11203
499	191	-13.215	-120.	145.	1276	0.11184
499	184	-14.334	-120.	145.42	1276	0.11179
500	179	-15.481	-120.	144.59	1276	0.11203
500	184	-14.334	-120.	145.42	1276	0.11179
500	168	-17.598	-120.	145.4	1276	0.11185
501	179	-15.481	-120.	144.59	1276	0.11203
501	168	-17.598	-120.	145.4	1276	0.11185
501	164	-18.192	-120.	144.96	1276	0.11198
502	179	-15.481	-120.	144.59	1276	0.11203
502	164	-18.192	-120.	144.96	1276	0.11198
502	169	-17.251	-120.	143.32	1276	0.11246
503	168	-17.598	-120.	145.4	1276	0.11185
503	164	-18.192	-120.	144.96	1276	0.11198
503	160	-18.684	-120.	145.81	1276	0.11173
504	20	-29.906	-120.	105.74	1287	0.12357
504	7	-31.417	-120.	109.78	1287	0.12378
504	55	-27.388	-120.	107.17	1287	0.12374
505	203	-11.708	-120.	147.15	1310	0.11138
505	191	-13.215	-120.	145.	1310	0.11184
505	211	-10.674	-120.	146.2	1310	0.11148
506	203	-11.708	-120.	147.15	1310	0.11138
506	211	-10.674	-120.	146.2	1310	0.11148
506	216	-9.7773	-120.	147.68	1310	0.11125
507	203	-11.708	-120.	147.15	1310	0.11138
507	216	-9.7773	-120.	147.68	1310	0.11125
507	209	-10.796	-120.	149.39	1310	0.11111
508	203	-11.708	-120.	147.15	1310	0.11138
508	209	-10.796	-120.	149.39	1310	0.11111
508	200	-12.084	-120.	148.78	1310	0.11117
509	203	-11.708	-120.	147.15	1310	0.11138
509	200	-12.084	-120.	148.78	1310	0.11117
509	186	-13.704	-120.	145.83	1310	0.11167
510	203	-11.708	-120.	147.15	1310	0.11138
510	186	-13.704	-120.	145.83	1310	0.11167
510	191	-13.215	-120.	145.	1310	0.11184
511	209	-10.796	-120.	149.39	1310	0.11111
511	216	-9.7773	-120.	147.68	1310	0.11125
511	226	-8.113	-120.	150.47	1310	0.11108
512	191	-13.215	-120.	145.	1310	0.11184
512	197	-12.295	-120.	143.44	1310	0.11217
512	211	-10.674	-120.	146.2	1310	0.11148
513	186	-13.704	-120.	145.83	1310	0.11167
513	200	-12.084	-120.	148.78	1310	0.11117
513	181	-14.63	-120.	147.4	1310	0.11138
514	288	1.8045	-120.	154.98	1350	0.11207
514	311	6.1077	-120.	154.74	1350	0.11224
514	296	3.2389	-120.	152.16	1350	0.11136
515	430	23.336	-120.	147.74	1355	0.10946
515	452	26.586	-120.	144.91	1355	0.10822
515	434	24.064	-120.	143.4	1355	0.10767
516	372	15.89	-120.	146.87	1362	0.10916
516	369	15.629	-120.	145.89	1362	0.10874
516	366	15.218	-120.	147.21	1362	0.10932
517	379	17.139	-120.	146.16	1362	0.10885
517	393	19.016	-120.	145.11	1362	0.10839
517	375	16.361	-120.	143.44	1362	0.10769
518	379	17.139	-120.	146.16	1362	0.10885
518	375	16.361	-120.	143.44	1362	0.10769
518	369	15.629	-120.	145.89	1362	0.10874
519	379	17.139	-120.	146.16	1362	0.10885
519	369	15.629	-120.	145.89	1362	0.10874
519	372	15.89	-120.	146.87	1362	0.10916
520	379	17.139	-120.	146.16	1362	0.10885
520	372	15.89	-120.	146.87	1362	0.10916
520	383	17.646	-120.	148.02	1362	0.10965
521	379	17.139	-120.	146.16	1362	0.10885
521	383	17.646	-120.	148.02	1362	0.10965
521	386	18.289	-120.	147.65	1362	0.10949
522	379	17.139	-120.	146.16	1362	0.10885
522	386	18.289	-120.	147.65	1362	0.10949
522	393	19.016	-120.	145.11	1362	0.10839
523	376	16.383	-120.	148.72	1362	0.10997
523	380	17.167	-120.	151.53	1362	0.1112
523	362	14.46	-120.	149.69	1362	0.11041
524	376	16.383	-120.	148.72	1362	0.10997
524	362	14.46	-120.	149.69	1362	0.11041
524	366	15.218	-120.	147.21	1362	0.10932
525	376	16.383	-120.	148.72	1362	0.10997
525	366	15.218	-120.	147.21	1362	0.10932
525	372	15.89	-120.	146.87	1362	0.10916
526	376	16.383	-120.	148.72	1362	0.10997
526	372	15.89	-120.	146.87	1362	0.10916
526	383	17.646	-120.	148.02	1362	0.10965
527	376	16.383	-120.	148.72	1362	0.10997
527	383	17.646	-120.	148.02	1362	0.10965
527	384	17.918	-120.	148.97	1362	0.11007
528	376	16.383	-120.	148.72	1362	0.10997
528	384	17.918	-120.	148.97	1362	0.11007
528	380	17.167	-120.	151.53	1362	0.1112
529	383	17.646	-120.	148.02	1362	0.10965
529	384	17.918	-120.	148.97	1362	0.11007
529	386	18.289	-120.	147.65	1362	0.10949
530	358	13.591	-120.	146.55	1363	0.10904
530	359	13.941	-120.	144.75	1363	0.10827
530	370	15.629	-120.	145.89	1363	0.10874
531	358	13.591	-120.	146.55	1363	0.10904
531	370	15.629	-120.	145.89	1363	0.10874
531	367	15.218	-120.	147.21	1363	0.10932
532	358	13.591	-120.	146.55	1363	0.10904
532	367	15.218	-120.	147.21	1363	0.10932
532	355	12.635	-120.	148.36	1363	0.10985
533	358	13.591	-120.	146.55	1363	0.10904
533	355	12.635	-120.	148.36	1363	0.10985
533	347	11.663	-120.	147.66	1363	0.10957
534	358	13.591	-120.	146.55	1363	0.10904
534	347	11.663	-120.	147.66	1363	0.10957
534	352	12.46	-120.	145.41	1363	0.10858
535	358	13.591	-120.	146.55	1363	0.10904
535	352	12.46	-120.	145.41	1363	0.10858
535	359	13.941	-120.	144.75	1363	0.10827
536	355	12.635	-120.	148.36	1363	0.10985
536	367	15.218	-120.	147.21	1363	0.10932
536	362	14.46	-120.	149.69	1363	0.11041
537	359	13.941	-120.	144.75	1363	0.10827
537	375	16.361	-120.	143.44	1363	0.10769
537	370	15.629	-120.	145.89	1363	0.10874
538	352	12.46	-120.	145.41	1363	0.10858
538	347	11.663	-120.	147.66	1363	0.10957
538	332	9.8655	-120.	146.33	1363	0.10907
539	172	-16.628	-120.	96.27	1435	0.12106
539	174	-16.334	-120.	97.294	1435	0.12146
539	176	-16.032	-120.	95.811	1435	0.12087
540	167	-17.726	-120.	97.196	1435	0.12142
540	153	-19.369	-120.	98.573	1435	0.12192
540	171	-16.855	-120.	100.05	1435	0.12244
541	167	-17.726	-120.	97.196	1435	0.12142
541	171	-16.855	-120.	100.05	1435	0.12244
541	174	-16.334	-120.	97.294	1435	0.12146
542	167	-17.726	-120.	97.196	1435	0.12142
542	174	-16.334	-120.	97.294	1435	0.12146
542	172	-16.628	-120.	96.27	1435	0.12106
543	167	-17.726	-120.	97.196	1435	0.12142
543	172	-16.628	-120.	96.27	1435	0.12106
543	162	-18.302	-120.	95.252	1435	0.12066
544	167	-17.726	-120.	97.196	1435	0.12142
544	162	-18.302	-120.	95.252	1435	0.12066
544	155	-18.865	-120.	95.735	1435	0.12086
545	167	-17.726	-120.	97.196	1435	0.12142
545	155	-18.865	-120.	95.735	1435	0.12086
545	153	-19.369	-120.	98.573	1435	0.12192
546	170	-17.191	-120.	94.333	1435	0.12027
546	165	-18.085	-120.	91.387	1435	0.11899
546	178	-15.485	-120.	93.018	1435	0.11968
547	170	-17.191	-120.	94.333	1435	0.12027
547	178	-15.485	-120.	93.018	1435	0.11968
547	176	-16.032	-120.	95.811	1435	0.12087
548	170	-17.191	-120.	94.333	1435	0.12027
548	176	-16.032	-120.	95.811	1435	0.12087
548	172	-16.628	-120.	96.27	1435	0.12106
549	170	-17.191	-120.	94.333	1435	0.12027
549	172	-16.628	-120.	96.27	1435	0.12106
549	162	-18.302	-120.	95.252	1435	0.12066
550	170	-17.191	-120.	94.333	1435	0.12027
550	162	-18.302	-120.	95.252	1435	0.12066
550	161	-18.611	-120.	94.262	1435	0.12026
551	170	-17.191	-120.	94.333	1435	0.12027
551	161	-18.611	-120.	94.262	1435	0.12026
551	165	-18.085	-120.	91.387	1435	0.11899
552	162	-18.302	-120.	95.252	1435	0.12066
552	161	-18.611	-120.	94.262	1435	0.12026
552	155	-18.865	-120.	95.735	1435	0.12086
553	183	-14.413	-120.	89.13	1437	0.11791
553	165	-18.085	-120.	91.387	1437	0.11899
553	178	-15.485	-120.	93.018	1437	0.11968
554	272	-0.59171	-120.	88.013	1449	0.11747
554	290	2.2612	-120.	87.855	1449	0.11745
554	285	1.3031	-120.	89.681	1449	0.11795
555	282	0.78947	-120.	85.044	1449	0.11662
555	298	3.7317	-120.	85.064	1449	0.11681
555	292	2.7559	-120.	86.903	1449	0.11721
556	280	0.51125	-120.	86.679	1449	0.11708
556	282	0.78947	-120.	85.044	1449	0.11662
556	292	2.7559	-120.	86.903	1449	0.11721
557	280	0.51125	-120.	86.679	1449	0.11708
557	292	2.7559	-120.	86.903	1449	0.11721
557	290	2.2612	-120.	87.855	1449	0.11745
558	280	0.51125	-120.	86.679	1449	0.11708
558	290	2.2612	-120.	87.855	1449	0.11745
558	272	-0.59171	-120.	88.013	1449	0.11747
559	280	0.51125	-120.	86.679	1449	0.11708
559	272	-0.59171	-120.	88.013	1449	0.11747
559	264	-1.5709	-120.	87.142	1449	0.11718
560	280	0.51125	-120.	86.679	1449	0.11708
560	264	-1.5709	-120.	87.142	1449	0.11718
560	273	-0.57654	-120.	85.119	1449	0.11657
561	280	0.51125	-120.	86.679	1449	0.11708
561	273	-0.57654	-120.	85.119	1449	0.11657
561	282	0.78947	-120.	85.044	1449	0.11662
562	253	-3.4987	-120.	85.463	1449	0.11653
562	273	-0.57654	-120.	85.119	1449	0.11657
562	264	-1.5709	-120.	87.142	1449	0.11718
563	327	9.1417	-120.	90.688	1451	0.11777
563	322	8.4091	-120.	90.519	1451	0.11779
563	329	9.39	-120.	91.764	1451	0.1178
564	325	8.6798	-120.	88.651	1451	0.11764
564	321	8.0152	-120.	85.538	1451	0.11722
564	313	6.5826	-120.	88.167	1451	0.11756
565	325	8.6798	-120.	88.651	1451	0.11764
565	313	6.5826	-120.	88.167	1451	0.11756
565	322	8.4091	-120.	90.519	1451	0.11779
566	325	8.6798	-120.	88.651	1451	0.11764
566	322	8.4091	-120.	90.519	1451	0.11779
566	327	9.1417	-120.	90.688	1451	0.11777
567	325	8.6798	-120.	88.651	1451	0.11764
567	327	9.1417	-120.	90.688	1451	0.11777
567	333	10.073	-120.	89.023	1451	0.11768
568	325	8.6798	-120.	88.651	1451	0.11764
568	333	10.073	-120.	89.023	1451	0.11768
568	330	9.8569	-120.	87.974	1451	0.11761
569	325	8.6798	-120.	88.651	1451	0.11764
569	330	9.8569	-120.	87.974	1451	0.11761
569	321	8.0152	-120.	85.538	1451	0.11722
570	337	10.526	-120.	91.072	1451	0.11773
570	353	12.589	-120.	91.638	1451	0.11764
570	343	11.174	-120.	94.093	1451	0.11759
571	337	10.526	-120.	91.072	1451	0.11773
571	343	11.174	-120.	94.093	1451	0.11759
571	329	9.39	-120.	91.764	1451	0.1178
572	337	10.526	-120.	91.072	1451	0.11773
572	329	9.39	-120.	91.764	1451	0.1178
572	327	9.1417	-120.	90.688	1451	0.11777
573	337	10.526	-120.	91.072	1451	0.11773
573	327	9.1417	-120.	90.688	1451	0.11777
573	333	10.073	-120.	89.023	1451	0.11768
574	337	10.526	-120.	91.072	1451	0.11773
574	333	10.073	-120.	89.023	1451	0.11768
574	339	10.786	-120.	89.228	1451	0.11769
575	337	10.526	-120.	91.072	1451	0.11773
575	339	10.786	-120.	89.228	1451	0.11769
575	353	12.589	-120.	91.638	1451	0.11764
576	333	10.073	-120.	89.023	1451	0.11768
576	339	10.786	-120.	89.228	1451	0.11769
576	330	9.8569	-120.	87.974	1451	0.11761
577	516	31.257	-120.	118.83	1455	0.10683
577	537	32.231	-120.	118.57	1455	0.1069
577	533	32.19	-120.	117.81	1455	0.10714
578	559	34.106	-120.	119.51	1455	0.10661
578	560	34.106	-120.	120.25	1455	0.1064
578	568	35.062	-120.	119.27	1455	0.10669
579	558	34.076	-120.	118.07	1455	0.10705
579	533	32.19	-120.	117.81	1455	0.10714
579	555	33.96	-120.	115.92	1455	0.1078
580	558	34.076	-120.	118.07	1455	0.10705
580	555	33.96	-120.	115.92	1455	0.1078
580	575	36.909	-120.	117.34	1455	0.10735
581	558	34.076	-120.	118.07	1455	0.10705
581	575	36.909	-120.	117.34	1455	0.10735
581	568	35.062	-120.	119.27	1455	0.10669
582	558	34.076	-120.	118.07	1455	0.10705
582	568	35.062	-120.	119.27	1455	0.10669
582	559	34.106	-120.	119.51	1455	0.10661
583	558	34.076	-120.	118.07	1455	0.10705
583	559	34.106	-120.	119.51	1455	0.10661
583	537	32.231	-120.	118.57	1455	0.1069
584	558	34.076	-120.	118.07	1455	0.10705
584	537	32.231	-120.	118.57	1455	0.1069
584	533	32.19	-120.	117.81	1455	0.10714
585	538	32.245	-120.	120.	1455	0.10647
585	560	34.106	-120.	120.25	1455	0.1064
585	539	32.274	-120.	122.15	1455	0.10592
586	538	32.245	-120.	120.	1455	0.10647
586	539	32.274	-120.	122.15	1455	0.10592
586	491	29.497	-120.	120.69	1455	0.10634
587	538	32.245	-120.	120.	1455	0.10647
587	491	29.497	-120.	120.69	1455	0.10634
587	516	31.257	-120.	118.83	1455	0.10683
588	538	32.245	-120.	120.	1455	0.10647
588	516	31.257	-120.	118.83	1455	0.10683
588	537	32.231	-120.	118.57	1455	0.1069
589	538	32.245	-120.	120.	1455	0.10647
589	537	32.231	-120.	118.57	1455	0.1069
589	559	34.106	-120.	119.51	1455	0.10661
590	538	32.245	-120.	120.	1455	0.10647
590	559	34.106	-120.	119.51	1455	0.10661
590	560	34.106	-120.	120.25	1455	0.1064
591	523	31.753	-120.	114.26	1519	0.10845
591	507	30.803	-120.	114.51	1519	0.10836
591	528	31.894	-120.	115.	1519	0.10815
592	518	31.423	-120.	112.87	1519	0.10901
592	511	30.932	-120.	110.76	1519	0.10993
592	477	28.754	-120.	113.62	1519	0.10875
593	518	31.423	-120.	112.87	1519	0.10901
593	477	28.754	-120.	113.62	1519	0.10875
593	507	30.803	-120.	114.51	1519	0.10836
594	518	31.423	-120.	112.87	1519	0.10901
594	507	30.803	-120.	114.51	1519	0.10836
594	523	31.753	-120.	114.26	1519	0.10845
595	518	31.423	-120.	112.87	1519	0.10901
595	523	31.753	-120.	114.26	1519	0.10845
595	548	33.238	-120.	112.39	1519	0.10921
596	518	31.423	-120.	112.87	1519	0.10901
596	548	33.238	-120.	112.39	1519	0.10921
596	545	33.06	-120.	111.67	1519	0.10952
597	518	31.423	-120.	112.87	1519	0.10901
597	545	33.06	-120.	111.67	1519	0.10952
597	511	30.932	-120.	110.76	1519	0.10993
598	551	33.555	-120.	113.8	1519	0.10863
598	573	36.317	-120.	113.07	1519	0.10895
598	555	33.96	-120.	115.92	1519	0.1078
599	551	33.555	-120.	113.8	1519	0.10863
599	555	33.96	-120.	115.92	1519	0.1078
599	528	31.894	-120.	115.	1519	0.10815
600	551	33.555	-120.	113.8	1519	0.10863
600	528	31.894	-120.	115.	1519	0.10815
600	523	31.753	-120.	114.26	1519	0.10845
601	551	33.555	-120.	113.8	1519	0.10863
601	523	31.753	-120.	114.26	1519	0.10845
601	548	33.238	-120.	112.39	1519	0.10921
602	551	33.555	-120.	113.8	1519	0.10863
602	548	33.238	-120.	112.39	1519	0.10921
602	563	34.168	-120.	112.14	1519	0.10932
603	551	33.555	-120.	113.8	1519	0.10863
603	563	34.168	-120.	112.14	1519	0.10932
603	573	36.317	-120.	113.07	1519	0.10895
604	548	33.238	-120.	112.39	1519	0.10921
604	563	34.168	-120.	112.14	1519	0.10932
604	545	33.06	-120.	111.67	1519	0.10952
605	544	33.06	-120.	111.67	1521	0.10952
605	511	30.932	-120.	110.76	1521	0.10993
605	535	32.207	-120.	108.95	1521	0.11075
606	553	33.855	-120.	109.98	1521	0.11027
606	544	33.06	-120.	111.67	1521	0.10952
606	535	32.207	-120.	108.95	1521	0.11075
607	553	33.855	-120.	109.98	1521	0.11027
607	535	32.207	-120.	108.95	1521	0.11075
607	543	32.875	-120.	108.	1521	0.11118
608	553	33.855	-120.	109.98	1521	0.11027
608	543	32.875	-120.	108.	1521	0.11118
608	569	35.206	-120.	108.91	1521	0.11075
609	553	33.855	-120.	109.98	1521	0.11027
609	569	35.206	-120.	108.91	1521	0.11075
609	571	35.614	-120.	110.21	1521	0.11017
610	553	33.855	-120.	109.98	1521	0.11027
610	571	35.614	-120.	110.21	1521	0.11017
610	562	34.168	-120.	112.14	1521	0.10932
611	553	33.855	-120.	109.98	1521	0.11027
611	562	34.168	-120.	112.14	1521	0.10932
611	544	33.06	-120.	111.67	1521	0.10952
612	569	35.206	-120.	108.91	1521	0.11075
612	543	32.875	-120.	108.	1521	0.11118
612	561	34.155	-120.	106.16	1521	0.11203
613	571	35.614	-120.	110.21	1521	0.11017
613	573	36.317	-120.	113.07	1521	0.10895
613	562	34.168	-120.	112.14	1521	0.10932
614	461	27.302	-120.	105.87	1528	0.11222
614	464	27.85	-120.	104.3	1528	0.11296
614	482	29.263	-120.	106.75	1528	0.11179
615	461	27.302	-120.	105.87	1528	0.11222
615	482	29.263	-120.	106.75	1528	0.11179
615	475	28.622	-120.	107.7	1528	0.11135
616	461	27.302	-120.	105.87	1528	0.11222
616	475	28.622	-120.	107.7	1528	0.11135
616	448	26.217	-120.	106.97	1528	0.11172
617	461	27.302	-120.	105.87	1528	0.11222
617	448	26.217	-120.	106.97	1528	0.11172
617	443	25.406	-120.	105.57	1528	0.11238
618	461	27.302	-120.	105.87	1528	0.11222
618	443	25.406	-120.	105.57	1528	0.11238
618	451	26.451	-120.	103.94	1528	0.11314
619	461	27.302	-120.	105.87	1528	0.11222
619	451	26.451	-120.	103.94	1528	0.11314
619	464	27.85	-120.	104.3	1528	0.11296
620	448	26.217	-120.	106.97	1528	0.11172
620	475	28.622	-120.	107.7	1528	0.11135
620	462	27.402	-120.	109.46	1528	0.11055
621	464	27.85	-120.	104.3	1528	0.11296
621	499	30.485	-120.	104.97	1528	0.11262
621	482	29.263	-120.	106.75	1528	0.11179
622	451	26.451	-120.	103.94	1528	0.11314
622	443	25.406	-120.	105.57	1528	0.11238
622	432	23.847	-120.	103.3	1528	0.11348
623	353	12.589	-120.	91.638	1530	0.11764
623	340	10.786	-120.	89.228	1530	0.11769
623	357	13.535	-120.	90.005	1530	0.11771
624	321	8.0152	-120.	85.538	1530	0.11722
624	341	10.891	-120.	86.162	1530	0.11751
624	331	9.8569	-120.	87.974	1530	0.11761
625	364	14.983	-120.	87.508	1530	0.11783
625	360	14.027	-120.	89.153	1530	0.11775
625	350	12.207	-120.	86.534	1530	0.11762
626	348	11.884	-120.	88.176	1530	0.11769
626	357	13.535	-120.	90.005	1530	0.11771
626	340	10.786	-120.	89.228	1530	0.11769
627	348	11.884	-120.	88.176	1530	0.11769
627	340	10.786	-120.	89.228	1530	0.11769
627	331	9.8569	-120.	87.974	1530	0.11761
628	348	11.884	-120.	88.176	1530	0.11769
628	331	9.8569	-120.	87.974	1530	0.11761
628	341	10.891	-120.	86.162	1530	0.11751
629	348	11.884	-120.	88.176	1530	0.11769
629	341	10.891	-120.	86.162	1530	0.11751
629	350	12.207	-120.	86.534	1530	0.11762
630	348	11.884	-120.	88.176	1530	0.11769
630	350	12.207	-120.	86.534	1530	0.11762
630	360	14.027	-120.	89.153	1530	0.11775
631	348	11.884	-120.	88.176	1530	0.11769
631	360	14.027	-120.	89.153	1530	0.11775
631	357	13.535	-120.	90.005	1530	0.11771
632	371	15.86	-120.	93.118	1531	0.11735
632	374	16.06	-120.	94.294	1531	0.11713
632	378	16.533	-120.	93.457	1531	0.11727
633	363	14.571	-120.	92.538	1531	0.11749
633	353	12.589	-120.	91.638	1531	0.11764
633	365	15.169	-120.	95.872	1531	0.11685
634	363	14.571	-120.	92.538	1531	0.11749
634	365	15.169	-120.	95.872	1531	0.11685
634	374	16.06	-120.	94.294	1531	0.11713
635	363	14.571	-120.	92.538	1531	0.11749
635	374	16.06	-120.	94.294	1531	0.11713
635	371	15.86	-120.	93.118	1531	0.11735
636	363	14.571	-120.	92.538	1531	0.11749
636	371	15.86	-120.	93.118	1531	0.11735
636	361	14.21	-120.	90.302	1531	0.1177
637	363	14.571	-120.	92.538	1531	0.11749
637	361	14.21	-120.	90.302	1531	0.1177
637	357	13.535	-120.	90.005	1531	0.11771
638	363	14.571	-120.	92.538	1531	0.11749
638	357	13.535	-120.	90.005	1531	0.11771
638	353	12.589	-120.	91.638	1531	0.11764
639	368	15.507	-120.	90.901	1531	0.11766
639	364	14.983	-120.	87.508	1531	0.11783
639	381	17.43	-120.	91.87	1531	0.11754
640	368	15.507	-120.	90.901	1531	0.11766
640	381	17.43	-120.	91.87	1531	0.11754
640	378	16.533	-120.	93.457	1531	0.11727
641	368	15.507	-120.	90.901	1531	0.11766
641	378	16.533	-120.	93.457	1531	0.11727
641	371	15.86	-120.	93.118	1531	0.11735
642	368	15.507	-120.	90.901	1531	0.11766
642	371	15.86	-120.	93.118	1531	0.11735
642	361	14.21	-120.	90.302	1531	0.1177
643	368	15.507	-120.	90.901	1531	0.11766
643	361	14.21	-120.	90.302	1531	0.1177
643	360	14.027	-120.	89.153	1531	0.11775
644	368	15.507	-120.	90.901	1531	0.11766
644	360	14.027	-120.	89.153	1531	0.11775
644	364	14.983	-120.	87.508	1531	0.11783
645	361	14.21	-120.	90.302	1531	0.1177
645	360	14.027	-120.	89.153	1531	0.11775
645	357	13.535	-120.	90.005	1531	0.11771
646	432	23.847	-120.	103.3	1544	0.11348
646	444	25.409	-120.	100.72	1544	0.11462
646	407	20.921	-120.	100.05	1544	0.11502
647	449	26.403	-120.	99.043	1546	0.11531
647	468	28.095	-120.	101.35	1546	0.1143
647	444	25.409	-120.	100.72	1546	0.11462
648	501	30.617	-120.	99.84	1546	0.11493
648	536	32.209	-120.	102.31	1546	0.11383
648	489	29.49	-120.	101.66	1546	0.11414
649	472	28.556	-120.	99.8	1546	0.11497
649	501	30.617	-120.	99.84	1546	0.11493
649	489	29.49	-120.	101.66	1546	0.11414
650	472	28.556	-120.	99.8	1546	0.11497
650	489	29.49	-120.	101.66	1546	0.11414
650	468	28.095	-120.	101.35	1546	0.1143
651	472	28.556	-120.	99.8	1546	0.11497
651	468	28.095	-120.	101.35	1546	0.1143
651	449	26.403	-120.	99.043	1546	0.11531
652	472	28.556	-120.	99.8	1546	0.11497
652	449	26.403	-120.	99.043	1546	0.11531
652	459	26.924	-120.	98.172	1546	0.11565
653	472	28.556	-120.	99.8	1546	0.11497
653	459	26.924	-120.	98.172	1546	0.11565
653	496	29.807	-120.	98.737	1546	0.1154
654	472	28.556	-120.	99.8	1546	0.11497
654	496	29.807	-120.	98.737	1546	0.1154
654	501	30.617	-120.	99.84	1546	0.11493
655	466	27.921	-120.	96.479	1546	0.11629
655	496	29.807	-120.	98.737	1546	0.1154
655	459	26.924	-120.	98.172	1546	0.11565
656	428	22.931	-120.	98.116	1547	0.11572
656	423	22.388	-120.	97.593	1547	0.11592
656	419	21.882	-120.	98.448	1547	0.11562
657	433	23.908	-120.	99.146	1547	0.1153
657	449	26.403	-120.	99.043	1547	0.11531
657	444	25.409	-120.	100.72	1547	0.11462
658	433	23.908	-120.	99.146	1547	0.1153
658	444	25.409	-120.	100.72	1547	0.11462
658	407	20.921	-120.	100.05	1547	0.11502
659	433	23.908	-120.	99.146	1547	0.1153
659	407	20.921	-120.	100.05	1547	0.11502
659	419	21.882	-120.	98.448	1547	0.11562
660	433	23.908	-120.	99.146	1547	0.1153
660	419	21.882	-120.	98.448	1547	0.11562
660	428	22.931	-120.	98.116	1547	0.11572
661	433	23.908	-120.	99.146	1547	0.1153
661	428	22.931	-120.	98.116	1547	0.11572
661	447	25.899	-120.	98.502	1547	0.11553
662	433	23.908	-120.	99.146	1547	0.1153
662	447	25.899	-120.	98.502	1547	0.11553
662	449	26.403	-120.	99.043	1547	0.11531
663	459	26.924	-120.	98.172	1547	0.11565
663	447	25.899	-120.	98.502	1547	0.11553
663	449	26.403	-120.	99.043	1547	0.11531
664	442	24.902	-120.	97.473	1547	0.11593
664	466	27.921	-120.	96.479	1547	0.11629
664	431	23.352	-120.	95.976	1547	0.11647
665	442	24.902	-120.	97.473	1547	0.11593
665	431	23.352	-120.	95.976	1547	0.11647
665	423	22.388	-120.	97.593	1547	0.11592
666	442	24.902	-120.	97.473	1547	0.11593
666	423	22.388	-120.	97.593	1547	0.11592
666	428	22.931	-120.	98.116	1547	0.11572
667	442	24.902	-120.	97.473	1547	0.11593
667	428	22.931	-120.	98.116	1547	0.11572
667	447	25.899	-120.	98.502	1547	0.11553
668	442	24.902	-120.	97.473	1547	0.11593
668	447	25.899	-120.	98.502	1547	0.11553
668	459	26.924	-120.	98.172	1547	0.11565
669	442	24.902	-120.	97.473	1547	0.11593
669	459	26.924	-120.	98.172	1547	0.11565
669	466	27.921	-120.	96.479	1547	0.11629
670	395	19.847	-120.	97.24	1566	0.11613
670	418	21.882	-120.	98.448	1566	0.11562
670	391	18.828	-120.	98.263	1566	0.11583
671	395	19.847	-120.	97.24	1566	0.11613
671	391	18.828	-120.	98.263	1566	0.11583
671	382	17.516	-120.	97.31	1566	0.11624
672	395	19.847	-120.	97.24	1566	0.11613
672	382	17.516	-120.	97.31	1566	0.11624
672	389	18.369	-120.	95.895	1566	0.11664
673	395	19.847	-120.	97.24	1566	0.11613
673	389	18.369	-120.	95.895	1566	0.11664
673	402	20.101	-120.	95.931	1566	0.11655
674	395	19.847	-120.	97.24	1566	0.11613
674	402	20.101	-120.	95.931	1566	0.11655
674	422	22.388	-120.	97.593	1566	0.11592
675	395	19.847	-120.	97.24	1566	0.11613
675	422	22.388	-120.	97.593	1566	0.11592
675	418	21.882	-120.	98.448	1566	0.11562
676	389	18.369	-120.	95.895	1566	0.11664
676	382	17.516	-120.	97.31	1566	0.11624
676	365	15.169	-120.	95.872	1566	0.11685
677	418	21.882	-120.	98.448	1566	0.11562
677	407	20.921	-120.	100.05	1566	0.11502
677	391	18.828	-120.	98.263	1566	0.11583
678	422	22.388	-120.	97.593	1566	0.11592
678	402	20.101	-120.	95.931	1566	0.11655
678	431	23.352	-120.	95.976	1566	0.11647
679	439	24.656	-120.	135.59	1581	0.10545
679	479	29.242	-120.	133.19	1581	0.10513
679	456	26.843	-120.	131.8	1581	0.10506
680	460	27.061	-120.	136.97	1582	0.10573
680	479	29.242	-120.	133.19	1582	0.10513
680	439	24.656	-120.	135.59	1582	0.10545
681	539	32.274	-120.	122.15	1583	0.10592
681	491	29.497	-120.	120.69	1583	0.10634
681	478	29.04	-120.	125.04	1583	0.10543
682	556	34.028	-120.	123.11	1585	0.10571
682	539	32.274	-120.	122.15	1585	0.10592
682	560	34.106	-120.	120.25	1585	0.1064
683	570	35.354	-120.	121.36	1585	0.10613
683	556	34.028	-120.	123.11	1585	0.10571
683	560	34.106	-120.	120.25	1585	0.1064
684	570	35.354	-120.	121.36	1585	0.10613
684	560	34.106	-120.	120.25	1585	0.1064
684	568	35.062	-120.	119.27	1585	0.10669
685	570	35.354	-120.	121.36	1585	0.10613
685	568	35.062	-120.	119.27	1585	0.10669
685	577	37.01	-120.	120.28	1585	0.10645
686	570	35.354	-120.	121.36	1585	0.10613
686	577	37.01	-120.	120.28	1585	0.10645
686	576	36.972	-120.	121.65	1585	0.1061
687	570	35.354	-120.	121.36	1585	0.10613
687	576	36.972	-120.	121.65	1585	0.1061
687	566	34.943	-120.	123.6	1585	0.10563
688	570	35.354	-120.	121.36	1585	0.10613
688	566	34.943	-120.	123.6	1585	0.10563
688	556	34.028	-120.	123.11	1585	0.10571
689	577	37.01	-120.	120.28	1585	0.10645
689	568	35.062	-120.	119.27	1585	0.10669
689	575	36.909	-120.	117.34	1585	0.10735
690	576	36.972	-120.	121.65	1585	0.1061
690	574	36.709	-120.	124.58	1585	0.10551
690	566	34.943	-120.	123.6	1585	0.10563
691	524	31.758	-120.	125.71	1588	0.10528
691	503	30.725	-120.	125.95	1588	0.10526
691	519	31.619	-120.	126.45	1588	0.10519
692	552	33.712	-120.	125.26	1588	0.10534
692	565	34.943	-120.	123.6	1588	0.10563
692	574	36.709	-120.	124.58	1588	0.10551
693	552	33.712	-120.	125.26	1588	0.10534
693	574	36.709	-120.	124.58	1588	0.10551
693	549	33.314	-120.	127.38	1588	0.1051
694	552	33.712	-120.	125.26	1588	0.10534
694	549	33.314	-120.	127.38	1588	0.1051
694	519	31.619	-120.	126.45	1588	0.10519
695	552	33.712	-120.	125.26	1588	0.10534
695	519	31.619	-120.	126.45	1588	0.10519
695	524	31.758	-120.	125.71	1588	0.10528
696	552	33.712	-120.	125.26	1588	0.10534
696	524	31.758	-120.	125.71	1588	0.10528
696	554	33.93	-120.	123.84	1588	0.10557
697	552	33.712	-120.	125.26	1588	0.10534
697	554	33.93	-120.	123.84	1588	0.10557
697	565	34.943	-120.	123.6	1588	0.10563
698	557	34.028	-120.	123.11	1588	0.10571
698	554	33.93	-120.	123.84	1588	0.10557
698	565	34.943	-120.	123.6	1588	0.10563
699	530	31.959	-120.	124.3	1588	0.10549
699	539	32.274	-120.	122.15	1588	0.10592
699	478	29.04	-120.	125.04	1588	0.10543
700	530	31.959	-120.	124.3	1588	0.10549
700	478	29.04	-120.	125.04	1588	0.10543
700	503	30.725	-120.	125.95	1588	0.10526
701	530	31.959	-120.	124.3	1588	0.10549
701	503	30.725	-120.	125.95	1588	0.10526
701	524	31.758	-120.	125.71	1588	0.10528
702	530	31.959	-120.	124.3	1588	0.10549
702	524	31.758	-120.	125.71	1588	0.10528
702	554	33.93	-120.	123.84	1588	0.10557
703	530	31.959	-120.	124.3	1588	0.10549
703	554	33.93	-120.	123.84	1588	0.10557
703	557	34.028	-120.	123.11	1588	0.10571
704	530	31.959	-120.	124.3	1588	0.10549
704	557	34.028	-120.	123.11	1588	0.10571
704	539	32.274	-120.	122.15	1588	0.10592
705	549	33.314	-120.	127.38	1589	0.1051
705	572	35.883	-120.	128.81	1589	0.10507
705	574	36.709	-120.	124.58	1589	0.10551
706	495	29.794	-120.	128.1	1591	0.10507
706	470	28.397	-120.	127.71	1591	0.10514
706	502	30.725	-120.	125.95	1591	0.10526
707	495	29.794	-120.	128.1	1591	0.10507
707	502	30.725	-120.	125.95	1591	0.10526
707	520	31.619	-120.	126.45	1591	0.10519
708	495	29.794	-120.	128.1	1591	0.10507
708	520	31.619	-120.	126.45	1591	0.10519
708	505	30.745	-120.	129.14	1591	0.105
709	495	29.794	-120.	128.1	1591	0.10507
709	505	30.745	-120.	129.14	1591	0.105
709	485	29.384	-120.	130.08	1591	0.10499
710	495	29.794	-120.	128.1	1591	0.10507
710	485	29.384	-120.	130.08	1591	0.10499
710	465	27.896	-120.	129.26	1591	0.10505
711	495	29.794	-120.	128.1	1591	0.10507
711	465	27.896	-120.	129.26	1591	0.10505
711	470	28.397	-120.	127.71	1591	0.10514
712	505	30.745	-120.	129.14	1591	0.105
712	520	31.619	-120.	126.45	1591	0.10519
712	549	33.314	-120.	127.38	1591	0.1051
713	470	28.397	-120.	127.71	1591	0.10514
713	478	29.04	-120.	125.04	1591	0.10543
713	502	30.725	-120.	125.95	1591	0.10526
714	465	27.896	-120.	129.26	1591	0.10505
714	485	29.384	-120.	130.08	1591	0.10499
714	456	26.843	-120.	131.8	1591	0.10506
715	500	30.508	-120.	129.85	1592	0.10498
715	504	30.745	-120.	129.14	1592	0.105
715	484	29.384	-120.	130.08	1592	0.10499
716	540	32.636	-120.	129.42	1592	0.105
716	572	35.883	-120.	128.81	1592	0.10507
716	549	33.314	-120.	127.38	1592	0.1051
717	540	32.636	-120.	129.42	1592	0.105
717	549	33.314	-120.	127.38	1592	0.1051
717	504	30.745	-120.	129.14	1592	0.105
718	540	32.636	-120.	129.42	1592	0.105
718	504	30.745	-120.	129.14	1592	0.105
718	500	30.508	-120.	129.85	1592	0.10498
719	540	32.636	-120.	129.42	1592	0.105
719	500	30.508	-120.	129.85	1592	0.10498
719	531	32.136	-120.	130.77	1592	0.105
720	540	32.636	-120.	129.42	1592	0.105
720	531	32.136	-120.	130.77	1592	0.105
720	547	33.229	-120.	130.57	1592	0.10501
721	540	32.636	-120.	129.42	1592	0.105
721	547	33.229	-120.	130.57	1592	0.10501
721	572	35.883	-120.	128.81	1592	0.10507
722	497	29.996	-120.	131.19	1592	0.105
722	479	29.242	-120.	133.19	1592	0.10513
722	456	26.843	-120.	131.8	1592	0.10506
723	497	29.996	-120.	131.19	1592	0.105
723	456	26.843	-120.	131.8	1592	0.10506
723	484	29.384	-120.	130.08	1592	0.10499
724	497	29.996	-120.	131.19	1592	0.105
724	484	29.384	-120.	130.08	1592	0.10499
724	500	30.508	-120.	129.85	1592	0.10498
725	497	29.996	-120.	131.19	1592	0.105
725	500	30.508	-120.	129.85	1592	0.10498
725	531	32.136	-120.	130.77	1592	0.105
726	497	29.996	-120.	131.19	1592	0.105
726	531	32.136	-120.	130.77	1592	0.105
726	525	31.866	-120.	131.46	1592	0.10502
727	497	29.996	-120.	131.19	1592	0.105
727	525	31.866	-120.	131.46	1592	0.10502
727	479	29.242	-120.	133.19	1592	0.10513
728	531	32.136	-120.	130.77	1592	0.105
728	525	31.866	-120.	131.46	1592	0.10502
728	547	33.229	-120.	130.57	1592	0.10501
729	494	29.577	-120.	107.44	1594	0.11146
729	481	29.263	-120.	106.75	1594	0.11179
729	474	28.622	-120.	107.7	1594	0.11135
730	517	31.382	-120.	106.93	1594	0.11168
730	561	34.155	-120.	106.16	1594	0.11203
730	499	30.485	-120.	104.97	1594	0.11262
731	517	31.382	-120.	106.93	1594	0.11168
731	499	30.485	-120.	104.97	1594	0.11262
731	481	29.263	-120.	106.75	1594	0.11179
732	517	31.382	-120.	106.93	1594	0.11168
732	481	29.263	-120.	106.75	1594	0.11179
732	494	29.577	-120.	107.44	1594	0.11146
733	517	31.382	-120.	106.93	1594	0.11168
733	494	29.577	-120.	107.44	1594	0.11146
733	529	31.935	-120.	108.26	1594	0.11107
734	517	31.382	-120.	106.93	1594	0.11168
734	529	31.935	-120.	108.26	1594	0.11107
734	542	32.875	-120.	108.	1594	0.11118
735	517	31.382	-120.	106.93	1594	0.11168
735	542	32.875	-120.	108.	1594	0.11118
735	561	34.155	-120.	106.16	1594	0.11203
736	498	30.113	-120.	108.76	1594	0.11085
736	511	30.932	-120.	110.76	1594	0.10993
736	462	27.402	-120.	109.46	1594	0.11055
737	498	30.113	-120.	108.76	1594	0.11085
737	462	27.402	-120.	109.46	1594	0.11055
737	474	28.622	-120.	107.7	1594	0.11135
738	498	30.113	-120.	108.76	1594	0.11085
738	474	28.622	-120.	107.7	1594	0.11135
738	494	29.577	-120.	107.44	1594	0.11146
739	498	30.113	-120.	108.76	1594	0.11085
739	494	29.577	-120.	107.44	1594	0.11146
739	529	31.935	-120.	108.26	1594	0.11107
740	498	30.113	-120.	108.76	1594	0.11085
740	529	31.935	-120.	108.26	1594	0.11107
740	534	32.207	-120.	108.95	1594	0.11075
741	498	30.113	-120.	108.76	1594	0.11085
741	534	32.207	-120.	108.95	1594	0.11075
741	511	30.932	-120.	110.76	1594	0.10993
742	529	31.935	-120.	108.26	1594	0.11107
742	534	32.207	-120.	108.95	1594	0.11075
742	542	32.875	-120.	108.	1594	0.11118
743	477	28.754	-120.	113.62	1595	0.10875
743	511	30.932	-120.	110.76	1595	0.10993
743	462	27.402	-120.	109.46	1595	0.11055
744	561	34.155	-120.	106.16	1598	0.11203
744	536	32.209	-120.	102.31	1598	0.11383
744	499	30.485	-120.	104.97	1598	0.11262
745	107	-23.785	-120.	100.93	1649	0.12266
745	110	-23.545	-120.	96.143	1649	0.12108
745	73	-26.285	-120.	99.47	1649	0.12226
746	136	-21.358	-120.	102.37	1650	0.12301
746	130	-21.726	-120.	101.28	1650	0.12275
746	123	-22.197	-120.	101.87	1650	0.1229
747	133	-21.51	-120.	98.163	1650	0.1218
747	138	-21.019	-120.	97.611	1650	0.1216
747	125	-21.878	-120.	97.108	1650	0.12142
748	119	-22.44	-120.	99.25	1650	0.12216
748	123	-22.197	-120.	101.87	1650	0.1229
748	107	-23.785	-120.	100.93	1650	0.12266
749	119	-22.44	-120.	99.25	1650	0.12216
749	107	-23.785	-120.	100.93	1650	0.12266
749	110	-23.545	-120.	96.143	1650	0.12108
750	119	-22.44	-120.	99.25	1650	0.12216
750	110	-23.545	-120.	96.143	1650	0.12108
750	125	-21.878	-120.	97.108	1650	0.12142
751	119	-22.44	-120.	99.25	1650	0.12216
751	125	-21.878	-120.	97.108	1650	0.12142
751	133	-21.51	-120.	98.163	1650	0.1218
752	119	-22.44	-120.	99.25	1650	0.12216
752	133	-21.51	-120.	98.163	1650	0.1218
752	130	-21.726	-120.	101.28	1650	0.12275
753	119	-22.44	-120.	99.25	1650	0.12216
753	130	-21.726	-120.	101.28	1650	0.12275
753	123	-22.197	-120.	101.87	1650	0.1229
754	140	-20.794	-120.	100.22	1650	0.12245
754	138	-21.019	-120.	97.611	1650	0.1216
754	153	-19.369	-120.	98.573	1650	0.12192
755	140	-20.794	-120.	100.22	1650	0.12245
755	153	-19.369	-120.	98.573	1650	0.12192
755	151	-19.781	-120.	103.3	1650	0.12323
756	140	-20.794	-120.	100.22	1650	0.12245
756	151	-19.781	-120.	103.3	1650	0.12323
756	136	-21.358	-120.	102.37	1650	0.12301
757	140	-20.794	-120.	100.22	1650	0.12245
757	136	-21.358	-120.	102.37	1650	0.12301
757	130	-21.726	-120.	101.28	1650	0.12275
758	140	-20.794	-120.	100.22	1650	0.12245
758	130	-21.726	-120.	101.28	1650	0.12275
758	133	-21.51	-120.	98.163	1650	0.1218
759	140	-20.794	-120.	100.22	1650	0.12245
759	133	-21.51	-120.	98.163	1650	0.1218
759	138	-21.019	-120.	97.611	1650	0.1216
760	171	-16.855	-120.	100.05	1654	0.12244
760	153	-19.369	-120.	98.573	1654	0.12192
760	151	-19.781	-120.	103.3	1654	0.12323
761	221	-8.7706	-120.	146.81	1667	0.11128
761	229	-7.1945	-120.	148.83	1667	0.11108
761	217	-9.7773	-120.	147.68	1667	0.11125
762	221	-8.7706	-120.	146.81	1667	0.11128
762	217	-9.7773	-120.	147.68	1667	0.11125
762	212	-10.674	-120.	146.2	1667	0.11148
763	221	-8.7706	-120.	146.81	1667	0.11128
763	212	-10.674	-120.	146.2	1667	0.11148
763	215	-9.8754	-120.	144.75	1667	0.11165
764	221	-8.7706	-120.	146.81	1667	0.11128
764	215	-9.8754	-120.	144.75	1667	0.11165
764	224	-8.3944	-120.	145.41	1667	0.11139
765	221	-8.7706	-120.	146.81	1667	0.11128
765	224	-8.3944	-120.	145.41	1667	0.11139
765	233	-6.7075	-120.	147.97	1667	0.11107
766	221	-8.7706	-120.	146.81	1667	0.11128
766	233	-6.7075	-120.	147.97	1667	0.11107
766	229	-7.1945	-120.	148.83	1667	0.11108
767	215	-9.8754	-120.	144.75	1667	0.11165
767	212	-10.674	-120.	146.2	1667	0.11148
767	197	-12.295	-120.	143.44	1667	0.11217
768	229	-7.1945	-120.	148.83	1667	0.11108
768	226	-8.113	-120.	150.47	1667	0.11108
768	217	-9.7773	-120.	147.68	1667	0.11125
769	233	-6.7075	-120.	147.97	1667	0.11107
769	224	-8.3944	-120.	145.41	1667	0.11139
769	240	-5.7995	-120.	146.33	1667	0.11102
770	486	29.388	-120.	135.79	1726	0.10549
770	479	29.242	-120.	133.19	1726	0.10513
770	460	27.061	-120.	136.97	1726	0.10573
771	486	29.388	-120.	135.79	1726	0.10549
771	460	27.061	-120.	136.97	1726	0.10573
771	476	28.693	-120.	137.9	1726	0.10593
772	486	29.388	-120.	135.79	1726	0.10549
772	476	28.693	-120.	137.9	1726	0.10593
772	492	29.517	-120.	137.53	1726	0.10584
773	486	29.388	-120.	135.79	1726	0.10549
773	492	29.517	-120.	137.53	1726	0.10584
773	512	30.952	-120.	135.04	1726	0.10537
774	486	29.388	-120.	135.79	1726	0.10549
774	512	30.952	-120.	135.04	1726	0.10537
774	509	30.864	-120.	134.14	1726	0.10524
775	486	29.388	-120.	135.79	1726	0.10549
775	509	30.864	-120.	134.14	1726	0.10524
775	479	29.242	-120.	133.19	1726	0.10513
776	513	31.043	-120.	136.75	1726	0.10567
776	550	33.344	-120.	135.59	1726	0.10547
776	514	31.189	-120.	139.32	1726	0.10629
777	513	31.043	-120.	136.75	1726	0.10567
777	514	31.189	-120.	139.32	1726	0.10629
777	493	29.543	-120.	138.38	1726	0.10604
778	513	31.043	-120.	136.75	1726	0.10567
778	493	29.543	-120.	138.38	1726	0.10604
778	492	29.517	-120.	137.53	1726	0.10584
779	513	31.043	-120.	136.75	1726	0.10567
779	492	29.517	-120.	137.53	1726	0.10584
779	512	30.952	-120.	135.04	1726	0.10537
780	513	31.043	-120.	136.75	1726	0.10567
780	512	30.952	-120.	135.04	1726	0.10537
780	521	31.71	-120.	134.63	1726	0.10531
781	513	31.043	-120.	136.75	1726	0.10567
781	521	31.71	-120.	134.63	1726	0.10531
781	550	33.344	-120.	135.59	1726	0.10547
782	492	29.517	-120.	137.53	1726	0.10584
782	476	28.693	-120.	137.9	1726	0.10593
782	493	29.543	-120.	138.38	1726	0.10604
783	512	30.952	-120.	135.04	1726	0.10537
783	521	31.71	-120.	134.63	1726	0.10531
783	509	30.864	-120.	134.14	1726	0.10524
784	476	28.693	-120.	137.9	1744	0.10593
784	458	26.876	-120.	140.1	1744	0.10653
784	460	27.061	-120.	136.97	1744	0.10573
785	473	28.593	-120.	142.76	1744	0.10738
785	452	26.586	-120.	144.91	1744	0.10822
785	454	26.788	-120.	141.73	1744	0.10704
786	469	28.326	-120.	140.43	1744	0.10662
786	473	28.593	-120.	142.76	1744	0.10738
786	454	26.788	-120.	141.73	1744	0.10704
787	469	28.326	-120.	140.43	1744	0.10662
787	454	26.788	-120.	141.73	1744	0.10704
787	458	26.876	-120.	140.1	1744	0.10653
788	469	28.326	-120.	140.43	1744	0.10662
788	458	26.876	-120.	140.1	1744	0.10653
788	476	28.693	-120.	137.9	1744	0.10593
789	469	28.326	-120.	140.43	1744	0.10662
789	476	28.693	-120.	137.9	1744	0.10593
789	493	29.543	-120.	138.38	1744	0.10604
790	469	28.326	-120.	140.43	1744	0.10662
790	493	29.543	-120.	138.38	1744	0.10604
790	488	29.463	-120.	141.7	1744	0.10701
791	469	28.326	-120.	140.43	1744	0.10662
791	488	29.463	-120.	141.7	1744	0.10701
791	473	28.593	-120.	142.76	1744	0.10738
792	514	31.189	-120.	139.32	1744	0.10629
792	488	29.463	-120.	141.7	1744	0.10701
792	493	29.543	-120.	138.38	1744	0.10604
793	390	18.671	-120.	94.527	1810	0.11698
793	388	18.369	-120.	95.895	1810	0.11664
793	373	16.06	-120.	94.294	1810	0.11713
794	390	18.671	-120.	94.527	1810	0.11698
794	373	16.06	-120.	94.294	1810	0.11713
794	377	16.533	-120.	93.457	1810	0.11727
795	390	18.671	-120.	94.527	1810	0.11698
795	377	16.533	-120.	93.457	1810	0.11727
795	397	19.897	-120.	93.386	1810	0.11724
796	390	18.671	-120.	94.527	1810	0.11698
796	397	19.897	-120.	93.386	1810	0.11724
796	409	21.067	-120.	94.197	1810	0.11702
797	390	18.671	-120.	94.527	1810	0.11698
797	409	21.067	-120.	94.197	1810	0.11702
797	401	20.101	-120.	95.931	1810	0.11655
798	390	18.671	-120.	94.527	1810	0.11698
798	401	20.101	-120.	95.931	1810	0.11655
798	388	18.369	-120.	95.895	1810	0.11664
799	397	19.897	-120.	93.386	1810	0.11724
799	377	16.533	-120.	93.457	1810	0.11727
799	381	17.43	-120.	91.87	1810	0.11754
800	388	18.369	-120.	95.895	1810	0.11664
800	365	15.169	-120.	95.872	1810	0.11685
800	373	16.06	-120.	94.294	1810	0.11713
801	401	20.101	-120.	95.931	1810	0.11655
801	409	21.067	-120.	94.197	1810	0.11702
801	431	23.352	-120.	95.976	1810	0.11647
802	406	20.74	-120.	93.354	1811	0.11724
802	398	19.897	-120.	93.386	1811	0.11724
802	410	21.067	-120.	94.197	1811	0.11702
803	400	20.015	-120.	91.744	1811	0.11759
803	392	18.881	-120.	89.348	1811	0.11793
803	381	17.43	-120.	91.87	1811	0.11754
804	400	20.015	-120.	91.744	1811	0.11759
804	381	17.43	-120.	91.87	1811	0.11754
804	398	19.897	-120.	93.386	1811	0.11724
805	400	20.015	-120.	91.744	1811	0.11759
805	398	19.897	-120.	93.386	1811	0.11724
805	406	20.74	-120.	93.354	1811	0.11724
806	400	20.015	-120.	91.744	1811	0.11759
806	406	20.74	-120.	93.354	1811	0.11724
806	416	21.743	-120.	91.638	1811	0.11764
807	400	20.015	-120.	91.744	1811	0.11759
807	416	21.743	-120.	91.638	1811	0.11764
807	412	21.398	-120.	90.871	1811	0.11779
808	400	20.015	-120.	91.744	1811	0.11759
808	412	21.398	-120.	90.871	1811	0.11779
808	392	18.881	-120.	89.348	1811	0.11793
809	421	22.376	-120.	93.382	1811	0.11724
809	441	24.832	-120.	93.474	1811	0.11726
809	431	23.352	-120.	95.976	1811	0.11647
810	421	22.376	-120.	93.382	1811	0.11724
810	431	23.352	-120.	95.976	1811	0.11647
810	410	21.067	-120.	94.197	1811	0.11702
811	421	22.376	-120.	93.382	1811	0.11724
811	410	21.067	-120.	94.197	1811	0.11702
811	406	20.74	-120.	93.354	1811	0.11724
812	421	22.376	-120.	93.382	1811	0.11724
812	406	20.74	-120.	93.354	1811	0.11724
812	416	21.743	-120.	91.638	1811	0.11764
813	421	22.376	-120.	93.382	1811	0.11724
813	416	21.743	-120.	91.638	1811	0.11764
813	426	22.522	-120.	91.651	1811	0.11766
814	421	22.376	-120.	93.382	1811	0.11724
814	426	22.522	-120.	91.651	1811	0.11766
814	441	24.832	-120.	93.474	1811	0.11726
815	416	21.743	-120.	91.638	1811	0.11764
815	426	22.522	-120.	91.651	1811	0.11766
815	412	21.398	-120.	90.871	1811	0.11779
