小面	点	X坐标 (mm)	Y坐标 (mm)	Z坐标 (mm)	单元数	定向变形 (mm)
0	135	-5.0197	-90.002	146.51	580	9.8309e-002
0	129	-7.53	-90.002	149.49	580	9.8889e-002
0	149	-2.2115	-90.002	150.32	580	0.1068
1	55	-22.885	-90.002	100.04	647	1.3184e-002
1	63	-21.217	-90.002	102.2	647	1.8346e-002
1	37	-25.28	-90.002	103.92	647	1.4254e-002
1	39	-25.257	-90.002	101.82	647	1.1724e-002
2	21	-27.703	-90.002	101.55	647	7.6733e-003
2	44	-24.757	-90.002	97.566	647	7.3418e-003
2	55	-22.885	-90.002	100.04	647	1.3184e-002
2	39	-25.257	-90.002	101.82	647	1.1724e-002
3	37	-25.28	-90.002	103.92	647	1.4254e-002
3	10	-30.011	-90.002	105.94	647	9.6175e-003
3	21	-27.703	-90.002	101.55	647	7.6733e-003
3	39	-25.257	-90.002	101.82	647	1.1724e-002
4	32	-26.312	-90.002	123.11	656	3.7556e-002
4	14	-29.112	-90.002	125.85	656	3.7068e-002
4	8	-30.546	-90.002	123.5	656	3.1735e-002
4	12	-29.622	-90.002	120.92	656	2.9662e-002
5	4	-31.893	-90.002	128.58	656	3.6577e-002
5	14	-29.112	-90.002	125.85	656	3.7068e-002
5	8	-30.546	-90.002	123.5	656	3.1735e-002
5	2	-32.767	-90.002	123.7	656	2.8677e-002
6	2	-32.767	-90.002	123.7	656	2.8677e-002
6	0	-32.887	-90.002	118.75	656	2.1884e-002
6	12	-29.622	-90.002	120.92	656	2.9662e-002
6	8	-30.546	-90.002	123.5	656	3.1735e-002
7	165	2.7109	-90.002	153.59	662	0.1172
7	169	3.6719	-90.002	154.9	662	0.1201
7	163	2.0246	-90.002	154.99	662	0.11816
8	48	-23.809	-90.002	110.63	699	2.4787e-002
8	18	-27.981	-90.002	114.05	699	2.3009e-002
8	23	-27.343	-90.002	116.6	699	2.7296e-002
8	40	-25.213	-90.002	116.27	699	3.0038e-002
9	5	-31.752	-90.002	117.17	699	2.1478e-002
9	18	-27.981	-90.002	114.05	699	2.3009e-002
9	23	-27.343	-90.002	116.6	699	2.7296e-002
9	17	-28.584	-90.002	119.37	699	2.9127e-002
10	36	-25.373	-90.002	121.58	699	3.6896e-002
10	40	-25.213	-90.002	116.27	699	3.0038e-002
10	23	-27.343	-90.002	116.6	699	2.7296e-002
10	17	-28.584	-90.002	119.37	699	2.9127e-002
11	310	35.46	-90.002	116.52	839	0.1148
11	314	36.682	-90.002	115.48	839	0.11534
11	315	36.909	-90.002	117.12	839	0.11733
12	129	-7.53	-90.002	149.49	876	9.8889e-002
12	135	-5.0197	-90.002	146.51	876	9.8309e-002
12	130	-6.6575	-90.002	146.08	876	9.5644e-002
13	66	-21.126	-90.002	134.77	880	6.1011e-002
13	59	-22.444	-90.002	134.49	880	5.8694e-002
13	60	-22.067	-90.002	133.15	880	5.7481e-002
14	196	12.174	-90.002	92.983	911	5.8516e-002
14	191	10.051	-90.002	89.339	911	5.13e-002
14	189	9.2434	-90.002	90.571	911	5.1545e-002
14	194	11.136	-90.002	94.105	911	5.8319e-002
15	185	7.8012	-90.002	85.484	911	4.3521e-002
15	191	10.051	-90.002	89.339	911	5.13e-002
15	189	9.2434	-90.002	90.571	911	5.1545e-002
15	180	7.202	-90.002	86.783	911	4.414e-002
16	96	-14.944	-90.002	91.296	917	1.5193e-002
16	94	-16.021	-90.002	90.083	917	1.2069e-002
16	101	-14.615	-90.002	89.219	917	1.3262e-002
17	159	0.73719	-90.002	90.924	937	3.9311e-002
17	168	3.3289	-90.002	88.209	937	4.0014e-002
17	170	4.8072	-90.002	89.82	937	4.4134e-002
17	164	2.6704	-90.002	92.534	937	4.4146e-002
18	173	6.1614	-90.002	85.302	937	4.0856e-002
18	168	3.3289	-90.002	88.209	937	4.0014e-002
18	170	4.8072	-90.002	89.82	937	4.4134e-002
18	180	7.202	-90.002	86.783	937	4.414e-002
19	173	6.1614	-90.002	85.302	969	4.0856e-002
19	185	7.8012	-90.002	85.484	969	4.3521e-002
19	180	7.202	-90.002	86.783	969	4.414e-002
20	255	26.603	-90.002	95.154	990	8.0958e-002
20	266	27.785	-90.002	96.305	990	8.3777e-002
20	252	25.972	-90.002	96.176	990	8.115e-002
21	251	25.873	-90.002	133.71	1005	0.1213
21	254	26.449	-90.002	134.72	1005	0.12321
21	249	25.239	-90.002	134.65	1005	0.1216
22	97	-14.844	-90.002	142.26	1039	7.9779e-002
22	100	-14.667	-90.002	141.83	1039	7.9482e-002
22	104	-14.262	-90.002	142.14	1039	8.0439e-002
23	60	-22.067	-90.002	133.15	1042	5.7481e-002
23	30	-26.321	-90.002	130.95	1042	4.8138e-002
23	34	-26.16	-90.002	128.54	1042	4.5134e-002
23	46	-24.131	-90.002	128.47	1042	4.8084e-002
24	9	-30.45	-90.002	128.78	1042	3.9008e-002
24	30	-26.321	-90.002	130.95	1042	4.8138e-002
24	34	-26.16	-90.002	128.54	1042	4.5134e-002
24	20	-27.847	-90.002	126.17	1042	3.939e-002
25	41	-25.207	-90.002	123.54	1042	3.9789e-002
25	46	-24.131	-90.002	128.47	1042	4.8084e-002
25	34	-26.16	-90.002	128.54	1042	4.5134e-002
25	20	-27.847	-90.002	126.17	1042	3.939e-002
26	45	-24.224	-90.002	110.6	1054	2.4143e-002
26	22	-27.554	-90.002	108.97	1054	1.7119e-002
26	13	-29.544	-90.002	111.72	1054	1.7671e-002
26	15	-28.737	-90.002	114.01	1054	2.183e-002
27	7	-30.589	-90.002	107.48	1054	1.0689e-002
27	22	-27.554	-90.002	108.97	1054	1.7119e-002
27	13	-29.544	-90.002	111.72	1054	1.7671e-002
27	3	-32.083	-90.002	112.2	1054	1.4492e-002
28	1	-32.842	-90.002	117.1	1054	1.9773e-002
28	15	-28.737	-90.002	114.01	1054	2.183e-002
28	13	-29.544	-90.002	111.72	1054	1.7671e-002
28	3	-32.083	-90.002	112.2	1054	1.4492e-002
29	130	-6.6575	-90.002	146.08	1057	9.5644e-002
29	129	-7.53	-90.002	149.49	1057	9.8889e-002
29	117	-10.195	-90.002	146.17	1057	9.1104e-002
29	116	-10.495	-90.002	144.48	1057	8.854e-002
30	110	-12.092	-90.002	143.49	1057	8.512e-002
30	117	-10.195	-90.002	146.17	1057	9.1104e-002
30	116	-10.495	-90.002	144.48	1057	8.854e-002
31	28	-26.974	-90.002	132.31	1072	4.8987e-002
31	59	-22.444	-90.002	134.49	1072	5.8694e-002
31	43	-24.88	-90.002	136.84	1072	5.8178e-002
31	25	-27.225	-90.002	134.67	1072	5.1773e-002
32	11	-29.679	-90.002	134.8	1072	4.8283e-002
32	6	-31.401	-90.002	130.16	1072	3.9448e-002
32	28	-26.974	-90.002	132.31	1072	4.8987e-002
32	25	-27.225	-90.002	134.67	1072	5.1773e-002
33	43	-24.88	-90.002	136.84	1072	5.8178e-002
33	24	-27.268	-90.002	139.13	1072	5.7684e-002
33	11	-29.679	-90.002	134.8	1072	4.8283e-002
33	25	-27.225	-90.002	134.67	1072	5.1773e-002
34	201	13.107	-90.002	149.08	1102	0.12421
34	209	14.791	-90.002	144.3	1102	0.12023
34	199	12.662	-90.002	145.36	1102	0.11893
35	299	32.942	-90.002	112.85	1127	0.10765
35	274	29.405	-90.002	110.41	1127	0.1004
35	291	31.665	-90.002	108.26	1127	0.10124
35	302	33.464	-90.002	110.57	1127	0.106
36	311	35.749	-90.002	110.62	1127	0.10911
36	314	36.682	-90.002	115.48	1127	0.11534
36	299	32.942	-90.002	112.85	1127	0.10765
36	302	33.464	-90.002	110.57	1127	0.106
37	291	31.665	-90.002	108.26	1127	0.10124
37	306	34.084	-90.002	105.95	1127	0.10215
37	311	35.749	-90.002	110.62	1127	0.10911
37	302	33.464	-90.002	110.57	1127	0.106
38	269	28.361	-90.002	112.15	1129	0.10079
38	292	31.755	-90.002	114.24	1129	0.10751
38	300	32.942	-90.002	112.85	1129	0.10765
38	274	29.405	-90.002	110.41	1129	0.1004
39	310	35.46	-90.002	116.52	1129	0.1148
39	292	31.755	-90.002	114.24	1129	0.10751
39	300	32.942	-90.002	112.85	1129	0.10765
39	314	36.682	-90.002	115.48	1129	0.11534
40	249	25.239	-90.002	134.65	1134	0.1216
40	264	27.603	-90.002	136.82	1134	0.12712
40	246	24.829	-90.002	138.5	1134	0.12563
40	236	22.51	-90.002	138.35	1134	0.12256
41	279	29.932	-90.002	138.96	1134	0.13255
41	264	27.603	-90.002	136.82	1134	0.12712
41	246	24.829	-90.002	138.5	1134	0.12563
41	243	24.443	-90.002	140.12	1134	0.1271
42	243	24.443	-90.002	140.12	1134	0.1271
42	224	19.581	-90.002	141.16	1134	0.1223
42	236	22.51	-90.002	138.35	1134	0.12256
42	246	24.829	-90.002	138.5	1134	0.12563
43	134	-5.3286	-90.002	85.842	1172	2.3866e-002
43	144	-3.7187	-90.002	85.481	1172	2.5947e-002
43	141	-4.2919	-90.002	87.196	1172	2.7094e-002
44	113	-11.58	-90.002	96.147	1173	2.6222e-002
44	102	-14.602	-90.002	98.106	1173	2.3759e-002
44	105	-14.113	-90.002	95.271	1173	2.1191e-002
44	108	-13.159	-90.002	93.87	1173	2.1048e-002
45	88	-17.169	-90.002	100.34	1173	2.2367e-002
45	99	-14.726	-90.002	98.203	1173	2.3678e-002
45	95	-15.545	-90.002	96.249	1173	2.0086e-002
45	93	-16.178	-90.002	96.318	1173	1.9172e-002
46	99	-14.726	-90.002	98.203	1173	2.3678e-002
46	102	-14.602	-90.002	98.106	1173	2.3759e-002
46	105	-14.113	-90.002	95.271	1173	2.1191e-002
46	95	-15.545	-90.002	96.249	1173	2.0086e-002
47	98	-14.788	-90.002	94.601	1173	1.9336e-002
47	95	-15.545	-90.002	96.249	1173	2.0086e-002
47	93	-16.178	-90.002	96.318	1173	1.9172e-002
48	98	-14.788	-90.002	94.601	1173	1.9336e-002
48	93	-16.178	-90.002	96.318	1173	1.9172e-002
48	96	-14.944	-90.002	91.296	1173	1.5193e-002
49	98	-14.788	-90.002	94.601	1173	1.9336e-002
49	96	-14.944	-90.002	91.296	1173	1.5193e-002
49	108	-13.159	-90.002	93.87	1173	2.1048e-002
50	98	-14.788	-90.002	94.601	1173	1.9336e-002
50	108	-13.159	-90.002	93.87	1173	2.1048e-002
50	105	-14.113	-90.002	95.271	1173	2.1191e-002
51	98	-14.788	-90.002	94.601	1173	1.9336e-002
51	105	-14.113	-90.002	95.271	1173	2.1191e-002
51	95	-15.545	-90.002	96.249	1173	2.0086e-002
52	45	-24.224	-90.002	110.6	1184	2.4143e-002
52	16	-28.737	-90.002	114.01	1184	2.183e-002
52	18	-27.981	-90.002	114.05	1184	2.3009e-002
52	48	-23.809	-90.002	110.63	1184	2.4787e-002
53	1	-32.842	-90.002	117.1	1184	1.9773e-002
53	16	-28.737	-90.002	114.01	1184	2.183e-002
53	18	-27.981	-90.002	114.05	1184	2.3009e-002
53	5	-31.752	-90.002	117.17	1184	2.1478e-002
54	9	-30.45	-90.002	128.78	1185	3.9008e-002
54	6	-31.401	-90.002	130.16	1185	3.9448e-002
54	4	-31.893	-90.002	128.58	1185	3.6577e-002
55	155	-4.9186e-002	-90.002	147.42	1212	0.1058
55	156	8.971e-002	-90.002	147.72	1212	0.10636
55	157	0.31472	-90.002	147.43	1212	0.10627
56	165	2.7109	-90.002	153.59	1212	0.1172
56	166	3.0035	-90.002	150.3	1212	0.11331
56	158	0.52758	-90.002	149.32	1212	0.10896
56	151	-1.8452	-90.002	150.57	1212	0.10759
57	162	1.4381	-90.002	148.45	1212	0.10898
57	157	0.31472	-90.002	147.43	1212	0.10627
57	167	3.2552	-90.002	147.47	1212	0.10999
58	162	1.4381	-90.002	148.45	1212	0.10898
58	167	3.2552	-90.002	147.47	1212	0.10999
58	166	3.0035	-90.002	150.3	1212	0.11331
59	162	1.4381	-90.002	148.45	1212	0.10898
59	166	3.0035	-90.002	150.3	1212	0.11331
59	158	0.52758	-90.002	149.32	1212	0.10896
60	162	1.4381	-90.002	148.45	1212	0.10898
60	158	0.52758	-90.002	149.32	1212	0.10896
60	156	8.971e-002	-90.002	147.72	1212	0.10636
61	162	1.4381	-90.002	148.45	1212	0.10898
61	156	8.971e-002	-90.002	147.72	1212	0.10636
61	157	0.31472	-90.002	147.43	1212	0.10627
62	152	-1.4181	-90.002	148.64	1212	0.10565
62	151	-1.8452	-90.002	150.57	1212	0.10759
62	149	-2.2115	-90.002	150.32	1212	0.1068
63	152	-1.4181	-90.002	148.64	1212	0.10565
63	149	-2.2115	-90.002	150.32	1212	0.1068
63	135	-5.0197	-90.002	146.51	1212	9.8309e-002
64	152	-1.4181	-90.002	148.64	1212	0.10565
64	135	-5.0197	-90.002	146.51	1212	9.8309e-002
64	155	-4.9186e-002	-90.002	147.42	1212	0.1058
65	152	-1.4181	-90.002	148.64	1212	0.10565
65	155	-4.9186e-002	-90.002	147.42	1212	0.1058
65	156	8.971e-002	-90.002	147.72	1212	0.10636
66	152	-1.4181	-90.002	148.64	1212	0.10565
66	156	8.971e-002	-90.002	147.72	1212	0.10636
66	158	0.52758	-90.002	149.32	1212	0.10896
67	152	-1.4181	-90.002	148.64	1212	0.10565
67	158	0.52758	-90.002	149.32	1212	0.10896
67	151	-1.8452	-90.002	150.57	1212	0.10759
68	194	11.136	-90.002	94.105	1217	5.8319e-002
68	196	12.174	-90.002	92.983	1217	5.8516e-002
68	205	13.598	-90.002	95.081	1217	6.2872e-002
69	285	30.96	-90.002	121.77	1218	0.11445
69	305	33.832	-90.002	119.53	1218	0.11581
69	308	34.797	-90.002	121.96	1218	0.11967
69	304	33.548	-90.002	124.29	1218	0.12054
70	315	36.909	-90.002	117.12	1218	0.11733
70	305	33.832	-90.002	119.53	1218	0.11581
70	308	34.797	-90.002	121.96	1218	0.11967
70	316	36.967	-90.002	122.08	1218	0.12262
71	316	36.967	-90.002	122.08	1218	0.12262
71	313	36.271	-90.002	126.98	1218	0.127
71	304	33.548	-90.002	124.29	1218	0.12054
71	308	34.797	-90.002	121.96	1218	0.11967
72	273	29.3	-90.002	123.37	1222	0.11402
72	268	28.333	-90.002	128.03	1222	0.11796
72	281	30.387	-90.002	128.01	1222	0.12057
72	294	32.017	-90.002	125.63	1222	0.12003
73	253	26.333	-90.002	132.77	1222	0.1208
73	268	28.333	-90.002	128.03	1222	0.11796
73	281	30.387	-90.002	128.01	1222	0.12057
73	282	30.657	-90.002	130.42	1222	0.12362
74	309	34.938	-90.002	128.06	1222	0.12647
74	294	32.017	-90.002	125.63	1222	0.12003
74	281	30.387	-90.002	128.01	1222	0.12057
74	282	30.657	-90.002	130.42	1222	0.12362
75	285	30.96	-90.002	121.77	1224	0.11445
75	273	29.3	-90.002	123.37	1224	0.11402
75	275	29.473	-90.002	120.63	1224	0.11126
76	221	18.696	-90.002	89.227	1234	6.3588e-002
76	220	18.184	-90.002	90.246	1234	6.3982e-002
76	234	22.295	-90.002	92.927	1234	7.2642e-002
76	237	22.879	-90.002	91.89	1234	7.2351e-002
77	252	25.972	-90.002	96.176	1234	8.115e-002
77	234	22.295	-90.002	92.927	1234	7.2642e-002
77	237	22.879	-90.002	91.89	1234	7.2351e-002
77	255	26.603	-90.002	95.154	1234	8.0958e-002
78	9	-30.45	-90.002	128.78	1284	3.9008e-002
78	31	-26.321	-90.002	130.95	1284	4.8138e-002
78	29	-26.974	-90.002	132.31	1284	4.8987e-002
78	6	-31.401	-90.002	130.16	1284	3.9448e-002
79	60	-22.067	-90.002	133.15	1284	5.7481e-002
79	31	-26.321	-90.002	130.95	1284	4.8138e-002
79	29	-26.974	-90.002	132.31	1284	4.8987e-002
79	59	-22.444	-90.002	134.49	1284	5.8694e-002
80	78	-18.99	-90.002	102.3	1291	2.1883e-002
80	62	-21.397	-90.002	105.6	1291	2.2188e-002
80	58	-22.737	-90.002	105.43	1291	1.9954e-002
80	63	-21.217	-90.002	102.2	1291	1.8346e-002
81	51	-23.605	-90.002	110.09	1291	2.441e-002
81	62	-21.397	-90.002	105.6	1291	2.2188e-002
81	58	-22.737	-90.002	105.43	1291	1.9954e-002
81	47	-24.021	-90.002	109.98	1291	2.3653e-002
82	38	-25.28	-90.002	103.92	1292	1.4254e-002
82	63	-21.217	-90.002	102.2	1292	1.8346e-002
82	57	-22.737	-90.002	105.43	1292	1.9954e-002
82	42	-25.037	-90.002	105.63	1292	1.673e-002
83	27	-27.158	-90.002	107.86	1292	1.6315e-002
83	10	-30.011	-90.002	105.94	1292	9.6175e-003
83	38	-25.28	-90.002	103.92	1292	1.4254e-002
83	42	-25.037	-90.002	105.63	1292	1.673e-002
84	57	-22.737	-90.002	105.43	1292	1.9954e-002
84	47	-24.021	-90.002	109.98	1292	2.3653e-002
84	27	-27.158	-90.002	107.86	1292	1.6315e-002
84	42	-25.037	-90.002	105.63	1292	1.673e-002
85	45	-24.224	-90.002	110.6	1293	2.4143e-002
85	22	-27.554	-90.002	108.97	1293	1.7119e-002
85	26	-27.158	-90.002	107.86	1293	1.6315e-002
85	47	-24.021	-90.002	109.98	1293	2.3653e-002
86	7	-30.589	-90.002	107.48	1293	1.0689e-002
86	22	-27.554	-90.002	108.97	1293	1.7119e-002
86	26	-27.158	-90.002	107.86	1293	1.6315e-002
86	10	-30.011	-90.002	105.94	1293	9.6175e-003
87	4	-31.893	-90.002	128.58	1300	3.6577e-002
87	9	-30.45	-90.002	128.78	1300	3.9008e-002
87	19	-27.847	-90.002	126.17	1300	3.939e-002
87	14	-29.112	-90.002	125.85	1300	3.7068e-002
88	41	-25.207	-90.002	123.54	1300	3.9789e-002
88	19	-27.847	-90.002	126.17	1300	3.939e-002
88	14	-29.112	-90.002	125.85	1300	3.7068e-002
88	32	-26.312	-90.002	123.11	1300	3.7556e-002
89	259	27.185	-90.002	133.3	1342	0.1225
89	288	31.581	-90.002	130.94	1342	0.12539
89	293	31.93	-90.002	133.27	1342	0.12848
89	277	29.684	-90.002	135.52	1342	0.12823
90	312	35.955	-90.002	128.6	1342	0.12837
90	288	31.581	-90.002	130.94	1342	0.12539
90	293	31.93	-90.002	133.27	1342	0.12848
90	307	34.4	-90.002	133.31	1342	0.13165
91	307	34.4	-90.002	133.31	1342	0.13165
91	296	32.15	-90.002	137.72	1342	0.13388
91	277	29.684	-90.002	135.52	1342	0.12823
91	293	31.93	-90.002	133.27	1342	0.12848
92	151	-1.8452	-90.002	150.57	1369	0.10759
92	150	-1.9103	-90.002	150.65	1369	0.10761
92	149	-2.2115	-90.002	150.32	1369	0.1068
93	163	2.0246	-90.002	154.99	1369	0.11816
93	150	-1.9103	-90.002	150.65	1369	0.10761
93	151	-1.8452	-90.002	150.57	1369	0.10759
93	165	2.7109	-90.002	153.59	1369	0.1172
94	245	24.765	-90.002	146.54	1372	0.13531
94	241	23.521	-90.002	147.62	1372	0.13513
94	239	23.427	-90.002	146.17	1372	0.13322
95	224	19.581	-90.002	141.16	1415	0.1223
95	230	21.388	-90.002	143.52	1415	0.12742
95	242	24.223	-90.002	142.15	1415	0.12928
95	244	24.443	-90.002	140.12	1415	0.1271
96	239	23.427	-90.002	146.17	1415	0.13322
96	230	21.388	-90.002	143.52	1415	0.12742
96	242	24.223	-90.002	142.15	1415	0.12928
96	256	26.941	-90.002	142.8	1415	0.13343
97	279	29.932	-90.002	138.96	1415	0.13255
97	244	24.443	-90.002	140.12	1415	0.1271
97	242	24.223	-90.002	142.15	1415	0.12928
97	256	26.941	-90.002	142.8	1415	0.13343
98	32	-26.312	-90.002	123.11	1442	3.7556e-002
98	36	-25.373	-90.002	121.58	1442	3.6896e-002
98	41	-25.207	-90.002	123.54	1442	3.9789e-002
99	78	-18.99	-90.002	102.3	1453	2.1883e-002
99	64	-21.156	-90.002	100.07	1453	1.5872e-002
99	56	-22.885	-90.002	100.04	1453	1.3184e-002
99	63	-21.217	-90.002	102.2	1453	1.8346e-002
100	50	-23.617	-90.002	97.533	1453	9.0498e-003
100	64	-21.156	-90.002	100.07	1453	1.5872e-002
100	56	-22.885	-90.002	100.04	1453	1.3184e-002
100	44	-24.757	-90.002	97.566	1453	7.3418e-003
101	50	-23.617	-90.002	97.533	1459	9.0498e-003
101	44	-24.757	-90.002	97.566	1459	7.3418e-003
101	49	-23.708	-90.002	96.293	1459	7.4371e-003
102	50	-23.617	-90.002	97.533	1460	9.0498e-003
102	49	-23.708	-90.002	96.293	1460	7.4371e-003
102	61	-22.047	-90.002	96.947	1460	1.078e-002
103	78	-18.99	-90.002	102.3	1461	2.1883e-002
103	88	-17.169	-90.002	100.34	1461	2.2367e-002
103	76	-19.339	-90.002	98.832	1461	1.7212e-002
103	65	-21.156	-90.002	100.07	1461	1.5872e-002
104	50	-23.617	-90.002	97.533	1461	9.0498e-003
104	65	-21.156	-90.002	100.07	1461	1.5872e-002
104	76	-19.339	-90.002	98.832	1461	1.7212e-002
104	61	-22.047	-90.002	96.947	1461	1.078e-002
105	145	-3.2462	-90.002	91.92	1467	3.4354e-002
105	143	-4.0154	-90.002	91.185	1467	3.2278e-002
105	147	-2.3403	-90.002	90.107	1467	3.3601e-002
106	145	-3.2462	-90.002	91.92	1467	3.4354e-002
106	147	-2.3403	-90.002	90.107	1467	3.3601e-002
106	154	-0.62363	-90.002	92.674	1467	3.9318e-002
107	145	-3.2462	-90.002	91.92	1467	3.4354e-002
107	154	-0.62363	-90.002	92.674	1467	3.9318e-002
107	137	-4.6633	-90.002	93.328	1467	3.3819e-002
108	145	-3.2462	-90.002	91.92	1467	3.4354e-002
108	137	-4.6633	-90.002	93.328	1467	3.3819e-002
108	139	-4.5884	-90.002	92.305	1467	3.2716e-002
109	145	-3.2462	-90.002	91.92	1467	3.4354e-002
109	139	-4.5884	-90.002	92.305	1467	3.2716e-002
109	143	-4.0154	-90.002	91.185	1467	3.2278e-002
110	140	-4.4417	-90.002	90.216	1467	3.0457e-002
110	136	-5.0021	-90.002	91.436	1467	3.1033e-002
110	132	-6.5589	-90.002	91.154	1467	2.8248e-002
111	140	-4.4417	-90.002	90.216	1467	3.0457e-002
111	132	-6.5589	-90.002	91.154	1467	2.8248e-002
111	141	-4.2919	-90.002	87.196	1467	2.7094e-002
112	140	-4.4417	-90.002	90.216	1467	3.0457e-002
112	141	-4.2919	-90.002	87.196	1467	2.7094e-002
112	147	-2.3403	-90.002	90.107	1467	3.3601e-002
113	140	-4.4417	-90.002	90.216	1467	3.0457e-002
113	147	-2.3403	-90.002	90.107	1467	3.3601e-002
113	143	-4.0154	-90.002	91.185	1467	3.2278e-002
114	140	-4.4417	-90.002	90.216	1467	3.0457e-002
114	143	-4.0154	-90.002	91.185	1467	3.2278e-002
114	136	-5.0021	-90.002	91.436	1467	3.1033e-002
115	133	-5.8744	-90.002	92.576	1467	3.102e-002
115	139	-4.5884	-90.002	92.305	1467	3.2716e-002
115	137	-4.6633	-90.002	93.328	1467	3.3819e-002
116	133	-5.8744	-90.002	92.576	1467	3.102e-002
116	137	-4.6633	-90.002	93.328	1467	3.3819e-002
116	125	-8.5594	-90.002	94.656	1467	2.9249e-002
117	133	-5.8744	-90.002	92.576	1467	3.102e-002
117	125	-8.5594	-90.002	94.656	1467	2.9249e-002
117	132	-6.5589	-90.002	91.154	1467	2.8248e-002
118	133	-5.8744	-90.002	92.576	1467	3.102e-002
118	132	-6.5589	-90.002	91.154	1467	2.8248e-002
118	136	-5.0021	-90.002	91.436	1467	3.1033e-002
119	133	-5.8744	-90.002	92.576	1467	3.102e-002
119	136	-5.0021	-90.002	91.436	1467	3.1033e-002
119	139	-4.5884	-90.002	92.305	1467	3.2716e-002
120	139	-4.5884	-90.002	92.305	1467	3.2716e-002
120	136	-5.0021	-90.002	91.436	1467	3.1033e-002
120	143	-4.0154	-90.002	91.185	1467	3.2278e-002
121	101	-14.615	-90.002	89.219	1472	1.3262e-002
121	109	-12.869	-90.002	90.243	1472	1.7227e-002
121	122	-8.6841	-90.002	88.427	1472	2.1669e-002
121	119	-10.098	-90.002	87.174	1472	1.7965e-002
122	141	-4.2919	-90.002	87.196	1472	2.7094e-002
122	122	-8.6841	-90.002	88.427	1472	2.1669e-002
122	119	-10.098	-90.002	87.174	1472	1.7965e-002
122	134	-5.3286	-90.002	85.842	1472	2.3866e-002
123	159	0.73719	-90.002	90.924	1483	3.9311e-002
123	153	-1.3916	-90.002	88.322	1483	3.2938e-002
123	160	1.0489	-90.002	87.174	1483	3.5321e-002
123	168	3.3289	-90.002	88.209	1483	4.0014e-002
124	144	-3.7187	-90.002	85.481	1483	2.5947e-002
124	153	-1.3916	-90.002	88.322	1483	3.2938e-002
124	160	1.0489	-90.002	87.174	1483	3.5321e-002
124	161	1.2176	-90.002	85.013	1483	3.3023e-002
125	161	1.2176	-90.002	85.013	1483	3.3023e-002
125	173	6.1614	-90.002	85.302	1483	4.0856e-002
125	168	3.3289	-90.002	88.209	1483	4.0014e-002
125	160	1.0489	-90.002	87.174	1483	3.5321e-002
126	159	0.73719	-90.002	90.924	1484	3.9311e-002
126	153	-1.3916	-90.002	88.322	1484	3.2938e-002
126	148	-2.3403	-90.002	90.107	1484	3.3602e-002
126	154	-0.62363	-90.002	92.674	1484	3.9318e-002
127	144	-3.7187	-90.002	85.481	1484	2.5947e-002
127	153	-1.3916	-90.002	88.322	1484	3.2938e-002
127	148	-2.3403	-90.002	90.107	1484	3.3602e-002
127	141	-4.2919	-90.002	87.196	1484	2.7094e-002
128	188	9.2434	-90.002	90.571	1485	5.1545e-002
128	194	11.136	-90.002	94.105	1485	5.8319e-002
128	178	6.8885	-90.002	92.933	1485	5.0851e-002
128	179	6.9717	-90.002	91.088	1485	4.8825e-002
129	171	4.8072	-90.002	89.82	1485	4.4134e-002
129	180	7.202	-90.002	86.783	1485	4.414e-002
129	188	9.2434	-90.002	90.571	1485	5.1545e-002
129	179	6.9717	-90.002	91.088	1485	4.8825e-002
130	178	6.8885	-90.002	92.933	1485	5.0851e-002
130	164	2.6704	-90.002	92.534	1485	4.4146e-002
130	171	4.8072	-90.002	89.82	1485	4.4134e-002
130	179	6.9717	-90.002	91.088	1485	4.8825e-002
131	259	27.185	-90.002	133.3	1511	0.1225
131	254	26.449	-90.002	134.72	1511	0.12321
131	271	28.894	-90.002	136.94	1511	0.12889
131	276	29.684	-90.002	135.52	1511	0.12823
132	296	32.15	-90.002	137.72	1511	0.13388
132	276	29.684	-90.002	135.52	1511	0.12823
132	271	28.894	-90.002	136.94	1511	0.12889
132	287	31.325	-90.002	139.15	1511	0.13452
133	96	-14.944	-90.002	91.296	1536	1.5193e-002
133	94	-16.021	-90.002	90.083	1536	1.2069e-002
133	73	-20.1	-90.002	92.891	1536	8.9946e-003
133	79	-18.687	-90.002	93.88	1536	1.2367e-002
134	49	-23.708	-90.002	96.293	1536	7.4371e-003
134	61	-22.047	-90.002	96.947	1536	1.078e-002
134	79	-18.687	-90.002	93.88	1536	1.2367e-002
134	73	-20.1	-90.002	92.891	1536	8.9946e-003
135	238	23.04	-90.002	102.31	1553	8.3481e-002
135	262	27.514	-90.002	103.88	1553	9.1168e-002
135	265	27.642	-90.002	105.76	1553	9.3256e-002
135	250	25.563	-90.002	105.77	1553	9.045e-002
136	298	32.404	-90.002	105.6	1553	9.9532e-002
136	262	27.514	-90.002	103.88	1553	9.1168e-002
136	265	27.642	-90.002	105.76	1553	9.3256e-002
136	278	29.825	-90.002	107.7	1553	9.8185e-002
137	278	29.825	-90.002	107.7	1553	9.8185e-002
137	260	27.455	-90.002	109.62	1553	9.6959e-002
137	250	25.563	-90.002	105.77	1553	9.045e-002
137	265	27.642	-90.002	105.76	1553	9.3256e-002
138	254	26.449	-90.002	134.72	1560	0.12321
138	249	25.239	-90.002	134.65	1560	0.1216
138	264	27.603	-90.002	136.82	1560	0.12712
138	270	28.894	-90.002	136.94	1560	0.12889
139	287	31.325	-90.002	139.15	1560	0.13452
139	270	28.894	-90.002	136.94	1560	0.12889
139	264	27.603	-90.002	136.82	1560	0.12712
139	279	29.932	-90.002	138.96	1560	0.13255
140	298	32.404	-90.002	105.6	1562	9.9532e-002
140	301	33.339	-90.002	104.48	1562	9.9656e-002
140	284	30.877	-90.002	100.18	1562	9.1966e-002
140	280	30.058	-90.002	101.5	1562	9.2195e-002
141	266	27.785	-90.002	96.305	1562	8.3777e-002
141	258	27.158	-90.002	97.759	1562	8.4415e-002
141	280	30.058	-90.002	101.5	1562	9.2195e-002
141	284	30.877	-90.002	100.18	1562	9.1966e-002
142	196	12.174	-90.002	92.983	1563	5.8516e-002
142	207	14.625	-90.002	90.794	1563	5.9543e-002
142	197	12.444	-90.002	88.909	1563	5.4282e-002
142	192	10.051	-90.002	89.339	1563	5.13e-002
143	215	17.204	-90.002	88.523	1563	6.0685e-002
143	207	14.625	-90.002	90.794	1563	5.9543e-002
143	197	12.444	-90.002	88.909	1563	5.4282e-002
143	198	12.622	-90.002	86.644	1563	5.1964e-002
144	185	7.8012	-90.002	85.484	1563	4.3521e-002
144	192	10.051	-90.002	89.339	1563	5.13e-002
144	197	12.444	-90.002	88.909	1563	5.4282e-002
144	198	12.622	-90.002	86.644	1563	5.1964e-002
145	228	21.146	-90.002	100.29	1564	7.8835e-002
145	218	17.642	-90.002	97.36	1564	7.0947e-002
145	219	17.763	-90.002	95.17	1564	6.8754e-002
145	226	19.724	-90.002	95.456	1564	7.1777e-002
146	205	13.598	-90.002	95.081	1564	6.2872e-002
146	218	17.642	-90.002	97.36	1564	7.0947e-002
146	219	17.763	-90.002	95.17	1564	6.8754e-002
146	212	15.823	-90.002	92.734	1564	6.3395e-002
147	212	15.823	-90.002	92.734	1564	6.3395e-002
147	220	18.184	-90.002	90.246	1564	6.3982e-002
147	226	19.724	-90.002	95.456	1564	7.1777e-002
147	219	17.763	-90.002	95.17	1564	6.8754e-002
148	228	21.146	-90.002	100.29	1570	7.8835e-002
148	240	23.471	-90.002	98.309	1570	7.9935e-002
148	233	21.844	-90.002	95.571	1570	7.4828e-002
148	227	19.724	-90.002	95.456	1570	7.1777e-002
149	252	25.972	-90.002	96.176	1570	8.115e-002
149	240	23.471	-90.002	98.309	1570	7.9935e-002
149	233	21.844	-90.002	95.571	1570	7.4828e-002
149	235	22.295	-90.002	92.927	1570	7.2642e-002
150	220	18.184	-90.002	90.246	1570	6.3982e-002
150	227	19.724	-90.002	95.456	1570	7.1777e-002
150	233	21.844	-90.002	95.571	1570	7.4828e-002
150	235	22.295	-90.002	92.927	1570	7.2642e-002
151	285	30.96	-90.002	121.77	1576	0.11445
151	273	29.3	-90.002	123.37	1576	0.11402
151	295	32.017	-90.002	125.63	1576	0.12003
151	303	33.548	-90.002	124.29	1576	0.12054
152	313	36.271	-90.002	126.98	1576	0.127
152	303	33.548	-90.002	124.29	1576	0.12054
152	295	32.017	-90.002	125.63	1576	0.12003
152	309	34.938	-90.002	128.06	1576	0.12647
153	201	13.107	-90.002	149.08	1603	0.12421
153	203	13.174	-90.002	149.2	1603	0.12445
153	202	13.118	-90.002	149.23	1603	0.12441
154	210	14.916	-90.002	152.48	1603	0.13076
154	203	13.174	-90.002	149.2	1603	0.12445
154	202	13.118	-90.002	149.23	1603	0.12441
154	204	13.388	-90.002	153.1	1603	0.12969
155	298	32.404	-90.002	105.6	1607	9.9532e-002
155	301	33.339	-90.002	104.48	1607	9.9656e-002
155	306	34.084	-90.002	105.95	1607	0.10215
156	260	27.455	-90.002	109.62	1612	9.6959e-002
156	278	29.825	-90.002	107.7	1612	9.8185e-002
156	290	31.665	-90.002	108.26	1612	0.10124
156	274	29.405	-90.002	110.41	1612	0.1004
157	298	32.404	-90.002	105.6	1612	9.9532e-002
157	278	29.825	-90.002	107.7	1612	9.8185e-002
157	290	31.665	-90.002	108.26	1612	0.10124
157	306	34.084	-90.002	105.95	1612	0.10215
158	274	29.405	-90.002	110.41	1613	0.1004
158	269	28.361	-90.002	112.15	1613	0.10079
158	260	27.455	-90.002	109.62	1613	9.6959e-002
159	287	31.325	-90.002	139.15	1616	0.13452
159	279	29.932	-90.002	138.96	1616	0.13255
159	257	26.941	-90.002	142.8	1616	0.13343
159	267	28.326	-90.002	143.1	1616	0.1355
160	239	23.427	-90.002	146.17	1616	0.13322
160	257	26.941	-90.002	142.8	1616	0.13343
160	267	28.326	-90.002	143.1	1616	0.1355
160	245	24.765	-90.002	146.54	1616	0.13531
161	47	-24.021	-90.002	109.98	1683	2.3653e-002
161	48	-23.809	-90.002	110.63	1683	2.4787e-002
161	45	-24.224	-90.002	110.6	1683	2.4143e-002
162	51	-23.605	-90.002	110.09	1684	2.441e-002
162	48	-23.809	-90.002	110.63	1684	2.4787e-002
162	47	-24.021	-90.002	109.98	1684	2.3653e-002
163	33	-26.291	-90.002	140.46	1687	6.0914e-002
163	24	-27.268	-90.002	139.13	1687	5.7684e-002
163	35	-25.697	-90.002	139.38	1687	6.0346e-002
164	66	-21.126	-90.002	134.77	1688	6.1011e-002
164	52	-23.442	-90.002	137.1	1688	6.0665e-002
164	43	-24.88	-90.002	136.84	1688	5.8178e-002
164	59	-22.444	-90.002	134.49	1688	5.8694e-002
165	35	-25.697	-90.002	139.38	1688	6.0346e-002
165	52	-23.442	-90.002	137.1	1688	6.0665e-002
165	43	-24.88	-90.002	136.84	1688	5.8178e-002
165	24	-27.268	-90.002	139.13	1688	5.7684e-002
166	35	-25.697	-90.002	139.38	1689	6.0346e-002
166	53	-23.442	-90.002	137.1	1689	6.0665e-002
166	69	-20.826	-90.002	138.72	1689	6.6631e-002
166	71	-20.457	-90.002	140.55	1689	6.9565e-002
167	66	-21.126	-90.002	134.77	1689	6.1011e-002
167	53	-23.442	-90.002	137.1	1689	6.0665e-002
167	69	-20.826	-90.002	138.72	1689	6.6631e-002
167	81	-18.349	-90.002	138.46	1689	6.989e-002
168	100	-14.667	-90.002	141.83	1689	7.9482e-002
168	71	-20.457	-90.002	140.55	1689	6.9565e-002
168	69	-20.826	-90.002	138.72	1689	6.6631e-002
168	81	-18.349	-90.002	138.46	1689	6.989e-002
169	127	-7.6585	-90.002	149.75	1711	9.905e-002
169	129	-7.53	-90.002	149.49	1711	9.8889e-002
169	128	-7.5452	-90.002	149.78	1711	9.9237e-002
170	126	-7.7502	-90.002	153.54	1711	0.10383
170	128	-7.5452	-90.002	149.78	1711	9.9237e-002
170	127	-7.6585	-90.002	149.75	1711	9.905e-002
170	121	-9.3377	-90.002	153.1	1711	0.10116
171	138	-4.6543	-90.002	150.43	1712	0.10381
171	128	-7.5452	-90.002	149.78	1712	9.9237e-002
171	129	-7.53	-90.002	149.49	1712	9.8889e-002
172	138	-4.6543	-90.002	150.43	1712	0.10381
172	129	-7.53	-90.002	149.49	1712	9.8889e-002
172	149	-2.2115	-90.002	150.32	1712	0.1068
173	138	-4.6543	-90.002	150.43	1712	0.10381
173	149	-2.2115	-90.002	150.32	1712	0.1068
173	150	-1.9103	-90.002	150.65	1712	0.10761
174	138	-4.6543	-90.002	150.43	1712	0.10381
174	150	-1.9103	-90.002	150.65	1712	0.10761
174	142	-4.0746	-90.002	151.89	1712	0.10644
175	138	-4.6543	-90.002	150.43	1712	0.10381
175	142	-4.0746	-90.002	151.89	1712	0.10644
175	128	-7.5452	-90.002	149.78	1712	9.9237e-002
176	146	-2.9214	-90.002	154.64	1712	0.11147
176	126	-7.7502	-90.002	153.54	1712	0.10383
176	128	-7.5452	-90.002	149.78	1712	9.9237e-002
176	142	-4.0746	-90.002	151.89	1712	0.10644
177	150	-1.9103	-90.002	150.65	1712	0.10761
177	163	2.0246	-90.002	154.99	1712	0.11816
177	146	-2.9214	-90.002	154.64	1712	0.11147
177	142	-4.0746	-90.002	151.89	1712	0.10644
178	110	-12.092	-90.002	143.49	1748	8.512e-002
178	103	-14.269	-90.002	142.62	1748	8.1041e-002
178	104	-14.262	-90.002	142.14	1748	8.0439e-002
179	129	-7.53	-90.002	149.49	1749	9.8889e-002
179	127	-7.6585	-90.002	149.75	1749	9.905e-002
179	120	-10.012	-90.002	147.44	1749	9.2975e-002
179	118	-10.195	-90.002	146.17	1749	9.1104e-002
180	121	-9.3377	-90.002	153.1	1749	0.10116
180	127	-7.6585	-90.002	149.75	1749	9.905e-002
180	120	-10.012	-90.002	147.44	1749	9.2975e-002
180	111	-11.689	-90.002	148.1	1749	9.1585e-002
181	112	-11.651	-90.002	145.56	1749	8.8375e-002
181	103	-14.269	-90.002	142.62	1749	8.1041e-002
181	110	-12.092	-90.002	143.49	1749	8.512e-002
182	112	-11.651	-90.002	145.56	1749	8.8375e-002
182	110	-12.092	-90.002	143.49	1749	8.512e-002
182	118	-10.195	-90.002	146.17	1749	9.1104e-002
183	112	-11.651	-90.002	145.56	1749	8.8375e-002
183	118	-10.195	-90.002	146.17	1749	9.1104e-002
183	120	-10.012	-90.002	147.44	1749	9.2975e-002
184	112	-11.651	-90.002	145.56	1749	8.8375e-002
184	120	-10.012	-90.002	147.44	1749	9.2975e-002
184	111	-11.689	-90.002	148.1	1749	9.1585e-002
185	112	-11.651	-90.002	145.56	1749	8.8375e-002
185	111	-11.689	-90.002	148.1	1749	9.1585e-002
185	103	-14.269	-90.002	142.62	1749	8.1041e-002
186	91	-16.278	-90.002	145.72	1750	8.2232e-002
186	103	-14.269	-90.002	142.62	1750	8.1041e-002
186	111	-11.689	-90.002	148.1	1750	9.1585e-002
186	106	-13.977	-90.002	148.41	1750	8.8878e-002
187	107	-13.902	-90.002	151.16	1750	9.2539e-002
187	83	-18.112	-90.002	148.55	1750	8.3345e-002
187	91	-16.278	-90.002	145.72	1750	8.2232e-002
187	106	-13.977	-90.002	148.41	1750	8.8878e-002
188	111	-11.689	-90.002	148.1	1750	9.1585e-002
188	121	-9.3377	-90.002	153.1	1750	0.10116
188	107	-13.902	-90.002	151.16	1750	9.2539e-002
188	106	-13.977	-90.002	148.41	1750	8.8878e-002
189	193	10.965	-90.002	145.9	1760	0.11752
189	201	13.107	-90.002	149.08	1760	0.12421
189	199	12.662	-90.002	145.36	1760	0.11893
190	165	2.7109	-90.002	153.59	1762	0.1172
190	184	7.3848	-90.002	153.09	1762	0.12234
190	187	8.5958	-90.002	154.38	1762	0.12548
190	169	3.6719	-90.002	154.9	1762	0.1201
191	195	11.943	-90.002	151.95	1762	0.12645
191	184	7.3848	-90.002	153.09	1762	0.12234
191	187	8.5958	-90.002	154.38	1762	0.12548
191	204	13.388	-90.002	153.1	1762	0.12969
192	195	11.943	-90.002	151.95	1763	0.12645
192	204	13.388	-90.002	153.1	1763	0.12969
192	202	13.118	-90.002	149.23	1763	0.12441
192	200	13.063	-90.002	149.19	1763	0.1243
193	201	13.107	-90.002	149.08	1763	0.12421
193	202	13.118	-90.002	149.23	1763	0.12441
193	200	13.063	-90.002	149.19	1763	0.1243
194	259	27.185	-90.002	133.3	1769	0.1225
194	289	31.581	-90.002	130.94	1769	0.12539
194	283	30.657	-90.002	130.42	1769	0.12362
194	253	26.333	-90.002	132.77	1769	0.1208
195	312	35.955	-90.002	128.6	1769	0.12837
195	289	31.581	-90.002	130.94	1769	0.12539
195	283	30.657	-90.002	130.42	1769	0.12362
195	309	34.938	-90.002	128.06	1769	0.12647
196	313	36.271	-90.002	126.98	1770	0.127
196	312	35.955	-90.002	128.6	1770	0.12837
196	309	34.938	-90.002	128.06	1770	0.12647
197	159	0.73719	-90.002	90.924	1771	3.9311e-002
197	164	2.6704	-90.002	92.534	1771	4.4146e-002
197	154	-0.62363	-90.002	92.674	1771	3.9318e-002
198	224	19.581	-90.002	141.16	1775	0.1223
198	214	16.311	-90.002	143.48	1775	0.12109
198	213	16.267	-90.002	144.11	1775	0.12183
198	225	19.609	-90.002	143.36	1775	0.12504
199	213	16.267	-90.002	144.11	1775	0.12183
199	209	14.791	-90.002	144.3	1775	0.12023
199	214	16.311	-90.002	143.48	1775	0.12109
200	224	19.581	-90.002	141.16	1776	0.1223
200	229	21.388	-90.002	143.52	1776	0.12742
200	232	21.458	-90.002	145.37	1776	0.12981
200	225	19.609	-90.002	143.36	1776	0.12504
201	239	23.427	-90.002	146.17	1776	0.13322
201	229	21.388	-90.002	143.52	1776	0.12742
201	232	21.458	-90.002	145.37	1776	0.12981
201	241	23.521	-90.002	147.62	1776	0.13513
202	238	23.04	-90.002	102.31	1812	8.3481e-002
202	263	27.514	-90.002	103.88	1812	9.1168e-002
202	261	27.513	-90.002	101.82	1812	8.9067e-002
202	248	25.009	-90.002	100.13	1812	8.3919e-002
203	298	32.404	-90.002	105.6	1812	9.9532e-002
203	263	27.514	-90.002	103.88	1812	9.1168e-002
203	261	27.513	-90.002	101.82	1812	8.9067e-002
203	280	30.058	-90.002	101.5	1812	9.2195e-002
204	258	27.158	-90.002	97.759	1812	8.4415e-002
204	248	25.009	-90.002	100.13	1812	8.3919e-002
204	261	27.513	-90.002	101.82	1812	8.9067e-002
204	280	30.058	-90.002	101.5	1812	9.2195e-002
205	84	-17.717	-90.002	97.835	1816	1.8557e-002
205	77	-19.339	-90.002	98.832	1816	1.7212e-002
205	88	-17.169	-90.002	100.34	1816	2.2367e-002
206	84	-17.717	-90.002	97.835	1816	1.8557e-002
206	88	-17.169	-90.002	100.34	1816	2.2367e-002
206	92	-16.178	-90.002	96.318	1816	1.9172e-002
207	84	-17.717	-90.002	97.835	1816	1.8557e-002
207	92	-16.178	-90.002	96.318	1816	1.9172e-002
207	85	-17.373	-90.002	96.383	1816	1.7379e-002
208	84	-17.717	-90.002	97.835	1816	1.8557e-002
208	85	-17.373	-90.002	96.383	1816	1.7379e-002
208	80	-18.525	-90.002	97.299	1816	1.6665e-002
209	84	-17.717	-90.002	97.835	1816	1.8557e-002
209	80	-18.525	-90.002	97.299	1816	1.6665e-002
209	77	-19.339	-90.002	98.832	1816	1.7212e-002
210	80	-18.525	-90.002	97.299	1816	1.6665e-002
210	82	-18.139	-90.002	96.073	1816	1.5818e-002
210	85	-17.373	-90.002	96.383	1816	1.7379e-002
211	89	-17.064	-90.002	94.79	1816	1.5982e-002
211	79	-18.687	-90.002	93.88	1816	1.2367e-002
211	96	-14.944	-90.002	91.296	1816	1.5193e-002
212	89	-17.064	-90.002	94.79	1816	1.5982e-002
212	96	-14.944	-90.002	91.296	1816	1.5193e-002
212	92	-16.178	-90.002	96.318	1816	1.9172e-002
213	89	-17.064	-90.002	94.79	1816	1.5982e-002
213	92	-16.178	-90.002	96.318	1816	1.9172e-002
213	85	-17.373	-90.002	96.383	1816	1.7379e-002
214	89	-17.064	-90.002	94.79	1816	1.5982e-002
214	85	-17.373	-90.002	96.383	1816	1.7379e-002
214	82	-18.139	-90.002	96.073	1816	1.5818e-002
215	89	-17.064	-90.002	94.79	1816	1.5982e-002
215	82	-18.139	-90.002	96.073	1816	1.5818e-002
215	79	-18.687	-90.002	93.88	1816	1.2367e-002
216	75	-19.347	-90.002	96.606	1816	1.4565e-002
216	79	-18.687	-90.002	93.88	1816	1.2367e-002
216	61	-22.047	-90.002	96.947	1816	1.078e-002
217	75	-19.347	-90.002	96.606	1816	1.4565e-002
217	61	-22.047	-90.002	96.947	1816	1.078e-002
217	77	-19.339	-90.002	98.832	1816	1.7212e-002
218	75	-19.347	-90.002	96.606	1816	1.4565e-002
218	77	-19.339	-90.002	98.832	1816	1.7212e-002
218	80	-18.525	-90.002	97.299	1816	1.6665e-002
219	75	-19.347	-90.002	96.606	1816	1.4565e-002
219	80	-18.525	-90.002	97.299	1816	1.6665e-002
219	82	-18.139	-90.002	96.073	1816	1.5818e-002
220	75	-19.347	-90.002	96.606	1816	1.4565e-002
220	82	-18.139	-90.002	96.073	1816	1.5818e-002
220	79	-18.687	-90.002	93.88	1816	1.2367e-002
221	131	-6.5589	-90.002	91.154	1818	2.8248e-002
221	125	-8.5594	-90.002	94.656	1818	2.9249e-002
221	115	-10.582	-90.002	92.583	1818	2.3606e-002
221	124	-8.6146	-90.002	90.747	1818	2.4532e-002
222	123	-8.6841	-90.002	88.427	1818	2.1669e-002
222	141	-4.2919	-90.002	87.196	1818	2.7094e-002
222	131	-6.5589	-90.002	91.154	1818	2.8248e-002
222	124	-8.6146	-90.002	90.747	1818	2.4532e-002
223	115	-10.582	-90.002	92.583	1818	2.3606e-002
223	109	-12.869	-90.002	90.243	1818	1.7227e-002
223	123	-8.6841	-90.002	88.427	1818	2.1669e-002
223	124	-8.6146	-90.002	90.747	1818	2.4532e-002
224	272	29.288	-90.002	116.35	1898	0.10644
224	269	28.361	-90.002	112.15	1898	0.10079
224	292	31.755	-90.002	114.24	1898	0.10751
224	286	31.145	-90.002	116.41	1898	0.10897
225	297	32.337	-90.002	118.67	1898	0.11293
225	275	29.473	-90.002	120.63	1898	0.11126
225	272	29.288	-90.002	116.35	1898	0.10644
225	286	31.145	-90.002	116.41	1898	0.10897
226	292	31.755	-90.002	114.24	1898	0.10751
226	310	35.46	-90.002	116.52	1898	0.1148
226	297	32.337	-90.002	118.67	1898	0.11293
226	286	31.145	-90.002	116.41	1898	0.10897
227	285	30.96	-90.002	121.77	1899	0.11445
227	305	33.832	-90.002	119.53	1899	0.11581
227	297	32.337	-90.002	118.67	1899	0.11293
227	275	29.473	-90.002	120.63	1899	0.11126
228	315	36.909	-90.002	117.12	1899	0.11733
228	305	33.832	-90.002	119.53	1899	0.11581
228	297	32.337	-90.002	118.67	1899	0.11293
228	310	35.46	-90.002	116.52	1899	0.1148
229	113	-11.58	-90.002	96.147	2908	2.6222e-002
229	108	-13.159	-90.002	93.87	2908	2.1048e-002
229	114	-10.582	-90.002	92.583	2908	2.3606e-002
229	125	-8.5594	-90.002	94.656	2908	2.9249e-002
230	96	-14.944	-90.002	91.296	2908	1.5193e-002
230	108	-13.159	-90.002	93.87	2908	2.1048e-002
230	114	-10.582	-90.002	92.583	2908	2.3606e-002
230	109	-12.869	-90.002	90.243	2908	1.7227e-002
231	96	-14.944	-90.002	91.296	2909	1.5193e-002
231	101	-14.615	-90.002	89.219	2909	1.3262e-002
231	109	-12.869	-90.002	90.243	2909	1.7227e-002
232	0	-32.887	-90.002	118.75	2926	2.1884e-002
232	1	-32.842	-90.002	117.1	2926	1.9773e-002
232	5	-31.752	-90.002	117.17	2926	2.1478e-002
233	36	-25.373	-90.002	121.58	2927	3.6896e-002
233	17	-28.584	-90.002	119.37	2927	2.9127e-002
233	12	-29.622	-90.002	120.92	2927	2.9662e-002
233	32	-26.312	-90.002	123.11	2927	3.7556e-002
234	5	-31.752	-90.002	117.17	2927	2.1478e-002
234	17	-28.584	-90.002	119.37	2927	2.9127e-002
234	12	-29.622	-90.002	120.92	2927	2.9662e-002
234	0	-32.887	-90.002	118.75	2927	2.1884e-002
235	97	-14.844	-90.002	142.26	2943	7.9779e-002
235	67	-20.831	-90.002	141.32	2943	7.0026e-002
235	70	-20.492	-90.002	143.6	2943	7.3501e-002
235	86	-17.264	-90.002	145.06	2943	7.9996e-002
236	33	-26.291	-90.002	140.46	2943	6.0914e-002
236	67	-20.831	-90.002	141.32	2943	7.0026e-002
236	70	-20.492	-90.002	143.6	2943	7.3501e-002
236	54	-23.155	-90.002	144.3	2943	7.0574e-002
237	74	-19.468	-90.002	147.61	2943	8.0204e-002
237	86	-17.264	-90.002	145.06	2943	7.9996e-002
237	70	-20.492	-90.002	143.6	2943	7.3501e-002
237	54	-23.155	-90.002	144.3	2943	7.0574e-002
238	97	-14.844	-90.002	142.26	2944	7.9779e-002
238	100	-14.667	-90.002	141.83	2944	7.9482e-002
238	72	-20.457	-90.002	140.55	2944	6.9565e-002
238	68	-20.831	-90.002	141.32	2944	7.0026e-002
239	35	-25.697	-90.002	139.38	2944	6.0346e-002
239	72	-20.457	-90.002	140.55	2944	6.9565e-002
239	68	-20.831	-90.002	141.32	2944	7.0026e-002
239	33	-26.291	-90.002	140.46	2944	6.0914e-002
240	259	27.185	-90.002	133.3	2947	0.1225
240	254	26.449	-90.002	134.72	2947	0.12321
240	251	25.873	-90.002	133.71	2947	0.1213
241	251	25.873	-90.002	133.71	2948	0.1213
241	253	26.333	-90.002	132.77	2948	0.1208
241	259	27.185	-90.002	133.3	2948	0.1225
242	215	17.204	-90.002	88.523	2951	6.0685e-002
242	221	18.696	-90.002	89.227	2951	6.3588e-002
242	220	18.184	-90.002	90.246	2951	6.3982e-002
243	196	12.174	-90.002	92.983	2952	5.8516e-002
243	205	13.598	-90.002	95.081	2952	6.2872e-002
243	212	15.823	-90.002	92.734	2952	6.3395e-002
243	208	14.625	-90.002	90.794	2952	5.9543e-002
244	215	17.204	-90.002	88.523	2952	6.0685e-002
244	208	14.625	-90.002	90.794	2952	5.9543e-002
244	212	15.823	-90.002	92.734	2952	6.3395e-002
244	220	18.184	-90.002	90.246	2952	6.3982e-002
245	177	6.8003	-90.002	147.48	2953	0.11439
245	176	6.4059	-90.002	147.15	2953	0.11348
245	172	5.9208	-90.002	147.2	2953	0.11294
246	175	6.3378	-90.002	148.05	2953	0.11456
246	172	5.9208	-90.002	147.2	2953	0.11294
246	167	3.2552	-90.002	147.47	2953	0.10999
247	175	6.3378	-90.002	148.05	2953	0.11456
247	167	3.2552	-90.002	147.47	2953	0.10999
247	182	7.2706	-90.002	149.54	2953	0.11762
248	175	6.3378	-90.002	148.05	2953	0.11456
248	182	7.2706	-90.002	149.54	2953	0.11762
248	186	8.4421	-90.002	148.57	2953	0.11782
249	175	6.3378	-90.002	148.05	2953	0.11456
249	186	8.4421	-90.002	148.57	2953	0.11782
249	177	6.8003	-90.002	147.48	2953	0.11439
250	175	6.3378	-90.002	148.05	2953	0.11456
250	177	6.8003	-90.002	147.48	2953	0.11439
250	172	5.9208	-90.002	147.2	2953	0.11294
251	195	11.943	-90.002	151.95	2953	0.12645
251	182	7.2706	-90.002	149.54	2953	0.11762
251	186	8.4421	-90.002	148.57	2953	0.11782
251	200	13.063	-90.002	149.19	2953	0.1243
252	190	9.7973	-90.002	147.89	2953	0.11863
252	201	13.107	-90.002	149.08	2953	0.12421
252	193	10.965	-90.002	145.9	2953	0.11752
253	190	9.7973	-90.002	147.89	2953	0.11863
253	193	10.965	-90.002	145.9	2953	0.11752
253	176	6.4059	-90.002	147.15	2953	0.11348
254	190	9.7973	-90.002	147.89	2953	0.11863
254	176	6.4059	-90.002	147.15	2953	0.11348
254	177	6.8003	-90.002	147.48	2953	0.11439
255	190	9.7973	-90.002	147.89	2953	0.11863
255	177	6.8003	-90.002	147.48	2953	0.11439
255	186	8.4421	-90.002	148.57	2953	0.11782
256	190	9.7973	-90.002	147.89	2953	0.11863
256	186	8.4421	-90.002	148.57	2953	0.11782
256	200	13.063	-90.002	149.19	2953	0.1243
257	190	9.7973	-90.002	147.89	2953	0.11863
257	200	13.063	-90.002	149.19	2953	0.1243
257	201	13.107	-90.002	149.08	2953	0.12421
258	195	11.943	-90.002	151.95	2954	0.12645
258	181	7.2705	-90.002	149.54	2954	0.11762
258	174	6.1728	-90.002	151.39	2954	0.11865
258	183	7.3848	-90.002	153.09	2954	0.12234
259	167	3.2552	-90.002	147.47	2954	0.10999
259	181	7.2705	-90.002	149.54	2954	0.11762
259	174	6.1728	-90.002	151.39	2954	0.11865
259	166	3.0035	-90.002	150.3	2954	0.11331
260	183	7.3848	-90.002	153.09	2954	0.12234
260	165	2.7109	-90.002	153.59	2954	0.1172
260	166	3.0035	-90.002	150.3	2954	0.11331
260	174	6.1728	-90.002	151.39	2954	0.11865
261	104	-14.262	-90.002	142.14	2975	8.0439e-002
261	103	-14.269	-90.002	142.62	2975	8.1041e-002
261	97	-14.844	-90.002	142.26	2975	7.9779e-002
262	103	-14.269	-90.002	142.62	2976	8.1041e-002
262	97	-14.844	-90.002	142.26	2976	7.9779e-002
262	87	-17.264	-90.002	145.06	2976	7.9996e-002
262	90	-16.278	-90.002	145.72	2976	8.2232e-002
263	83	-18.112	-90.002	148.55	2976	8.3345e-002
263	90	-16.278	-90.002	145.72	2976	8.2232e-002
263	87	-17.264	-90.002	145.06	2976	7.9996e-002
263	74	-19.468	-90.002	147.61	2976	8.0204e-002
264	225	19.609	-90.002	143.36	2981	0.12504
264	217	17.408	-90.002	147.7	2981	0.12774
264	223	19.442	-90.002	147.8	2981	0.13036
264	231	21.458	-90.002	145.37	2981	0.12981
265	210	14.916	-90.002	152.48	2981	0.13076
265	217	17.408	-90.002	147.7	2981	0.12774
265	223	19.442	-90.002	147.8	2981	0.13036
265	222	19.402	-90.002	150.38	2981	0.13356
266	241	23.521	-90.002	147.62	2981	0.13513
266	231	21.458	-90.002	145.37	2981	0.12981
266	223	19.442	-90.002	147.8	2981	0.13036
266	222	19.402	-90.002	150.38	2981	0.13356
267	225	19.609	-90.002	143.36	2982	0.12504
267	216	17.408	-90.002	147.7	2982	0.12774
267	211	15.765	-90.002	147.01	2982	0.12485
267	213	16.267	-90.002	144.11	2982	0.12183
268	210	14.916	-90.002	152.48	2982	0.13076
268	216	17.408	-90.002	147.7	2982	0.12774
268	211	15.765	-90.002	147.01	2982	0.12485
268	203	13.174	-90.002	149.2	2982	0.12445
269	206	14.621	-90.002	146.74	2982	0.1231
269	203	13.174	-90.002	149.2	2982	0.12445
269	201	13.107	-90.002	149.08	2982	0.12421
270	206	14.621	-90.002	146.74	2982	0.1231
270	201	13.107	-90.002	149.08	2982	0.12421
270	209	14.791	-90.002	144.3	2982	0.12023
271	206	14.621	-90.002	146.74	2982	0.1231
271	209	14.791	-90.002	144.3	2982	0.12023
271	213	16.267	-90.002	144.11	2982	0.12183
272	206	14.621	-90.002	146.74	2982	0.1231
272	213	16.267	-90.002	144.11	2982	0.12183
272	211	15.765	-90.002	147.01	2982	0.12485
273	206	14.621	-90.002	146.74	2982	0.1231
273	211	15.765	-90.002	147.01	2982	0.12485
273	203	13.174	-90.002	149.2	2982	0.12445
274	238	23.04	-90.002	102.31	3002	8.3481e-002
274	247	25.009	-90.002	100.13	3002	8.3919e-002
274	240	23.471	-90.002	98.309	3002	7.9935e-002
274	228	21.146	-90.002	100.29	3002	7.8835e-002
275	258	27.158	-90.002	97.759	3002	8.4415e-002
275	247	25.009	-90.002	100.13	3002	8.3919e-002
275	240	23.471	-90.002	98.309	3002	7.9935e-002
275	252	25.972	-90.002	96.176	3002	8.115e-002
276	252	25.972	-90.002	96.176	3003	8.115e-002
276	266	27.785	-90.002	96.305	3003	8.3777e-002
276	258	27.158	-90.002	97.759	3003	8.4415e-002
