小面	点	X坐标 (mm)	Y坐标 (mm)	Z坐标 (mm)	单元数	定向变形 (mm)
0	256	-2.9777	-120.	149.89	577	0.10991
0	268	-1.0913	-120.	151.9	577	0.11039
0	252	-3.9312	-120.	151.58	577	0.11028
1	288	1.8045	-120.	154.98	577	0.11162
1	267	-1.1343	-120.	154.83	577	0.1113
1	276	-0.11815	-120.	152.95	577	0.11074
2	243	-5.3928	-120.	154.18	577	0.11075
2	248	-4.4252	-120.	152.47	577	0.11045
2	259	-2.4941	-120.	154.68	577	0.11114
3	261	-2.1991	-120.	153.07	577	0.1107
3	252	-3.9312	-120.	151.58	577	0.11028
3	268	-1.0913	-120.	151.9	577	0.11039
4	261	-2.1991	-120.	153.07	577	0.1107
4	268	-1.0913	-120.	151.9	577	0.11039
4	276	-0.11815	-120.	152.95	577	0.11074
5	261	-2.1991	-120.	153.07	577	0.1107
5	276	-0.11815	-120.	152.95	577	0.11074
5	267	-1.1343	-120.	154.83	577	0.1113
6	261	-2.1991	-120.	153.07	577	0.1107
6	267	-1.1343	-120.	154.83	577	0.1113
6	259	-2.4941	-120.	154.68	577	0.11114
7	261	-2.1991	-120.	153.07	577	0.1107
7	259	-2.4941	-120.	154.68	577	0.11114
7	248	-4.4252	-120.	152.47	577	0.11045
8	261	-2.1991	-120.	153.07	577	0.1107
8	248	-4.4252	-120.	152.47	577	0.11045
8	252	-3.9312	-120.	151.58	577	0.11028
9	526	31.866	-120.	131.46	610	0.10219
9	510	30.864	-120.	134.14	610	0.10241
9	479	29.242	-120.	133.19	610	0.10228
10	564	34.544	-120.	132.9	610	0.10233
10	550	33.344	-120.	135.59	610	0.10268
10	522	31.71	-120.	134.63	610	0.10249
11	541	32.873	-120.	132.56	610	0.10227
11	564	34.544	-120.	132.9	610	0.10233
11	522	31.71	-120.	134.63	610	0.10249
12	541	32.873	-120.	132.56	610	0.10227
12	522	31.71	-120.	134.63	610	0.10249
12	510	30.864	-120.	134.14	610	0.10241
13	541	32.873	-120.	132.56	610	0.10227
13	510	30.864	-120.	134.14	610	0.10241
13	526	31.866	-120.	131.46	610	0.10219
14	541	32.873	-120.	132.56	610	0.10227
14	526	31.866	-120.	131.46	610	0.10219
14	546	33.229	-120.	130.57	610	0.1022
15	541	32.873	-120.	132.56	610	0.10227
15	546	33.229	-120.	130.57	610	0.1022
15	567	35.024	-120.	131.62	610	0.10226
16	541	32.873	-120.	132.56	610	0.10227
16	567	35.024	-120.	131.62	610	0.10226
16	564	34.544	-120.	132.9	610	0.10233
17	572	35.883	-120.	128.81	610	0.10235
17	567	35.024	-120.	131.62	610	0.10226
17	546	33.229	-120.	130.57	610	0.1022
18	109	-23.556	-120.	106.6	619	0.12822
18	124	-22.151	-120.	106.97	619	0.12823
18	98	-24.934	-120.	108.56	619	0.12831
19	109	-23.556	-120.	106.6	619	0.12822
19	98	-24.934	-120.	108.56	619	0.12831
19	83	-25.781	-120.	108.08	619	0.12831
20	109	-23.556	-120.	106.6	619	0.12822
20	83	-25.781	-120.	108.08	619	0.12831
20	104	-24.368	-120.	105.63	619	0.12812
21	109	-23.556	-120.	106.6	619	0.12822
21	104	-24.368	-120.	105.63	619	0.12812
21	117	-22.763	-120.	104.8	619	0.128
22	109	-23.556	-120.	106.6	619	0.12822
22	117	-22.763	-120.	104.8	619	0.128
22	137	-21.34	-120.	105.57	619	0.1281
23	109	-23.556	-120.	106.6	619	0.12822
23	137	-21.34	-120.	105.57	619	0.1281
23	124	-22.151	-120.	106.97	619	0.12823
24	104	-24.368	-120.	105.63	619	0.12812
24	83	-25.781	-120.	108.08	619	0.12831
24	55	-27.388	-120.	107.17	619	0.12827
25	124	-22.151	-120.	106.97	619	0.12823
25	112	-23.336	-120.	109.46	619	0.12824
25	98	-24.934	-120.	108.56	619	0.12831
26	137	-21.34	-120.	105.57	619	0.1281
26	117	-22.763	-120.	104.8	619	0.128
26	151	-19.781	-120.	103.3	619	0.1277
27	153	-19.369	-120.	98.573	622	0.12599
27	139	-21.019	-120.	97.611	622	0.12554
27	155	-18.865	-120.	95.735	622	0.12453
28	110	-23.545	-120.	96.143	622	0.12484
28	134	-21.451	-120.	94.077	622	0.12365
28	126	-21.878	-120.	97.108	622	0.12531
29	165	-18.085	-120.	91.387	622	0.1219
29	161	-18.611	-120.	94.262	622	0.1237
29	144	-20.419	-120.	93.178	622	0.1231
30	145	-20.374	-120.	95.329	622	0.12434
30	155	-18.865	-120.	95.735	622	0.12453
30	139	-21.019	-120.	97.611	622	0.12554
31	145	-20.374	-120.	95.329	622	0.12434
31	139	-21.019	-120.	97.611	622	0.12554
31	126	-21.878	-120.	97.108	622	0.12531
32	145	-20.374	-120.	95.329	622	0.12434
32	126	-21.878	-120.	97.108	622	0.12531
32	134	-21.451	-120.	94.077	622	0.12365
33	145	-20.374	-120.	95.329	622	0.12434
33	134	-21.451	-120.	94.077	622	0.12365
33	144	-20.419	-120.	93.178	622	0.1231
34	145	-20.374	-120.	95.329	622	0.12434
34	144	-20.419	-120.	93.178	622	0.1231
34	161	-18.611	-120.	94.262	622	0.1237
35	145	-20.374	-120.	95.329	622	0.12434
35	161	-18.611	-120.	94.262	622	0.1237
35	155	-18.865	-120.	95.735	622	0.12453
36	285	1.3031	-120.	89.681	635	0.12042
36	275	-0.15357	-120.	92.615	635	0.12188
36	300	4.2195	-120.	92.615	635	0.12118
37	80	-26.056	-120.	108.78	712	0.12831
37	97	-24.934	-120.	108.56	712	0.12831
37	82	-25.781	-120.	108.08	712	0.12831
38	43	-28.173	-120.	109.18	712	0.1283
38	23	-29.748	-120.	110.74	712	0.12818
38	7	-31.417	-120.	109.78	712	0.1282
39	43	-28.173	-120.	109.18	712	0.1283
39	7	-31.417	-120.	109.78	712	0.1282
39	55	-27.388	-120.	107.17	712	0.12827
40	43	-28.173	-120.	109.18	712	0.1283
40	55	-27.388	-120.	107.17	712	0.12827
40	82	-25.781	-120.	108.08	712	0.12831
41	43	-28.173	-120.	109.18	712	0.1283
41	82	-25.781	-120.	108.08	712	0.12831
41	80	-26.056	-120.	108.78	712	0.12831
42	43	-28.173	-120.	109.18	712	0.1283
42	80	-26.056	-120.	108.78	712	0.12831
42	36	-28.65	-120.	110.53	712	0.12822
43	43	-28.173	-120.	109.18	712	0.1283
43	36	-28.65	-120.	110.53	712	0.12822
43	23	-29.748	-120.	110.74	712	0.12818
44	32	-28.882	-120.	111.23	712	0.12815
44	36	-28.65	-120.	110.53	712	0.12822
44	23	-29.748	-120.	110.74	712	0.12818
45	68	-26.514	-120.	110.12	712	0.12826
45	61	-27.224	-120.	112.18	712	0.12802
45	112	-23.336	-120.	109.46	712	0.12824
46	68	-26.514	-120.	110.12	712	0.12826
46	112	-23.336	-120.	109.46	712	0.12824
46	97	-24.934	-120.	108.56	712	0.12831
47	68	-26.514	-120.	110.12	712	0.12826
47	97	-24.934	-120.	108.56	712	0.12831
47	80	-26.056	-120.	108.78	712	0.12831
48	68	-26.514	-120.	110.12	712	0.12826
48	80	-26.056	-120.	108.78	712	0.12831
48	36	-28.65	-120.	110.53	712	0.12822
49	68	-26.514	-120.	110.12	712	0.12826
49	36	-28.65	-120.	110.53	712	0.12822
49	32	-28.882	-120.	111.23	712	0.12815
50	68	-26.514	-120.	110.12	712	0.12826
50	32	-28.882	-120.	111.23	712	0.12815
50	61	-27.224	-120.	112.18	712	0.12802
51	241	-5.7764	-120.	90.758	716	0.12129
51	235	-6.5008	-120.	90.968	716	0.12143
51	237	-6.2516	-120.	91.919	716	0.12201
52	225	-8.3372	-120.	89.613	716	0.12061
52	223	-8.5933	-120.	88.683	716	0.12003
52	220	-9.0374	-120.	89.857	716	0.12077
53	227	-7.8565	-120.	91.427	716	0.12174
53	237	-6.2516	-120.	91.919	716	0.12201
53	231	-7.1082	-120.	94.093	716	0.12341
54	227	-7.8565	-120.	91.427	716	0.12174
54	231	-7.1082	-120.	94.093	716	0.12341
54	214	-9.904	-120.	92.112	716	0.12222
55	227	-7.8565	-120.	91.427	716	0.12174
55	214	-9.904	-120.	92.112	716	0.12222
55	220	-9.0374	-120.	89.857	716	0.12077
56	227	-7.8565	-120.	91.427	716	0.12174
56	220	-9.0374	-120.	89.857	716	0.12077
56	225	-8.3372	-120.	89.613	716	0.12061
57	227	-7.8565	-120.	91.427	716	0.12174
57	225	-8.3372	-120.	89.613	716	0.12061
57	235	-6.5008	-120.	90.968	716	0.12143
58	227	-7.8565	-120.	91.427	716	0.12174
58	235	-6.5008	-120.	90.968	716	0.12143
58	237	-6.2516	-120.	91.919	716	0.12201
59	232	-6.9679	-120.	89.165	716	0.12033
59	223	-8.5933	-120.	88.683	716	0.12003
59	228	-7.7041	-120.	86.405	716	0.11867
60	232	-6.9679	-120.	89.165	716	0.12033
60	228	-7.7041	-120.	86.405	716	0.11867
60	245	-4.8957	-120.	88.564	716	0.11997
61	232	-6.9679	-120.	89.165	716	0.12033
61	245	-4.8957	-120.	88.564	716	0.11997
61	241	-5.7764	-120.	90.758	716	0.12129
62	232	-6.9679	-120.	89.165	716	0.12033
62	241	-5.7764	-120.	90.758	716	0.12129
62	235	-6.5008	-120.	90.968	716	0.12143
63	232	-6.9679	-120.	89.165	716	0.12033
63	235	-6.5008	-120.	90.968	716	0.12143
63	225	-8.3372	-120.	89.613	716	0.12061
64	232	-6.9679	-120.	89.165	716	0.12033
64	225	-8.3372	-120.	89.613	716	0.12061
64	223	-8.5933	-120.	88.683	716	0.12003
65	177	-15.833	-120.	140.87	735	0.1127
65	169	-17.251	-120.	143.32	735	0.11165
65	197	-12.295	-120.	143.44	735	0.11125
66	1	-32.805	-120.	116.88	751	0.12671
66	0	-32.924	-120.	121.19	751	0.12491
66	16	-30.093	-120.	118.32	751	0.12626
67	226	-8.113	-120.	150.47	765	0.11007
67	218	-9.54	-120.	153.01	765	0.11017
67	243	-5.3928	-120.	154.18	765	0.11075
68	250	-4.0658	-120.	91.691	802	0.12177
68	263	-2.0045	-120.	91.016	802	0.12124
68	257	-2.8829	-120.	92.974	802	0.1224
69	250	-4.0658	-120.	91.691	802	0.12177
69	257	-2.8829	-120.	92.974	802	0.1224
69	247	-4.4686	-120.	93.311	802	0.12275
70	250	-4.0658	-120.	91.691	802	0.12177
70	247	-4.4686	-120.	93.311	802	0.12275
70	238	-6.2516	-120.	91.919	802	0.12201
71	250	-4.0658	-120.	91.691	802	0.12177
71	238	-6.2516	-120.	91.919	802	0.12201
71	242	-5.7764	-120.	90.758	802	0.12129
72	250	-4.0658	-120.	91.691	802	0.12177
72	242	-5.7764	-120.	90.758	802	0.12129
72	254	-3.011	-120.	90.17	802	0.12084
73	250	-4.0658	-120.	91.691	802	0.12177
73	254	-3.011	-120.	90.17	802	0.12084
73	263	-2.0045	-120.	91.016	802	0.12124
74	238	-6.2516	-120.	91.919	802	0.12201
74	247	-4.4686	-120.	93.311	802	0.12275
74	231	-7.1082	-120.	94.093	802	0.12341
75	263	-2.0045	-120.	91.016	802	0.12124
75	275	-0.15357	-120.	92.615	802	0.12188
75	257	-2.8829	-120.	92.974	802	0.1224
76	254	-3.011	-120.	90.17	802	0.12084
76	242	-5.7764	-120.	90.758	802	0.12129
76	245	-4.8957	-120.	88.564	802	0.11997
77	353	12.589	-120.	91.638	810	0.12004
77	343	11.174	-120.	94.093	810	0.12003
77	365	15.169	-120.	95.872	810	0.11903
78	427	22.928	-120.	139.99	840	0.10395
78	413	21.536	-120.	141.87	840	0.10474
78	420	21.895	-120.	138.97	840	0.10355
79	427	22.928	-120.	139.99	840	0.10395
79	420	21.895	-120.	138.97	840	0.10355
79	429	22.98	-120.	137.77	840	0.10318
80	427	22.928	-120.	139.99	840	0.10395
80	429	22.98	-120.	137.77	840	0.10318
80	437	24.441	-120.	138.64	840	0.10349
81	427	22.928	-120.	139.99	840	0.10395
81	437	24.441	-120.	138.64	840	0.10349
81	435	24.303	-120.	140.3	840	0.10408
82	427	22.928	-120.	139.99	840	0.10395
82	435	24.303	-120.	140.3	840	0.10408
82	424	22.411	-120.	142.4	840	0.10499
83	427	22.928	-120.	139.99	840	0.10395
83	424	22.411	-120.	142.4	840	0.10499
83	413	21.536	-120.	141.87	840	0.10474
84	437	24.441	-120.	138.64	840	0.10349
84	429	22.98	-120.	137.77	840	0.10318
84	439	24.656	-120.	135.59	840	0.10264
85	413	21.536	-120.	141.87	840	0.10474
85	399	19.899	-120.	140.87	840	0.10425
85	420	21.895	-120.	138.97	840	0.10355
86	424	22.411	-120.	142.4	840	0.10499
86	435	24.303	-120.	140.3	840	0.10408
86	434	24.064	-120.	143.4	840	0.10547
87	240	-5.7995	-120.	146.33	842	0.10978
87	256	-2.9777	-120.	149.89	842	0.10991
87	265	-1.522	-120.	147.24	842	0.10916
88	35	-28.656	-120.	129.72	857	0.12001
88	6	-31.929	-120.	128.36	857	0.12087
88	10	-30.643	-120.	132.48	857	0.11821
89	152	-19.63	-120.	147.46	858	0.11019
89	175	-16.089	-120.	149.92	858	0.10981
89	181	-14.63	-120.	147.4	858	0.11033
90	214	-9.904	-120.	92.112	861	0.12222
90	206	-11.103	-120.	95.872	861	0.12461
90	231	-7.1082	-120.	94.093	861	0.12341
91	56	-27.376	-120.	127.13	865	0.12165
91	63	-27.196	-120.	127.86	865	0.12119
91	70	-26.429	-120.	126.87	865	0.12179
92	31	-29.171	-120.	127.62	865	0.12135
92	6	-31.929	-120.	128.36	865	0.12087
92	35	-28.656	-120.	129.72	865	0.12001
93	31	-29.171	-120.	127.62	865	0.12135
93	35	-28.656	-120.	129.72	865	0.12001
93	63	-27.196	-120.	127.86	865	0.12119
94	31	-29.171	-120.	127.62	865	0.12135
94	63	-27.196	-120.	127.86	865	0.12119
94	56	-27.376	-120.	127.13	865	0.12165
95	31	-29.171	-120.	127.62	865	0.12135
95	56	-27.376	-120.	127.13	865	0.12165
95	28	-29.468	-120.	126.21	865	0.12222
96	31	-29.171	-120.	127.62	865	0.12135
96	28	-29.468	-120.	126.21	865	0.12222
96	15	-30.401	-120.	126.46	865	0.12207
97	31	-29.171	-120.	127.62	865	0.12135
97	15	-30.401	-120.	126.46	865	0.12207
97	6	-31.929	-120.	128.36	865	0.12087
98	52	-27.657	-120.	125.72	865	0.1225
98	44	-28.087	-120.	123.61	865	0.12372
98	96	-24.974	-120.	125.04	865	0.12285
99	52	-27.657	-120.	125.72	865	0.1225
99	96	-24.974	-120.	125.04	865	0.12285
99	70	-26.429	-120.	126.87	865	0.12179
100	52	-27.657	-120.	125.72	865	0.1225
100	70	-26.429	-120.	126.87	865	0.12179
100	56	-27.376	-120.	127.13	865	0.12165
101	52	-27.657	-120.	125.72	865	0.1225
101	56	-27.376	-120.	127.13	865	0.12165
101	28	-29.468	-120.	126.21	865	0.12222
102	52	-27.657	-120.	125.72	865	0.1225
102	28	-29.468	-120.	126.21	865	0.12222
102	25	-29.607	-120.	125.48	865	0.12265
103	52	-27.657	-120.	125.72	865	0.1225
103	25	-29.607	-120.	125.48	865	0.12265
103	44	-28.087	-120.	123.61	865	0.12372
104	28	-29.468	-120.	126.21	865	0.12222
104	25	-29.607	-120.	125.48	865	0.12265
104	15	-30.401	-120.	126.46	865	0.12207
105	44	-28.087	-120.	123.61	867	0.12372
105	24	-29.607	-120.	125.48	867	0.12265
105	19	-29.999	-120.	122.65	867	0.12424
106	6	-31.929	-120.	128.36	867	0.12087
106	3	-32.513	-120.	125.48	867	0.12262
106	14	-30.401	-120.	126.46	867	0.12207
107	0	-32.924	-120.	121.19	867	0.12491
107	9	-30.996	-120.	122.16	867	0.12449
107	2	-32.701	-120.	124.13	867	0.12339
108	8	-31.036	-120.	124.39	867	0.12327
108	19	-29.999	-120.	122.65	867	0.12424
108	24	-29.607	-120.	125.48	867	0.12265
109	8	-31.036	-120.	124.39	867	0.12327
109	24	-29.607	-120.	125.48	867	0.12265
109	14	-30.401	-120.	126.46	867	0.12207
110	8	-31.036	-120.	124.39	867	0.12327
110	14	-30.401	-120.	126.46	867	0.12207
110	3	-32.513	-120.	125.48	867	0.12262
111	8	-31.036	-120.	124.39	867	0.12327
111	3	-32.513	-120.	125.48	867	0.12262
111	2	-32.701	-120.	124.13	867	0.12339
112	8	-31.036	-120.	124.39	867	0.12327
112	2	-32.701	-120.	124.13	867	0.12339
112	9	-30.996	-120.	122.16	867	0.12449
113	8	-31.036	-120.	124.39	867	0.12327
113	9	-30.996	-120.	122.16	867	0.12449
113	19	-29.999	-120.	122.65	867	0.12424
114	204	-11.69	-120.	149.52	879	0.11004
114	208	-10.796	-120.	149.39	879	0.11006
114	199	-12.084	-120.	148.78	879	0.11011
115	207	-10.848	-120.	150.93	879	0.11
115	218	-9.54	-120.	153.01	879	0.11017
115	226	-8.113	-120.	150.47	879	0.11007
116	207	-10.848	-120.	150.93	879	0.11
116	226	-8.113	-120.	150.47	879	0.11007
116	208	-10.796	-120.	149.39	879	0.11006
117	207	-10.848	-120.	150.93	879	0.11
117	208	-10.796	-120.	149.39	879	0.11006
117	204	-11.69	-120.	149.52	879	0.11004
118	207	-10.848	-120.	150.93	879	0.11
118	204	-11.69	-120.	149.52	879	0.11004
118	194	-12.675	-120.	151.25	879	0.1099
119	207	-10.848	-120.	150.93	879	0.11
119	194	-12.675	-120.	151.25	879	0.1099
119	198	-12.273	-120.	151.92	879	0.10991
120	207	-10.848	-120.	150.93	879	0.11
120	198	-12.273	-120.	151.92	879	0.10991
120	218	-9.54	-120.	153.01	879	0.11017
121	190	-13.446	-120.	149.7	879	0.10999
121	175	-16.089	-120.	149.92	879	0.10981
121	181	-14.63	-120.	147.4	879	0.11033
122	190	-13.446	-120.	149.7	879	0.10999
122	181	-14.63	-120.	147.4	879	0.11033
122	199	-12.084	-120.	148.78	879	0.11011
123	190	-13.446	-120.	149.7	879	0.10999
123	199	-12.084	-120.	148.78	879	0.11011
123	204	-11.69	-120.	149.52	879	0.11004
124	190	-13.446	-120.	149.7	879	0.10999
124	204	-11.69	-120.	149.52	879	0.11004
124	194	-12.675	-120.	151.25	879	0.1099
125	190	-13.446	-120.	149.7	879	0.10999
125	194	-12.675	-120.	151.25	879	0.1099
125	188	-13.511	-120.	151.33	879	0.10984
126	190	-13.446	-120.	149.7	879	0.10999
126	188	-13.511	-120.	151.33	879	0.10984
126	175	-16.089	-120.	149.92	879	0.10981
127	194	-12.675	-120.	151.25	879	0.1099
127	188	-13.511	-120.	151.33	879	0.10984
127	198	-12.273	-120.	151.92	879	0.10991
128	463	27.448	-120.	103.66	890	0.1141
128	451	26.451	-120.	103.94	890	0.11394
128	464	27.85	-120.	104.3	890	0.11368
129	453	26.629	-120.	102.49	890	0.11486
129	444	25.409	-120.	100.72	890	0.11597
129	432	23.847	-120.	103.3	890	0.11441
130	453	26.629	-120.	102.49	890	0.11486
130	432	23.847	-120.	103.3	890	0.11441
130	451	26.451	-120.	103.94	890	0.11394
131	453	26.629	-120.	102.49	890	0.11486
131	451	26.451	-120.	103.94	890	0.11394
131	463	27.448	-120.	103.66	890	0.1141
132	453	26.629	-120.	102.49	890	0.11486
132	463	27.448	-120.	103.66	890	0.1141
132	471	28.524	-120.	101.95	890	0.11516
133	453	26.629	-120.	102.49	890	0.11486
133	471	28.524	-120.	101.95	890	0.11516
133	467	28.095	-120.	101.35	890	0.11553
134	453	26.629	-120.	102.49	890	0.11486
134	467	28.095	-120.	101.35	890	0.11553
134	444	25.409	-120.	100.72	890	0.11597
135	483	29.334	-120.	103.14	890	0.1144
135	536	32.209	-120.	102.31	890	0.11488
135	499	30.485	-120.	104.97	890	0.1132
136	483	29.334	-120.	103.14	890	0.1144
136	499	30.485	-120.	104.97	890	0.1132
136	464	27.85	-120.	104.3	890	0.11368
137	483	29.334	-120.	103.14	890	0.1144
137	464	27.85	-120.	104.3	890	0.11368
137	463	27.448	-120.	103.66	890	0.1141
138	483	29.334	-120.	103.14	890	0.1144
138	463	27.448	-120.	103.66	890	0.1141
138	471	28.524	-120.	101.95	890	0.11516
139	483	29.334	-120.	103.14	890	0.1144
139	471	28.524	-120.	101.95	890	0.11516
139	490	29.49	-120.	101.66	890	0.11532
140	483	29.334	-120.	103.14	890	0.1144
140	490	29.49	-120.	101.66	890	0.11532
140	536	32.209	-120.	102.31	890	0.11488
141	471	28.524	-120.	101.95	890	0.11516
141	490	29.49	-120.	101.66	890	0.11532
141	467	28.095	-120.	101.35	890	0.11553
142	50	-27.848	-120.	115.7	894	0.12719
142	45	-27.948	-120.	116.45	894	0.12695
142	65	-26.814	-120.	115.45	894	0.12725
143	53	-27.595	-120.	114.29	894	0.12758
143	29	-29.43	-120.	114.03	894	0.12764
143	61	-27.224	-120.	112.18	894	0.12802
144	53	-27.595	-120.	114.29	894	0.12758
144	61	-27.224	-120.	112.18	894	0.12802
144	100	-24.688	-120.	113.62	894	0.12766
145	53	-27.595	-120.	114.29	894	0.12758
145	100	-24.688	-120.	113.62	894	0.12766
145	65	-26.814	-120.	115.45	894	0.12725
146	53	-27.595	-120.	114.29	894	0.12758
146	65	-26.814	-120.	115.45	894	0.12725
146	50	-27.848	-120.	115.7	894	0.12719
147	53	-27.595	-120.	114.29	894	0.12758
147	50	-27.848	-120.	115.7	894	0.12719
147	26	-29.567	-120.	114.76	894	0.12745
148	53	-27.595	-120.	114.29	894	0.12758
148	26	-29.567	-120.	114.76	894	0.12745
148	29	-29.43	-120.	114.03	894	0.12764
149	12	-30.578	-120.	114.99	894	0.12737
149	26	-29.567	-120.	114.76	894	0.12745
149	29	-29.43	-120.	114.03	894	0.12764
150	21	-29.807	-120.	116.19	894	0.12703
150	1	-32.805	-120.	116.88	894	0.12671
150	16	-30.093	-120.	118.32	894	0.12626
151	21	-29.807	-120.	116.19	894	0.12703
151	16	-30.093	-120.	118.32	894	0.12626
151	45	-27.948	-120.	116.45	894	0.12695
152	21	-29.807	-120.	116.19	894	0.12703
152	45	-27.948	-120.	116.45	894	0.12695
152	50	-27.848	-120.	115.7	894	0.12719
153	21	-29.807	-120.	116.19	894	0.12703
153	50	-27.848	-120.	115.7	894	0.12719
153	26	-29.567	-120.	114.76	894	0.12745
154	21	-29.807	-120.	116.19	894	0.12703
154	26	-29.567	-120.	114.76	894	0.12745
154	12	-30.578	-120.	114.99	894	0.12737
155	21	-29.807	-120.	116.19	894	0.12703
155	12	-30.578	-120.	114.99	894	0.12737
155	1	-32.805	-120.	116.88	894	0.12671
156	40	-28.243	-120.	120.02	900	0.12554
156	59	-27.268	-120.	119.76	900	0.12564
156	38	-28.244	-120.	119.26	900	0.12587
157	42	-28.178	-120.	121.44	900	0.12486
157	44	-28.087	-120.	123.61	900	0.12372
157	88	-25.431	-120.	120.69	900	0.12515
158	42	-28.178	-120.	121.44	900	0.12486
158	88	-25.431	-120.	120.69	900	0.12515
158	59	-27.268	-120.	119.76	900	0.12564
159	42	-28.178	-120.	121.44	900	0.12486
159	59	-27.268	-120.	119.76	900	0.12564
159	40	-28.243	-120.	120.02	900	0.12554
160	42	-28.178	-120.	121.44	900	0.12486
160	40	-28.243	-120.	120.02	900	0.12554
160	18	-30.04	-120.	121.91	900	0.12463
161	42	-28.178	-120.	121.44	900	0.12486
161	18	-30.04	-120.	121.91	900	0.12463
161	19	-29.999	-120.	122.65	900	0.12424
162	42	-28.178	-120.	121.44	900	0.12486
162	19	-29.999	-120.	122.65	900	0.12424
162	44	-28.087	-120.	123.61	900	0.12372
163	17	-30.09	-120.	120.48	900	0.12533
163	0	-32.924	-120.	121.19	900	0.12491
163	16	-30.093	-120.	118.32	900	0.12626
164	17	-30.09	-120.	120.48	900	0.12533
164	16	-30.093	-120.	118.32	900	0.12626
164	38	-28.244	-120.	119.26	900	0.12587
165	17	-30.09	-120.	120.48	900	0.12533
165	38	-28.244	-120.	119.26	900	0.12587
165	40	-28.243	-120.	120.02	900	0.12554
166	17	-30.09	-120.	120.48	900	0.12533
166	40	-28.243	-120.	120.02	900	0.12554
166	18	-30.04	-120.	121.91	900	0.12463
167	17	-30.09	-120.	120.48	900	0.12533
167	18	-30.04	-120.	121.91	900	0.12463
167	9	-30.996	-120.	122.16	900	0.12449
168	17	-30.09	-120.	120.48	900	0.12533
168	9	-30.996	-120.	122.16	900	0.12449
168	0	-32.924	-120.	121.19	900	0.12491
169	18	-30.04	-120.	121.91	900	0.12463
169	9	-30.996	-120.	122.16	900	0.12449
169	19	-29.999	-120.	122.65	900	0.12424
170	101	-24.589	-120.	134.53	905	0.11681
170	143	-20.59	-120.	135.59	905	0.11605
170	115	-22.777	-120.	131.8	905	0.11858
171	236	-6.4699	-120.	149.04	910	0.10996
171	234	-6.7075	-120.	147.97	910	0.10993
171	230	-7.1945	-120.	148.83	910	0.10999
172	239	-6.0411	-120.	151.07	910	0.11015
172	249	-4.4252	-120.	152.47	910	0.11045
172	243	-5.3928	-120.	154.18	910	0.11075
173	239	-6.0411	-120.	151.07	910	0.11015
173	243	-5.3928	-120.	154.18	910	0.11075
173	226	-8.113	-120.	150.47	910	0.11007
174	239	-6.0411	-120.	151.07	910	0.11015
174	226	-8.113	-120.	150.47	910	0.11007
174	230	-7.1945	-120.	148.83	910	0.10999
175	239	-6.0411	-120.	151.07	910	0.11015
175	230	-7.1945	-120.	148.83	910	0.10999
175	236	-6.4699	-120.	149.04	910	0.10996
176	239	-6.0411	-120.	151.07	910	0.11015
176	236	-6.4699	-120.	149.04	910	0.10996
176	246	-4.6513	-120.	151.42	910	0.11023
177	239	-6.0411	-120.	151.07	910	0.11015
177	246	-4.6513	-120.	151.42	910	0.11023
177	249	-4.4252	-120.	152.47	910	0.11045
178	251	-3.9312	-120.	151.58	910	0.11028
178	246	-4.6513	-120.	151.42	910	0.11023
178	249	-4.4252	-120.	152.47	910	0.11045
179	244	-5.0895	-120.	149.37	910	0.10992
179	256	-2.9777	-120.	149.89	910	0.10991
179	240	-5.7995	-120.	146.33	910	0.10978
180	244	-5.0895	-120.	149.37	910	0.10992
180	240	-5.7995	-120.	146.33	910	0.10978
180	234	-6.7075	-120.	147.97	910	0.10993
181	244	-5.0895	-120.	149.37	910	0.10992
181	234	-6.7075	-120.	147.97	910	0.10993
181	236	-6.4699	-120.	149.04	910	0.10996
182	244	-5.0895	-120.	149.37	910	0.10992
182	236	-6.4699	-120.	149.04	910	0.10996
182	246	-4.6513	-120.	151.42	910	0.11023
183	244	-5.0895	-120.	149.37	910	0.10992
183	246	-4.6513	-120.	151.42	910	0.11023
183	251	-3.9312	-120.	151.58	910	0.11028
184	244	-5.0895	-120.	149.37	910	0.10992
184	251	-3.9312	-120.	151.58	910	0.11028
184	256	-2.9777	-120.	149.89	910	0.10991
185	304	4.9242	-120.	150.14	912	0.10959
185	302	4.6741	-120.	149.18	912	0.10915
185	299	4.1731	-120.	150.21	912	0.10965
186	312	6.3385	-120.	149.94	912	0.10945
186	323	8.4836	-120.	149.65	912	0.10923
186	308	5.588	-120.	147.24	912	0.10814
187	312	6.3385	-120.	149.94	912	0.10945
187	308	5.588	-120.	147.24	912	0.10814
187	302	4.6741	-120.	149.18	912	0.10915
188	312	6.3385	-120.	149.94	912	0.10945
188	302	4.6741	-120.	149.18	912	0.10915
188	304	4.9242	-120.	150.14	912	0.10959
189	312	6.3385	-120.	149.94	912	0.10945
189	304	4.9242	-120.	150.14	912	0.10959
189	314	6.814	-120.	151.77	912	0.11037
190	312	6.3385	-120.	149.94	912	0.10945
190	314	6.814	-120.	151.77	912	0.11037
190	320	7.5469	-120.	151.66	912	0.11033
191	312	6.3385	-120.	149.94	912	0.10945
191	320	7.5469	-120.	151.66	912	0.11033
191	323	8.4836	-120.	149.65	912	0.10923
192	307	5.3872	-120.	151.95	912	0.11045
192	311	6.1077	-120.	154.74	912	0.11182
192	296	3.2389	-120.	152.16	912	0.11053
193	307	5.3872	-120.	151.95	912	0.11045
193	296	3.2389	-120.	152.16	912	0.11053
193	299	4.1731	-120.	150.21	912	0.10965
194	307	5.3872	-120.	151.95	912	0.11045
194	299	4.1731	-120.	150.21	912	0.10965
194	304	4.9242	-120.	150.14	912	0.10959
195	307	5.3872	-120.	151.95	912	0.11045
195	304	4.9242	-120.	150.14	912	0.10959
195	314	6.814	-120.	151.77	912	0.11037
196	307	5.3872	-120.	151.95	912	0.11045
196	314	6.814	-120.	151.77	912	0.11037
196	316	7.065	-120.	152.71	912	0.11086
197	307	5.3872	-120.	151.95	912	0.11045
197	316	7.065	-120.	152.71	912	0.11086
197	311	6.1077	-120.	154.74	912	0.11182
198	314	6.814	-120.	151.77	912	0.11037
198	316	7.065	-120.	152.71	912	0.11086
198	320	7.5469	-120.	151.66	912	0.11033
199	387	18.289	-120.	147.65	935	0.1079
199	393	19.016	-120.	145.11	935	0.10642
199	405	20.723	-120.	146.15	935	0.10699
200	396	19.872	-120.	148.18	935	0.10819
200	387	18.289	-120.	147.65	935	0.1079
200	405	20.723	-120.	146.15	935	0.10699
201	396	19.872	-120.	148.18	935	0.10819
201	405	20.723	-120.	146.15	935	0.10699
201	415	21.609	-120.	146.7	935	0.10729
202	396	19.872	-120.	148.18	935	0.10819
202	415	21.609	-120.	146.7	935	0.10729
202	408	20.929	-120.	149.43	935	0.10891
203	396	19.872	-120.	148.18	935	0.10819
203	408	20.929	-120.	149.43	935	0.10891
203	394	19.764	-120.	150.15	935	0.10937
204	396	19.872	-120.	148.18	935	0.10819
204	394	19.764	-120.	150.15	935	0.10937
204	385	17.918	-120.	148.97	935	0.10869
205	396	19.872	-120.	148.18	935	0.10819
205	385	17.918	-120.	148.97	935	0.10869
205	387	18.289	-120.	147.65	935	0.1079
206	408	20.929	-120.	149.43	935	0.10891
206	415	21.609	-120.	146.7	935	0.10729
206	430	23.336	-120.	147.74	935	0.10786
207	394	19.764	-120.	150.15	935	0.10937
207	380	17.167	-120.	151.53	935	0.11025
207	385	17.918	-120.	148.97	935	0.10869
208	291	2.4319	-120.	148.95	938	0.10923
208	299	4.1731	-120.	150.21	938	0.10965
208	287	1.3459	-120.	150.21	938	0.1098
209	291	2.4319	-120.	148.95	938	0.10923
209	287	1.3459	-120.	150.21	938	0.1098
209	279	0.33219	-120.	149.18	938	0.10951
210	291	2.4319	-120.	148.95	938	0.10923
210	279	0.33219	-120.	149.18	938	0.10951
210	284	1.2224	-120.	147.46	938	0.1088
211	291	2.4319	-120.	148.95	938	0.10923
211	284	1.2224	-120.	147.46	938	0.1088
211	294	2.8435	-120.	147.46	938	0.10857
212	291	2.4319	-120.	148.95	938	0.10923
212	294	2.8435	-120.	147.46	938	0.10857
212	302	4.6741	-120.	149.18	938	0.10915
213	291	2.4319	-120.	148.95	938	0.10923
213	302	4.6741	-120.	149.18	938	0.10915
213	299	4.1731	-120.	150.21	938	0.10965
214	284	1.2224	-120.	147.46	938	0.1088
214	279	0.33219	-120.	149.18	938	0.10951
214	265	-1.522	-120.	147.24	938	0.10916
215	299	4.1731	-120.	150.21	938	0.10965
215	296	3.2389	-120.	152.16	938	0.11053
215	287	1.3459	-120.	150.21	938	0.1098
216	302	4.6741	-120.	149.18	938	0.10915
216	294	2.8435	-120.	147.46	938	0.10857
216	308	5.588	-120.	147.24	938	0.10814
217	335	10.335	-120.	151.03	942	0.10998
217	319	7.5469	-120.	151.66	942	0.11033
217	323	8.4836	-120.	149.65	942	0.10923
218	326	9.0131	-120.	154.27	942	0.11172
218	311	6.1077	-120.	154.74	942	0.11182
218	317	7.065	-120.	152.71	942	0.11086
219	328	9.2669	-120.	152.57	942	0.11083
219	326	9.0131	-120.	154.27	942	0.11172
219	317	7.065	-120.	152.71	942	0.11086
220	328	9.2669	-120.	152.57	942	0.11083
220	317	7.065	-120.	152.71	942	0.11086
220	319	7.5469	-120.	151.66	942	0.11033
221	328	9.2669	-120.	152.57	942	0.11083
221	319	7.5469	-120.	151.66	942	0.11033
221	335	10.335	-120.	151.03	942	0.10998
222	328	9.2669	-120.	152.57	942	0.11083
222	335	10.335	-120.	151.03	942	0.10998
222	344	11.293	-120.	151.76	942	0.11039
223	328	9.2669	-120.	152.57	942	0.11083
223	344	11.293	-120.	151.76	942	0.11039
223	336	10.348	-120.	153.98	942	0.1116
224	328	9.2669	-120.	152.57	942	0.11083
224	336	10.348	-120.	153.98	942	0.1116
224	326	9.0131	-120.	154.27	942	0.11172
225	356	13.174	-120.	153.16	942	0.11121
225	336	10.348	-120.	153.98	942	0.1116
225	344	11.293	-120.	151.76	942	0.11039
226	219	-9.0374	-120.	89.857	965	0.12077
226	214	-9.904	-120.	92.112	965	0.12222
226	205	-11.685	-120.	90.932	965	0.12148
227	210	-10.696	-120.	89.164	965	0.12034
227	219	-9.0374	-120.	89.857	965	0.12077
227	205	-11.685	-120.	90.932	965	0.12148
228	210	-10.696	-120.	89.164	965	0.12034
228	205	-11.685	-120.	90.932	965	0.12148
228	195	-12.608	-120.	90.314	965	0.12109
229	210	-10.696	-120.	89.164	965	0.12034
229	195	-12.608	-120.	90.314	965	0.12109
229	202	-11.761	-120.	87.856	965	0.11952
230	210	-10.696	-120.	89.164	965	0.12034
230	202	-11.761	-120.	87.856	965	0.11952
230	213	-10.493	-120.	87.342	965	0.1192
231	210	-10.696	-120.	89.164	965	0.12034
231	213	-10.493	-120.	87.342	965	0.1192
231	222	-8.5933	-120.	88.683	965	0.12003
232	210	-10.696	-120.	89.164	965	0.12034
232	222	-8.5933	-120.	88.683	965	0.12003
232	219	-9.0374	-120.	89.857	965	0.12077
233	202	-11.761	-120.	87.856	965	0.11952
233	195	-12.608	-120.	90.314	965	0.12109
233	183	-14.413	-120.	89.13	965	0.12036
234	213	-10.493	-120.	87.342	965	0.1192
234	228	-7.7041	-120.	86.405	965	0.11867
234	222	-8.5933	-120.	88.683	965	0.12003
235	193	-12.821	-120.	94.742	966	0.12392
235	192	-13.091	-120.	93.772	966	0.12332
235	185	-13.745	-120.	94.149	966	0.12356
236	196	-12.345	-120.	91.267	966	0.12171
236	205	-11.685	-120.	90.932	966	0.12148
236	195	-12.608	-120.	90.314	966	0.12109
237	187	-13.615	-120.	91.942	966	0.12216
237	185	-13.745	-120.	94.149	966	0.12356
237	178	-15.485	-120.	93.018	966	0.12287
238	187	-13.615	-120.	91.942	966	0.12216
238	178	-15.485	-120.	93.018	966	0.12287
238	183	-14.413	-120.	89.13	966	0.12036
239	187	-13.615	-120.	91.942	966	0.12216
239	183	-14.413	-120.	89.13	966	0.12036
239	195	-12.608	-120.	90.314	966	0.12109
240	187	-13.615	-120.	91.942	966	0.12216
240	195	-12.608	-120.	90.314	966	0.12109
240	196	-12.345	-120.	91.267	966	0.12171
241	187	-13.615	-120.	91.942	966	0.12216
241	196	-12.345	-120.	91.267	966	0.12171
241	192	-13.091	-120.	93.772	966	0.12332
242	187	-13.615	-120.	91.942	966	0.12216
242	192	-13.091	-120.	93.772	966	0.12332
242	185	-13.745	-120.	94.149	966	0.12356
243	201	-11.825	-120.	93.116	966	0.12289
243	205	-11.685	-120.	90.932	966	0.12148
243	214	-9.904	-120.	92.112	966	0.12222
244	201	-11.825	-120.	93.116	966	0.12289
244	214	-9.904	-120.	92.112	966	0.12222
244	206	-11.103	-120.	95.872	966	0.12461
245	201	-11.825	-120.	93.116	966	0.12289
245	206	-11.103	-120.	95.872	966	0.12461
245	193	-12.821	-120.	94.742	966	0.12392
246	201	-11.825	-120.	93.116	966	0.12289
246	193	-12.821	-120.	94.742	966	0.12392
246	192	-13.091	-120.	93.772	966	0.12332
247	201	-11.825	-120.	93.116	966	0.12289
247	192	-13.091	-120.	93.772	966	0.12332
247	196	-12.345	-120.	91.267	966	0.12171
248	201	-11.825	-120.	93.116	966	0.12289
248	196	-12.345	-120.	91.267	966	0.12171
248	205	-11.685	-120.	90.932	966	0.12148
249	281	0.59341	-120.	150.18	972	0.10982
249	286	1.3459	-120.	150.21	972	0.1098
249	278	0.33219	-120.	149.18	972	0.10951
250	283	1.0853	-120.	152.07	972	0.11047
250	288	1.8045	-120.	154.98	972	0.11162
250	296	3.2389	-120.	152.16	972	0.11053
251	283	1.0853	-120.	152.07	972	0.11047
251	296	3.2389	-120.	152.16	972	0.11053
251	286	1.3459	-120.	150.21	972	0.1098
252	283	1.0853	-120.	152.07	972	0.11047
252	286	1.3459	-120.	150.21	972	0.1098
252	281	0.59341	-120.	150.18	972	0.10982
253	283	1.0853	-120.	152.07	972	0.11047
253	281	0.59341	-120.	150.18	972	0.10982
253	274	-0.353	-120.	151.97	972	0.11042
254	283	1.0853	-120.	152.07	972	0.11047
254	274	-0.353	-120.	151.97	972	0.11042
254	277	-0.11815	-120.	152.95	972	0.11074
255	283	1.0853	-120.	152.07	972	0.11047
255	277	-0.11815	-120.	152.95	972	0.11074
255	288	1.8045	-120.	154.98	972	0.11162
256	271	-0.83641	-120.	150.06	972	0.10986
256	256	-2.9777	-120.	149.89	972	0.10991
256	265	-1.522	-120.	147.24	972	0.10916
257	271	-0.83641	-120.	150.06	972	0.10986
257	265	-1.522	-120.	147.24	972	0.10916
257	278	0.33219	-120.	149.18	972	0.10951
258	271	-0.83641	-120.	150.06	972	0.10986
258	278	0.33219	-120.	149.18	972	0.10951
258	281	0.59341	-120.	150.18	972	0.10982
259	271	-0.83641	-120.	150.06	972	0.10986
259	281	0.59341	-120.	150.18	972	0.10982
259	274	-0.353	-120.	151.97	972	0.11042
260	271	-0.83641	-120.	150.06	972	0.10986
260	274	-0.353	-120.	151.97	972	0.11042
260	269	-1.0913	-120.	151.9	972	0.11039
261	271	-0.83641	-120.	150.06	972	0.10986
261	269	-1.0913	-120.	151.9	972	0.11039
261	256	-2.9777	-120.	149.89	972	0.10991
262	274	-0.353	-120.	151.97	972	0.11042
262	269	-1.0913	-120.	151.9	972	0.11039
262	277	-0.11815	-120.	152.95	972	0.11074
263	57	-27.373	-120.	138.94	975	0.11409
263	99	-24.821	-120.	142.41	975	0.11216
263	113	-23.261	-120.	139.86	975	0.11351
264	318	7.3448	-120.	91.56	976	0.12048
264	329	9.39	-120.	91.764	976	0.12027
264	324	8.5345	-120.	93.311	976	0.12051
265	318	7.3448	-120.	91.56	976	0.12048
265	324	8.5345	-120.	93.311	976	0.12051
265	315	6.9488	-120.	92.974	976	0.12077
266	318	7.3448	-120.	91.56	976	0.12048
266	315	6.9488	-120.	92.974	976	0.12077
266	306	5.1429	-120.	90.861	976	0.12057
267	318	7.3448	-120.	91.56	976	0.12048
267	306	5.1429	-120.	90.861	976	0.12057
267	310	5.6436	-120.	89.931	976	0.12029
268	318	7.3448	-120.	91.56	976	0.12048
268	310	5.6436	-120.	89.931	976	0.12029
268	322	8.4091	-120.	90.519	976	0.12023
269	318	7.3448	-120.	91.56	976	0.12048
269	322	8.4091	-120.	90.519	976	0.12023
269	329	9.39	-120.	91.764	976	0.12027
270	306	5.1429	-120.	90.861	976	0.12057
270	315	6.9488	-120.	92.974	976	0.12077
270	300	4.2195	-120.	92.615	976	0.12118
271	329	9.39	-120.	91.764	976	0.12027
271	343	11.174	-120.	94.093	976	0.12003
271	324	8.5345	-120.	93.311	976	0.12051
272	322	8.4091	-120.	90.519	976	0.12023
272	310	5.6436	-120.	89.931	976	0.12029
272	313	6.5826	-120.	88.167	976	0.11983
273	260	-2.2653	-120.	90.059	979	0.12075
273	255	-3.011	-120.	90.17	979	0.12084
273	262	-2.0045	-120.	91.016	979	0.12124
274	270	-0.84033	-120.	89.911	979	0.12062
274	272	-0.59171	-120.	88.013	979	0.1197
274	285	1.3031	-120.	89.681	979	0.12042
275	270	-0.84033	-120.	89.911	979	0.12062
275	285	1.3031	-120.	89.681	979	0.12042
275	275	-0.15357	-120.	92.615	979	0.12188
276	270	-0.84033	-120.	89.911	979	0.12062
276	275	-0.15357	-120.	92.615	979	0.12188
276	262	-2.0045	-120.	91.016	979	0.12124
277	270	-0.84033	-120.	89.911	979	0.12062
277	262	-2.0045	-120.	91.016	979	0.12124
277	260	-2.2653	-120.	90.059	979	0.12075
278	270	-0.84033	-120.	89.911	979	0.12062
278	260	-2.2653	-120.	90.059	979	0.12075
278	266	-1.3299	-120.	88.083	979	0.11973
279	270	-0.84033	-120.	89.911	979	0.12062
279	266	-1.3299	-120.	88.083	979	0.11973
279	272	-0.59171	-120.	88.013	979	0.1197
280	264	-1.5709	-120.	87.142	979	0.11926
280	266	-1.3299	-120.	88.083	979	0.11973
280	272	-0.59171	-120.	88.013	979	0.1197
281	258	-2.7619	-120.	88.247	979	0.11981
281	253	-3.4987	-120.	85.463	979	0.11831
281	245	-4.8957	-120.	88.564	979	0.11997
282	258	-2.7619	-120.	88.247	979	0.11981
282	245	-4.8957	-120.	88.564	979	0.11997
282	255	-3.011	-120.	90.17	979	0.12084
283	258	-2.7619	-120.	88.247	979	0.11981
283	255	-3.011	-120.	90.17	979	0.12084
283	260	-2.2653	-120.	90.059	979	0.12075
284	258	-2.7619	-120.	88.247	979	0.11981
284	260	-2.2653	-120.	90.059	979	0.12075
284	266	-1.3299	-120.	88.083	979	0.11973
285	258	-2.7619	-120.	88.247	979	0.11981
285	266	-1.3299	-120.	88.083	979	0.11973
285	264	-1.5709	-120.	87.142	979	0.11926
286	258	-2.7619	-120.	88.247	979	0.11981
286	264	-1.5709	-120.	87.142	979	0.11926
286	253	-3.4987	-120.	85.463	979	0.11831
287	309	5.6436	-120.	89.931	984	0.12029
287	303	4.8924	-120.	89.862	984	0.12031
287	305	5.1429	-120.	90.861	984	0.12057
288	295	3.0008	-120.	87.884	984	0.11968
288	293	2.7559	-120.	86.903	984	0.1193
288	289	2.2612	-120.	87.855	984	0.11966
289	297	3.47	-120.	89.793	984	0.12036
289	305	5.1429	-120.	90.861	984	0.12057
289	300	4.2195	-120.	92.615	984	0.12118
290	297	3.47	-120.	89.793	984	0.12036
290	300	4.2195	-120.	92.615	984	0.12118
290	285	1.3031	-120.	89.681	984	0.12042
291	297	3.47	-120.	89.793	984	0.12036
291	285	1.3031	-120.	89.681	984	0.12042
291	289	2.2612	-120.	87.855	984	0.11966
292	297	3.47	-120.	89.793	984	0.12036
292	289	2.2612	-120.	87.855	984	0.11966
292	295	3.0008	-120.	87.884	984	0.11968
293	297	3.47	-120.	89.793	984	0.12036
293	295	3.0008	-120.	87.884	984	0.11968
293	303	4.8924	-120.	89.862	984	0.12031
294	297	3.47	-120.	89.793	984	0.12036
294	303	4.8924	-120.	89.862	984	0.12031
294	305	5.1429	-120.	90.861	984	0.12057
295	301	4.4345	-120.	87.969	984	0.11974
295	293	2.7559	-120.	86.903	984	0.1193
295	298	3.7317	-120.	85.064	984	0.11868
296	301	4.4345	-120.	87.969	984	0.11974
296	298	3.7317	-120.	85.064	984	0.11868
296	313	6.5826	-120.	88.167	984	0.11983
297	301	4.4345	-120.	87.969	984	0.11974
297	313	6.5826	-120.	88.167	984	0.11983
297	309	5.6436	-120.	89.931	984	0.12029
298	301	4.4345	-120.	87.969	984	0.11974
298	309	5.6436	-120.	89.931	984	0.12029
298	303	4.8924	-120.	89.862	984	0.12031
299	301	4.4345	-120.	87.969	984	0.11974
299	303	4.8924	-120.	89.862	984	0.12031
299	295	3.0008	-120.	87.884	984	0.11968
300	301	4.4345	-120.	87.969	984	0.11974
300	295	3.0008	-120.	87.884	984	0.11968
300	293	2.7559	-120.	86.903	984	0.1193
301	182	-14.524	-120.	96.261	995	0.12482
301	176	-16.032	-120.	95.811	995	0.12455
301	185	-13.745	-120.	94.149	995	0.12356
302	182	-14.524	-120.	96.261	995	0.12482
302	185	-13.745	-120.	94.149	995	0.12356
302	193	-12.821	-120.	94.742	995	0.12392
303	182	-14.524	-120.	96.261	995	0.12482
303	193	-12.821	-120.	94.742	995	0.12392
303	189	-13.45	-120.	97.31	995	0.12542
304	182	-14.524	-120.	96.261	995	0.12482
304	189	-13.45	-120.	97.31	995	0.12542
304	180	-14.762	-120.	98.263	995	0.12589
305	182	-14.524	-120.	96.261	995	0.12482
305	180	-14.762	-120.	98.263	995	0.12589
305	174	-16.334	-120.	97.294	995	0.12535
306	182	-14.524	-120.	96.261	995	0.12482
306	174	-16.334	-120.	97.294	995	0.12535
306	176	-16.032	-120.	95.811	995	0.12455
307	189	-13.45	-120.	97.31	995	0.12542
307	193	-12.821	-120.	94.742	995	0.12392
307	206	-11.103	-120.	95.872	995	0.12461
308	176	-16.032	-120.	95.811	995	0.12455
308	178	-15.485	-120.	93.018	995	0.12287
308	185	-13.745	-120.	94.149	995	0.12356
309	174	-16.334	-120.	97.294	995	0.12535
309	180	-14.762	-120.	98.263	995	0.12589
309	171	-16.855	-120.	100.05	995	0.12669
310	253	-3.4987	-120.	85.463	996	0.11831
310	228	-7.7041	-120.	86.405	996	0.11867
310	245	-4.8957	-120.	88.564	996	0.11997
311	169	-17.251	-120.	143.32	997	0.11165
311	163	-18.192	-120.	144.96	997	0.11105
311	148	-20.24	-120.	142.97	997	0.11189
312	152	-19.63	-120.	147.46	997	0.11019
312	127	-21.862	-120.	145.54	997	0.1108
312	159	-18.684	-120.	145.81	997	0.11075
313	99	-24.821	-120.	142.41	997	0.11216
313	129	-21.791	-120.	142.79	997	0.11199
313	114	-22.843	-120.	144.59	997	0.11117
314	142	-20.602	-120.	144.44	997	0.11126
314	148	-20.24	-120.	142.97	997	0.11189
314	163	-18.192	-120.	144.96	997	0.11105
315	142	-20.602	-120.	144.44	997	0.11126
315	163	-18.192	-120.	144.96	997	0.11105
315	159	-18.684	-120.	145.81	997	0.11075
316	142	-20.602	-120.	144.44	997	0.11126
316	159	-18.684	-120.	145.81	997	0.11075
316	127	-21.862	-120.	145.54	997	0.1108
317	142	-20.602	-120.	144.44	997	0.11126
317	127	-21.862	-120.	145.54	997	0.1108
317	114	-22.843	-120.	144.59	997	0.11117
318	142	-20.602	-120.	144.44	997	0.11126
318	114	-22.843	-120.	144.59	997	0.11117
318	129	-21.791	-120.	142.79	997	0.11199
319	142	-20.602	-120.	144.44	997	0.11126
319	129	-21.791	-120.	142.79	997	0.11199
319	148	-20.24	-120.	142.97	997	0.11189
320	575	36.909	-120.	117.34	999	0.10578
320	573	36.317	-120.	113.07	999	0.10807
320	555	33.96	-120.	115.92	999	0.10644
321	313	6.5826	-120.	88.167	1004	0.11983
321	321	8.0152	-120.	85.538	1004	0.11927
321	298	3.7317	-120.	85.064	1004	0.11868
322	108	-23.689	-120.	103.77	1024	0.12778
322	103	-24.368	-120.	105.63	1024	0.12812
322	78	-26.081	-120.	104.59	1024	0.12794
323	108	-23.689	-120.	103.77	1024	0.12778
323	78	-26.081	-120.	104.59	1024	0.12794
323	90	-25.369	-120.	103.36	1024	0.12768
324	108	-23.689	-120.	103.77	1024	0.12778
324	90	-25.369	-120.	103.36	1024	0.12768
324	122	-22.197	-120.	101.87	1024	0.12727
325	108	-23.689	-120.	103.77	1024	0.12778
325	122	-22.197	-120.	101.87	1024	0.12727
325	135	-21.358	-120.	102.37	1024	0.12743
326	108	-23.689	-120.	103.77	1024	0.12778
326	135	-21.358	-120.	102.37	1024	0.12743
326	116	-22.763	-120.	104.8	1024	0.128
327	108	-23.689	-120.	103.77	1024	0.12778
327	116	-22.763	-120.	104.8	1024	0.128
327	103	-24.368	-120.	105.63	1024	0.12812
328	122	-22.197	-120.	101.87	1024	0.12727
328	90	-25.369	-120.	103.36	1024	0.12768
328	107	-23.785	-120.	100.93	1024	0.12697
329	103	-24.368	-120.	105.63	1024	0.12812
329	55	-27.388	-120.	107.17	1024	0.12827
329	78	-26.081	-120.	104.59	1024	0.12794
330	116	-22.763	-120.	104.8	1024	0.128
330	135	-21.358	-120.	102.37	1024	0.12743
330	151	-19.781	-120.	103.3	1024	0.1277
331	84	-25.691	-120.	136.27	1035	0.1157
331	64	-26.981	-120.	133.72	1035	0.11737
331	101	-24.589	-120.	134.53	1035	0.11681
332	27	-29.479	-120.	135.18	1035	0.11644
332	10	-30.643	-120.	132.48	1035	0.11821
332	41	-28.225	-120.	133.31	1035	0.11765
333	54	-27.584	-120.	135.34	1035	0.11632
333	27	-29.479	-120.	135.18	1035	0.11644
333	41	-28.225	-120.	133.31	1035	0.11765
334	54	-27.584	-120.	135.34	1035	0.11632
334	41	-28.225	-120.	133.31	1035	0.11765
334	64	-26.981	-120.	133.72	1035	0.11737
335	54	-27.584	-120.	135.34	1035	0.11632
335	64	-26.981	-120.	133.72	1035	0.11737
335	84	-25.691	-120.	136.27	1035	0.1157
336	54	-27.584	-120.	135.34	1035	0.11632
336	84	-25.691	-120.	136.27	1035	0.1157
336	75	-26.268	-120.	137.17	1035	0.11514
337	54	-27.584	-120.	135.34	1035	0.11632
337	75	-26.268	-120.	137.17	1035	0.11514
337	34	-28.862	-120.	136.4	1035	0.11566
338	54	-27.584	-120.	135.34	1035	0.11632
338	34	-28.862	-120.	136.4	1035	0.11566
338	27	-29.479	-120.	135.18	1035	0.11644
339	57	-27.373	-120.	138.94	1035	0.11409
339	34	-28.862	-120.	136.4	1035	0.11566
339	75	-26.268	-120.	137.17	1035	0.11514
340	131	-21.647	-120.	137.26	1036	0.11501
340	118	-22.638	-120.	137.55	1036	0.11486
340	120	-22.202	-120.	138.16	1036	0.11448
341	92	-25.296	-120.	136.9	1036	0.1153
341	85	-25.691	-120.	136.27	1036	0.1157
341	74	-26.268	-120.	137.17	1036	0.11514
342	102	-24.506	-120.	138.1	1036	0.11456
342	120	-22.202	-120.	138.16	1036	0.11448
342	113	-23.261	-120.	139.86	1036	0.11351
343	102	-24.506	-120.	138.1	1036	0.11456
343	113	-23.261	-120.	139.86	1036	0.11351
343	57	-27.373	-120.	138.94	1036	0.11409
344	102	-24.506	-120.	138.1	1036	0.11456
344	57	-27.373	-120.	138.94	1036	0.11409
344	74	-26.268	-120.	137.17	1036	0.11514
345	102	-24.506	-120.	138.1	1036	0.11456
345	74	-26.268	-120.	137.17	1036	0.11514
345	92	-25.296	-120.	136.9	1036	0.1153
346	102	-24.506	-120.	138.1	1036	0.11456
346	92	-25.296	-120.	136.9	1036	0.1153
346	118	-22.638	-120.	137.55	1036	0.11486
347	102	-24.506	-120.	138.1	1036	0.11456
347	118	-22.638	-120.	137.55	1036	0.11486
347	120	-22.202	-120.	138.16	1036	0.11448
348	111	-23.409	-120.	136.35	1036	0.11561
348	85	-25.691	-120.	136.27	1036	0.1157
348	101	-24.589	-120.	134.53	1036	0.11681
349	111	-23.409	-120.	136.35	1036	0.11561
349	101	-24.589	-120.	134.53	1036	0.11681
349	143	-20.59	-120.	135.59	1036	0.11605
350	111	-23.409	-120.	136.35	1036	0.11561
350	143	-20.59	-120.	135.59	1036	0.11605
350	131	-21.647	-120.	137.26	1036	0.11501
351	111	-23.409	-120.	136.35	1036	0.11561
351	131	-21.647	-120.	137.26	1036	0.11501
351	118	-22.638	-120.	137.55	1036	0.11486
352	111	-23.409	-120.	136.35	1036	0.11561
352	118	-22.638	-120.	137.55	1036	0.11486
352	92	-25.296	-120.	136.9	1036	0.1153
353	111	-23.409	-120.	136.35	1036	0.11561
353	92	-25.296	-120.	136.9	1036	0.1153
353	85	-25.691	-120.	136.27	1036	0.1157
354	149	-19.941	-120.	138.82	1037	0.11403
354	166	-17.829	-120.	138.97	1037	0.11386
354	158	-18.742	-120.	140.49	1037	0.11304
355	149	-19.941	-120.	138.82	1037	0.11403
355	158	-18.742	-120.	140.49	1037	0.11304
355	147	-20.31	-120.	140.26	1037	0.11322
356	149	-19.941	-120.	138.82	1037	0.11403
356	147	-20.31	-120.	140.26	1037	0.11322
356	121	-22.202	-120.	138.16	1037	0.11448
357	149	-19.941	-120.	138.82	1037	0.11403
357	121	-22.202	-120.	138.16	1037	0.11448
357	132	-21.647	-120.	137.26	1037	0.11501
358	149	-19.941	-120.	138.82	1037	0.11403
358	132	-21.647	-120.	137.26	1037	0.11501
358	154	-18.914	-120.	137.77	1037	0.11462
359	149	-19.941	-120.	138.82	1037	0.11403
359	154	-18.914	-120.	137.77	1037	0.11462
359	166	-17.829	-120.	138.97	1037	0.11386
360	121	-22.202	-120.	138.16	1037	0.11448
360	147	-20.31	-120.	140.26	1037	0.11322
360	113	-23.261	-120.	139.86	1037	0.11351
361	166	-17.829	-120.	138.97	1037	0.11386
361	177	-15.833	-120.	140.87	1037	0.1127
361	158	-18.742	-120.	140.49	1037	0.11304
362	154	-18.914	-120.	137.77	1037	0.11462
362	132	-21.647	-120.	137.26	1037	0.11501
362	143	-20.59	-120.	135.59	1037	0.11605
363	86	-25.532	-120.	128.87	1041	0.12052
363	71	-26.322	-120.	130.55	1041	0.11945
363	62	-27.196	-120.	127.86	1041	0.12119
364	86	-25.532	-120.	128.87	1041	0.12052
364	62	-27.196	-120.	127.86	1041	0.12119
364	69	-26.429	-120.	126.87	1041	0.12179
365	86	-25.532	-120.	128.87	1041	0.12052
365	69	-26.429	-120.	126.87	1041	0.12179
365	105	-24.331	-120.	127.71	1041	0.12122
366	86	-25.532	-120.	128.87	1041	0.12052
366	105	-24.331	-120.	127.71	1041	0.12122
366	106	-23.83	-120.	129.26	1041	0.12025
367	86	-25.532	-120.	128.87	1041	0.12052
367	106	-23.83	-120.	129.26	1041	0.12025
367	95	-25.087	-120.	131.	1041	0.11914
368	86	-25.532	-120.	128.87	1041	0.12052
368	95	-25.087	-120.	131.	1041	0.11914
368	71	-26.322	-120.	130.55	1041	0.11945
369	105	-24.331	-120.	127.71	1041	0.12122
369	69	-26.429	-120.	126.87	1041	0.12179
369	96	-24.974	-120.	125.04	1041	0.12285
370	71	-26.322	-120.	130.55	1041	0.11945
370	35	-28.656	-120.	129.72	1041	0.12001
370	62	-27.196	-120.	127.86	1041	0.12119
371	95	-25.087	-120.	131.	1041	0.11914
371	106	-23.83	-120.	129.26	1041	0.12025
371	115	-22.777	-120.	131.8	1041	0.11858
372	61	-27.224	-120.	112.18	1056	0.12802
372	100	-24.688	-120.	113.62	1056	0.12766
372	112	-23.336	-120.	109.46	1056	0.12824
373	150	-19.798	-120.	140.81	1065	0.11292
373	157	-18.742	-120.	140.49	1065	0.11304
373	146	-20.31	-120.	140.26	1065	0.11322
374	156	-18.773	-120.	141.82	1065	0.11238
374	169	-17.251	-120.	143.32	1065	0.11165
374	177	-15.833	-120.	140.87	1065	0.1127
375	156	-18.773	-120.	141.82	1065	0.11238
375	177	-15.833	-120.	140.87	1065	0.1127
375	157	-18.742	-120.	140.49	1065	0.11304
376	156	-18.773	-120.	141.82	1065	0.11238
376	157	-18.742	-120.	140.49	1065	0.11304
376	150	-19.798	-120.	140.81	1065	0.11292
377	156	-18.773	-120.	141.82	1065	0.11238
377	150	-19.798	-120.	140.81	1065	0.11292
377	141	-20.774	-120.	142.45	1065	0.11213
378	156	-18.773	-120.	141.82	1065	0.11238
378	141	-20.774	-120.	142.45	1065	0.11213
378	148	-20.24	-120.	142.97	1065	0.11189
379	156	-18.773	-120.	141.82	1065	0.11238
379	148	-20.24	-120.	142.97	1065	0.11189
379	169	-17.251	-120.	143.32	1065	0.11165
380	128	-21.792	-120.	141.43	1065	0.11265
380	99	-24.821	-120.	142.41	1065	0.11216
380	113	-23.261	-120.	139.86	1065	0.11351
381	128	-21.792	-120.	141.43	1065	0.11265
381	113	-23.261	-120.	139.86	1065	0.11351
381	146	-20.31	-120.	140.26	1065	0.11322
382	128	-21.792	-120.	141.43	1065	0.11265
382	146	-20.31	-120.	140.26	1065	0.11322
382	150	-19.798	-120.	140.81	1065	0.11292
383	128	-21.792	-120.	141.43	1065	0.11265
383	150	-19.798	-120.	140.81	1065	0.11292
383	141	-20.774	-120.	142.45	1065	0.11213
384	128	-21.792	-120.	141.43	1065	0.11265
384	141	-20.774	-120.	142.45	1065	0.11213
384	129	-21.791	-120.	142.79	1065	0.11199
385	128	-21.792	-120.	141.43	1065	0.11265
385	129	-21.791	-120.	142.79	1065	0.11199
385	99	-24.821	-120.	142.41	1065	0.11216
386	141	-20.774	-120.	142.45	1065	0.11213
386	129	-21.791	-120.	142.79	1065	0.11199
386	148	-20.24	-120.	142.97	1065	0.11189
387	77	-26.164	-120.	103.72	1069	0.12776
387	79	-26.081	-120.	104.59	1069	0.12794
387	89	-25.369	-120.	103.36	1069	0.12768
388	76	-26.232	-120.	102.02	1069	0.12733
388	47	-27.911	-120.	101.92	1069	0.12729
388	73	-26.285	-120.	99.47	1069	0.12643
389	76	-26.232	-120.	102.02	1069	0.12733
389	73	-26.285	-120.	99.47	1069	0.12643
389	107	-23.785	-120.	100.93	1069	0.12697
390	76	-26.232	-120.	102.02	1069	0.12733
390	107	-23.785	-120.	100.93	1069	0.12697
390	89	-25.369	-120.	103.36	1069	0.12768
391	76	-26.232	-120.	102.02	1069	0.12733
391	89	-25.369	-120.	103.36	1069	0.12768
391	77	-26.164	-120.	103.72	1069	0.12776
392	76	-26.232	-120.	102.02	1069	0.12733
392	77	-26.164	-120.	103.72	1069	0.12776
392	48	-27.878	-120.	102.73	1069	0.12752
393	76	-26.232	-120.	102.02	1069	0.12733
393	48	-27.878	-120.	102.73	1069	0.12752
393	47	-27.911	-120.	101.92	1069	0.12729
394	37	-28.595	-120.	103.11	1069	0.1276
394	48	-27.878	-120.	102.73	1069	0.12752
394	47	-27.911	-120.	101.92	1069	0.12729
395	51	-27.669	-120.	104.51	1069	0.12791
395	20	-29.906	-120.	105.74	1069	0.12808
395	55	-27.388	-120.	107.17	1069	0.12827
396	51	-27.669	-120.	104.51	1069	0.12791
396	55	-27.388	-120.	107.17	1069	0.12827
396	79	-26.081	-120.	104.59	1069	0.12794
397	51	-27.669	-120.	104.51	1069	0.12791
397	79	-26.081	-120.	104.59	1069	0.12794
397	77	-26.164	-120.	103.72	1069	0.12776
398	51	-27.669	-120.	104.51	1069	0.12791
398	77	-26.164	-120.	103.72	1069	0.12776
398	48	-27.878	-120.	102.73	1069	0.12752
399	51	-27.669	-120.	104.51	1069	0.12791
399	48	-27.878	-120.	102.73	1069	0.12752
399	37	-28.595	-120.	103.11	1069	0.1276
400	51	-27.669	-120.	104.51	1069	0.12791
400	37	-28.595	-120.	103.11	1069	0.1276
400	20	-29.906	-120.	105.74	1069	0.12808
401	417	21.839	-120.	142.89	1084	0.10523
401	424	22.411	-120.	142.4	1084	0.10499
401	413	21.536	-120.	141.87	1084	0.10474
402	425	22.428	-120.	144.8	1084	0.10622
402	430	23.336	-120.	147.74	1084	0.10786
402	434	24.064	-120.	143.4	1084	0.10547
403	425	22.428	-120.	144.8	1084	0.10622
403	434	24.064	-120.	143.4	1084	0.10547
403	424	22.411	-120.	142.4	1084	0.10499
404	425	22.428	-120.	144.8	1084	0.10622
404	424	22.411	-120.	142.4	1084	0.10499
404	417	21.839	-120.	142.89	1084	0.10523
405	425	22.428	-120.	144.8	1084	0.10622
405	417	21.839	-120.	142.89	1084	0.10523
405	411	21.309	-120.	145.7	1084	0.10673
406	425	22.428	-120.	144.8	1084	0.10622
406	411	21.309	-120.	145.7	1084	0.10673
406	414	21.609	-120.	146.7	1084	0.10729
407	425	22.428	-120.	144.8	1084	0.10622
407	414	21.609	-120.	146.7	1084	0.10729
407	430	23.336	-120.	147.74	1084	0.10786
408	403	20.72	-120.	143.77	1084	0.10568
408	393	19.016	-120.	145.11	1084	0.10642
408	399	19.899	-120.	140.87	1084	0.10425
409	403	20.72	-120.	143.77	1084	0.10568
409	399	19.899	-120.	140.87	1084	0.10425
409	413	21.536	-120.	141.87	1084	0.10474
410	403	20.72	-120.	143.77	1084	0.10568
410	413	21.536	-120.	141.87	1084	0.10474
410	417	21.839	-120.	142.89	1084	0.10523
411	403	20.72	-120.	143.77	1084	0.10568
411	417	21.839	-120.	142.89	1084	0.10523
411	411	21.309	-120.	145.7	1084	0.10673
412	403	20.72	-120.	143.77	1084	0.10568
412	411	21.309	-120.	145.7	1084	0.10673
412	404	20.723	-120.	146.15	1084	0.10699
413	403	20.72	-120.	143.77	1084	0.10568
413	404	20.723	-120.	146.15	1084	0.10699
413	393	19.016	-120.	145.11	1084	0.10642
414	411	21.309	-120.	145.7	1084	0.10673
414	404	20.723	-120.	146.15	1084	0.10699
414	414	21.609	-120.	146.7	1084	0.10729
415	346	11.663	-120.	147.66	1097	0.108
415	349	11.922	-120.	148.61	1097	0.10855
415	354	12.635	-120.	148.36	1097	0.10839
416	342	11.047	-120.	150.83	1097	0.10986
416	334	10.335	-120.	151.03	1097	0.10998
416	345	11.293	-120.	151.76	1097	0.11039
417	351	12.422	-120.	150.4	1097	0.10961
417	354	12.635	-120.	148.36	1097	0.10839
417	362	14.46	-120.	149.69	1097	0.10917
418	351	12.422	-120.	150.4	1097	0.10961
418	362	14.46	-120.	149.69	1097	0.10917
418	356	13.174	-120.	153.16	1097	0.11121
419	351	12.422	-120.	150.4	1097	0.10961
419	356	13.174	-120.	153.16	1097	0.11121
419	345	11.293	-120.	151.76	1097	0.11039
420	351	12.422	-120.	150.4	1097	0.10961
420	345	11.293	-120.	151.76	1097	0.11039
420	342	11.047	-120.	150.83	1097	0.10986
421	351	12.422	-120.	150.4	1097	0.10961
421	342	11.047	-120.	150.83	1097	0.10986
421	349	11.922	-120.	148.61	1097	0.10855
422	351	12.422	-120.	150.4	1097	0.10961
422	349	11.922	-120.	148.61	1097	0.10855
422	354	12.635	-120.	148.36	1097	0.10839
423	338	10.553	-120.	149.02	1097	0.10883
423	334	10.335	-120.	151.03	1097	0.10998
423	323	8.4836	-120.	149.65	1097	0.10923
424	338	10.553	-120.	149.02	1097	0.10883
424	323	8.4836	-120.	149.65	1097	0.10923
424	332	9.8655	-120.	146.33	1097	0.10728
425	338	10.553	-120.	149.02	1097	0.10883
425	332	9.8655	-120.	146.33	1097	0.10728
425	346	11.663	-120.	147.66	1097	0.108
426	338	10.553	-120.	149.02	1097	0.10883
426	346	11.663	-120.	147.66	1097	0.108
426	349	11.922	-120.	148.61	1097	0.10855
427	338	10.553	-120.	149.02	1097	0.10883
427	349	11.922	-120.	148.61	1097	0.10855
427	342	11.047	-120.	150.83	1097	0.10986
428	338	10.553	-120.	149.02	1097	0.10883
428	342	11.047	-120.	150.83	1097	0.10986
428	334	10.335	-120.	151.03	1097	0.10998
429	393	19.016	-120.	145.11	1104	0.10642
429	399	19.899	-120.	140.87	1104	0.10425
429	375	16.361	-120.	143.44	1104	0.10546
430	436	24.303	-120.	140.3	1108	0.10408
430	440	24.802	-120.	139.73	1108	0.10387
430	438	24.441	-120.	138.64	1108	0.10349
431	450	26.414	-120.	140.68	1108	0.10422
431	455	26.788	-120.	141.73	1108	0.10465
431	457	26.876	-120.	140.1	1108	0.10399
432	446	25.708	-120.	138.62	1108	0.10348
432	438	24.441	-120.	138.64	1108	0.10349
432	439	24.656	-120.	135.59	1108	0.10264
433	446	25.708	-120.	138.62	1108	0.10348
433	439	24.656	-120.	135.59	1108	0.10264
433	460	27.061	-120.	136.97	1108	0.10298
434	446	25.708	-120.	138.62	1108	0.10348
434	460	27.061	-120.	136.97	1108	0.10298
434	457	26.876	-120.	140.1	1108	0.10399
435	446	25.708	-120.	138.62	1108	0.10348
435	457	26.876	-120.	140.1	1108	0.10399
435	450	26.414	-120.	140.68	1108	0.10422
436	446	25.708	-120.	138.62	1108	0.10348
436	450	26.414	-120.	140.68	1108	0.10422
436	440	24.802	-120.	139.73	1108	0.10387
437	446	25.708	-120.	138.62	1108	0.10348
437	440	24.802	-120.	139.73	1108	0.10387
437	438	24.441	-120.	138.64	1108	0.10349
438	445	25.493	-120.	141.79	1108	0.10469
438	455	26.788	-120.	141.73	1108	0.10465
438	452	26.586	-120.	144.91	1108	0.10619
439	445	25.493	-120.	141.79	1108	0.10469
439	452	26.586	-120.	144.91	1108	0.10619
439	434	24.064	-120.	143.4	1108	0.10547
440	445	25.493	-120.	141.79	1108	0.10469
440	434	24.064	-120.	143.4	1108	0.10547
440	436	24.303	-120.	140.3	1108	0.10408
441	445	25.493	-120.	141.79	1108	0.10469
441	436	24.303	-120.	140.3	1108	0.10408
441	440	24.802	-120.	139.73	1108	0.10387
442	445	25.493	-120.	141.79	1108	0.10469
442	440	24.802	-120.	139.73	1108	0.10387
442	450	26.414	-120.	140.68	1108	0.10422
443	445	25.493	-120.	141.79	1108	0.10469
443	450	26.414	-120.	140.68	1108	0.10422
443	455	26.788	-120.	141.73	1108	0.10465
444	88	-25.431	-120.	120.69	1109	0.12515
444	44	-28.087	-120.	123.61	1109	0.12372
444	96	-24.974	-120.	125.04	1109	0.12285
445	362	14.46	-120.	149.69	1115	0.10917
445	356	13.174	-120.	153.16	1115	0.11121
445	380	17.167	-120.	151.53	1115	0.11025
446	308	5.588	-120.	147.24	1140	0.10814
446	323	8.4836	-120.	149.65	1140	0.10923
446	332	9.8655	-120.	146.33	1140	0.10728
447	508	30.804	-120.	116.74	1153	0.10605
447	480	29.255	-120.	116.32	1153	0.10632
447	506	30.803	-120.	114.51	1153	0.10723
448	508	30.804	-120.	116.74	1153	0.10605
448	506	30.803	-120.	114.51	1153	0.10723
448	527	31.894	-120.	115.	1153	0.10694
449	508	30.804	-120.	116.74	1153	0.10605
449	527	31.894	-120.	115.	1153	0.10694
449	532	32.19	-120.	117.81	1153	0.1055
450	508	30.804	-120.	116.74	1153	0.10605
450	532	32.19	-120.	117.81	1153	0.1055
450	515	31.257	-120.	118.83	1153	0.10505
451	508	30.804	-120.	116.74	1153	0.10605
451	515	31.257	-120.	118.83	1153	0.10505
451	487	29.425	-120.	117.94	1153	0.10553
452	508	30.804	-120.	116.74	1153	0.10605
452	487	29.425	-120.	117.94	1153	0.10553
452	480	29.255	-120.	116.32	1153	0.10632
453	532	32.19	-120.	117.81	1153	0.1055
453	527	31.894	-120.	115.	1153	0.10694
453	555	33.96	-120.	115.92	1153	0.10644
454	480	29.255	-120.	116.32	1153	0.10632
454	477	28.754	-120.	113.62	1153	0.10778
454	506	30.803	-120.	114.51	1153	0.10723
455	487	29.425	-120.	117.94	1153	0.10553
455	515	31.257	-120.	118.83	1153	0.10505
455	491	29.497	-120.	120.69	1153	0.10433
456	466	27.921	-120.	96.479	1215	0.11826
456	441	24.832	-120.	93.474	1215	0.11955
456	431	23.352	-120.	95.976	1215	0.11849
457	67	-26.804	-120.	117.53	1253	0.12654
457	66	-26.814	-120.	115.45	1253	0.12725
457	93	-25.189	-120.	116.32	1253	0.12689
458	67	-26.804	-120.	117.53	1253	0.12654
458	93	-25.189	-120.	116.32	1253	0.12689
458	91	-25.359	-120.	117.94	1253	0.12632
459	67	-26.804	-120.	117.53	1253	0.12654
459	91	-25.359	-120.	117.94	1253	0.12632
459	60	-27.268	-120.	119.76	1253	0.12564
460	67	-26.804	-120.	117.53	1253	0.12654
460	60	-27.268	-120.	119.76	1253	0.12564
460	39	-28.244	-120.	119.26	1253	0.12587
461	67	-26.804	-120.	117.53	1253	0.12654
461	39	-28.244	-120.	119.26	1253	0.12587
461	46	-27.948	-120.	116.45	1253	0.12695
462	67	-26.804	-120.	117.53	1253	0.12654
462	46	-27.948	-120.	116.45	1253	0.12695
462	66	-26.814	-120.	115.45	1253	0.12725
463	60	-27.268	-120.	119.76	1253	0.12564
463	91	-25.359	-120.	117.94	1253	0.12632
463	88	-25.431	-120.	120.69	1253	0.12515
464	66	-26.814	-120.	115.45	1253	0.12725
464	100	-24.688	-120.	113.62	1253	0.12766
464	93	-25.189	-120.	116.32	1253	0.12689
465	46	-27.948	-120.	116.45	1253	0.12695
465	39	-28.244	-120.	119.26	1253	0.12587
465	16	-30.093	-120.	118.32	1253	0.12626
466	33	-28.882	-120.	111.23	1255	0.12815
466	61	-27.224	-120.	112.18	1255	0.12802
466	30	-29.43	-120.	114.03	1255	0.12764
467	13	-30.536	-120.	112.93	1255	0.12785
467	33	-28.882	-120.	111.23	1255	0.12815
467	30	-29.43	-120.	114.03	1255	0.12764
468	13	-30.536	-120.	112.93	1255	0.12785
468	30	-29.43	-120.	114.03	1255	0.12764
468	11	-30.578	-120.	114.99	1255	0.12737
469	13	-30.536	-120.	112.93	1255	0.12785
469	11	-30.578	-120.	114.99	1255	0.12737
469	4	-32.421	-120.	113.97	1255	0.12756
470	13	-30.536	-120.	112.93	1255	0.12785
470	4	-32.421	-120.	113.97	1255	0.12756
470	5	-32.159	-120.	112.62	1255	0.12784
471	13	-30.536	-120.	112.93	1255	0.12785
471	5	-32.159	-120.	112.62	1255	0.12784
471	22	-29.748	-120.	110.74	1255	0.12818
472	13	-30.536	-120.	112.93	1255	0.12785
472	22	-29.748	-120.	110.74	1255	0.12818
472	33	-28.882	-120.	111.23	1255	0.12815
473	4	-32.421	-120.	113.97	1255	0.12756
473	11	-30.578	-120.	114.99	1255	0.12737
473	1	-32.805	-120.	116.88	1255	0.12671
474	5	-32.159	-120.	112.62	1255	0.12784
474	7	-31.417	-120.	109.78	1255	0.1282
474	22	-29.748	-120.	110.74	1255	0.12818
475	381	17.43	-120.	91.87	1256	0.1199
475	392	18.881	-120.	89.348	1256	0.12039
475	364	14.983	-120.	87.508	1256	0.12019
476	81	-26.046	-120.	131.25	1264	0.11898
476	94	-25.087	-120.	131.	1264	0.11914
476	72	-26.322	-120.	130.55	1264	0.11945
477	49	-27.864	-120.	131.72	1264	0.11869
477	41	-28.225	-120.	133.31	1264	0.11765
477	10	-30.643	-120.	132.48	1264	0.11821
478	49	-27.864	-120.	131.72	1264	0.11869
478	10	-30.643	-120.	132.48	1264	0.11821
478	35	-28.656	-120.	129.72	1264	0.12001
479	49	-27.864	-120.	131.72	1264	0.11869
479	35	-28.656	-120.	129.72	1264	0.12001
479	72	-26.322	-120.	130.55	1264	0.11945
480	49	-27.864	-120.	131.72	1264	0.11869
480	72	-26.322	-120.	130.55	1264	0.11945
480	81	-26.046	-120.	131.25	1264	0.11898
481	49	-27.864	-120.	131.72	1264	0.11869
481	81	-26.046	-120.	131.25	1264	0.11898
481	58	-27.289	-120.	133.05	1264	0.11781
482	49	-27.864	-120.	131.72	1264	0.11869
482	58	-27.289	-120.	133.05	1264	0.11781
482	41	-28.225	-120.	133.31	1264	0.11765
483	64	-26.981	-120.	133.72	1264	0.11737
483	58	-27.289	-120.	133.05	1264	0.11781
483	41	-28.225	-120.	133.31	1264	0.11765
484	87	-25.462	-120.	132.56	1264	0.11811
484	101	-24.589	-120.	134.53	1264	0.11681
484	115	-22.777	-120.	131.8	1264	0.11858
485	87	-25.462	-120.	132.56	1264	0.11811
485	115	-22.777	-120.	131.8	1264	0.11858
485	94	-25.087	-120.	131.	1264	0.11914
486	87	-25.462	-120.	132.56	1264	0.11811
486	94	-25.087	-120.	131.	1264	0.11914
486	81	-26.046	-120.	131.25	1264	0.11898
487	87	-25.462	-120.	132.56	1264	0.11811
487	81	-26.046	-120.	131.25	1264	0.11898
487	58	-27.289	-120.	133.05	1264	0.11781
488	87	-25.462	-120.	132.56	1264	0.11811
488	58	-27.289	-120.	133.05	1264	0.11781
488	64	-26.981	-120.	133.72	1264	0.11737
489	87	-25.462	-120.	132.56	1264	0.11811
489	64	-26.981	-120.	133.72	1264	0.11737
489	101	-24.589	-120.	134.53	1264	0.11681
490	184	-14.334	-120.	145.42	1276	0.11081
490	186	-13.704	-120.	145.83	1276	0.11067
490	191	-13.215	-120.	145.	1276	0.11086
491	173	-16.43	-120.	146.22	1276	0.11063
491	152	-19.63	-120.	147.46	1276	0.11019
491	181	-14.63	-120.	147.4	1276	0.11033
492	173	-16.43	-120.	146.22	1276	0.11063
492	181	-14.63	-120.	147.4	1276	0.11033
492	186	-13.704	-120.	145.83	1276	0.11067
493	173	-16.43	-120.	146.22	1276	0.11063
493	186	-13.704	-120.	145.83	1276	0.11067
493	184	-14.334	-120.	145.42	1276	0.11081
494	173	-16.43	-120.	146.22	1276	0.11063
494	184	-14.334	-120.	145.42	1276	0.11081
494	168	-17.598	-120.	145.4	1276	0.11089
495	173	-16.43	-120.	146.22	1276	0.11063
495	168	-17.598	-120.	145.4	1276	0.11089
495	160	-18.684	-120.	145.81	1276	0.11075
496	173	-16.43	-120.	146.22	1276	0.11063
496	160	-18.684	-120.	145.81	1276	0.11075
496	152	-19.63	-120.	147.46	1276	0.11019
497	179	-15.481	-120.	144.59	1276	0.11111
497	169	-17.251	-120.	143.32	1276	0.11165
497	197	-12.295	-120.	143.44	1276	0.11125
498	179	-15.481	-120.	144.59	1276	0.11111
498	197	-12.295	-120.	143.44	1276	0.11125
498	191	-13.215	-120.	145.	1276	0.11086
499	179	-15.481	-120.	144.59	1276	0.11111
499	191	-13.215	-120.	145.	1276	0.11086
499	184	-14.334	-120.	145.42	1276	0.11081
500	179	-15.481	-120.	144.59	1276	0.11111
500	184	-14.334	-120.	145.42	1276	0.11081
500	168	-17.598	-120.	145.4	1276	0.11089
501	179	-15.481	-120.	144.59	1276	0.11111
501	168	-17.598	-120.	145.4	1276	0.11089
501	164	-18.192	-120.	144.96	1276	0.11105
502	179	-15.481	-120.	144.59	1276	0.11111
502	164	-18.192	-120.	144.96	1276	0.11105
502	169	-17.251	-120.	143.32	1276	0.11165
503	168	-17.598	-120.	145.4	1276	0.11089
503	164	-18.192	-120.	144.96	1276	0.11105
503	160	-18.684	-120.	145.81	1276	0.11075
504	20	-29.906	-120.	105.74	1287	0.12808
504	7	-31.417	-120.	109.78	1287	0.1282
504	55	-27.388	-120.	107.17	1287	0.12827
505	203	-11.708	-120.	147.15	1310	0.11032
505	191	-13.215	-120.	145.	1310	0.11086
505	211	-10.674	-120.	146.2	1310	0.11042
506	203	-11.708	-120.	147.15	1310	0.11032
506	211	-10.674	-120.	146.2	1310	0.11042
506	216	-9.7773	-120.	147.68	1310	0.11017
507	203	-11.708	-120.	147.15	1310	0.11032
507	216	-9.7773	-120.	147.68	1310	0.11017
507	209	-10.796	-120.	149.39	1310	0.11006
508	203	-11.708	-120.	147.15	1310	0.11032
508	209	-10.796	-120.	149.39	1310	0.11006
508	200	-12.084	-120.	148.78	1310	0.11011
509	203	-11.708	-120.	147.15	1310	0.11032
509	200	-12.084	-120.	148.78	1310	0.11011
509	186	-13.704	-120.	145.83	1310	0.11067
510	203	-11.708	-120.	147.15	1310	0.11032
510	186	-13.704	-120.	145.83	1310	0.11067
510	191	-13.215	-120.	145.	1310	0.11086
511	209	-10.796	-120.	149.39	1310	0.11006
511	216	-9.7773	-120.	147.68	1310	0.11017
511	226	-8.113	-120.	150.47	1310	0.11007
512	191	-13.215	-120.	145.	1310	0.11086
512	197	-12.295	-120.	143.44	1310	0.11125
512	211	-10.674	-120.	146.2	1310	0.11042
513	186	-13.704	-120.	145.83	1310	0.11067
513	200	-12.084	-120.	148.78	1310	0.11011
513	181	-14.63	-120.	147.4	1310	0.11033
514	288	1.8045	-120.	154.98	1350	0.11162
514	311	6.1077	-120.	154.74	1350	0.11182
514	296	3.2389	-120.	152.16	1350	0.11053
515	430	23.336	-120.	147.74	1355	0.10786
515	452	26.586	-120.	144.91	1355	0.10619
515	434	24.064	-120.	143.4	1355	0.10547
516	372	15.89	-120.	146.87	1362	0.10746
516	369	15.629	-120.	145.89	1362	0.10689
516	366	15.218	-120.	147.21	1362	0.10767
517	379	17.139	-120.	146.16	1362	0.10704
517	393	19.016	-120.	145.11	1362	0.10642
517	375	16.361	-120.	143.44	1362	0.10546
518	379	17.139	-120.	146.16	1362	0.10704
518	375	16.361	-120.	143.44	1362	0.10546
518	369	15.629	-120.	145.89	1362	0.10689
519	379	17.139	-120.	146.16	1362	0.10704
519	369	15.629	-120.	145.89	1362	0.10689
519	372	15.89	-120.	146.87	1362	0.10746
520	379	17.139	-120.	146.16	1362	0.10704
520	372	15.89	-120.	146.87	1362	0.10746
520	383	17.646	-120.	148.02	1362	0.10813
521	379	17.139	-120.	146.16	1362	0.10704
521	383	17.646	-120.	148.02	1362	0.10813
521	386	18.289	-120.	147.65	1362	0.1079
522	379	17.139	-120.	146.16	1362	0.10704
522	386	18.289	-120.	147.65	1362	0.1079
522	393	19.016	-120.	145.11	1362	0.10642
523	376	16.383	-120.	148.72	1362	0.10856
523	380	17.167	-120.	151.53	1362	0.11025
523	362	14.46	-120.	149.69	1362	0.10917
524	376	16.383	-120.	148.72	1362	0.10856
524	362	14.46	-120.	149.69	1362	0.10917
524	366	15.218	-120.	147.21	1362	0.10767
525	376	16.383	-120.	148.72	1362	0.10856
525	366	15.218	-120.	147.21	1362	0.10767
525	372	15.89	-120.	146.87	1362	0.10746
526	376	16.383	-120.	148.72	1362	0.10856
526	372	15.89	-120.	146.87	1362	0.10746
526	383	17.646	-120.	148.02	1362	0.10813
527	376	16.383	-120.	148.72	1362	0.10856
527	383	17.646	-120.	148.02	1362	0.10813
527	384	17.918	-120.	148.97	1362	0.10869
528	376	16.383	-120.	148.72	1362	0.10856
528	384	17.918	-120.	148.97	1362	0.10869
528	380	17.167	-120.	151.53	1362	0.11025
529	383	17.646	-120.	148.02	1362	0.10813
529	384	17.918	-120.	148.97	1362	0.10869
529	386	18.289	-120.	147.65	1362	0.1079
530	358	13.591	-120.	146.55	1363	0.10728
530	359	13.941	-120.	144.75	1363	0.10622
530	370	15.629	-120.	145.89	1363	0.10689
531	358	13.591	-120.	146.55	1363	0.10728
531	370	15.629	-120.	145.89	1363	0.10689
531	367	15.218	-120.	147.21	1363	0.10767
532	358	13.591	-120.	146.55	1363	0.10728
532	367	15.218	-120.	147.21	1363	0.10767
532	355	12.635	-120.	148.36	1363	0.10839
533	358	13.591	-120.	146.55	1363	0.10728
533	355	12.635	-120.	148.36	1363	0.10839
533	347	11.663	-120.	147.66	1363	0.108
534	358	13.591	-120.	146.55	1363	0.10728
534	347	11.663	-120.	147.66	1363	0.108
534	352	12.46	-120.	145.41	1363	0.10664
535	358	13.591	-120.	146.55	1363	0.10728
535	352	12.46	-120.	145.41	1363	0.10664
535	359	13.941	-120.	144.75	1363	0.10622
536	355	12.635	-120.	148.36	1363	0.10839
536	367	15.218	-120.	147.21	1363	0.10767
536	362	14.46	-120.	149.69	1363	0.10917
537	359	13.941	-120.	144.75	1363	0.10622
537	375	16.361	-120.	143.44	1363	0.10546
537	370	15.629	-120.	145.89	1363	0.10689
538	352	12.46	-120.	145.41	1363	0.10664
538	347	11.663	-120.	147.66	1363	0.108
538	332	9.8655	-120.	146.33	1363	0.10728
539	172	-16.628	-120.	96.27	1435	0.1248
539	174	-16.334	-120.	97.294	1435	0.12535
539	176	-16.032	-120.	95.811	1435	0.12455
540	167	-17.726	-120.	97.196	1435	0.1253
540	153	-19.369	-120.	98.573	1435	0.12599
540	171	-16.855	-120.	100.05	1435	0.12669
541	167	-17.726	-120.	97.196	1435	0.1253
541	171	-16.855	-120.	100.05	1435	0.12669
541	174	-16.334	-120.	97.294	1435	0.12535
542	167	-17.726	-120.	97.196	1435	0.1253
542	174	-16.334	-120.	97.294	1435	0.12535
542	172	-16.628	-120.	96.27	1435	0.1248
543	167	-17.726	-120.	97.196	1435	0.1253
543	172	-16.628	-120.	96.27	1435	0.1248
543	162	-18.302	-120.	95.252	1435	0.12426
544	167	-17.726	-120.	97.196	1435	0.1253
544	162	-18.302	-120.	95.252	1435	0.12426
544	155	-18.865	-120.	95.735	1435	0.12453
545	167	-17.726	-120.	97.196	1435	0.1253
545	155	-18.865	-120.	95.735	1435	0.12453
545	153	-19.369	-120.	98.573	1435	0.12599
546	170	-17.191	-120.	94.333	1435	0.12371
546	165	-18.085	-120.	91.387	1435	0.1219
546	178	-15.485	-120.	93.018	1435	0.12287
547	170	-17.191	-120.	94.333	1435	0.12371
547	178	-15.485	-120.	93.018	1435	0.12287
547	176	-16.032	-120.	95.811	1435	0.12455
548	170	-17.191	-120.	94.333	1435	0.12371
548	176	-16.032	-120.	95.811	1435	0.12455
548	172	-16.628	-120.	96.27	1435	0.1248
549	170	-17.191	-120.	94.333	1435	0.12371
549	172	-16.628	-120.	96.27	1435	0.1248
549	162	-18.302	-120.	95.252	1435	0.12426
550	170	-17.191	-120.	94.333	1435	0.12371
550	162	-18.302	-120.	95.252	1435	0.12426
550	161	-18.611	-120.	94.262	1435	0.1237
551	170	-17.191	-120.	94.333	1435	0.12371
551	161	-18.611	-120.	94.262	1435	0.1237
551	165	-18.085	-120.	91.387	1435	0.1219
552	162	-18.302	-120.	95.252	1435	0.12426
552	161	-18.611	-120.	94.262	1435	0.1237
552	155	-18.865	-120.	95.735	1435	0.12453
553	183	-14.413	-120.	89.13	1437	0.12036
553	165	-18.085	-120.	91.387	1437	0.1219
553	178	-15.485	-120.	93.018	1437	0.12287
554	272	-0.59171	-120.	88.013	1449	0.1197
554	290	2.2612	-120.	87.855	1449	0.11966
554	285	1.3031	-120.	89.681	1449	0.12042
555	282	0.78947	-120.	85.044	1449	0.11842
555	298	3.7317	-120.	85.064	1449	0.11868
555	292	2.7559	-120.	86.903	1449	0.1193
556	280	0.51125	-120.	86.679	1449	0.11911
556	282	0.78947	-120.	85.044	1449	0.11842
556	292	2.7559	-120.	86.903	1449	0.1193
557	280	0.51125	-120.	86.679	1449	0.11911
557	292	2.7559	-120.	86.903	1449	0.1193
557	290	2.2612	-120.	87.855	1449	0.11966
558	280	0.51125	-120.	86.679	1449	0.11911
558	290	2.2612	-120.	87.855	1449	0.11966
558	272	-0.59171	-120.	88.013	1449	0.1197
559	280	0.51125	-120.	86.679	1449	0.11911
559	272	-0.59171	-120.	88.013	1449	0.1197
559	264	-1.5709	-120.	87.142	1449	0.11926
560	280	0.51125	-120.	86.679	1449	0.11911
560	264	-1.5709	-120.	87.142	1449	0.11926
560	273	-0.57654	-120.	85.119	1449	0.11835
561	280	0.51125	-120.	86.679	1449	0.11911
561	273	-0.57654	-120.	85.119	1449	0.11835
561	282	0.78947	-120.	85.044	1449	0.11842
562	253	-3.4987	-120.	85.463	1449	0.11831
562	273	-0.57654	-120.	85.119	1449	0.11835
562	264	-1.5709	-120.	87.142	1449	0.11926
563	327	9.1417	-120.	90.688	1451	0.1202
563	322	8.4091	-120.	90.519	1451	0.12023
563	329	9.39	-120.	91.764	1451	0.12027
564	325	8.6798	-120.	88.651	1451	0.11996
564	321	8.0152	-120.	85.538	1451	0.11927
564	313	6.5826	-120.	88.167	1451	0.11983
565	325	8.6798	-120.	88.651	1451	0.11996
565	313	6.5826	-120.	88.167	1451	0.11983
565	322	8.4091	-120.	90.519	1451	0.12023
566	325	8.6798	-120.	88.651	1451	0.11996
566	322	8.4091	-120.	90.519	1451	0.12023
566	327	9.1417	-120.	90.688	1451	0.1202
567	325	8.6798	-120.	88.651	1451	0.11996
567	327	9.1417	-120.	90.688	1451	0.1202
567	333	10.073	-120.	89.023	1451	0.12002
568	325	8.6798	-120.	88.651	1451	0.11996
568	333	10.073	-120.	89.023	1451	0.12002
568	330	9.8569	-120.	87.974	1451	0.11989
569	325	8.6798	-120.	88.651	1451	0.11996
569	330	9.8569	-120.	87.974	1451	0.11989
569	321	8.0152	-120.	85.538	1451	0.11927
570	337	10.526	-120.	91.072	1451	0.12015
570	353	12.589	-120.	91.638	1451	0.12004
570	343	11.174	-120.	94.093	1451	0.12003
571	337	10.526	-120.	91.072	1451	0.12015
571	343	11.174	-120.	94.093	1451	0.12003
571	329	9.39	-120.	91.764	1451	0.12027
572	337	10.526	-120.	91.072	1451	0.12015
572	329	9.39	-120.	91.764	1451	0.12027
572	327	9.1417	-120.	90.688	1451	0.1202
573	337	10.526	-120.	91.072	1451	0.12015
573	327	9.1417	-120.	90.688	1451	0.1202
573	333	10.073	-120.	89.023	1451	0.12002
574	337	10.526	-120.	91.072	1451	0.12015
574	333	10.073	-120.	89.023	1451	0.12002
574	339	10.786	-120.	89.228	1451	0.12005
575	337	10.526	-120.	91.072	1451	0.12015
575	339	10.786	-120.	89.228	1451	0.12005
575	353	12.589	-120.	91.638	1451	0.12004
576	333	10.073	-120.	89.023	1451	0.12002
576	339	10.786	-120.	89.228	1451	0.12005
576	330	9.8569	-120.	87.974	1451	0.11989
577	516	31.257	-120.	118.83	1455	0.10505
577	537	32.231	-120.	118.57	1455	0.10514
577	533	32.19	-120.	117.81	1455	0.1055
578	559	34.106	-120.	119.51	1455	0.10473
578	560	34.106	-120.	120.25	1455	0.10442
578	568	35.062	-120.	119.27	1455	0.10484
579	558	34.076	-120.	118.07	1455	0.10537
579	533	32.19	-120.	117.81	1455	0.1055
579	555	33.96	-120.	115.92	1455	0.10644
580	558	34.076	-120.	118.07	1455	0.10537
580	555	33.96	-120.	115.92	1455	0.10644
580	575	36.909	-120.	117.34	1455	0.10578
581	558	34.076	-120.	118.07	1455	0.10537
581	575	36.909	-120.	117.34	1455	0.10578
581	568	35.062	-120.	119.27	1455	0.10484
582	558	34.076	-120.	118.07	1455	0.10537
582	568	35.062	-120.	119.27	1455	0.10484
582	559	34.106	-120.	119.51	1455	0.10473
583	558	34.076	-120.	118.07	1455	0.10537
583	559	34.106	-120.	119.51	1455	0.10473
583	537	32.231	-120.	118.57	1455	0.10514
584	558	34.076	-120.	118.07	1455	0.10537
584	537	32.231	-120.	118.57	1455	0.10514
584	533	32.19	-120.	117.81	1455	0.1055
585	538	32.245	-120.	120.	1455	0.10452
585	560	34.106	-120.	120.25	1455	0.10442
585	539	32.274	-120.	122.15	1455	0.10371
586	538	32.245	-120.	120.	1455	0.10452
586	539	32.274	-120.	122.15	1455	0.10371
586	491	29.497	-120.	120.69	1455	0.10433
587	538	32.245	-120.	120.	1455	0.10452
587	491	29.497	-120.	120.69	1455	0.10433
587	516	31.257	-120.	118.83	1455	0.10505
588	538	32.245	-120.	120.	1455	0.10452
588	516	31.257	-120.	118.83	1455	0.10505
588	537	32.231	-120.	118.57	1455	0.10514
589	538	32.245	-120.	120.	1455	0.10452
589	537	32.231	-120.	118.57	1455	0.10514
589	559	34.106	-120.	119.51	1455	0.10473
590	538	32.245	-120.	120.	1455	0.10452
590	559	34.106	-120.	119.51	1455	0.10473
590	560	34.106	-120.	120.25	1455	0.10442
591	523	31.753	-120.	114.26	1519	0.10736
591	507	30.803	-120.	114.51	1519	0.10723
591	528	31.894	-120.	115.	1519	0.10694
592	518	31.423	-120.	112.87	1519	0.10816
592	511	30.932	-120.	110.76	1519	0.10945
592	477	28.754	-120.	113.62	1519	0.10778
593	518	31.423	-120.	112.87	1519	0.10816
593	477	28.754	-120.	113.62	1519	0.10778
593	507	30.803	-120.	114.51	1519	0.10723
594	518	31.423	-120.	112.87	1519	0.10816
594	507	30.803	-120.	114.51	1519	0.10723
594	523	31.753	-120.	114.26	1519	0.10736
595	518	31.423	-120.	112.87	1519	0.10816
595	523	31.753	-120.	114.26	1519	0.10736
595	548	33.238	-120.	112.39	1519	0.10844
596	518	31.423	-120.	112.87	1519	0.10816
596	548	33.238	-120.	112.39	1519	0.10844
596	545	33.06	-120.	111.67	1519	0.10887
597	518	31.423	-120.	112.87	1519	0.10816
597	545	33.06	-120.	111.67	1519	0.10887
597	511	30.932	-120.	110.76	1519	0.10945
598	551	33.555	-120.	113.8	1519	0.10761
598	573	36.317	-120.	113.07	1519	0.10807
598	555	33.96	-120.	115.92	1519	0.10644
599	551	33.555	-120.	113.8	1519	0.10761
599	555	33.96	-120.	115.92	1519	0.10644
599	528	31.894	-120.	115.	1519	0.10694
600	551	33.555	-120.	113.8	1519	0.10761
600	528	31.894	-120.	115.	1519	0.10694
600	523	31.753	-120.	114.26	1519	0.10736
601	551	33.555	-120.	113.8	1519	0.10761
601	523	31.753	-120.	114.26	1519	0.10736
601	548	33.238	-120.	112.39	1519	0.10844
602	551	33.555	-120.	113.8	1519	0.10761
602	548	33.238	-120.	112.39	1519	0.10844
602	563	34.168	-120.	112.14	1519	0.10859
603	551	33.555	-120.	113.8	1519	0.10761
603	563	34.168	-120.	112.14	1519	0.10859
603	573	36.317	-120.	113.07	1519	0.10807
604	548	33.238	-120.	112.39	1519	0.10844
604	563	34.168	-120.	112.14	1519	0.10859
604	545	33.06	-120.	111.67	1519	0.10887
605	544	33.06	-120.	111.67	1521	0.10887
605	511	30.932	-120.	110.76	1521	0.10945
605	535	32.207	-120.	108.95	1521	0.1106
606	553	33.855	-120.	109.98	1521	0.10993
606	544	33.06	-120.	111.67	1521	0.10887
606	535	32.207	-120.	108.95	1521	0.1106
607	553	33.855	-120.	109.98	1521	0.10993
607	535	32.207	-120.	108.95	1521	0.1106
607	543	32.875	-120.	108.	1521	0.1112
608	553	33.855	-120.	109.98	1521	0.10993
608	543	32.875	-120.	108.	1521	0.1112
608	569	35.206	-120.	108.91	1521	0.11061
609	553	33.855	-120.	109.98	1521	0.10993
609	569	35.206	-120.	108.91	1521	0.11061
609	571	35.614	-120.	110.21	1521	0.10979
610	553	33.855	-120.	109.98	1521	0.10993
610	571	35.614	-120.	110.21	1521	0.10979
610	562	34.168	-120.	112.14	1521	0.10859
611	553	33.855	-120.	109.98	1521	0.10993
611	562	34.168	-120.	112.14	1521	0.10859
611	544	33.06	-120.	111.67	1521	0.10887
612	569	35.206	-120.	108.91	1521	0.11061
612	543	32.875	-120.	108.	1521	0.1112
612	561	34.155	-120.	106.16	1521	0.11239
613	571	35.614	-120.	110.21	1521	0.10979
613	573	36.317	-120.	113.07	1521	0.10807
613	562	34.168	-120.	112.14	1521	0.10859
614	461	27.302	-120.	105.87	1528	0.11265
614	464	27.85	-120.	104.3	1528	0.11368
614	482	29.263	-120.	106.75	1528	0.11205
615	461	27.302	-120.	105.87	1528	0.11265
615	482	29.263	-120.	106.75	1528	0.11205
615	475	28.622	-120.	107.7	1528	0.11144
616	461	27.302	-120.	105.87	1528	0.11265
616	475	28.622	-120.	107.7	1528	0.11144
616	448	26.217	-120.	106.97	1528	0.11195
617	461	27.302	-120.	105.87	1528	0.11265
617	448	26.217	-120.	106.97	1528	0.11195
617	443	25.406	-120.	105.57	1528	0.11288
618	461	27.302	-120.	105.87	1528	0.11265
618	443	25.406	-120.	105.57	1528	0.11288
618	451	26.451	-120.	103.94	1528	0.11394
619	461	27.302	-120.	105.87	1528	0.11265
619	451	26.451	-120.	103.94	1528	0.11394
619	464	27.85	-120.	104.3	1528	0.11368
620	448	26.217	-120.	106.97	1528	0.11195
620	475	28.622	-120.	107.7	1528	0.11144
620	462	27.402	-120.	109.46	1528	0.11033
621	464	27.85	-120.	104.3	1528	0.11368
621	499	30.485	-120.	104.97	1528	0.1132
621	482	29.263	-120.	106.75	1528	0.11205
622	451	26.451	-120.	103.94	1528	0.11394
622	443	25.406	-120.	105.57	1528	0.11288
622	432	23.847	-120.	103.3	1528	0.11441
623	353	12.589	-120.	91.638	1530	0.12004
623	340	10.786	-120.	89.228	1530	0.12005
623	357	13.535	-120.	90.005	1530	0.1201
624	321	8.0152	-120.	85.538	1530	0.11927
624	341	10.891	-120.	86.162	1530	0.1197
624	331	9.8569	-120.	87.974	1530	0.11989
625	364	14.983	-120.	87.508	1530	0.12019
625	360	14.027	-120.	89.153	1530	0.12013
625	350	12.207	-120.	86.534	1530	0.11988
626	348	11.884	-120.	88.176	1530	0.12001
626	357	13.535	-120.	90.005	1530	0.1201
626	340	10.786	-120.	89.228	1530	0.12005
627	348	11.884	-120.	88.176	1530	0.12001
627	340	10.786	-120.	89.228	1530	0.12005
627	331	9.8569	-120.	87.974	1530	0.11989
628	348	11.884	-120.	88.176	1530	0.12001
628	331	9.8569	-120.	87.974	1530	0.11989
628	341	10.891	-120.	86.162	1530	0.1197
629	348	11.884	-120.	88.176	1530	0.12001
629	341	10.891	-120.	86.162	1530	0.1197
629	350	12.207	-120.	86.534	1530	0.11988
630	348	11.884	-120.	88.176	1530	0.12001
630	350	12.207	-120.	86.534	1530	0.11988
630	360	14.027	-120.	89.153	1530	0.12013
631	348	11.884	-120.	88.176	1530	0.12001
631	360	14.027	-120.	89.153	1530	0.12013
631	357	13.535	-120.	90.005	1530	0.1201
632	371	15.86	-120.	93.118	1531	0.11967
632	374	16.06	-120.	94.294	1531	0.11938
632	378	16.533	-120.	93.457	1531	0.11956
633	363	14.571	-120.	92.538	1531	0.11985
633	353	12.589	-120.	91.638	1531	0.12004
633	365	15.169	-120.	95.872	1531	0.11903
634	363	14.571	-120.	92.538	1531	0.11985
634	365	15.169	-120.	95.872	1531	0.11903
634	374	16.06	-120.	94.294	1531	0.11938
635	363	14.571	-120.	92.538	1531	0.11985
635	374	16.06	-120.	94.294	1531	0.11938
635	371	15.86	-120.	93.118	1531	0.11967
636	363	14.571	-120.	92.538	1531	0.11985
636	371	15.86	-120.	93.118	1531	0.11967
636	361	14.21	-120.	90.302	1531	0.12009
637	363	14.571	-120.	92.538	1531	0.11985
637	361	14.21	-120.	90.302	1531	0.12009
637	357	13.535	-120.	90.005	1531	0.1201
638	363	14.571	-120.	92.538	1531	0.11985
638	357	13.535	-120.	90.005	1531	0.1201
638	353	12.589	-120.	91.638	1531	0.12004
639	368	15.507	-120.	90.901	1531	0.12005
639	364	14.983	-120.	87.508	1531	0.12019
639	381	17.43	-120.	91.87	1531	0.1199
640	368	15.507	-120.	90.901	1531	0.12005
640	381	17.43	-120.	91.87	1531	0.1199
640	378	16.533	-120.	93.457	1531	0.11956
641	368	15.507	-120.	90.901	1531	0.12005
641	378	16.533	-120.	93.457	1531	0.11956
641	371	15.86	-120.	93.118	1531	0.11967
642	368	15.507	-120.	90.901	1531	0.12005
642	371	15.86	-120.	93.118	1531	0.11967
642	361	14.21	-120.	90.302	1531	0.12009
643	368	15.507	-120.	90.901	1531	0.12005
643	361	14.21	-120.	90.302	1531	0.12009
643	360	14.027	-120.	89.153	1531	0.12013
644	368	15.507	-120.	90.901	1531	0.12005
644	360	14.027	-120.	89.153	1531	0.12013
644	364	14.983	-120.	87.508	1531	0.12019
645	361	14.21	-120.	90.302	1531	0.12009
645	360	14.027	-120.	89.153	1531	0.12013
645	357	13.535	-120.	90.005	1531	0.1201
646	432	23.847	-120.	103.3	1544	0.11441
646	444	25.409	-120.	100.72	1544	0.11597
646	407	20.921	-120.	100.05	1544	0.11653
647	449	26.403	-120.	99.043	1546	0.11691
647	468	28.095	-120.	101.35	1546	0.11553
647	444	25.409	-120.	100.72	1546	0.11597
648	501	30.617	-120.	99.84	1546	0.1164
648	536	32.209	-120.	102.31	1546	0.11488
648	489	29.49	-120.	101.66	1546	0.11532
649	472	28.556	-120.	99.8	1546	0.11645
649	501	30.617	-120.	99.84	1546	0.1164
649	489	29.49	-120.	101.66	1546	0.11532
650	472	28.556	-120.	99.8	1546	0.11645
650	489	29.49	-120.	101.66	1546	0.11532
650	468	28.095	-120.	101.35	1546	0.11553
651	472	28.556	-120.	99.8	1546	0.11645
651	468	28.095	-120.	101.35	1546	0.11553
651	449	26.403	-120.	99.043	1546	0.11691
652	472	28.556	-120.	99.8	1546	0.11645
652	449	26.403	-120.	99.043	1546	0.11691
652	459	26.924	-120.	98.172	1546	0.11738
653	472	28.556	-120.	99.8	1546	0.11645
653	459	26.924	-120.	98.172	1546	0.11738
653	496	29.807	-120.	98.737	1546	0.11704
654	472	28.556	-120.	99.8	1546	0.11645
654	496	29.807	-120.	98.737	1546	0.11704
654	501	30.617	-120.	99.84	1546	0.1164
655	466	27.921	-120.	96.479	1546	0.11826
655	496	29.807	-120.	98.737	1546	0.11704
655	459	26.924	-120.	98.172	1546	0.11738
656	428	22.931	-120.	98.116	1547	0.11748
656	423	22.388	-120.	97.593	1547	0.11776
656	419	21.882	-120.	98.448	1547	0.11734
657	433	23.908	-120.	99.146	1547	0.1169
657	449	26.403	-120.	99.043	1547	0.11691
657	444	25.409	-120.	100.72	1547	0.11597
658	433	23.908	-120.	99.146	1547	0.1169
658	444	25.409	-120.	100.72	1547	0.11597
658	407	20.921	-120.	100.05	1547	0.11653
659	433	23.908	-120.	99.146	1547	0.1169
659	407	20.921	-120.	100.05	1547	0.11653
659	419	21.882	-120.	98.448	1547	0.11734
660	433	23.908	-120.	99.146	1547	0.1169
660	419	21.882	-120.	98.448	1547	0.11734
660	428	22.931	-120.	98.116	1547	0.11748
661	433	23.908	-120.	99.146	1547	0.1169
661	428	22.931	-120.	98.116	1547	0.11748
661	447	25.899	-120.	98.502	1547	0.11721
662	433	23.908	-120.	99.146	1547	0.1169
662	447	25.899	-120.	98.502	1547	0.11721
662	449	26.403	-120.	99.043	1547	0.11691
663	459	26.924	-120.	98.172	1547	0.11738
663	447	25.899	-120.	98.502	1547	0.11721
663	449	26.403	-120.	99.043	1547	0.11691
664	442	24.902	-120.	97.473	1547	0.11776
664	466	27.921	-120.	96.479	1547	0.11826
664	431	23.352	-120.	95.976	1547	0.11849
665	442	24.902	-120.	97.473	1547	0.11776
665	431	23.352	-120.	95.976	1547	0.11849
665	423	22.388	-120.	97.593	1547	0.11776
666	442	24.902	-120.	97.473	1547	0.11776
666	423	22.388	-120.	97.593	1547	0.11776
666	428	22.931	-120.	98.116	1547	0.11748
667	442	24.902	-120.	97.473	1547	0.11776
667	428	22.931	-120.	98.116	1547	0.11748
667	447	25.899	-120.	98.502	1547	0.11721
668	442	24.902	-120.	97.473	1547	0.11776
668	447	25.899	-120.	98.502	1547	0.11721
668	459	26.924	-120.	98.172	1547	0.11738
669	442	24.902	-120.	97.473	1547	0.11776
669	459	26.924	-120.	98.172	1547	0.11738
669	466	27.921	-120.	96.479	1547	0.11826
670	395	19.847	-120.	97.24	1566	0.11805
670	418	21.882	-120.	98.448	1566	0.11734
670	391	18.828	-120.	98.263	1566	0.11763
671	395	19.847	-120.	97.24	1566	0.11805
671	391	18.828	-120.	98.263	1566	0.11763
671	382	17.516	-120.	97.31	1566	0.1182
672	395	19.847	-120.	97.24	1566	0.11805
672	382	17.516	-120.	97.31	1566	0.1182
672	389	18.369	-120.	95.895	1566	0.11873
673	395	19.847	-120.	97.24	1566	0.11805
673	389	18.369	-120.	95.895	1566	0.11873
673	402	20.101	-120.	95.931	1566	0.11861
674	395	19.847	-120.	97.24	1566	0.11805
674	402	20.101	-120.	95.931	1566	0.11861
674	422	22.388	-120.	97.593	1566	0.11776
675	395	19.847	-120.	97.24	1566	0.11805
675	422	22.388	-120.	97.593	1566	0.11776
675	418	21.882	-120.	98.448	1566	0.11734
676	389	18.369	-120.	95.895	1566	0.11873
676	382	17.516	-120.	97.31	1566	0.1182
676	365	15.169	-120.	95.872	1566	0.11903
677	418	21.882	-120.	98.448	1566	0.11734
677	407	20.921	-120.	100.05	1566	0.11653
677	391	18.828	-120.	98.263	1566	0.11763
678	422	22.388	-120.	97.593	1566	0.11776
678	402	20.101	-120.	95.931	1566	0.11861
678	431	23.352	-120.	95.976	1566	0.11849
679	439	24.656	-120.	135.59	1581	0.10264
679	479	29.242	-120.	133.19	1581	0.10228
679	456	26.843	-120.	131.8	1581	0.10223
680	460	27.061	-120.	136.97	1582	0.10298
680	479	29.242	-120.	133.19	1582	0.10228
680	439	24.656	-120.	135.59	1582	0.10264
681	539	32.274	-120.	122.15	1583	0.10371
681	491	29.497	-120.	120.69	1583	0.10433
681	478	29.04	-120.	125.04	1583	0.10296
682	556	34.028	-120.	123.11	1585	0.1034
682	539	32.274	-120.	122.15	1585	0.10371
682	560	34.106	-120.	120.25	1585	0.10442
683	570	35.354	-120.	121.36	1585	0.10402
683	556	34.028	-120.	123.11	1585	0.1034
683	560	34.106	-120.	120.25	1585	0.10442
684	570	35.354	-120.	121.36	1585	0.10402
684	560	34.106	-120.	120.25	1585	0.10442
684	568	35.062	-120.	119.27	1585	0.10484
685	570	35.354	-120.	121.36	1585	0.10402
685	568	35.062	-120.	119.27	1585	0.10484
685	577	37.01	-120.	120.28	1585	0.10448
686	570	35.354	-120.	121.36	1585	0.10402
686	577	37.01	-120.	120.28	1585	0.10448
686	576	36.972	-120.	121.65	1585	0.10397
687	570	35.354	-120.	121.36	1585	0.10402
687	576	36.972	-120.	121.65	1585	0.10397
687	566	34.943	-120.	123.6	1585	0.10327
688	570	35.354	-120.	121.36	1585	0.10402
688	566	34.943	-120.	123.6	1585	0.10327
688	556	34.028	-120.	123.11	1585	0.1034
689	577	37.01	-120.	120.28	1585	0.10448
689	568	35.062	-120.	119.27	1585	0.10484
689	575	36.909	-120.	117.34	1585	0.10578
690	576	36.972	-120.	121.65	1585	0.10397
690	574	36.709	-120.	124.58	1585	0.10308
690	566	34.943	-120.	123.6	1585	0.10327
691	524	31.758	-120.	125.71	1588	0.10273
691	503	30.725	-120.	125.95	1588	0.10269
691	519	31.619	-120.	126.45	1588	0.10258
692	552	33.712	-120.	125.26	1588	0.10283
692	565	34.943	-120.	123.6	1588	0.10327
692	574	36.709	-120.	124.58	1588	0.10308
693	552	33.712	-120.	125.26	1588	0.10283
693	574	36.709	-120.	124.58	1588	0.10308
693	549	33.314	-120.	127.38	1588	0.10243
694	552	33.712	-120.	125.26	1588	0.10283
694	549	33.314	-120.	127.38	1588	0.10243
694	519	31.619	-120.	126.45	1588	0.10258
695	552	33.712	-120.	125.26	1588	0.10283
695	519	31.619	-120.	126.45	1588	0.10258
695	524	31.758	-120.	125.71	1588	0.10273
696	552	33.712	-120.	125.26	1588	0.10283
696	524	31.758	-120.	125.71	1588	0.10273
696	554	33.93	-120.	123.84	1588	0.10318
697	552	33.712	-120.	125.26	1588	0.10283
697	554	33.93	-120.	123.84	1588	0.10318
697	565	34.943	-120.	123.6	1588	0.10327
698	557	34.028	-120.	123.11	1588	0.1034
698	554	33.93	-120.	123.84	1588	0.10318
698	565	34.943	-120.	123.6	1588	0.10327
699	530	31.959	-120.	124.3	1588	0.10306
699	539	32.274	-120.	122.15	1588	0.10371
699	478	29.04	-120.	125.04	1588	0.10296
700	530	31.959	-120.	124.3	1588	0.10306
700	478	29.04	-120.	125.04	1588	0.10296
700	503	30.725	-120.	125.95	1588	0.10269
701	530	31.959	-120.	124.3	1588	0.10306
701	503	30.725	-120.	125.95	1588	0.10269
701	524	31.758	-120.	125.71	1588	0.10273
702	530	31.959	-120.	124.3	1588	0.10306
702	524	31.758	-120.	125.71	1588	0.10273
702	554	33.93	-120.	123.84	1588	0.10318
703	530	31.959	-120.	124.3	1588	0.10306
703	554	33.93	-120.	123.84	1588	0.10318
703	557	34.028	-120.	123.11	1588	0.1034
704	530	31.959	-120.	124.3	1588	0.10306
704	557	34.028	-120.	123.11	1588	0.1034
704	539	32.274	-120.	122.15	1588	0.10371
705	549	33.314	-120.	127.38	1589	0.10243
705	572	35.883	-120.	128.81	1589	0.10235
705	574	36.709	-120.	124.58	1589	0.10308
706	495	29.794	-120.	128.1	1591	0.10236
706	470	28.397	-120.	127.71	1591	0.10247
706	502	30.725	-120.	125.95	1591	0.10269
707	495	29.794	-120.	128.1	1591	0.10236
707	502	30.725	-120.	125.95	1591	0.10269
707	520	31.619	-120.	126.45	1591	0.10258
708	495	29.794	-120.	128.1	1591	0.10236
708	520	31.619	-120.	126.45	1591	0.10258
708	505	30.745	-120.	129.14	1591	0.10224
709	495	29.794	-120.	128.1	1591	0.10236
709	505	30.745	-120.	129.14	1591	0.10224
709	485	29.384	-120.	130.08	1591	0.10219
710	495	29.794	-120.	128.1	1591	0.10236
710	485	29.384	-120.	130.08	1591	0.10219
710	465	27.896	-120.	129.26	1591	0.10231
711	495	29.794	-120.	128.1	1591	0.10236
711	465	27.896	-120.	129.26	1591	0.10231
711	470	28.397	-120.	127.71	1591	0.10247
712	505	30.745	-120.	129.14	1591	0.10224
712	520	31.619	-120.	126.45	1591	0.10258
712	549	33.314	-120.	127.38	1591	0.10243
713	470	28.397	-120.	127.71	1591	0.10247
713	478	29.04	-120.	125.04	1591	0.10296
713	502	30.725	-120.	125.95	1591	0.10269
714	465	27.896	-120.	129.26	1591	0.10231
714	485	29.384	-120.	130.08	1591	0.10219
714	456	26.843	-120.	131.8	1591	0.10223
715	500	30.508	-120.	129.85	1592	0.1022
715	504	30.745	-120.	129.14	1592	0.10224
715	484	29.384	-120.	130.08	1592	0.10219
716	540	32.636	-120.	129.42	1592	0.10223
716	572	35.883	-120.	128.81	1592	0.10235
716	549	33.314	-120.	127.38	1592	0.10243
717	540	32.636	-120.	129.42	1592	0.10223
717	549	33.314	-120.	127.38	1592	0.10243
717	504	30.745	-120.	129.14	1592	0.10224
718	540	32.636	-120.	129.42	1592	0.10223
718	504	30.745	-120.	129.14	1592	0.10224
718	500	30.508	-120.	129.85	1592	0.1022
719	540	32.636	-120.	129.42	1592	0.10223
719	500	30.508	-120.	129.85	1592	0.1022
719	531	32.136	-120.	130.77	1592	0.10218
720	540	32.636	-120.	129.42	1592	0.10223
720	531	32.136	-120.	130.77	1592	0.10218
720	547	33.229	-120.	130.57	1592	0.1022
721	540	32.636	-120.	129.42	1592	0.10223
721	547	33.229	-120.	130.57	1592	0.1022
721	572	35.883	-120.	128.81	1592	0.10235
722	497	29.996	-120.	131.19	1592	0.10218
722	479	29.242	-120.	133.19	1592	0.10228
722	456	26.843	-120.	131.8	1592	0.10223
723	497	29.996	-120.	131.19	1592	0.10218
723	456	26.843	-120.	131.8	1592	0.10223
723	484	29.384	-120.	130.08	1592	0.10219
724	497	29.996	-120.	131.19	1592	0.10218
724	484	29.384	-120.	130.08	1592	0.10219
724	500	30.508	-120.	129.85	1592	0.1022
725	497	29.996	-120.	131.19	1592	0.10218
725	500	30.508	-120.	129.85	1592	0.1022
725	531	32.136	-120.	130.77	1592	0.10218
726	497	29.996	-120.	131.19	1592	0.10218
726	531	32.136	-120.	130.77	1592	0.10218
726	525	31.866	-120.	131.46	1592	0.10219
727	497	29.996	-120.	131.19	1592	0.10218
727	525	31.866	-120.	131.46	1592	0.10219
727	479	29.242	-120.	133.19	1592	0.10228
728	531	32.136	-120.	130.77	1592	0.10218
728	525	31.866	-120.	131.46	1592	0.10219
728	547	33.229	-120.	130.57	1592	0.1022
729	494	29.577	-120.	107.44	1594	0.1116
729	481	29.263	-120.	106.75	1594	0.11205
729	474	28.622	-120.	107.7	1594	0.11144
730	517	31.382	-120.	106.93	1594	0.11191
730	561	34.155	-120.	106.16	1594	0.11239
730	499	30.485	-120.	104.97	1594	0.1132
731	517	31.382	-120.	106.93	1594	0.11191
731	499	30.485	-120.	104.97	1594	0.1132
731	481	29.263	-120.	106.75	1594	0.11205
732	517	31.382	-120.	106.93	1594	0.11191
732	481	29.263	-120.	106.75	1594	0.11205
732	494	29.577	-120.	107.44	1594	0.1116
733	517	31.382	-120.	106.93	1594	0.11191
733	494	29.577	-120.	107.44	1594	0.1116
733	529	31.935	-120.	108.26	1594	0.11104
734	517	31.382	-120.	106.93	1594	0.11191
734	529	31.935	-120.	108.26	1594	0.11104
734	542	32.875	-120.	108.	1594	0.1112
735	517	31.382	-120.	106.93	1594	0.11191
735	542	32.875	-120.	108.	1594	0.1112
735	561	34.155	-120.	106.16	1594	0.11239
736	498	30.113	-120.	108.76	1594	0.11074
736	511	30.932	-120.	110.76	1594	0.10945
736	462	27.402	-120.	109.46	1594	0.11033
737	498	30.113	-120.	108.76	1594	0.11074
737	462	27.402	-120.	109.46	1594	0.11033
737	474	28.622	-120.	107.7	1594	0.11144
738	498	30.113	-120.	108.76	1594	0.11074
738	474	28.622	-120.	107.7	1594	0.11144
738	494	29.577	-120.	107.44	1594	0.1116
739	498	30.113	-120.	108.76	1594	0.11074
739	494	29.577	-120.	107.44	1594	0.1116
739	529	31.935	-120.	108.26	1594	0.11104
740	498	30.113	-120.	108.76	1594	0.11074
740	529	31.935	-120.	108.26	1594	0.11104
740	534	32.207	-120.	108.95	1594	0.1106
741	498	30.113	-120.	108.76	1594	0.11074
741	534	32.207	-120.	108.95	1594	0.1106
741	511	30.932	-120.	110.76	1594	0.10945
742	529	31.935	-120.	108.26	1594	0.11104
742	534	32.207	-120.	108.95	1594	0.1106
742	542	32.875	-120.	108.	1594	0.1112
743	477	28.754	-120.	113.62	1595	0.10778
743	511	30.932	-120.	110.76	1595	0.10945
743	462	27.402	-120.	109.46	1595	0.11033
744	561	34.155	-120.	106.16	1598	0.11239
744	536	32.209	-120.	102.31	1598	0.11488
744	499	30.485	-120.	104.97	1598	0.1132
745	107	-23.785	-120.	100.93	1649	0.12697
745	110	-23.545	-120.	96.143	1649	0.12484
745	73	-26.285	-120.	99.47	1649	0.12643
746	136	-21.358	-120.	102.37	1650	0.12743
746	130	-21.726	-120.	101.28	1650	0.12708
746	123	-22.197	-120.	101.87	1650	0.12727
747	133	-21.51	-120.	98.163	1650	0.12582
747	138	-21.019	-120.	97.611	1650	0.12554
747	125	-21.878	-120.	97.108	1650	0.12531
748	119	-22.44	-120.	99.25	1650	0.12631
748	123	-22.197	-120.	101.87	1650	0.12727
748	107	-23.785	-120.	100.93	1650	0.12697
749	119	-22.44	-120.	99.25	1650	0.12631
749	107	-23.785	-120.	100.93	1650	0.12697
749	110	-23.545	-120.	96.143	1650	0.12484
750	119	-22.44	-120.	99.25	1650	0.12631
750	110	-23.545	-120.	96.143	1650	0.12484
750	125	-21.878	-120.	97.108	1650	0.12531
751	119	-22.44	-120.	99.25	1650	0.12631
751	125	-21.878	-120.	97.108	1650	0.12531
751	133	-21.51	-120.	98.163	1650	0.12582
752	119	-22.44	-120.	99.25	1650	0.12631
752	133	-21.51	-120.	98.163	1650	0.12582
752	130	-21.726	-120.	101.28	1650	0.12708
753	119	-22.44	-120.	99.25	1650	0.12631
753	130	-21.726	-120.	101.28	1650	0.12708
753	123	-22.197	-120.	101.87	1650	0.12727
754	140	-20.794	-120.	100.22	1650	0.12669
754	138	-21.019	-120.	97.611	1650	0.12554
754	153	-19.369	-120.	98.573	1650	0.12599
755	140	-20.794	-120.	100.22	1650	0.12669
755	153	-19.369	-120.	98.573	1650	0.12599
755	151	-19.781	-120.	103.3	1650	0.1277
756	140	-20.794	-120.	100.22	1650	0.12669
756	151	-19.781	-120.	103.3	1650	0.1277
756	136	-21.358	-120.	102.37	1650	0.12743
757	140	-20.794	-120.	100.22	1650	0.12669
757	136	-21.358	-120.	102.37	1650	0.12743
757	130	-21.726	-120.	101.28	1650	0.12708
758	140	-20.794	-120.	100.22	1650	0.12669
758	130	-21.726	-120.	101.28	1650	0.12708
758	133	-21.51	-120.	98.163	1650	0.12582
759	140	-20.794	-120.	100.22	1650	0.12669
759	133	-21.51	-120.	98.163	1650	0.12582
759	138	-21.019	-120.	97.611	1650	0.12554
760	171	-16.855	-120.	100.05	1654	0.12669
760	153	-19.369	-120.	98.573	1654	0.12599
760	151	-19.781	-120.	103.3	1654	0.1277
761	221	-8.7706	-120.	146.81	1667	0.11017
761	229	-7.1945	-120.	148.83	1667	0.10999
761	217	-9.7773	-120.	147.68	1667	0.11017
762	221	-8.7706	-120.	146.81	1667	0.11017
762	217	-9.7773	-120.	147.68	1667	0.11017
762	212	-10.674	-120.	146.2	1667	0.11042
763	221	-8.7706	-120.	146.81	1667	0.11017
763	212	-10.674	-120.	146.2	1667	0.11042
763	215	-9.8754	-120.	144.75	1667	0.11058
764	221	-8.7706	-120.	146.81	1667	0.11017
764	215	-9.8754	-120.	144.75	1667	0.11058
764	224	-8.3944	-120.	145.41	1667	0.11025
765	221	-8.7706	-120.	146.81	1667	0.11017
765	224	-8.3944	-120.	145.41	1667	0.11025
765	233	-6.7075	-120.	147.97	1667	0.10993
766	221	-8.7706	-120.	146.81	1667	0.11017
766	233	-6.7075	-120.	147.97	1667	0.10993
766	229	-7.1945	-120.	148.83	1667	0.10999
767	215	-9.8754	-120.	144.75	1667	0.11058
767	212	-10.674	-120.	146.2	1667	0.11042
767	197	-12.295	-120.	143.44	1667	0.11125
768	229	-7.1945	-120.	148.83	1667	0.10999
768	226	-8.113	-120.	150.47	1667	0.11007
768	217	-9.7773	-120.	147.68	1667	0.11017
769	233	-6.7075	-120.	147.97	1667	0.10993
769	224	-8.3944	-120.	145.41	1667	0.11025
769	240	-5.7995	-120.	146.33	1667	0.10978
770	486	29.388	-120.	135.79	1726	0.1027
770	479	29.242	-120.	133.19	1726	0.10228
770	460	27.061	-120.	136.97	1726	0.10298
771	486	29.388	-120.	135.79	1726	0.1027
771	460	27.061	-120.	136.97	1726	0.10298
771	476	28.693	-120.	137.9	1726	0.10323
772	486	29.388	-120.	135.79	1726	0.1027
772	476	28.693	-120.	137.9	1726	0.10323
772	492	29.517	-120.	137.53	1726	0.10312
773	486	29.388	-120.	135.79	1726	0.1027
773	492	29.517	-120.	137.53	1726	0.10312
773	512	30.952	-120.	135.04	1726	0.10256
774	486	29.388	-120.	135.79	1726	0.1027
774	512	30.952	-120.	135.04	1726	0.10256
774	509	30.864	-120.	134.14	1726	0.10241
775	486	29.388	-120.	135.79	1726	0.1027
775	509	30.864	-120.	134.14	1726	0.10241
775	479	29.242	-120.	133.19	1726	0.10228
776	513	31.043	-120.	136.75	1726	0.10292
776	550	33.344	-120.	135.59	1726	0.10268
776	514	31.189	-120.	139.32	1726	0.10368
777	513	31.043	-120.	136.75	1726	0.10292
777	514	31.189	-120.	139.32	1726	0.10368
777	493	29.543	-120.	138.38	1726	0.10338
778	513	31.043	-120.	136.75	1726	0.10292
778	493	29.543	-120.	138.38	1726	0.10338
778	492	29.517	-120.	137.53	1726	0.10312
779	513	31.043	-120.	136.75	1726	0.10292
779	492	29.517	-120.	137.53	1726	0.10312
779	512	30.952	-120.	135.04	1726	0.10256
780	513	31.043	-120.	136.75	1726	0.10292
780	512	30.952	-120.	135.04	1726	0.10256
780	521	31.71	-120.	134.63	1726	0.10249
781	513	31.043	-120.	136.75	1726	0.10292
781	521	31.71	-120.	134.63	1726	0.10249
781	550	33.344	-120.	135.59	1726	0.10268
782	492	29.517	-120.	137.53	1726	0.10312
782	476	28.693	-120.	137.9	1726	0.10323
782	493	29.543	-120.	138.38	1726	0.10338
783	512	30.952	-120.	135.04	1726	0.10256
783	521	31.71	-120.	134.63	1726	0.10249
783	509	30.864	-120.	134.14	1726	0.10241
784	476	28.693	-120.	137.9	1744	0.10323
784	458	26.876	-120.	140.1	1744	0.10399
784	460	27.061	-120.	136.97	1744	0.10298
785	473	28.593	-120.	142.76	1744	0.10509
785	452	26.586	-120.	144.91	1744	0.10619
785	454	26.788	-120.	141.73	1744	0.10465
786	469	28.326	-120.	140.43	1744	0.1041
786	473	28.593	-120.	142.76	1744	0.10509
786	454	26.788	-120.	141.73	1744	0.10465
787	469	28.326	-120.	140.43	1744	0.1041
787	454	26.788	-120.	141.73	1744	0.10465
787	458	26.876	-120.	140.1	1744	0.10399
788	469	28.326	-120.	140.43	1744	0.1041
788	458	26.876	-120.	140.1	1744	0.10399
788	476	28.693	-120.	137.9	1744	0.10323
789	469	28.326	-120.	140.43	1744	0.1041
789	476	28.693	-120.	137.9	1744	0.10323
789	493	29.543	-120.	138.38	1744	0.10338
790	469	28.326	-120.	140.43	1744	0.1041
790	493	29.543	-120.	138.38	1744	0.10338
790	488	29.463	-120.	141.7	1744	0.10461
791	469	28.326	-120.	140.43	1744	0.1041
791	488	29.463	-120.	141.7	1744	0.10461
791	473	28.593	-120.	142.76	1744	0.10509
792	514	31.189	-120.	139.32	1744	0.10368
792	488	29.463	-120.	141.7	1744	0.10461
792	493	29.543	-120.	138.38	1744	0.10338
793	390	18.671	-120.	94.527	1810	0.11918
793	388	18.369	-120.	95.895	1810	0.11873
793	373	16.06	-120.	94.294	1810	0.11938
794	390	18.671	-120.	94.527	1810	0.11918
794	373	16.06	-120.	94.294	1810	0.11938
794	377	16.533	-120.	93.457	1810	0.11956
795	390	18.671	-120.	94.527	1810	0.11918
795	377	16.533	-120.	93.457	1810	0.11956
795	397	19.897	-120.	93.386	1810	0.11951
796	390	18.671	-120.	94.527	1810	0.11918
796	397	19.897	-120.	93.386	1810	0.11951
796	409	21.067	-120.	94.197	1810	0.11923
797	390	18.671	-120.	94.527	1810	0.11918
797	409	21.067	-120.	94.197	1810	0.11923
797	401	20.101	-120.	95.931	1810	0.11861
798	390	18.671	-120.	94.527	1810	0.11918
798	401	20.101	-120.	95.931	1810	0.11861
798	388	18.369	-120.	95.895	1810	0.11873
799	397	19.897	-120.	93.386	1810	0.11951
799	377	16.533	-120.	93.457	1810	0.11956
799	381	17.43	-120.	91.87	1810	0.1199
800	388	18.369	-120.	95.895	1810	0.11873
800	365	15.169	-120.	95.872	1810	0.11903
800	373	16.06	-120.	94.294	1810	0.11938
801	401	20.101	-120.	95.931	1810	0.11861
801	409	21.067	-120.	94.197	1810	0.11923
801	431	23.352	-120.	95.976	1810	0.11849
802	406	20.74	-120.	93.354	1811	0.11952
802	398	19.897	-120.	93.386	1811	0.11951
802	410	21.067	-120.	94.197	1811	0.11924
803	400	20.015	-120.	91.744	1811	0.11997
803	392	18.881	-120.	89.348	1811	0.12039
803	381	17.43	-120.	91.87	1811	0.1199
804	400	20.015	-120.	91.744	1811	0.11997
804	381	17.43	-120.	91.87	1811	0.1199
804	398	19.897	-120.	93.386	1811	0.11951
805	400	20.015	-120.	91.744	1811	0.11997
805	398	19.897	-120.	93.386	1811	0.11951
805	406	20.74	-120.	93.354	1811	0.11952
806	400	20.015	-120.	91.744	1811	0.11997
806	406	20.74	-120.	93.354	1811	0.11952
806	416	21.743	-120.	91.638	1811	0.12005
807	400	20.015	-120.	91.744	1811	0.11997
807	416	21.743	-120.	91.638	1811	0.12005
807	412	21.398	-120.	90.871	1811	0.12023
808	400	20.015	-120.	91.744	1811	0.11997
808	412	21.398	-120.	90.871	1811	0.12023
808	392	18.881	-120.	89.348	1811	0.12039
809	421	22.376	-120.	93.382	1811	0.11952
809	441	24.832	-120.	93.474	1811	0.11955
809	431	23.352	-120.	95.976	1811	0.11849
810	421	22.376	-120.	93.382	1811	0.11952
810	431	23.352	-120.	95.976	1811	0.11849
810	410	21.067	-120.	94.197	1811	0.11924
811	421	22.376	-120.	93.382	1811	0.11952
811	410	21.067	-120.	94.197	1811	0.11924
811	406	20.74	-120.	93.354	1811	0.11952
812	421	22.376	-120.	93.382	1811	0.11952
812	406	20.74	-120.	93.354	1811	0.11952
812	416	21.743	-120.	91.638	1811	0.12005
813	421	22.376	-120.	93.382	1811	0.11952
813	416	21.743	-120.	91.638	1811	0.12005
813	426	22.522	-120.	91.651	1811	0.12007
814	421	22.376	-120.	93.382	1811	0.11952
814	426	22.522	-120.	91.651	1811	0.12007
814	441	24.832	-120.	93.474	1811	0.11955
815	416	21.743	-120.	91.638	1811	0.12005
815	426	22.522	-120.	91.651	1811	0.12007
815	412	21.398	-120.	90.871	1811	0.12023
