小面	点	X坐标 (mm)	Y坐标 (mm)	Z坐标 (mm)	单元数	定向变形 (mm)
0	256	-2.9777	-120.	149.89	577	0.11536
0	268	-1.0913	-120.	151.9	577	0.11568
0	252	-3.9312	-120.	151.58	577	0.1156
1	288	1.8045	-120.	154.98	577	0.11649
1	267	-1.1343	-120.	154.83	577	0.11628
1	276	-0.11815	-120.	152.95	577	0.11591
2	243	-5.3928	-120.	154.18	577	0.11592
2	248	-4.4252	-120.	152.47	577	0.11572
2	259	-2.4941	-120.	154.68	577	0.11618
3	261	-2.1991	-120.	153.07	577	0.11588
3	252	-3.9312	-120.	151.58	577	0.1156
3	268	-1.0913	-120.	151.9	577	0.11568
4	261	-2.1991	-120.	153.07	577	0.11588
4	268	-1.0913	-120.	151.9	577	0.11568
4	276	-0.11815	-120.	152.95	577	0.11591
5	261	-2.1991	-120.	153.07	577	0.11588
5	276	-0.11815	-120.	152.95	577	0.11591
5	267	-1.1343	-120.	154.83	577	0.11628
6	261	-2.1991	-120.	153.07	577	0.11588
6	267	-1.1343	-120.	154.83	577	0.11628
6	259	-2.4941	-120.	154.68	577	0.11618
7	261	-2.1991	-120.	153.07	577	0.11588
7	259	-2.4941	-120.	154.68	577	0.11618
7	248	-4.4252	-120.	152.47	577	0.11572
8	261	-2.1991	-120.	153.07	577	0.11588
8	248	-4.4252	-120.	152.47	577	0.11572
8	252	-3.9312	-120.	151.58	577	0.1156
9	526	31.866	-120.	131.46	610	0.11029
9	510	30.864	-120.	134.14	610	0.11043
9	479	29.242	-120.	133.19	610	0.11035
10	564	34.544	-120.	132.9	610	0.11038
10	550	33.344	-120.	135.59	610	0.11061
10	522	31.71	-120.	134.63	610	0.11049
11	541	32.873	-120.	132.56	610	0.11034
11	564	34.544	-120.	132.9	610	0.11038
11	522	31.71	-120.	134.63	610	0.11049
12	541	32.873	-120.	132.56	610	0.11034
12	522	31.71	-120.	134.63	610	0.11049
12	510	30.864	-120.	134.14	610	0.11043
13	541	32.873	-120.	132.56	610	0.11034
13	510	30.864	-120.	134.14	610	0.11043
13	526	31.866	-120.	131.46	610	0.11029
14	541	32.873	-120.	132.56	610	0.11034
14	526	31.866	-120.	131.46	610	0.11029
14	546	33.229	-120.	130.57	610	0.1103
15	541	32.873	-120.	132.56	610	0.11034
15	546	33.229	-120.	130.57	610	0.1103
15	567	35.024	-120.	131.62	610	0.11034
16	541	32.873	-120.	132.56	610	0.11034
16	567	35.024	-120.	131.62	610	0.11034
16	564	34.544	-120.	132.9	610	0.11038
17	572	35.883	-120.	128.81	610	0.1104
17	567	35.024	-120.	131.62	610	0.11034
17	546	33.229	-120.	130.57	610	0.1103
18	109	-23.556	-120.	106.6	619	0.12741
18	124	-22.151	-120.	106.97	619	0.12741
18	98	-24.934	-120.	108.56	619	0.12744
19	109	-23.556	-120.	106.6	619	0.12741
19	98	-24.934	-120.	108.56	619	0.12744
19	83	-25.781	-120.	108.08	619	0.12745
20	109	-23.556	-120.	106.6	619	0.12741
20	83	-25.781	-120.	108.08	619	0.12745
20	104	-24.368	-120.	105.63	619	0.12736
21	109	-23.556	-120.	106.6	619	0.12741
21	104	-24.368	-120.	105.63	619	0.12736
21	117	-22.763	-120.	104.8	619	0.12729
22	109	-23.556	-120.	106.6	619	0.12741
22	117	-22.763	-120.	104.8	619	0.12729
22	137	-21.34	-120.	105.57	619	0.12734
23	109	-23.556	-120.	106.6	619	0.12741
23	137	-21.34	-120.	105.57	619	0.12734
23	124	-22.151	-120.	106.97	619	0.12741
24	104	-24.368	-120.	105.63	619	0.12736
24	83	-25.781	-120.	108.08	619	0.12745
24	55	-27.388	-120.	107.17	619	0.12743
25	124	-22.151	-120.	106.97	619	0.12741
25	112	-23.336	-120.	109.46	619	0.12739
25	98	-24.934	-120.	108.56	619	0.12744
26	137	-21.34	-120.	105.57	619	0.12734
26	117	-22.763	-120.	104.8	619	0.12729
26	151	-19.781	-120.	103.3	619	0.12711
27	153	-19.369	-120.	98.573	622	0.12602
27	139	-21.019	-120.	97.611	622	0.12573
27	155	-18.865	-120.	95.735	622	0.12508
28	110	-23.545	-120.	96.143	622	0.12528
28	134	-21.451	-120.	94.077	622	0.12451
28	126	-21.878	-120.	97.108	622	0.12558
29	165	-18.085	-120.	91.387	622	0.12336
29	161	-18.611	-120.	94.262	622	0.12453
29	144	-20.419	-120.	93.178	622	0.12414
30	145	-20.374	-120.	95.329	622	0.12495
30	155	-18.865	-120.	95.735	622	0.12508
30	139	-21.019	-120.	97.611	622	0.12573
31	145	-20.374	-120.	95.329	622	0.12495
31	139	-21.019	-120.	97.611	622	0.12573
31	126	-21.878	-120.	97.108	622	0.12558
32	145	-20.374	-120.	95.329	622	0.12495
32	126	-21.878	-120.	97.108	622	0.12558
32	134	-21.451	-120.	94.077	622	0.12451
33	145	-20.374	-120.	95.329	622	0.12495
33	134	-21.451	-120.	94.077	622	0.12451
33	144	-20.419	-120.	93.178	622	0.12414
34	145	-20.374	-120.	95.329	622	0.12495
34	144	-20.419	-120.	93.178	622	0.12414
34	161	-18.611	-120.	94.262	622	0.12453
35	145	-20.374	-120.	95.329	622	0.12495
35	161	-18.611	-120.	94.262	622	0.12453
35	155	-18.865	-120.	95.735	622	0.12508
36	285	1.3031	-120.	89.681	635	0.12237
36	275	-0.15357	-120.	92.615	635	0.12336
36	300	4.2195	-120.	92.615	635	0.1229
37	80	-26.056	-120.	108.78	712	0.12745
37	97	-24.934	-120.	108.56	712	0.12744
37	82	-25.781	-120.	108.08	712	0.12745
38	43	-28.173	-120.	109.18	712	0.12743
38	23	-29.748	-120.	110.74	712	0.12734
38	7	-31.417	-120.	109.78	712	0.12736
39	43	-28.173	-120.	109.18	712	0.12743
39	7	-31.417	-120.	109.78	712	0.12736
39	55	-27.388	-120.	107.17	712	0.12743
40	43	-28.173	-120.	109.18	712	0.12743
40	55	-27.388	-120.	107.17	712	0.12743
40	82	-25.781	-120.	108.08	712	0.12745
41	43	-28.173	-120.	109.18	712	0.12743
41	82	-25.781	-120.	108.08	712	0.12745
41	80	-26.056	-120.	108.78	712	0.12745
42	43	-28.173	-120.	109.18	712	0.12743
42	80	-26.056	-120.	108.78	712	0.12745
42	36	-28.65	-120.	110.53	712	0.12736
43	43	-28.173	-120.	109.18	712	0.12743
43	36	-28.65	-120.	110.53	712	0.12736
43	23	-29.748	-120.	110.74	712	0.12734
44	32	-28.882	-120.	111.23	712	0.12731
44	36	-28.65	-120.	110.53	712	0.12736
44	23	-29.748	-120.	110.74	712	0.12734
45	68	-26.514	-120.	110.12	712	0.1274
45	61	-27.224	-120.	112.18	712	0.12722
45	112	-23.336	-120.	109.46	712	0.12739
46	68	-26.514	-120.	110.12	712	0.1274
46	112	-23.336	-120.	109.46	712	0.12739
46	97	-24.934	-120.	108.56	712	0.12744
47	68	-26.514	-120.	110.12	712	0.1274
47	97	-24.934	-120.	108.56	712	0.12744
47	80	-26.056	-120.	108.78	712	0.12745
48	68	-26.514	-120.	110.12	712	0.1274
48	80	-26.056	-120.	108.78	712	0.12745
48	36	-28.65	-120.	110.53	712	0.12736
49	68	-26.514	-120.	110.12	712	0.1274
49	36	-28.65	-120.	110.53	712	0.12736
49	32	-28.882	-120.	111.23	712	0.12731
50	68	-26.514	-120.	110.12	712	0.1274
50	32	-28.882	-120.	111.23	712	0.12731
50	61	-27.224	-120.	112.18	712	0.12722
51	241	-5.7764	-120.	90.758	716	0.12295
51	235	-6.5008	-120.	90.968	716	0.12304
51	237	-6.2516	-120.	91.919	716	0.12343
52	225	-8.3372	-120.	89.613	716	0.12249
52	223	-8.5933	-120.	88.683	716	0.12211
52	220	-9.0374	-120.	89.857	716	0.1226
53	227	-7.8565	-120.	91.427	716	0.12325
53	237	-6.2516	-120.	91.919	716	0.12343
53	231	-7.1082	-120.	94.093	716	0.12436
54	227	-7.8565	-120.	91.427	716	0.12325
54	231	-7.1082	-120.	94.093	716	0.12436
54	214	-9.904	-120.	92.112	716	0.12357
55	227	-7.8565	-120.	91.427	716	0.12325
55	214	-9.904	-120.	92.112	716	0.12357
55	220	-9.0374	-120.	89.857	716	0.1226
56	227	-7.8565	-120.	91.427	716	0.12325
56	220	-9.0374	-120.	89.857	716	0.1226
56	225	-8.3372	-120.	89.613	716	0.12249
57	227	-7.8565	-120.	91.427	716	0.12325
57	225	-8.3372	-120.	89.613	716	0.12249
57	235	-6.5008	-120.	90.968	716	0.12304
58	227	-7.8565	-120.	91.427	716	0.12325
58	235	-6.5008	-120.	90.968	716	0.12304
58	237	-6.2516	-120.	91.919	716	0.12343
59	232	-6.9679	-120.	89.165	716	0.12231
59	223	-8.5933	-120.	88.683	716	0.12211
59	228	-7.7041	-120.	86.405	716	0.12119
60	232	-6.9679	-120.	89.165	716	0.12231
60	228	-7.7041	-120.	86.405	716	0.12119
60	245	-4.8957	-120.	88.564	716	0.12206
61	232	-6.9679	-120.	89.165	716	0.12231
61	245	-4.8957	-120.	88.564	716	0.12206
61	241	-5.7764	-120.	90.758	716	0.12295
62	232	-6.9679	-120.	89.165	716	0.12231
62	241	-5.7764	-120.	90.758	716	0.12295
62	235	-6.5008	-120.	90.968	716	0.12304
63	232	-6.9679	-120.	89.165	716	0.12231
63	235	-6.5008	-120.	90.968	716	0.12304
63	225	-8.3372	-120.	89.613	716	0.12249
64	232	-6.9679	-120.	89.165	716	0.12231
64	225	-8.3372	-120.	89.613	716	0.12249
64	223	-8.5933	-120.	88.683	716	0.12211
65	177	-15.833	-120.	140.87	735	0.11713
65	169	-17.251	-120.	143.32	735	0.11646
65	197	-12.295	-120.	143.44	735	0.11619
66	1	-32.805	-120.	116.88	751	0.12631
66	0	-32.924	-120.	121.19	751	0.1251
66	16	-30.093	-120.	118.32	751	0.12601
67	226	-8.113	-120.	150.47	765	0.11546
67	218	-9.54	-120.	153.01	765	0.11554
67	243	-5.3928	-120.	154.18	765	0.11592
68	250	-4.0658	-120.	91.691	802	0.12327
68	263	-2.0045	-120.	91.016	802	0.12292
68	257	-2.8829	-120.	92.974	802	0.1237
69	250	-4.0658	-120.	91.691	802	0.12327
69	257	-2.8829	-120.	92.974	802	0.1237
69	247	-4.4686	-120.	93.311	802	0.12393
70	250	-4.0658	-120.	91.691	802	0.12327
70	247	-4.4686	-120.	93.311	802	0.12393
70	238	-6.2516	-120.	91.919	802	0.12343
71	250	-4.0658	-120.	91.691	802	0.12327
71	238	-6.2516	-120.	91.919	802	0.12343
71	242	-5.7764	-120.	90.758	802	0.12295
72	250	-4.0658	-120.	91.691	802	0.12327
72	242	-5.7764	-120.	90.758	802	0.12295
72	254	-3.011	-120.	90.17	802	0.12265
73	250	-4.0658	-120.	91.691	802	0.12327
73	254	-3.011	-120.	90.17	802	0.12265
73	263	-2.0045	-120.	91.016	802	0.12292
74	238	-6.2516	-120.	91.919	802	0.12343
74	247	-4.4686	-120.	93.311	802	0.12393
74	231	-7.1082	-120.	94.093	802	0.12436
75	263	-2.0045	-120.	91.016	802	0.12292
75	275	-0.15357	-120.	92.615	802	0.12336
75	257	-2.8829	-120.	92.974	802	0.1237
76	254	-3.011	-120.	90.17	802	0.12265
76	242	-5.7764	-120.	90.758	802	0.12295
76	245	-4.8957	-120.	88.564	802	0.12206
77	353	12.589	-120.	91.638	810	0.12213
77	343	11.174	-120.	94.093	810	0.12215
77	365	15.169	-120.	95.872	810	0.1215
78	427	22.928	-120.	139.99	840	0.11145
78	413	21.536	-120.	141.87	840	0.11197
78	420	21.895	-120.	138.97	840	0.11118
79	427	22.928	-120.	139.99	840	0.11145
79	420	21.895	-120.	138.97	840	0.11118
79	429	22.98	-120.	137.77	840	0.11094
80	427	22.928	-120.	139.99	840	0.11145
80	429	22.98	-120.	137.77	840	0.11094
80	437	24.441	-120.	138.64	840	0.11114
81	427	22.928	-120.	139.99	840	0.11145
81	437	24.441	-120.	138.64	840	0.11114
81	435	24.303	-120.	140.3	840	0.11154
82	427	22.928	-120.	139.99	840	0.11145
82	435	24.303	-120.	140.3	840	0.11154
82	424	22.411	-120.	142.4	840	0.11213
83	427	22.928	-120.	139.99	840	0.11145
83	424	22.411	-120.	142.4	840	0.11213
83	413	21.536	-120.	141.87	840	0.11197
84	437	24.441	-120.	138.64	840	0.11114
84	429	22.98	-120.	137.77	840	0.11094
84	439	24.656	-120.	135.59	840	0.11058
85	413	21.536	-120.	141.87	840	0.11197
85	399	19.899	-120.	140.87	840	0.11164
85	420	21.895	-120.	138.97	840	0.11118
86	424	22.411	-120.	142.4	840	0.11213
86	435	24.303	-120.	140.3	840	0.11154
86	434	24.064	-120.	143.4	840	0.11245
87	240	-5.7995	-120.	146.33	842	0.11526
87	256	-2.9777	-120.	149.89	842	0.11536
87	265	-1.522	-120.	147.24	842	0.11486
88	35	-28.656	-120.	129.72	857	0.12187
88	6	-31.929	-120.	128.36	857	0.12243
88	10	-30.643	-120.	132.48	857	0.1207
89	152	-19.63	-120.	147.46	858	0.11553
89	175	-16.089	-120.	149.92	858	0.11529
89	181	-14.63	-120.	147.4	858	0.11562
90	214	-9.904	-120.	92.112	861	0.12357
90	206	-11.103	-120.	95.872	861	0.12514
90	231	-7.1082	-120.	94.093	861	0.12436
91	56	-27.376	-120.	127.13	865	0.12294
91	63	-27.196	-120.	127.86	865	0.12264
91	70	-26.429	-120.	126.87	865	0.12304
92	31	-29.171	-120.	127.62	865	0.12275
92	6	-31.929	-120.	128.36	865	0.12243
92	35	-28.656	-120.	129.72	865	0.12187
93	31	-29.171	-120.	127.62	865	0.12275
93	35	-28.656	-120.	129.72	865	0.12187
93	63	-27.196	-120.	127.86	865	0.12264
94	31	-29.171	-120.	127.62	865	0.12275
94	63	-27.196	-120.	127.86	865	0.12264
94	56	-27.376	-120.	127.13	865	0.12294
95	31	-29.171	-120.	127.62	865	0.12275
95	56	-27.376	-120.	127.13	865	0.12294
95	28	-29.468	-120.	126.21	865	0.12332
96	31	-29.171	-120.	127.62	865	0.12275
96	28	-29.468	-120.	126.21	865	0.12332
96	15	-30.401	-120.	126.46	865	0.12322
97	31	-29.171	-120.	127.62	865	0.12275
97	15	-30.401	-120.	126.46	865	0.12322
97	6	-31.929	-120.	128.36	865	0.12243
98	52	-27.657	-120.	125.72	865	0.1235
98	44	-28.087	-120.	123.61	865	0.12431
98	96	-24.974	-120.	125.04	865	0.12374
99	52	-27.657	-120.	125.72	865	0.1235
99	96	-24.974	-120.	125.04	865	0.12374
99	70	-26.429	-120.	126.87	865	0.12304
100	52	-27.657	-120.	125.72	865	0.1235
100	70	-26.429	-120.	126.87	865	0.12304
100	56	-27.376	-120.	127.13	865	0.12294
101	52	-27.657	-120.	125.72	865	0.1235
101	56	-27.376	-120.	127.13	865	0.12294
101	28	-29.468	-120.	126.21	865	0.12332
102	52	-27.657	-120.	125.72	865	0.1235
102	28	-29.468	-120.	126.21	865	0.12332
102	25	-29.607	-120.	125.48	865	0.1236
103	52	-27.657	-120.	125.72	865	0.1235
103	25	-29.607	-120.	125.48	865	0.1236
103	44	-28.087	-120.	123.61	865	0.12431
104	28	-29.468	-120.	126.21	865	0.12332
104	25	-29.607	-120.	125.48	865	0.1236
104	15	-30.401	-120.	126.46	865	0.12322
105	44	-28.087	-120.	123.61	867	0.12431
105	24	-29.607	-120.	125.48	867	0.1236
105	19	-29.999	-120.	122.65	867	0.12466
106	6	-31.929	-120.	128.36	867	0.12243
106	3	-32.513	-120.	125.48	867	0.12359
106	14	-30.401	-120.	126.46	867	0.12322
107	0	-32.924	-120.	121.19	867	0.1251
107	9	-30.996	-120.	122.16	867	0.12482
107	2	-32.701	-120.	124.13	867	0.12409
108	8	-31.036	-120.	124.39	867	0.12401
108	19	-29.999	-120.	122.65	867	0.12466
108	24	-29.607	-120.	125.48	867	0.1236
109	8	-31.036	-120.	124.39	867	0.12401
109	24	-29.607	-120.	125.48	867	0.1236
109	14	-30.401	-120.	126.46	867	0.12322
110	8	-31.036	-120.	124.39	867	0.12401
110	14	-30.401	-120.	126.46	867	0.12322
110	3	-32.513	-120.	125.48	867	0.12359
111	8	-31.036	-120.	124.39	867	0.12401
111	3	-32.513	-120.	125.48	867	0.12359
111	2	-32.701	-120.	124.13	867	0.12409
112	8	-31.036	-120.	124.39	867	0.12401
112	2	-32.701	-120.	124.13	867	0.12409
112	9	-30.996	-120.	122.16	867	0.12482
113	8	-31.036	-120.	124.39	867	0.12401
113	9	-30.996	-120.	122.16	867	0.12482
113	19	-29.999	-120.	122.65	867	0.12466
114	204	-11.69	-120.	149.52	879	0.11544
114	208	-10.796	-120.	149.39	879	0.11545
114	199	-12.084	-120.	148.78	879	0.11548
115	207	-10.848	-120.	150.93	879	0.11542
115	218	-9.54	-120.	153.01	879	0.11554
115	226	-8.113	-120.	150.47	879	0.11546
116	207	-10.848	-120.	150.93	879	0.11542
116	226	-8.113	-120.	150.47	879	0.11546
116	208	-10.796	-120.	149.39	879	0.11545
117	207	-10.848	-120.	150.93	879	0.11542
117	208	-10.796	-120.	149.39	879	0.11545
117	204	-11.69	-120.	149.52	879	0.11544
118	207	-10.848	-120.	150.93	879	0.11542
118	204	-11.69	-120.	149.52	879	0.11544
118	194	-12.675	-120.	151.25	879	0.11536
119	207	-10.848	-120.	150.93	879	0.11542
119	194	-12.675	-120.	151.25	879	0.11536
119	198	-12.273	-120.	151.92	879	0.11536
120	207	-10.848	-120.	150.93	879	0.11542
120	198	-12.273	-120.	151.92	879	0.11536
120	218	-9.54	-120.	153.01	879	0.11554
121	190	-13.446	-120.	149.7	879	0.11541
121	175	-16.089	-120.	149.92	879	0.11529
121	181	-14.63	-120.	147.4	879	0.11562
122	190	-13.446	-120.	149.7	879	0.11541
122	181	-14.63	-120.	147.4	879	0.11562
122	199	-12.084	-120.	148.78	879	0.11548
123	190	-13.446	-120.	149.7	879	0.11541
123	199	-12.084	-120.	148.78	879	0.11548
123	204	-11.69	-120.	149.52	879	0.11544
124	190	-13.446	-120.	149.7	879	0.11541
124	204	-11.69	-120.	149.52	879	0.11544
124	194	-12.675	-120.	151.25	879	0.11536
125	190	-13.446	-120.	149.7	879	0.11541
125	194	-12.675	-120.	151.25	879	0.11536
125	188	-13.511	-120.	151.33	879	0.11532
126	190	-13.446	-120.	149.7	879	0.11541
126	188	-13.511	-120.	151.33	879	0.11532
126	175	-16.089	-120.	149.92	879	0.11529
127	194	-12.675	-120.	151.25	879	0.11536
127	188	-13.511	-120.	151.33	879	0.11532
127	198	-12.273	-120.	151.92	879	0.11536
128	463	27.448	-120.	103.66	890	0.11823
128	451	26.451	-120.	103.94	890	0.11812
128	464	27.85	-120.	104.3	890	0.11795
129	453	26.629	-120.	102.49	890	0.11873
129	444	25.409	-120.	100.72	890	0.11947
129	432	23.847	-120.	103.3	890	0.11844
130	453	26.629	-120.	102.49	890	0.11873
130	432	23.847	-120.	103.3	890	0.11844
130	451	26.451	-120.	103.94	890	0.11812
131	453	26.629	-120.	102.49	890	0.11873
131	451	26.451	-120.	103.94	890	0.11812
131	463	27.448	-120.	103.66	890	0.11823
132	453	26.629	-120.	102.49	890	0.11873
132	463	27.448	-120.	103.66	890	0.11823
132	471	28.524	-120.	101.95	890	0.11893
133	453	26.629	-120.	102.49	890	0.11873
133	471	28.524	-120.	101.95	890	0.11893
133	467	28.095	-120.	101.35	890	0.11918
134	453	26.629	-120.	102.49	890	0.11873
134	467	28.095	-120.	101.35	890	0.11918
134	444	25.409	-120.	100.72	890	0.11947
135	483	29.334	-120.	103.14	890	0.11843
135	536	32.209	-120.	102.31	890	0.11875
135	499	30.485	-120.	104.97	890	0.11764
136	483	29.334	-120.	103.14	890	0.11843
136	499	30.485	-120.	104.97	890	0.11764
136	464	27.85	-120.	104.3	890	0.11795
137	483	29.334	-120.	103.14	890	0.11843
137	464	27.85	-120.	104.3	890	0.11795
137	463	27.448	-120.	103.66	890	0.11823
138	483	29.334	-120.	103.14	890	0.11843
138	463	27.448	-120.	103.66	890	0.11823
138	471	28.524	-120.	101.95	890	0.11893
139	483	29.334	-120.	103.14	890	0.11843
139	471	28.524	-120.	101.95	890	0.11893
139	490	29.49	-120.	101.66	890	0.11904
140	483	29.334	-120.	103.14	890	0.11843
140	490	29.49	-120.	101.66	890	0.11904
140	536	32.209	-120.	102.31	890	0.11875
141	471	28.524	-120.	101.95	890	0.11893
141	490	29.49	-120.	101.66	890	0.11904
141	467	28.095	-120.	101.35	890	0.11918
142	50	-27.848	-120.	115.7	894	0.12664
142	45	-27.948	-120.	116.45	894	0.12647
142	65	-26.814	-120.	115.45	894	0.12668
143	53	-27.595	-120.	114.29	894	0.12691
143	29	-29.43	-120.	114.03	894	0.12695
143	61	-27.224	-120.	112.18	894	0.12722
144	53	-27.595	-120.	114.29	894	0.12691
144	61	-27.224	-120.	112.18	894	0.12722
144	100	-24.688	-120.	113.62	894	0.12697
145	53	-27.595	-120.	114.29	894	0.12691
145	100	-24.688	-120.	113.62	894	0.12697
145	65	-26.814	-120.	115.45	894	0.12668
146	53	-27.595	-120.	114.29	894	0.12691
146	65	-26.814	-120.	115.45	894	0.12668
146	50	-27.848	-120.	115.7	894	0.12664
147	53	-27.595	-120.	114.29	894	0.12691
147	50	-27.848	-120.	115.7	894	0.12664
147	26	-29.567	-120.	114.76	894	0.12682
148	53	-27.595	-120.	114.29	894	0.12691
148	26	-29.567	-120.	114.76	894	0.12682
148	29	-29.43	-120.	114.03	894	0.12695
149	12	-30.578	-120.	114.99	894	0.12676
149	26	-29.567	-120.	114.76	894	0.12682
149	29	-29.43	-120.	114.03	894	0.12695
150	21	-29.807	-120.	116.19	894	0.12653
150	1	-32.805	-120.	116.88	894	0.12631
150	16	-30.093	-120.	118.32	894	0.12601
151	21	-29.807	-120.	116.19	894	0.12653
151	16	-30.093	-120.	118.32	894	0.12601
151	45	-27.948	-120.	116.45	894	0.12647
152	21	-29.807	-120.	116.19	894	0.12653
152	45	-27.948	-120.	116.45	894	0.12647
152	50	-27.848	-120.	115.7	894	0.12664
153	21	-29.807	-120.	116.19	894	0.12653
153	50	-27.848	-120.	115.7	894	0.12664
153	26	-29.567	-120.	114.76	894	0.12682
154	21	-29.807	-120.	116.19	894	0.12653
154	26	-29.567	-120.	114.76	894	0.12682
154	12	-30.578	-120.	114.99	894	0.12676
155	21	-29.807	-120.	116.19	894	0.12653
155	12	-30.578	-120.	114.99	894	0.12676
155	1	-32.805	-120.	116.88	894	0.12631
156	40	-28.243	-120.	120.02	900	0.12552
156	59	-27.268	-120.	119.76	900	0.12559
156	38	-28.244	-120.	119.26	900	0.12574
157	42	-28.178	-120.	121.44	900	0.12507
157	44	-28.087	-120.	123.61	900	0.12431
157	88	-25.431	-120.	120.69	900	0.12526
158	42	-28.178	-120.	121.44	900	0.12507
158	88	-25.431	-120.	120.69	900	0.12526
158	59	-27.268	-120.	119.76	900	0.12559
159	42	-28.178	-120.	121.44	900	0.12507
159	59	-27.268	-120.	119.76	900	0.12559
159	40	-28.243	-120.	120.02	900	0.12552
160	42	-28.178	-120.	121.44	900	0.12507
160	40	-28.243	-120.	120.02	900	0.12552
160	18	-30.04	-120.	121.91	900	0.12491
161	42	-28.178	-120.	121.44	900	0.12507
161	18	-30.04	-120.	121.91	900	0.12491
161	19	-29.999	-120.	122.65	900	0.12466
162	42	-28.178	-120.	121.44	900	0.12507
162	19	-29.999	-120.	122.65	900	0.12466
162	44	-28.087	-120.	123.61	900	0.12431
163	17	-30.09	-120.	120.48	900	0.12538
163	0	-32.924	-120.	121.19	900	0.1251
163	16	-30.093	-120.	118.32	900	0.12601
164	17	-30.09	-120.	120.48	900	0.12538
164	16	-30.093	-120.	118.32	900	0.12601
164	38	-28.244	-120.	119.26	900	0.12574
165	17	-30.09	-120.	120.48	900	0.12538
165	38	-28.244	-120.	119.26	900	0.12574
165	40	-28.243	-120.	120.02	900	0.12552
166	17	-30.09	-120.	120.48	900	0.12538
166	40	-28.243	-120.	120.02	900	0.12552
166	18	-30.04	-120.	121.91	900	0.12491
167	17	-30.09	-120.	120.48	900	0.12538
167	18	-30.04	-120.	121.91	900	0.12491
167	9	-30.996	-120.	122.16	900	0.12482
168	17	-30.09	-120.	120.48	900	0.12538
168	9	-30.996	-120.	122.16	900	0.12482
168	0	-32.924	-120.	121.19	900	0.1251
169	18	-30.04	-120.	121.91	900	0.12491
169	9	-30.996	-120.	122.16	900	0.12482
169	19	-29.999	-120.	122.65	900	0.12466
170	101	-24.589	-120.	134.53	905	0.11978
170	143	-20.59	-120.	135.59	905	0.11929
170	115	-22.777	-120.	131.8	905	0.12093
171	236	-6.4699	-120.	149.04	910	0.11539
171	234	-6.7075	-120.	147.97	910	0.11536
171	230	-7.1945	-120.	148.83	910	0.1154
172	239	-6.0411	-120.	151.07	910	0.11552
172	249	-4.4252	-120.	152.47	910	0.11572
172	243	-5.3928	-120.	154.18	910	0.11592
173	239	-6.0411	-120.	151.07	910	0.11552
173	243	-5.3928	-120.	154.18	910	0.11592
173	226	-8.113	-120.	150.47	910	0.11546
174	239	-6.0411	-120.	151.07	910	0.11552
174	226	-8.113	-120.	150.47	910	0.11546
174	230	-7.1945	-120.	148.83	910	0.1154
175	239	-6.0411	-120.	151.07	910	0.11552
175	230	-7.1945	-120.	148.83	910	0.1154
175	236	-6.4699	-120.	149.04	910	0.11539
176	239	-6.0411	-120.	151.07	910	0.11552
176	236	-6.4699	-120.	149.04	910	0.11539
176	246	-4.6513	-120.	151.42	910	0.11557
177	239	-6.0411	-120.	151.07	910	0.11552
177	246	-4.6513	-120.	151.42	910	0.11557
177	249	-4.4252	-120.	152.47	910	0.11572
178	251	-3.9312	-120.	151.58	910	0.1156
178	246	-4.6513	-120.	151.42	910	0.11557
178	249	-4.4252	-120.	152.47	910	0.11572
179	244	-5.0895	-120.	149.37	910	0.11536
179	256	-2.9777	-120.	149.89	910	0.11536
179	240	-5.7995	-120.	146.33	910	0.11526
180	244	-5.0895	-120.	149.37	910	0.11536
180	240	-5.7995	-120.	146.33	910	0.11526
180	234	-6.7075	-120.	147.97	910	0.11536
181	244	-5.0895	-120.	149.37	910	0.11536
181	234	-6.7075	-120.	147.97	910	0.11536
181	236	-6.4699	-120.	149.04	910	0.11539
182	244	-5.0895	-120.	149.37	910	0.11536
182	236	-6.4699	-120.	149.04	910	0.11539
182	246	-4.6513	-120.	151.42	910	0.11557
183	244	-5.0895	-120.	149.37	910	0.11536
183	246	-4.6513	-120.	151.42	910	0.11557
183	251	-3.9312	-120.	151.58	910	0.1156
184	244	-5.0895	-120.	149.37	910	0.11536
184	251	-3.9312	-120.	151.58	910	0.1156
184	256	-2.9777	-120.	149.89	910	0.11536
185	304	4.9242	-120.	150.14	912	0.11515
185	302	4.6741	-120.	149.18	912	0.11486
185	299	4.1731	-120.	150.21	912	0.11519
186	312	6.3385	-120.	149.94	912	0.11506
186	323	8.4836	-120.	149.65	912	0.11491
186	308	5.588	-120.	147.24	912	0.11419
187	312	6.3385	-120.	149.94	912	0.11506
187	308	5.588	-120.	147.24	912	0.11419
187	302	4.6741	-120.	149.18	912	0.11486
188	312	6.3385	-120.	149.94	912	0.11506
188	302	4.6741	-120.	149.18	912	0.11486
188	304	4.9242	-120.	150.14	912	0.11515
189	312	6.3385	-120.	149.94	912	0.11506
189	304	4.9242	-120.	150.14	912	0.11515
189	314	6.814	-120.	151.77	912	0.11567
190	312	6.3385	-120.	149.94	912	0.11506
190	314	6.814	-120.	151.77	912	0.11567
190	320	7.5469	-120.	151.66	912	0.11563
191	312	6.3385	-120.	149.94	912	0.11506
191	320	7.5469	-120.	151.66	912	0.11563
191	323	8.4836	-120.	149.65	912	0.11491
192	307	5.3872	-120.	151.95	912	0.11572
192	311	6.1077	-120.	154.74	912	0.11662
192	296	3.2389	-120.	152.16	912	0.11577
193	307	5.3872	-120.	151.95	912	0.11572
193	296	3.2389	-120.	152.16	912	0.11577
193	299	4.1731	-120.	150.21	912	0.11519
194	307	5.3872	-120.	151.95	912	0.11572
194	299	4.1731	-120.	150.21	912	0.11519
194	304	4.9242	-120.	150.14	912	0.11515
195	307	5.3872	-120.	151.95	912	0.11572
195	304	4.9242	-120.	150.14	912	0.11515
195	314	6.814	-120.	151.77	912	0.11567
196	307	5.3872	-120.	151.95	912	0.11572
196	314	6.814	-120.	151.77	912	0.11567
196	316	7.065	-120.	152.71	912	0.11598
197	307	5.3872	-120.	151.95	912	0.11572
197	316	7.065	-120.	152.71	912	0.11598
197	311	6.1077	-120.	154.74	912	0.11662
198	314	6.814	-120.	151.77	912	0.11567
198	316	7.065	-120.	152.71	912	0.11598
198	320	7.5469	-120.	151.66	912	0.11563
199	387	18.289	-120.	147.65	935	0.11404
199	393	19.016	-120.	145.11	935	0.11307
199	405	20.723	-120.	146.15	935	0.11345
200	396	19.872	-120.	148.18	935	0.11423
200	387	18.289	-120.	147.65	935	0.11404
200	405	20.723	-120.	146.15	935	0.11345
201	396	19.872	-120.	148.18	935	0.11423
201	405	20.723	-120.	146.15	935	0.11345
201	415	21.609	-120.	146.7	935	0.11365
202	396	19.872	-120.	148.18	935	0.11423
202	415	21.609	-120.	146.7	935	0.11365
202	408	20.929	-120.	149.43	935	0.11471
203	396	19.872	-120.	148.18	935	0.11423
203	408	20.929	-120.	149.43	935	0.11471
203	394	19.764	-120.	150.15	935	0.11501
204	396	19.872	-120.	148.18	935	0.11423
204	394	19.764	-120.	150.15	935	0.11501
204	385	17.918	-120.	148.97	935	0.11456
205	396	19.872	-120.	148.18	935	0.11423
205	385	17.918	-120.	148.97	935	0.11456
205	387	18.289	-120.	147.65	935	0.11404
206	408	20.929	-120.	149.43	935	0.11471
206	415	21.609	-120.	146.7	935	0.11365
206	430	23.336	-120.	147.74	935	0.11402
207	394	19.764	-120.	150.15	935	0.11501
207	380	17.167	-120.	151.53	935	0.11559
207	385	17.918	-120.	148.97	935	0.11456
208	291	2.4319	-120.	148.95	938	0.11491
208	299	4.1731	-120.	150.21	938	0.11519
208	287	1.3459	-120.	150.21	938	0.11528
209	291	2.4319	-120.	148.95	938	0.11491
209	287	1.3459	-120.	150.21	938	0.11528
209	279	0.33219	-120.	149.18	938	0.11509
210	291	2.4319	-120.	148.95	938	0.11491
210	279	0.33219	-120.	149.18	938	0.11509
210	284	1.2224	-120.	147.46	938	0.11463
211	291	2.4319	-120.	148.95	938	0.11491
211	284	1.2224	-120.	147.46	938	0.11463
211	294	2.8435	-120.	147.46	938	0.11448
212	291	2.4319	-120.	148.95	938	0.11491
212	294	2.8435	-120.	147.46	938	0.11448
212	302	4.6741	-120.	149.18	938	0.11486
213	291	2.4319	-120.	148.95	938	0.11491
213	302	4.6741	-120.	149.18	938	0.11486
213	299	4.1731	-120.	150.21	938	0.11519
214	284	1.2224	-120.	147.46	938	0.11463
214	279	0.33219	-120.	149.18	938	0.11509
214	265	-1.522	-120.	147.24	938	0.11486
215	299	4.1731	-120.	150.21	938	0.11519
215	296	3.2389	-120.	152.16	938	0.11577
215	287	1.3459	-120.	150.21	938	0.11528
216	302	4.6741	-120.	149.18	938	0.11486
216	294	2.8435	-120.	147.46	938	0.11448
216	308	5.588	-120.	147.24	938	0.11419
217	335	10.335	-120.	151.03	942	0.11541
217	319	7.5469	-120.	151.66	942	0.11563
217	323	8.4836	-120.	149.65	942	0.11491
218	326	9.0131	-120.	154.27	942	0.11655
218	311	6.1077	-120.	154.74	942	0.11662
218	317	7.065	-120.	152.71	942	0.11598
219	328	9.2669	-120.	152.57	942	0.11596
219	326	9.0131	-120.	154.27	942	0.11655
219	317	7.065	-120.	152.71	942	0.11598
220	328	9.2669	-120.	152.57	942	0.11596
220	317	7.065	-120.	152.71	942	0.11598
220	319	7.5469	-120.	151.66	942	0.11563
221	328	9.2669	-120.	152.57	942	0.11596
221	319	7.5469	-120.	151.66	942	0.11563
221	335	10.335	-120.	151.03	942	0.11541
222	328	9.2669	-120.	152.57	942	0.11596
222	335	10.335	-120.	151.03	942	0.11541
222	344	11.293	-120.	151.76	942	0.11568
223	328	9.2669	-120.	152.57	942	0.11596
223	344	11.293	-120.	151.76	942	0.11568
223	336	10.348	-120.	153.98	942	0.11647
224	328	9.2669	-120.	152.57	942	0.11596
224	336	10.348	-120.	153.98	942	0.11647
224	326	9.0131	-120.	154.27	942	0.11655
225	356	13.174	-120.	153.16	942	0.11622
225	336	10.348	-120.	153.98	942	0.11647
225	344	11.293	-120.	151.76	942	0.11568
226	219	-9.0374	-120.	89.857	965	0.1226
226	214	-9.904	-120.	92.112	965	0.12357
226	205	-11.685	-120.	90.932	965	0.12307
227	210	-10.696	-120.	89.164	965	0.12231
227	219	-9.0374	-120.	89.857	965	0.1226
227	205	-11.685	-120.	90.932	965	0.12307
228	210	-10.696	-120.	89.164	965	0.12231
228	205	-11.685	-120.	90.932	965	0.12307
228	195	-12.608	-120.	90.314	965	0.12282
229	210	-10.696	-120.	89.164	965	0.12231
229	195	-12.608	-120.	90.314	965	0.12282
229	202	-11.761	-120.	87.856	965	0.12177
230	210	-10.696	-120.	89.164	965	0.12231
230	202	-11.761	-120.	87.856	965	0.12177
230	213	-10.493	-120.	87.342	965	0.12155
231	210	-10.696	-120.	89.164	965	0.12231
231	213	-10.493	-120.	87.342	965	0.12155
231	222	-8.5933	-120.	88.683	965	0.12211
232	210	-10.696	-120.	89.164	965	0.12231
232	222	-8.5933	-120.	88.683	965	0.12211
232	219	-9.0374	-120.	89.857	965	0.1226
233	202	-11.761	-120.	87.856	965	0.12177
233	195	-12.608	-120.	90.314	965	0.12282
233	183	-14.413	-120.	89.13	965	0.12233
234	213	-10.493	-120.	87.342	965	0.12155
234	228	-7.7041	-120.	86.405	965	0.12119
234	222	-8.5933	-120.	88.683	965	0.12211
235	193	-12.821	-120.	94.742	966	0.12468
235	192	-13.091	-120.	93.772	966	0.12429
235	185	-13.745	-120.	94.149	966	0.12444
236	196	-12.345	-120.	91.267	966	0.12322
236	205	-11.685	-120.	90.932	966	0.12307
236	195	-12.608	-120.	90.314	966	0.12282
237	187	-13.615	-120.	91.942	966	0.12352
237	185	-13.745	-120.	94.149	966	0.12444
237	178	-15.485	-120.	93.018	966	0.12399
238	187	-13.615	-120.	91.942	966	0.12352
238	178	-15.485	-120.	93.018	966	0.12399
238	183	-14.413	-120.	89.13	966	0.12233
239	187	-13.615	-120.	91.942	966	0.12352
239	183	-14.413	-120.	89.13	966	0.12233
239	195	-12.608	-120.	90.314	966	0.12282
240	187	-13.615	-120.	91.942	966	0.12352
240	195	-12.608	-120.	90.314	966	0.12282
240	196	-12.345	-120.	91.267	966	0.12322
241	187	-13.615	-120.	91.942	966	0.12352
241	196	-12.345	-120.	91.267	966	0.12322
241	192	-13.091	-120.	93.772	966	0.12429
242	187	-13.615	-120.	91.942	966	0.12352
242	192	-13.091	-120.	93.772	966	0.12429
242	185	-13.745	-120.	94.149	966	0.12444
243	201	-11.825	-120.	93.116	966	0.124
243	205	-11.685	-120.	90.932	966	0.12307
243	214	-9.904	-120.	92.112	966	0.12357
244	201	-11.825	-120.	93.116	966	0.124
244	214	-9.904	-120.	92.112	966	0.12357
244	206	-11.103	-120.	95.872	966	0.12514
245	201	-11.825	-120.	93.116	966	0.124
245	206	-11.103	-120.	95.872	966	0.12514
245	193	-12.821	-120.	94.742	966	0.12468
246	201	-11.825	-120.	93.116	966	0.124
246	193	-12.821	-120.	94.742	966	0.12468
246	192	-13.091	-120.	93.772	966	0.12429
247	201	-11.825	-120.	93.116	966	0.124
247	192	-13.091	-120.	93.772	966	0.12429
247	196	-12.345	-120.	91.267	966	0.12322
248	201	-11.825	-120.	93.116	966	0.124
248	196	-12.345	-120.	91.267	966	0.12322
248	205	-11.685	-120.	90.932	966	0.12307
249	281	0.59341	-120.	150.18	972	0.1153
249	286	1.3459	-120.	150.21	972	0.11528
249	278	0.33219	-120.	149.18	972	0.11509
250	283	1.0853	-120.	152.07	972	0.11573
250	288	1.8045	-120.	154.98	972	0.11649
250	296	3.2389	-120.	152.16	972	0.11577
251	283	1.0853	-120.	152.07	972	0.11573
251	296	3.2389	-120.	152.16	972	0.11577
251	286	1.3459	-120.	150.21	972	0.11528
252	283	1.0853	-120.	152.07	972	0.11573
252	286	1.3459	-120.	150.21	972	0.11528
252	281	0.59341	-120.	150.18	972	0.1153
253	283	1.0853	-120.	152.07	972	0.11573
253	281	0.59341	-120.	150.18	972	0.1153
253	274	-0.353	-120.	151.97	972	0.1157
254	283	1.0853	-120.	152.07	972	0.11573
254	274	-0.353	-120.	151.97	972	0.1157
254	277	-0.11815	-120.	152.95	972	0.11591
255	283	1.0853	-120.	152.07	972	0.11573
255	277	-0.11815	-120.	152.95	972	0.11591
255	288	1.8045	-120.	154.98	972	0.11649
256	271	-0.83641	-120.	150.06	972	0.11532
256	256	-2.9777	-120.	149.89	972	0.11536
256	265	-1.522	-120.	147.24	972	0.11486
257	271	-0.83641	-120.	150.06	972	0.11532
257	265	-1.522	-120.	147.24	972	0.11486
257	278	0.33219	-120.	149.18	972	0.11509
258	271	-0.83641	-120.	150.06	972	0.11532
258	278	0.33219	-120.	149.18	972	0.11509
258	281	0.59341	-120.	150.18	972	0.1153
259	271	-0.83641	-120.	150.06	972	0.11532
259	281	0.59341	-120.	150.18	972	0.1153
259	274	-0.353	-120.	151.97	972	0.1157
260	271	-0.83641	-120.	150.06	972	0.11532
260	274	-0.353	-120.	151.97	972	0.1157
260	269	-1.0913	-120.	151.9	972	0.11568
261	271	-0.83641	-120.	150.06	972	0.11532
261	269	-1.0913	-120.	151.9	972	0.11568
261	256	-2.9777	-120.	149.89	972	0.11536
262	274	-0.353	-120.	151.97	972	0.1157
262	269	-1.0913	-120.	151.9	972	0.11568
262	277	-0.11815	-120.	152.95	972	0.11591
263	57	-27.373	-120.	138.94	975	0.11802
263	99	-24.821	-120.	142.41	975	0.11678
263	113	-23.261	-120.	139.86	975	0.11765
264	318	7.3448	-120.	91.56	976	0.12243
264	329	9.39	-120.	91.764	976	0.12229
264	324	8.5345	-120.	93.311	976	0.12246
265	318	7.3448	-120.	91.56	976	0.12243
265	324	8.5345	-120.	93.311	976	0.12246
265	315	6.9488	-120.	92.974	976	0.12263
266	318	7.3448	-120.	91.56	976	0.12243
266	315	6.9488	-120.	92.974	976	0.12263
266	306	5.1429	-120.	90.861	976	0.12248
267	318	7.3448	-120.	91.56	976	0.12243
267	306	5.1429	-120.	90.861	976	0.12248
267	310	5.6436	-120.	89.931	976	0.12229
268	318	7.3448	-120.	91.56	976	0.12243
268	310	5.6436	-120.	89.931	976	0.12229
268	322	8.4091	-120.	90.519	976	0.12225
269	318	7.3448	-120.	91.56	976	0.12243
269	322	8.4091	-120.	90.519	976	0.12225
269	329	9.39	-120.	91.764	976	0.12229
270	306	5.1429	-120.	90.861	976	0.12248
270	315	6.9488	-120.	92.974	976	0.12263
270	300	4.2195	-120.	92.615	976	0.1229
271	329	9.39	-120.	91.764	976	0.12229
271	343	11.174	-120.	94.093	976	0.12215
271	324	8.5345	-120.	93.311	976	0.12246
272	322	8.4091	-120.	90.519	976	0.12225
272	310	5.6436	-120.	89.931	976	0.12229
272	313	6.5826	-120.	88.167	976	0.12196
273	260	-2.2653	-120.	90.059	979	0.12259
273	255	-3.011	-120.	90.17	979	0.12265
273	262	-2.0045	-120.	91.016	979	0.12292
274	270	-0.84033	-120.	89.911	979	0.1225
274	272	-0.59171	-120.	88.013	979	0.12188
274	285	1.3031	-120.	89.681	979	0.12237
275	270	-0.84033	-120.	89.911	979	0.1225
275	285	1.3031	-120.	89.681	979	0.12237
275	275	-0.15357	-120.	92.615	979	0.12336
276	270	-0.84033	-120.	89.911	979	0.1225
276	275	-0.15357	-120.	92.615	979	0.12336
276	262	-2.0045	-120.	91.016	979	0.12292
277	270	-0.84033	-120.	89.911	979	0.1225
277	262	-2.0045	-120.	91.016	979	0.12292
277	260	-2.2653	-120.	90.059	979	0.12259
278	270	-0.84033	-120.	89.911	979	0.1225
278	260	-2.2653	-120.	90.059	979	0.12259
278	266	-1.3299	-120.	88.083	979	0.1219
279	270	-0.84033	-120.	89.911	979	0.1225
279	266	-1.3299	-120.	88.083	979	0.1219
279	272	-0.59171	-120.	88.013	979	0.12188
280	264	-1.5709	-120.	87.142	979	0.12158
280	266	-1.3299	-120.	88.083	979	0.1219
280	272	-0.59171	-120.	88.013	979	0.12188
281	258	-2.7619	-120.	88.247	979	0.12195
281	253	-3.4987	-120.	85.463	979	0.12094
281	245	-4.8957	-120.	88.564	979	0.12206
282	258	-2.7619	-120.	88.247	979	0.12195
282	245	-4.8957	-120.	88.564	979	0.12206
282	255	-3.011	-120.	90.17	979	0.12265
283	258	-2.7619	-120.	88.247	979	0.12195
283	255	-3.011	-120.	90.17	979	0.12265
283	260	-2.2653	-120.	90.059	979	0.12259
284	258	-2.7619	-120.	88.247	979	0.12195
284	260	-2.2653	-120.	90.059	979	0.12259
284	266	-1.3299	-120.	88.083	979	0.1219
285	258	-2.7619	-120.	88.247	979	0.12195
285	266	-1.3299	-120.	88.083	979	0.1219
285	264	-1.5709	-120.	87.142	979	0.12158
286	258	-2.7619	-120.	88.247	979	0.12195
286	264	-1.5709	-120.	87.142	979	0.12158
286	253	-3.4987	-120.	85.463	979	0.12094
287	309	5.6436	-120.	89.931	984	0.12229
287	303	4.8924	-120.	89.862	984	0.1223
287	305	5.1429	-120.	90.861	984	0.12248
288	295	3.0008	-120.	87.884	984	0.12186
288	293	2.7559	-120.	86.903	984	0.1216
288	289	2.2612	-120.	87.855	984	0.12185
289	297	3.47	-120.	89.793	984	0.12233
289	305	5.1429	-120.	90.861	984	0.12248
289	300	4.2195	-120.	92.615	984	0.1229
290	297	3.47	-120.	89.793	984	0.12233
290	300	4.2195	-120.	92.615	984	0.1229
290	285	1.3031	-120.	89.681	984	0.12237
291	297	3.47	-120.	89.793	984	0.12233
291	285	1.3031	-120.	89.681	984	0.12237
291	289	2.2612	-120.	87.855	984	0.12185
292	297	3.47	-120.	89.793	984	0.12233
292	289	2.2612	-120.	87.855	984	0.12185
292	295	3.0008	-120.	87.884	984	0.12186
293	297	3.47	-120.	89.793	984	0.12233
293	295	3.0008	-120.	87.884	984	0.12186
293	303	4.8924	-120.	89.862	984	0.1223
294	297	3.47	-120.	89.793	984	0.12233
294	303	4.8924	-120.	89.862	984	0.1223
294	305	5.1429	-120.	90.861	984	0.12248
295	301	4.4345	-120.	87.969	984	0.1219
295	293	2.7559	-120.	86.903	984	0.1216
295	298	3.7317	-120.	85.064	984	0.12117
296	301	4.4345	-120.	87.969	984	0.1219
296	298	3.7317	-120.	85.064	984	0.12117
296	313	6.5826	-120.	88.167	984	0.12196
297	301	4.4345	-120.	87.969	984	0.1219
297	313	6.5826	-120.	88.167	984	0.12196
297	309	5.6436	-120.	89.931	984	0.12229
298	301	4.4345	-120.	87.969	984	0.1219
298	309	5.6436	-120.	89.931	984	0.12229
298	303	4.8924	-120.	89.862	984	0.1223
299	301	4.4345	-120.	87.969	984	0.1219
299	303	4.8924	-120.	89.862	984	0.1223
299	295	3.0008	-120.	87.884	984	0.12186
300	301	4.4345	-120.	87.969	984	0.1219
300	295	3.0008	-120.	87.884	984	0.12186
300	293	2.7559	-120.	86.903	984	0.1216
301	182	-14.524	-120.	96.261	995	0.12527
301	176	-16.032	-120.	95.811	995	0.12509
301	185	-13.745	-120.	94.149	995	0.12444
302	182	-14.524	-120.	96.261	995	0.12527
302	185	-13.745	-120.	94.149	995	0.12444
302	193	-12.821	-120.	94.742	995	0.12468
303	182	-14.524	-120.	96.261	995	0.12527
303	193	-12.821	-120.	94.742	995	0.12468
303	189	-13.45	-120.	97.31	995	0.12566
304	182	-14.524	-120.	96.261	995	0.12527
304	189	-13.45	-120.	97.31	995	0.12566
304	180	-14.762	-120.	98.263	995	0.12597
305	182	-14.524	-120.	96.261	995	0.12527
305	180	-14.762	-120.	98.263	995	0.12597
305	174	-16.334	-120.	97.294	995	0.12561
306	182	-14.524	-120.	96.261	995	0.12527
306	174	-16.334	-120.	97.294	995	0.12561
306	176	-16.032	-120.	95.811	995	0.12509
307	189	-13.45	-120.	97.31	995	0.12566
307	193	-12.821	-120.	94.742	995	0.12468
307	206	-11.103	-120.	95.872	995	0.12514
308	176	-16.032	-120.	95.811	995	0.12509
308	178	-15.485	-120.	93.018	995	0.12399
308	185	-13.745	-120.	94.149	995	0.12444
309	174	-16.334	-120.	97.294	995	0.12561
309	180	-14.762	-120.	98.263	995	0.12597
309	171	-16.855	-120.	100.05	995	0.12647
310	253	-3.4987	-120.	85.463	996	0.12094
310	228	-7.7041	-120.	86.405	996	0.12119
310	245	-4.8957	-120.	88.564	996	0.12206
311	169	-17.251	-120.	143.32	997	0.11646
311	163	-18.192	-120.	144.96	997	0.11607
311	148	-20.24	-120.	142.97	997	0.11661
312	152	-19.63	-120.	147.46	997	0.11553
312	127	-21.862	-120.	145.54	997	0.11591
312	159	-18.684	-120.	145.81	997	0.11588
313	99	-24.821	-120.	142.41	997	0.11678
313	129	-21.791	-120.	142.79	997	0.11667
313	114	-22.843	-120.	144.59	997	0.11615
314	142	-20.602	-120.	144.44	997	0.1162
314	148	-20.24	-120.	142.97	997	0.11661
314	163	-18.192	-120.	144.96	997	0.11607
315	142	-20.602	-120.	144.44	997	0.1162
315	163	-18.192	-120.	144.96	997	0.11607
315	159	-18.684	-120.	145.81	997	0.11588
316	142	-20.602	-120.	144.44	997	0.1162
316	159	-18.684	-120.	145.81	997	0.11588
316	127	-21.862	-120.	145.54	997	0.11591
317	142	-20.602	-120.	144.44	997	0.1162
317	127	-21.862	-120.	145.54	997	0.11591
317	114	-22.843	-120.	144.59	997	0.11615
318	142	-20.602	-120.	144.44	997	0.1162
318	114	-22.843	-120.	144.59	997	0.11615
318	129	-21.791	-120.	142.79	997	0.11667
319	142	-20.602	-120.	144.44	997	0.1162
319	129	-21.791	-120.	142.79	997	0.11667
319	148	-20.24	-120.	142.97	997	0.11661
320	575	36.909	-120.	117.34	999	0.11269
320	573	36.317	-120.	113.07	999	0.11421
320	555	33.96	-120.	115.92	999	0.11313
321	313	6.5826	-120.	88.167	1004	0.12196
321	321	8.0152	-120.	85.538	1004	0.12157
321	298	3.7317	-120.	85.064	1004	0.12117
322	108	-23.689	-120.	103.77	1024	0.12715
322	103	-24.368	-120.	105.63	1024	0.12736
322	78	-26.081	-120.	104.59	1024	0.12724
323	108	-23.689	-120.	103.77	1024	0.12715
323	78	-26.081	-120.	104.59	1024	0.12724
323	90	-25.369	-120.	103.36	1024	0.12709
324	108	-23.689	-120.	103.77	1024	0.12715
324	90	-25.369	-120.	103.36	1024	0.12709
324	122	-22.197	-120.	101.87	1024	0.12684
325	108	-23.689	-120.	103.77	1024	0.12715
325	122	-22.197	-120.	101.87	1024	0.12684
325	135	-21.358	-120.	102.37	1024	0.12693
326	108	-23.689	-120.	103.77	1024	0.12715
326	135	-21.358	-120.	102.37	1024	0.12693
326	116	-22.763	-120.	104.8	1024	0.12729
327	108	-23.689	-120.	103.77	1024	0.12715
327	116	-22.763	-120.	104.8	1024	0.12729
327	103	-24.368	-120.	105.63	1024	0.12736
328	122	-22.197	-120.	101.87	1024	0.12684
328	90	-25.369	-120.	103.36	1024	0.12709
328	107	-23.785	-120.	100.93	1024	0.12664
329	103	-24.368	-120.	105.63	1024	0.12736
329	55	-27.388	-120.	107.17	1024	0.12743
329	78	-26.081	-120.	104.59	1024	0.12724
330	116	-22.763	-120.	104.8	1024	0.12729
330	135	-21.358	-120.	102.37	1024	0.12693
330	151	-19.781	-120.	103.3	1024	0.12711
331	84	-25.691	-120.	136.27	1035	0.11906
331	64	-26.981	-120.	133.72	1035	0.12014
331	101	-24.589	-120.	134.53	1035	0.11978
332	27	-29.479	-120.	135.18	1035	0.11955
332	10	-30.643	-120.	132.48	1035	0.1207
332	41	-28.225	-120.	133.31	1035	0.12033
333	54	-27.584	-120.	135.34	1035	0.11946
333	27	-29.479	-120.	135.18	1035	0.11955
333	41	-28.225	-120.	133.31	1035	0.12033
334	54	-27.584	-120.	135.34	1035	0.11946
334	41	-28.225	-120.	133.31	1035	0.12033
334	64	-26.981	-120.	133.72	1035	0.12014
335	54	-27.584	-120.	135.34	1035	0.11946
335	64	-26.981	-120.	133.72	1035	0.12014
335	84	-25.691	-120.	136.27	1035	0.11906
336	54	-27.584	-120.	135.34	1035	0.11946
336	84	-25.691	-120.	136.27	1035	0.11906
336	75	-26.268	-120.	137.17	1035	0.1187
337	54	-27.584	-120.	135.34	1035	0.11946
337	75	-26.268	-120.	137.17	1035	0.1187
337	34	-28.862	-120.	136.4	1035	0.11904
338	54	-27.584	-120.	135.34	1035	0.11946
338	34	-28.862	-120.	136.4	1035	0.11904
338	27	-29.479	-120.	135.18	1035	0.11955
339	57	-27.373	-120.	138.94	1035	0.11802
339	34	-28.862	-120.	136.4	1035	0.11904
339	75	-26.268	-120.	137.17	1035	0.1187
340	131	-21.647	-120.	137.26	1036	0.11862
340	118	-22.638	-120.	137.55	1036	0.11852
340	120	-22.202	-120.	138.16	1036	0.11827
341	92	-25.296	-120.	136.9	1036	0.1188
341	85	-25.691	-120.	136.27	1036	0.11906
341	74	-26.268	-120.	137.17	1036	0.1187
342	102	-24.506	-120.	138.1	1036	0.11832
342	120	-22.202	-120.	138.16	1036	0.11827
342	113	-23.261	-120.	139.86	1036	0.11765
343	102	-24.506	-120.	138.1	1036	0.11832
343	113	-23.261	-120.	139.86	1036	0.11765
343	57	-27.373	-120.	138.94	1036	0.11802
344	102	-24.506	-120.	138.1	1036	0.11832
344	57	-27.373	-120.	138.94	1036	0.11802
344	74	-26.268	-120.	137.17	1036	0.1187
345	102	-24.506	-120.	138.1	1036	0.11832
345	74	-26.268	-120.	137.17	1036	0.1187
345	92	-25.296	-120.	136.9	1036	0.1188
346	102	-24.506	-120.	138.1	1036	0.11832
346	92	-25.296	-120.	136.9	1036	0.1188
346	118	-22.638	-120.	137.55	1036	0.11852
347	102	-24.506	-120.	138.1	1036	0.11832
347	118	-22.638	-120.	137.55	1036	0.11852
347	120	-22.202	-120.	138.16	1036	0.11827
348	111	-23.409	-120.	136.35	1036	0.11901
348	85	-25.691	-120.	136.27	1036	0.11906
348	101	-24.589	-120.	134.53	1036	0.11978
349	111	-23.409	-120.	136.35	1036	0.11901
349	101	-24.589	-120.	134.53	1036	0.11978
349	143	-20.59	-120.	135.59	1036	0.11929
350	111	-23.409	-120.	136.35	1036	0.11901
350	143	-20.59	-120.	135.59	1036	0.11929
350	131	-21.647	-120.	137.26	1036	0.11862
351	111	-23.409	-120.	136.35	1036	0.11901
351	131	-21.647	-120.	137.26	1036	0.11862
351	118	-22.638	-120.	137.55	1036	0.11852
352	111	-23.409	-120.	136.35	1036	0.11901
352	118	-22.638	-120.	137.55	1036	0.11852
352	92	-25.296	-120.	136.9	1036	0.1188
353	111	-23.409	-120.	136.35	1036	0.11901
353	92	-25.296	-120.	136.9	1036	0.1188
353	85	-25.691	-120.	136.27	1036	0.11906
354	149	-19.941	-120.	138.82	1037	0.11799
354	166	-17.829	-120.	138.97	1037	0.11787
354	158	-18.742	-120.	140.49	1037	0.11735
355	149	-19.941	-120.	138.82	1037	0.11799
355	158	-18.742	-120.	140.49	1037	0.11735
355	147	-20.31	-120.	140.26	1037	0.11746
356	149	-19.941	-120.	138.82	1037	0.11799
356	147	-20.31	-120.	140.26	1037	0.11746
356	121	-22.202	-120.	138.16	1037	0.11827
357	149	-19.941	-120.	138.82	1037	0.11799
357	121	-22.202	-120.	138.16	1037	0.11827
357	132	-21.647	-120.	137.26	1037	0.11862
358	149	-19.941	-120.	138.82	1037	0.11799
358	132	-21.647	-120.	137.26	1037	0.11862
358	154	-18.914	-120.	137.77	1037	0.11837
359	149	-19.941	-120.	138.82	1037	0.11799
359	154	-18.914	-120.	137.77	1037	0.11837
359	166	-17.829	-120.	138.97	1037	0.11787
360	121	-22.202	-120.	138.16	1037	0.11827
360	147	-20.31	-120.	140.26	1037	0.11746
360	113	-23.261	-120.	139.86	1037	0.11765
361	166	-17.829	-120.	138.97	1037	0.11787
361	177	-15.833	-120.	140.87	1037	0.11713
361	158	-18.742	-120.	140.49	1037	0.11735
362	154	-18.914	-120.	137.77	1037	0.11837
362	132	-21.647	-120.	137.26	1037	0.11862
362	143	-20.59	-120.	135.59	1037	0.11929
363	86	-25.532	-120.	128.87	1041	0.1222
363	71	-26.322	-120.	130.55	1041	0.1215
363	62	-27.196	-120.	127.86	1041	0.12264
364	86	-25.532	-120.	128.87	1041	0.1222
364	62	-27.196	-120.	127.86	1041	0.12264
364	69	-26.429	-120.	126.87	1041	0.12304
365	86	-25.532	-120.	128.87	1041	0.1222
365	69	-26.429	-120.	126.87	1041	0.12304
365	105	-24.331	-120.	127.71	1041	0.12266
366	86	-25.532	-120.	128.87	1041	0.1222
366	105	-24.331	-120.	127.71	1041	0.12266
366	106	-23.83	-120.	129.26	1041	0.12203
367	86	-25.532	-120.	128.87	1041	0.1222
367	106	-23.83	-120.	129.26	1041	0.12203
367	95	-25.087	-120.	131.	1041	0.1213
368	86	-25.532	-120.	128.87	1041	0.1222
368	95	-25.087	-120.	131.	1041	0.1213
368	71	-26.322	-120.	130.55	1041	0.1215
369	105	-24.331	-120.	127.71	1041	0.12266
369	69	-26.429	-120.	126.87	1041	0.12304
369	96	-24.974	-120.	125.04	1041	0.12374
370	71	-26.322	-120.	130.55	1041	0.1215
370	35	-28.656	-120.	129.72	1041	0.12187
370	62	-27.196	-120.	127.86	1041	0.12264
371	95	-25.087	-120.	131.	1041	0.1213
371	106	-23.83	-120.	129.26	1041	0.12203
371	115	-22.777	-120.	131.8	1041	0.12093
372	61	-27.224	-120.	112.18	1056	0.12722
372	100	-24.688	-120.	113.62	1056	0.12697
372	112	-23.336	-120.	109.46	1056	0.12739
373	150	-19.798	-120.	140.81	1065	0.11727
373	157	-18.742	-120.	140.49	1065	0.11735
373	146	-20.31	-120.	140.26	1065	0.11746
374	156	-18.773	-120.	141.82	1065	0.11692
374	169	-17.251	-120.	143.32	1065	0.11646
374	177	-15.833	-120.	140.87	1065	0.11713
375	156	-18.773	-120.	141.82	1065	0.11692
375	177	-15.833	-120.	140.87	1065	0.11713
375	157	-18.742	-120.	140.49	1065	0.11735
376	156	-18.773	-120.	141.82	1065	0.11692
376	157	-18.742	-120.	140.49	1065	0.11735
376	150	-19.798	-120.	140.81	1065	0.11727
377	156	-18.773	-120.	141.82	1065	0.11692
377	150	-19.798	-120.	140.81	1065	0.11727
377	141	-20.774	-120.	142.45	1065	0.11676
378	156	-18.773	-120.	141.82	1065	0.11692
378	141	-20.774	-120.	142.45	1065	0.11676
378	148	-20.24	-120.	142.97	1065	0.11661
379	156	-18.773	-120.	141.82	1065	0.11692
379	148	-20.24	-120.	142.97	1065	0.11661
379	169	-17.251	-120.	143.32	1065	0.11646
380	128	-21.792	-120.	141.43	1065	0.11709
380	99	-24.821	-120.	142.41	1065	0.11678
380	113	-23.261	-120.	139.86	1065	0.11765
381	128	-21.792	-120.	141.43	1065	0.11709
381	113	-23.261	-120.	139.86	1065	0.11765
381	146	-20.31	-120.	140.26	1065	0.11746
382	128	-21.792	-120.	141.43	1065	0.11709
382	146	-20.31	-120.	140.26	1065	0.11746
382	150	-19.798	-120.	140.81	1065	0.11727
383	128	-21.792	-120.	141.43	1065	0.11709
383	150	-19.798	-120.	140.81	1065	0.11727
383	141	-20.774	-120.	142.45	1065	0.11676
384	128	-21.792	-120.	141.43	1065	0.11709
384	141	-20.774	-120.	142.45	1065	0.11676
384	129	-21.791	-120.	142.79	1065	0.11667
385	128	-21.792	-120.	141.43	1065	0.11709
385	129	-21.791	-120.	142.79	1065	0.11667
385	99	-24.821	-120.	142.41	1065	0.11678
386	141	-20.774	-120.	142.45	1065	0.11676
386	129	-21.791	-120.	142.79	1065	0.11667
386	148	-20.24	-120.	142.97	1065	0.11661
387	77	-26.164	-120.	103.72	1069	0.12714
387	79	-26.081	-120.	104.59	1069	0.12724
387	89	-25.369	-120.	103.36	1069	0.12709
388	76	-26.232	-120.	102.02	1069	0.12687
388	47	-27.911	-120.	101.92	1069	0.12685
388	73	-26.285	-120.	99.47	1069	0.12631
389	76	-26.232	-120.	102.02	1069	0.12687
389	73	-26.285	-120.	99.47	1069	0.12631
389	107	-23.785	-120.	100.93	1069	0.12664
390	76	-26.232	-120.	102.02	1069	0.12687
390	107	-23.785	-120.	100.93	1069	0.12664
390	89	-25.369	-120.	103.36	1069	0.12709
391	76	-26.232	-120.	102.02	1069	0.12687
391	89	-25.369	-120.	103.36	1069	0.12709
391	77	-26.164	-120.	103.72	1069	0.12714
392	76	-26.232	-120.	102.02	1069	0.12687
392	77	-26.164	-120.	103.72	1069	0.12714
392	48	-27.878	-120.	102.73	1069	0.12699
393	76	-26.232	-120.	102.02	1069	0.12687
393	48	-27.878	-120.	102.73	1069	0.12699
393	47	-27.911	-120.	101.92	1069	0.12685
394	37	-28.595	-120.	103.11	1069	0.12704
394	48	-27.878	-120.	102.73	1069	0.12699
394	47	-27.911	-120.	101.92	1069	0.12685
395	51	-27.669	-120.	104.51	1069	0.12723
395	20	-29.906	-120.	105.74	1069	0.12733
395	55	-27.388	-120.	107.17	1069	0.12743
396	51	-27.669	-120.	104.51	1069	0.12723
396	55	-27.388	-120.	107.17	1069	0.12743
396	79	-26.081	-120.	104.59	1069	0.12724
397	51	-27.669	-120.	104.51	1069	0.12723
397	79	-26.081	-120.	104.59	1069	0.12724
397	77	-26.164	-120.	103.72	1069	0.12714
398	51	-27.669	-120.	104.51	1069	0.12723
398	77	-26.164	-120.	103.72	1069	0.12714
398	48	-27.878	-120.	102.73	1069	0.12699
399	51	-27.669	-120.	104.51	1069	0.12723
399	48	-27.878	-120.	102.73	1069	0.12699
399	37	-28.595	-120.	103.11	1069	0.12704
400	51	-27.669	-120.	104.51	1069	0.12723
400	37	-28.595	-120.	103.11	1069	0.12704
400	20	-29.906	-120.	105.74	1069	0.12733
401	417	21.839	-120.	142.89	1084	0.11229
401	424	22.411	-120.	142.4	1084	0.11213
401	413	21.536	-120.	141.87	1084	0.11197
402	425	22.428	-120.	144.8	1084	0.11294
402	430	23.336	-120.	147.74	1084	0.11402
402	434	24.064	-120.	143.4	1084	0.11245
403	425	22.428	-120.	144.8	1084	0.11294
403	434	24.064	-120.	143.4	1084	0.11245
403	424	22.411	-120.	142.4	1084	0.11213
404	425	22.428	-120.	144.8	1084	0.11294
404	424	22.411	-120.	142.4	1084	0.11213
404	417	21.839	-120.	142.89	1084	0.11229
405	425	22.428	-120.	144.8	1084	0.11294
405	417	21.839	-120.	142.89	1084	0.11229
405	411	21.309	-120.	145.7	1084	0.11327
406	425	22.428	-120.	144.8	1084	0.11294
406	411	21.309	-120.	145.7	1084	0.11327
406	414	21.609	-120.	146.7	1084	0.11365
407	425	22.428	-120.	144.8	1084	0.11294
407	414	21.609	-120.	146.7	1084	0.11365
407	430	23.336	-120.	147.74	1084	0.11402
408	403	20.72	-120.	143.77	1084	0.11258
408	393	19.016	-120.	145.11	1084	0.11307
408	399	19.899	-120.	140.87	1084	0.11164
409	403	20.72	-120.	143.77	1084	0.11258
409	399	19.899	-120.	140.87	1084	0.11164
409	413	21.536	-120.	141.87	1084	0.11197
410	403	20.72	-120.	143.77	1084	0.11258
410	413	21.536	-120.	141.87	1084	0.11197
410	417	21.839	-120.	142.89	1084	0.11229
411	403	20.72	-120.	143.77	1084	0.11258
411	417	21.839	-120.	142.89	1084	0.11229
411	411	21.309	-120.	145.7	1084	0.11327
412	403	20.72	-120.	143.77	1084	0.11258
412	411	21.309	-120.	145.7	1084	0.11327
412	404	20.723	-120.	146.15	1084	0.11345
413	403	20.72	-120.	143.77	1084	0.11258
413	404	20.723	-120.	146.15	1084	0.11345
413	393	19.016	-120.	145.11	1084	0.11307
414	411	21.309	-120.	145.7	1084	0.11327
414	404	20.723	-120.	146.15	1084	0.11345
414	414	21.609	-120.	146.7	1084	0.11365
415	346	11.663	-120.	147.66	1097	0.11411
415	349	11.922	-120.	148.61	1097	0.11447
415	354	12.635	-120.	148.36	1097	0.11436
416	342	11.047	-120.	150.83	1097	0.11533
416	334	10.335	-120.	151.03	1097	0.11541
416	345	11.293	-120.	151.76	1097	0.11568
417	351	12.422	-120.	150.4	1097	0.11516
417	354	12.635	-120.	148.36	1097	0.11436
417	362	14.46	-120.	149.69	1097	0.11488
418	351	12.422	-120.	150.4	1097	0.11516
418	362	14.46	-120.	149.69	1097	0.11488
418	356	13.174	-120.	153.16	1097	0.11622
419	351	12.422	-120.	150.4	1097	0.11516
419	356	13.174	-120.	153.16	1097	0.11622
419	345	11.293	-120.	151.76	1097	0.11568
420	351	12.422	-120.	150.4	1097	0.11516
420	345	11.293	-120.	151.76	1097	0.11568
420	342	11.047	-120.	150.83	1097	0.11533
421	351	12.422	-120.	150.4	1097	0.11516
421	342	11.047	-120.	150.83	1097	0.11533
421	349	11.922	-120.	148.61	1097	0.11447
422	351	12.422	-120.	150.4	1097	0.11516
422	349	11.922	-120.	148.61	1097	0.11447
422	354	12.635	-120.	148.36	1097	0.11436
423	338	10.553	-120.	149.02	1097	0.11465
423	334	10.335	-120.	151.03	1097	0.11541
423	323	8.4836	-120.	149.65	1097	0.11491
424	338	10.553	-120.	149.02	1097	0.11465
424	323	8.4836	-120.	149.65	1097	0.11491
424	332	9.8655	-120.	146.33	1097	0.11363
425	338	10.553	-120.	149.02	1097	0.11465
425	332	9.8655	-120.	146.33	1097	0.11363
425	346	11.663	-120.	147.66	1097	0.11411
426	338	10.553	-120.	149.02	1097	0.11465
426	346	11.663	-120.	147.66	1097	0.11411
426	349	11.922	-120.	148.61	1097	0.11447
427	338	10.553	-120.	149.02	1097	0.11465
427	349	11.922	-120.	148.61	1097	0.11447
427	342	11.047	-120.	150.83	1097	0.11533
428	338	10.553	-120.	149.02	1097	0.11465
428	342	11.047	-120.	150.83	1097	0.11533
428	334	10.335	-120.	151.03	1097	0.11541
429	393	19.016	-120.	145.11	1104	0.11307
429	399	19.899	-120.	140.87	1104	0.11164
429	375	16.361	-120.	143.44	1104	0.11244
430	436	24.303	-120.	140.3	1108	0.11154
430	440	24.802	-120.	139.73	1108	0.11139
430	438	24.441	-120.	138.64	1108	0.11114
431	450	26.414	-120.	140.68	1108	0.11163
431	455	26.788	-120.	141.73	1108	0.11191
431	457	26.876	-120.	140.1	1108	0.11148
432	446	25.708	-120.	138.62	1108	0.11114
432	438	24.441	-120.	138.64	1108	0.11114
432	439	24.656	-120.	135.59	1108	0.11058
433	446	25.708	-120.	138.62	1108	0.11114
433	439	24.656	-120.	135.59	1108	0.11058
433	460	27.061	-120.	136.97	1108	0.11081
434	446	25.708	-120.	138.62	1108	0.11114
434	460	27.061	-120.	136.97	1108	0.11081
434	457	26.876	-120.	140.1	1108	0.11148
435	446	25.708	-120.	138.62	1108	0.11114
435	457	26.876	-120.	140.1	1108	0.11148
435	450	26.414	-120.	140.68	1108	0.11163
436	446	25.708	-120.	138.62	1108	0.11114
436	450	26.414	-120.	140.68	1108	0.11163
436	440	24.802	-120.	139.73	1108	0.11139
437	446	25.708	-120.	138.62	1108	0.11114
437	440	24.802	-120.	139.73	1108	0.11139
437	438	24.441	-120.	138.64	1108	0.11114
438	445	25.493	-120.	141.79	1108	0.11194
438	455	26.788	-120.	141.73	1108	0.11191
438	452	26.586	-120.	144.91	1108	0.11292
439	445	25.493	-120.	141.79	1108	0.11194
439	452	26.586	-120.	144.91	1108	0.11292
439	434	24.064	-120.	143.4	1108	0.11245
440	445	25.493	-120.	141.79	1108	0.11194
440	434	24.064	-120.	143.4	1108	0.11245
440	436	24.303	-120.	140.3	1108	0.11154
441	445	25.493	-120.	141.79	1108	0.11194
441	436	24.303	-120.	140.3	1108	0.11154
441	440	24.802	-120.	139.73	1108	0.11139
442	445	25.493	-120.	141.79	1108	0.11194
442	440	24.802	-120.	139.73	1108	0.11139
442	450	26.414	-120.	140.68	1108	0.11163
443	445	25.493	-120.	141.79	1108	0.11194
443	450	26.414	-120.	140.68	1108	0.11163
443	455	26.788	-120.	141.73	1108	0.11191
444	88	-25.431	-120.	120.69	1109	0.12526
444	44	-28.087	-120.	123.61	1109	0.12431
444	96	-24.974	-120.	125.04	1109	0.12374
445	362	14.46	-120.	149.69	1115	0.11488
445	356	13.174	-120.	153.16	1115	0.11622
445	380	17.167	-120.	151.53	1115	0.11559
446	308	5.588	-120.	147.24	1140	0.11419
446	323	8.4836	-120.	149.65	1140	0.11491
446	332	9.8655	-120.	146.33	1140	0.11363
447	508	30.804	-120.	116.74	1153	0.11287
447	480	29.255	-120.	116.32	1153	0.11305
447	506	30.803	-120.	114.51	1153	0.11366
448	508	30.804	-120.	116.74	1153	0.11287
448	506	30.803	-120.	114.51	1153	0.11366
448	527	31.894	-120.	115.	1153	0.11346
449	508	30.804	-120.	116.74	1153	0.11287
449	527	31.894	-120.	115.	1153	0.11346
449	532	32.19	-120.	117.81	1153	0.1125
450	508	30.804	-120.	116.74	1153	0.11287
450	532	32.19	-120.	117.81	1153	0.1125
450	515	31.257	-120.	118.83	1153	0.1122
451	508	30.804	-120.	116.74	1153	0.11287
451	515	31.257	-120.	118.83	1153	0.1122
451	487	29.425	-120.	117.94	1153	0.11252
452	508	30.804	-120.	116.74	1153	0.11287
452	487	29.425	-120.	117.94	1153	0.11252
452	480	29.255	-120.	116.32	1153	0.11305
453	532	32.19	-120.	117.81	1153	0.1125
453	527	31.894	-120.	115.	1153	0.11346
453	555	33.96	-120.	115.92	1153	0.11313
454	480	29.255	-120.	116.32	1153	0.11305
454	477	28.754	-120.	113.62	1153	0.11402
454	506	30.803	-120.	114.51	1153	0.11366
455	487	29.425	-120.	117.94	1153	0.11252
455	515	31.257	-120.	118.83	1153	0.1122
455	491	29.497	-120.	120.69	1153	0.11172
456	466	27.921	-120.	96.479	1215	0.12098
456	441	24.832	-120.	93.474	1215	0.12182
456	431	23.352	-120.	95.976	1215	0.12113
457	67	-26.804	-120.	117.53	1253	0.12619
457	66	-26.814	-120.	115.45	1253	0.12668
457	93	-25.189	-120.	116.32	1253	0.12644
458	67	-26.804	-120.	117.53	1253	0.12619
458	93	-25.189	-120.	116.32	1253	0.12644
458	91	-25.359	-120.	117.94	1253	0.12605
459	67	-26.804	-120.	117.53	1253	0.12619
459	91	-25.359	-120.	117.94	1253	0.12605
459	60	-27.268	-120.	119.76	1253	0.12559
460	67	-26.804	-120.	117.53	1253	0.12619
460	60	-27.268	-120.	119.76	1253	0.12559
460	39	-28.244	-120.	119.26	1253	0.12574
461	67	-26.804	-120.	117.53	1253	0.12619
461	39	-28.244	-120.	119.26	1253	0.12574
461	46	-27.948	-120.	116.45	1253	0.12647
462	67	-26.804	-120.	117.53	1253	0.12619
462	46	-27.948	-120.	116.45	1253	0.12647
462	66	-26.814	-120.	115.45	1253	0.12668
463	60	-27.268	-120.	119.76	1253	0.12559
463	91	-25.359	-120.	117.94	1253	0.12605
463	88	-25.431	-120.	120.69	1253	0.12526
464	66	-26.814	-120.	115.45	1253	0.12668
464	100	-24.688	-120.	113.62	1253	0.12697
464	93	-25.189	-120.	116.32	1253	0.12644
465	46	-27.948	-120.	116.45	1253	0.12647
465	39	-28.244	-120.	119.26	1253	0.12574
465	16	-30.093	-120.	118.32	1253	0.12601
466	33	-28.882	-120.	111.23	1255	0.12731
466	61	-27.224	-120.	112.18	1255	0.12722
466	30	-29.43	-120.	114.03	1255	0.12695
467	13	-30.536	-120.	112.93	1255	0.12709
467	33	-28.882	-120.	111.23	1255	0.12731
467	30	-29.43	-120.	114.03	1255	0.12695
468	13	-30.536	-120.	112.93	1255	0.12709
468	30	-29.43	-120.	114.03	1255	0.12695
468	11	-30.578	-120.	114.99	1255	0.12676
469	13	-30.536	-120.	112.93	1255	0.12709
469	11	-30.578	-120.	114.99	1255	0.12676
469	4	-32.421	-120.	113.97	1255	0.1269
470	13	-30.536	-120.	112.93	1255	0.12709
470	4	-32.421	-120.	113.97	1255	0.1269
470	5	-32.159	-120.	112.62	1255	0.12709
471	13	-30.536	-120.	112.93	1255	0.12709
471	5	-32.159	-120.	112.62	1255	0.12709
471	22	-29.748	-120.	110.74	1255	0.12734
472	13	-30.536	-120.	112.93	1255	0.12709
472	22	-29.748	-120.	110.74	1255	0.12734
472	33	-28.882	-120.	111.23	1255	0.12731
473	4	-32.421	-120.	113.97	1255	0.1269
473	11	-30.578	-120.	114.99	1255	0.12676
473	1	-32.805	-120.	116.88	1255	0.12631
474	5	-32.159	-120.	112.62	1255	0.12709
474	7	-31.417	-120.	109.78	1255	0.12736
474	22	-29.748	-120.	110.74	1255	0.12734
475	381	17.43	-120.	91.87	1256	0.12205
475	392	18.881	-120.	89.348	1256	0.12235
475	364	14.983	-120.	87.508	1256	0.1222
476	81	-26.046	-120.	131.25	1264	0.1212
476	94	-25.087	-120.	131.	1264	0.1213
476	72	-26.322	-120.	130.55	1264	0.1215
477	49	-27.864	-120.	131.72	1264	0.121
477	41	-28.225	-120.	133.31	1264	0.12033
477	10	-30.643	-120.	132.48	1264	0.1207
478	49	-27.864	-120.	131.72	1264	0.121
478	10	-30.643	-120.	132.48	1264	0.1207
478	35	-28.656	-120.	129.72	1264	0.12187
479	49	-27.864	-120.	131.72	1264	0.121
479	35	-28.656	-120.	129.72	1264	0.12187
479	72	-26.322	-120.	130.55	1264	0.1215
480	49	-27.864	-120.	131.72	1264	0.121
480	72	-26.322	-120.	130.55	1264	0.1215
480	81	-26.046	-120.	131.25	1264	0.1212
481	49	-27.864	-120.	131.72	1264	0.121
481	81	-26.046	-120.	131.25	1264	0.1212
481	58	-27.289	-120.	133.05	1264	0.12043
482	49	-27.864	-120.	131.72	1264	0.121
482	58	-27.289	-120.	133.05	1264	0.12043
482	41	-28.225	-120.	133.31	1264	0.12033
483	64	-26.981	-120.	133.72	1264	0.12014
483	58	-27.289	-120.	133.05	1264	0.12043
483	41	-28.225	-120.	133.31	1264	0.12033
484	87	-25.462	-120.	132.56	1264	0.12063
484	101	-24.589	-120.	134.53	1264	0.11978
484	115	-22.777	-120.	131.8	1264	0.12093
485	87	-25.462	-120.	132.56	1264	0.12063
485	115	-22.777	-120.	131.8	1264	0.12093
485	94	-25.087	-120.	131.	1264	0.1213
486	87	-25.462	-120.	132.56	1264	0.12063
486	94	-25.087	-120.	131.	1264	0.1213
486	81	-26.046	-120.	131.25	1264	0.1212
487	87	-25.462	-120.	132.56	1264	0.12063
487	81	-26.046	-120.	131.25	1264	0.1212
487	58	-27.289	-120.	133.05	1264	0.12043
488	87	-25.462	-120.	132.56	1264	0.12063
488	58	-27.289	-120.	133.05	1264	0.12043
488	64	-26.981	-120.	133.72	1264	0.12014
489	87	-25.462	-120.	132.56	1264	0.12063
489	64	-26.981	-120.	133.72	1264	0.12014
489	101	-24.589	-120.	134.53	1264	0.11978
490	184	-14.334	-120.	145.42	1276	0.11592
490	186	-13.704	-120.	145.83	1276	0.11583
490	191	-13.215	-120.	145.	1276	0.11595
491	173	-16.43	-120.	146.22	1276	0.11581
491	152	-19.63	-120.	147.46	1276	0.11553
491	181	-14.63	-120.	147.4	1276	0.11562
492	173	-16.43	-120.	146.22	1276	0.11581
492	181	-14.63	-120.	147.4	1276	0.11562
492	186	-13.704	-120.	145.83	1276	0.11583
493	173	-16.43	-120.	146.22	1276	0.11581
493	186	-13.704	-120.	145.83	1276	0.11583
493	184	-14.334	-120.	145.42	1276	0.11592
494	173	-16.43	-120.	146.22	1276	0.11581
494	184	-14.334	-120.	145.42	1276	0.11592
494	168	-17.598	-120.	145.4	1276	0.11597
495	173	-16.43	-120.	146.22	1276	0.11581
495	168	-17.598	-120.	145.4	1276	0.11597
495	160	-18.684	-120.	145.81	1276	0.11588
496	173	-16.43	-120.	146.22	1276	0.11581
496	160	-18.684	-120.	145.81	1276	0.11588
496	152	-19.63	-120.	147.46	1276	0.11553
497	179	-15.481	-120.	144.59	1276	0.11611
497	169	-17.251	-120.	143.32	1276	0.11646
497	197	-12.295	-120.	143.44	1276	0.11619
498	179	-15.481	-120.	144.59	1276	0.11611
498	197	-12.295	-120.	143.44	1276	0.11619
498	191	-13.215	-120.	145.	1276	0.11595
499	179	-15.481	-120.	144.59	1276	0.11611
499	191	-13.215	-120.	145.	1276	0.11595
499	184	-14.334	-120.	145.42	1276	0.11592
500	179	-15.481	-120.	144.59	1276	0.11611
500	184	-14.334	-120.	145.42	1276	0.11592
500	168	-17.598	-120.	145.4	1276	0.11597
501	179	-15.481	-120.	144.59	1276	0.11611
501	168	-17.598	-120.	145.4	1276	0.11597
501	164	-18.192	-120.	144.96	1276	0.11607
502	179	-15.481	-120.	144.59	1276	0.11611
502	164	-18.192	-120.	144.96	1276	0.11607
502	169	-17.251	-120.	143.32	1276	0.11646
503	168	-17.598	-120.	145.4	1276	0.11597
503	164	-18.192	-120.	144.96	1276	0.11607
503	160	-18.684	-120.	145.81	1276	0.11588
504	20	-29.906	-120.	105.74	1287	0.12733
504	7	-31.417	-120.	109.78	1287	0.12736
504	55	-27.388	-120.	107.17	1287	0.12743
505	203	-11.708	-120.	147.15	1310	0.11561
505	191	-13.215	-120.	145.	1310	0.11595
505	211	-10.674	-120.	146.2	1310	0.11567
506	203	-11.708	-120.	147.15	1310	0.11561
506	211	-10.674	-120.	146.2	1310	0.11567
506	216	-9.7773	-120.	147.68	1310	0.11552
507	203	-11.708	-120.	147.15	1310	0.11561
507	216	-9.7773	-120.	147.68	1310	0.11552
507	209	-10.796	-120.	149.39	1310	0.11545
508	203	-11.708	-120.	147.15	1310	0.11561
508	209	-10.796	-120.	149.39	1310	0.11545
508	200	-12.084	-120.	148.78	1310	0.11548
509	203	-11.708	-120.	147.15	1310	0.11561
509	200	-12.084	-120.	148.78	1310	0.11548
509	186	-13.704	-120.	145.83	1310	0.11583
510	203	-11.708	-120.	147.15	1310	0.11561
510	186	-13.704	-120.	145.83	1310	0.11583
510	191	-13.215	-120.	145.	1310	0.11595
511	209	-10.796	-120.	149.39	1310	0.11545
511	216	-9.7773	-120.	147.68	1310	0.11552
511	226	-8.113	-120.	150.47	1310	0.11546
512	191	-13.215	-120.	145.	1310	0.11595
512	197	-12.295	-120.	143.44	1310	0.11619
512	211	-10.674	-120.	146.2	1310	0.11567
513	186	-13.704	-120.	145.83	1310	0.11583
513	200	-12.084	-120.	148.78	1310	0.11548
513	181	-14.63	-120.	147.4	1310	0.11562
514	288	1.8045	-120.	154.98	1350	0.11649
514	311	6.1077	-120.	154.74	1350	0.11662
514	296	3.2389	-120.	152.16	1350	0.11577
515	430	23.336	-120.	147.74	1355	0.11402
515	452	26.586	-120.	144.91	1355	0.11292
515	434	24.064	-120.	143.4	1355	0.11245
516	372	15.89	-120.	146.87	1362	0.11375
516	369	15.629	-120.	145.89	1362	0.11338
516	366	15.218	-120.	147.21	1362	0.11389
517	379	17.139	-120.	146.16	1362	0.11348
517	393	19.016	-120.	145.11	1362	0.11307
517	375	16.361	-120.	143.44	1362	0.11244
518	379	17.139	-120.	146.16	1362	0.11348
518	375	16.361	-120.	143.44	1362	0.11244
518	369	15.629	-120.	145.89	1362	0.11338
519	379	17.139	-120.	146.16	1362	0.11348
519	369	15.629	-120.	145.89	1362	0.11338
519	372	15.89	-120.	146.87	1362	0.11375
520	379	17.139	-120.	146.16	1362	0.11348
520	372	15.89	-120.	146.87	1362	0.11375
520	383	17.646	-120.	148.02	1362	0.11419
521	379	17.139	-120.	146.16	1362	0.11348
521	383	17.646	-120.	148.02	1362	0.11419
521	386	18.289	-120.	147.65	1362	0.11404
522	379	17.139	-120.	146.16	1362	0.11348
522	386	18.289	-120.	147.65	1362	0.11404
522	393	19.016	-120.	145.11	1362	0.11307
523	376	16.383	-120.	148.72	1362	0.11447
523	380	17.167	-120.	151.53	1362	0.11559
523	362	14.46	-120.	149.69	1362	0.11488
524	376	16.383	-120.	148.72	1362	0.11447
524	362	14.46	-120.	149.69	1362	0.11488
524	366	15.218	-120.	147.21	1362	0.11389
525	376	16.383	-120.	148.72	1362	0.11447
525	366	15.218	-120.	147.21	1362	0.11389
525	372	15.89	-120.	146.87	1362	0.11375
526	376	16.383	-120.	148.72	1362	0.11447
526	372	15.89	-120.	146.87	1362	0.11375
526	383	17.646	-120.	148.02	1362	0.11419
527	376	16.383	-120.	148.72	1362	0.11447
527	383	17.646	-120.	148.02	1362	0.11419
527	384	17.918	-120.	148.97	1362	0.11456
528	376	16.383	-120.	148.72	1362	0.11447
528	384	17.918	-120.	148.97	1362	0.11456
528	380	17.167	-120.	151.53	1362	0.11559
529	383	17.646	-120.	148.02	1362	0.11419
529	384	17.918	-120.	148.97	1362	0.11456
529	386	18.289	-120.	147.65	1362	0.11404
530	358	13.591	-120.	146.55	1363	0.11364
530	359	13.941	-120.	144.75	1363	0.11294
530	370	15.629	-120.	145.89	1363	0.11338
531	358	13.591	-120.	146.55	1363	0.11364
531	370	15.629	-120.	145.89	1363	0.11338
531	367	15.218	-120.	147.21	1363	0.11389
532	358	13.591	-120.	146.55	1363	0.11364
532	367	15.218	-120.	147.21	1363	0.11389
532	355	12.635	-120.	148.36	1363	0.11436
533	358	13.591	-120.	146.55	1363	0.11364
533	355	12.635	-120.	148.36	1363	0.11436
533	347	11.663	-120.	147.66	1363	0.11411
534	358	13.591	-120.	146.55	1363	0.11364
534	347	11.663	-120.	147.66	1363	0.11411
534	352	12.46	-120.	145.41	1363	0.11321
535	358	13.591	-120.	146.55	1363	0.11364
535	352	12.46	-120.	145.41	1363	0.11321
535	359	13.941	-120.	144.75	1363	0.11294
536	355	12.635	-120.	148.36	1363	0.11436
536	367	15.218	-120.	147.21	1363	0.11389
536	362	14.46	-120.	149.69	1363	0.11488
537	359	13.941	-120.	144.75	1363	0.11294
537	375	16.361	-120.	143.44	1363	0.11244
537	370	15.629	-120.	145.89	1363	0.11338
538	352	12.46	-120.	145.41	1363	0.11321
538	347	11.663	-120.	147.66	1363	0.11411
538	332	9.8655	-120.	146.33	1363	0.11363
539	172	-16.628	-120.	96.27	1435	0.12526
539	174	-16.334	-120.	97.294	1435	0.12561
539	176	-16.032	-120.	95.811	1435	0.12509
540	167	-17.726	-120.	97.196	1435	0.12558
540	153	-19.369	-120.	98.573	1435	0.12602
540	171	-16.855	-120.	100.05	1435	0.12647
541	167	-17.726	-120.	97.196	1435	0.12558
541	171	-16.855	-120.	100.05	1435	0.12647
541	174	-16.334	-120.	97.294	1435	0.12561
542	167	-17.726	-120.	97.196	1435	0.12558
542	174	-16.334	-120.	97.294	1435	0.12561
542	172	-16.628	-120.	96.27	1435	0.12526
543	167	-17.726	-120.	97.196	1435	0.12558
543	172	-16.628	-120.	96.27	1435	0.12526
543	162	-18.302	-120.	95.252	1435	0.1249
544	167	-17.726	-120.	97.196	1435	0.12558
544	162	-18.302	-120.	95.252	1435	0.1249
544	155	-18.865	-120.	95.735	1435	0.12508
545	167	-17.726	-120.	97.196	1435	0.12558
545	155	-18.865	-120.	95.735	1435	0.12508
545	153	-19.369	-120.	98.573	1435	0.12602
546	170	-17.191	-120.	94.333	1435	0.12454
546	165	-18.085	-120.	91.387	1435	0.12336
546	178	-15.485	-120.	93.018	1435	0.12399
547	170	-17.191	-120.	94.333	1435	0.12454
547	178	-15.485	-120.	93.018	1435	0.12399
547	176	-16.032	-120.	95.811	1435	0.12509
548	170	-17.191	-120.	94.333	1435	0.12454
548	176	-16.032	-120.	95.811	1435	0.12509
548	172	-16.628	-120.	96.27	1435	0.12526
549	170	-17.191	-120.	94.333	1435	0.12454
549	172	-16.628	-120.	96.27	1435	0.12526
549	162	-18.302	-120.	95.252	1435	0.1249
550	170	-17.191	-120.	94.333	1435	0.12454
550	162	-18.302	-120.	95.252	1435	0.1249
550	161	-18.611	-120.	94.262	1435	0.12453
551	170	-17.191	-120.	94.333	1435	0.12454
551	161	-18.611	-120.	94.262	1435	0.12453
551	165	-18.085	-120.	91.387	1435	0.12336
552	162	-18.302	-120.	95.252	1435	0.1249
552	161	-18.611	-120.	94.262	1435	0.12453
552	155	-18.865	-120.	95.735	1435	0.12508
553	183	-14.413	-120.	89.13	1437	0.12233
553	165	-18.085	-120.	91.387	1437	0.12336
553	178	-15.485	-120.	93.018	1437	0.12399
554	272	-0.59171	-120.	88.013	1449	0.12188
554	290	2.2612	-120.	87.855	1449	0.12185
554	285	1.3031	-120.	89.681	1449	0.12237
555	282	0.78947	-120.	85.044	1449	0.121
555	298	3.7317	-120.	85.064	1449	0.12117
555	292	2.7559	-120.	86.903	1449	0.1216
556	280	0.51125	-120.	86.679	1449	0.12148
556	282	0.78947	-120.	85.044	1449	0.121
556	292	2.7559	-120.	86.903	1449	0.1216
557	280	0.51125	-120.	86.679	1449	0.12148
557	292	2.7559	-120.	86.903	1449	0.1216
557	290	2.2612	-120.	87.855	1449	0.12185
558	280	0.51125	-120.	86.679	1449	0.12148
558	290	2.2612	-120.	87.855	1449	0.12185
558	272	-0.59171	-120.	88.013	1449	0.12188
559	280	0.51125	-120.	86.679	1449	0.12148
559	272	-0.59171	-120.	88.013	1449	0.12188
559	264	-1.5709	-120.	87.142	1449	0.12158
560	280	0.51125	-120.	86.679	1449	0.12148
560	264	-1.5709	-120.	87.142	1449	0.12158
560	273	-0.57654	-120.	85.119	1449	0.12096
561	280	0.51125	-120.	86.679	1449	0.12148
561	273	-0.57654	-120.	85.119	1449	0.12096
561	282	0.78947	-120.	85.044	1449	0.121
562	253	-3.4987	-120.	85.463	1449	0.12094
562	273	-0.57654	-120.	85.119	1449	0.12096
562	264	-1.5709	-120.	87.142	1449	0.12158
563	327	9.1417	-120.	90.688	1451	0.12224
563	322	8.4091	-120.	90.519	1451	0.12225
563	329	9.39	-120.	91.764	1451	0.12229
564	325	8.6798	-120.	88.651	1451	0.12205
564	321	8.0152	-120.	85.538	1451	0.12157
564	313	6.5826	-120.	88.167	1451	0.12196
565	325	8.6798	-120.	88.651	1451	0.12205
565	313	6.5826	-120.	88.167	1451	0.12196
565	322	8.4091	-120.	90.519	1451	0.12225
566	325	8.6798	-120.	88.651	1451	0.12205
566	322	8.4091	-120.	90.519	1451	0.12225
566	327	9.1417	-120.	90.688	1451	0.12224
567	325	8.6798	-120.	88.651	1451	0.12205
567	327	9.1417	-120.	90.688	1451	0.12224
567	333	10.073	-120.	89.023	1451	0.1221
568	325	8.6798	-120.	88.651	1451	0.12205
568	333	10.073	-120.	89.023	1451	0.1221
568	330	9.8569	-120.	87.974	1451	0.12201
569	325	8.6798	-120.	88.651	1451	0.12205
569	330	9.8569	-120.	87.974	1451	0.12201
569	321	8.0152	-120.	85.538	1451	0.12157
570	337	10.526	-120.	91.072	1451	0.1222
570	353	12.589	-120.	91.638	1451	0.12213
570	343	11.174	-120.	94.093	1451	0.12215
571	337	10.526	-120.	91.072	1451	0.1222
571	343	11.174	-120.	94.093	1451	0.12215
571	329	9.39	-120.	91.764	1451	0.12229
572	337	10.526	-120.	91.072	1451	0.1222
572	329	9.39	-120.	91.764	1451	0.12229
572	327	9.1417	-120.	90.688	1451	0.12224
573	337	10.526	-120.	91.072	1451	0.1222
573	327	9.1417	-120.	90.688	1451	0.12224
573	333	10.073	-120.	89.023	1451	0.1221
574	337	10.526	-120.	91.072	1451	0.1222
574	333	10.073	-120.	89.023	1451	0.1221
574	339	10.786	-120.	89.228	1451	0.12212
575	337	10.526	-120.	91.072	1451	0.1222
575	339	10.786	-120.	89.228	1451	0.12212
575	353	12.589	-120.	91.638	1451	0.12213
576	333	10.073	-120.	89.023	1451	0.1221
576	339	10.786	-120.	89.228	1451	0.12212
576	330	9.8569	-120.	87.974	1451	0.12201
577	516	31.257	-120.	118.83	1455	0.1122
577	537	32.231	-120.	118.57	1455	0.11226
577	533	32.19	-120.	117.81	1455	0.1125
578	559	34.106	-120.	119.51	1455	0.11198
578	560	34.106	-120.	120.25	1455	0.11178
578	568	35.062	-120.	119.27	1455	0.11206
579	558	34.076	-120.	118.07	1455	0.11241
579	533	32.19	-120.	117.81	1455	0.1125
579	555	33.96	-120.	115.92	1455	0.11313
580	558	34.076	-120.	118.07	1455	0.11241
580	555	33.96	-120.	115.92	1455	0.11313
580	575	36.909	-120.	117.34	1455	0.11269
581	558	34.076	-120.	118.07	1455	0.11241
581	575	36.909	-120.	117.34	1455	0.11269
581	568	35.062	-120.	119.27	1455	0.11206
582	558	34.076	-120.	118.07	1455	0.11241
582	568	35.062	-120.	119.27	1455	0.11206
582	559	34.106	-120.	119.51	1455	0.11198
583	558	34.076	-120.	118.07	1455	0.11241
583	559	34.106	-120.	119.51	1455	0.11198
583	537	32.231	-120.	118.57	1455	0.11226
584	558	34.076	-120.	118.07	1455	0.11241
584	537	32.231	-120.	118.57	1455	0.11226
584	533	32.19	-120.	117.81	1455	0.1125
585	538	32.245	-120.	120.	1455	0.11185
585	560	34.106	-120.	120.25	1455	0.11178
585	539	32.274	-120.	122.15	1455	0.1113
586	538	32.245	-120.	120.	1455	0.11185
586	539	32.274	-120.	122.15	1455	0.1113
586	491	29.497	-120.	120.69	1455	0.11172
587	538	32.245	-120.	120.	1455	0.11185
587	491	29.497	-120.	120.69	1455	0.11172
587	516	31.257	-120.	118.83	1455	0.1122
588	538	32.245	-120.	120.	1455	0.11185
588	516	31.257	-120.	118.83	1455	0.1122
588	537	32.231	-120.	118.57	1455	0.11226
589	538	32.245	-120.	120.	1455	0.11185
589	537	32.231	-120.	118.57	1455	0.11226
589	559	34.106	-120.	119.51	1455	0.11198
590	538	32.245	-120.	120.	1455	0.11185
590	559	34.106	-120.	119.51	1455	0.11198
590	560	34.106	-120.	120.25	1455	0.11178
591	523	31.753	-120.	114.26	1519	0.11374
591	507	30.803	-120.	114.51	1519	0.11366
591	528	31.894	-120.	115.	1519	0.11346
592	518	31.423	-120.	112.87	1519	0.11428
592	511	30.932	-120.	110.76	1519	0.11514
592	477	28.754	-120.	113.62	1519	0.11402
593	518	31.423	-120.	112.87	1519	0.11428
593	477	28.754	-120.	113.62	1519	0.11402
593	507	30.803	-120.	114.51	1519	0.11366
594	518	31.423	-120.	112.87	1519	0.11428
594	507	30.803	-120.	114.51	1519	0.11366
594	523	31.753	-120.	114.26	1519	0.11374
595	518	31.423	-120.	112.87	1519	0.11428
595	523	31.753	-120.	114.26	1519	0.11374
595	548	33.238	-120.	112.39	1519	0.11446
596	518	31.423	-120.	112.87	1519	0.11428
596	548	33.238	-120.	112.39	1519	0.11446
596	545	33.06	-120.	111.67	1519	0.11475
597	518	31.423	-120.	112.87	1519	0.11428
597	545	33.06	-120.	111.67	1519	0.11475
597	511	30.932	-120.	110.76	1519	0.11514
598	551	33.555	-120.	113.8	1519	0.11391
598	573	36.317	-120.	113.07	1519	0.11421
598	555	33.96	-120.	115.92	1519	0.11313
599	551	33.555	-120.	113.8	1519	0.11391
599	555	33.96	-120.	115.92	1519	0.11313
599	528	31.894	-120.	115.	1519	0.11346
600	551	33.555	-120.	113.8	1519	0.11391
600	528	31.894	-120.	115.	1519	0.11346
600	523	31.753	-120.	114.26	1519	0.11374
601	551	33.555	-120.	113.8	1519	0.11391
601	523	31.753	-120.	114.26	1519	0.11374
601	548	33.238	-120.	112.39	1519	0.11446
602	551	33.555	-120.	113.8	1519	0.11391
602	548	33.238	-120.	112.39	1519	0.11446
602	563	34.168	-120.	112.14	1519	0.11456
603	551	33.555	-120.	113.8	1519	0.11391
603	563	34.168	-120.	112.14	1519	0.11456
603	573	36.317	-120.	113.07	1519	0.11421
604	548	33.238	-120.	112.39	1519	0.11446
604	563	34.168	-120.	112.14	1519	0.11456
604	545	33.06	-120.	111.67	1519	0.11475
605	544	33.06	-120.	111.67	1521	0.11475
605	511	30.932	-120.	110.76	1521	0.11514
605	535	32.207	-120.	108.95	1521	0.1159
606	553	33.855	-120.	109.98	1521	0.11546
606	544	33.06	-120.	111.67	1521	0.11475
606	535	32.207	-120.	108.95	1521	0.1159
607	553	33.855	-120.	109.98	1521	0.11546
607	535	32.207	-120.	108.95	1521	0.1159
607	543	32.875	-120.	108.	1521	0.1163
608	553	33.855	-120.	109.98	1521	0.11546
608	543	32.875	-120.	108.	1521	0.1163
608	569	35.206	-120.	108.91	1521	0.11591
609	553	33.855	-120.	109.98	1521	0.11546
609	569	35.206	-120.	108.91	1521	0.11591
609	571	35.614	-120.	110.21	1521	0.11536
610	553	33.855	-120.	109.98	1521	0.11546
610	571	35.614	-120.	110.21	1521	0.11536
610	562	34.168	-120.	112.14	1521	0.11456
611	553	33.855	-120.	109.98	1521	0.11546
611	562	34.168	-120.	112.14	1521	0.11456
611	544	33.06	-120.	111.67	1521	0.11475
612	569	35.206	-120.	108.91	1521	0.11591
612	543	32.875	-120.	108.	1521	0.1163
612	561	34.155	-120.	106.16	1521	0.11709
613	571	35.614	-120.	110.21	1521	0.11536
613	573	36.317	-120.	113.07	1521	0.11421
613	562	34.168	-120.	112.14	1521	0.11456
614	461	27.302	-120.	105.87	1528	0.11727
614	464	27.85	-120.	104.3	1528	0.11795
614	482	29.263	-120.	106.75	1528	0.11687
615	461	27.302	-120.	105.87	1528	0.11727
615	482	29.263	-120.	106.75	1528	0.11687
615	475	28.622	-120.	107.7	1528	0.11646
616	461	27.302	-120.	105.87	1528	0.11727
616	475	28.622	-120.	107.7	1528	0.11646
616	448	26.217	-120.	106.97	1528	0.1168
617	461	27.302	-120.	105.87	1528	0.11727
617	448	26.217	-120.	106.97	1528	0.1168
617	443	25.406	-120.	105.57	1528	0.11742
618	461	27.302	-120.	105.87	1528	0.11727
618	443	25.406	-120.	105.57	1528	0.11742
618	451	26.451	-120.	103.94	1528	0.11812
619	461	27.302	-120.	105.87	1528	0.11727
619	451	26.451	-120.	103.94	1528	0.11812
619	464	27.85	-120.	104.3	1528	0.11795
620	448	26.217	-120.	106.97	1528	0.1168
620	475	28.622	-120.	107.7	1528	0.11646
620	462	27.402	-120.	109.46	1528	0.11572
621	464	27.85	-120.	104.3	1528	0.11795
621	499	30.485	-120.	104.97	1528	0.11764
621	482	29.263	-120.	106.75	1528	0.11687
622	451	26.451	-120.	103.94	1528	0.11812
622	443	25.406	-120.	105.57	1528	0.11742
622	432	23.847	-120.	103.3	1528	0.11844
623	353	12.589	-120.	91.638	1530	0.12213
623	340	10.786	-120.	89.228	1530	0.12212
623	357	13.535	-120.	90.005	1530	0.12216
624	321	8.0152	-120.	85.538	1530	0.12157
624	341	10.891	-120.	86.162	1530	0.12186
624	331	9.8569	-120.	87.974	1530	0.12201
625	364	14.983	-120.	87.508	1530	0.1222
625	360	14.027	-120.	89.153	1530	0.12218
625	350	12.207	-120.	86.534	1530	0.12198
626	348	11.884	-120.	88.176	1530	0.12208
626	357	13.535	-120.	90.005	1530	0.12216
626	340	10.786	-120.	89.228	1530	0.12212
627	348	11.884	-120.	88.176	1530	0.12208
627	340	10.786	-120.	89.228	1530	0.12212
627	331	9.8569	-120.	87.974	1530	0.12201
628	348	11.884	-120.	88.176	1530	0.12208
628	331	9.8569	-120.	87.974	1530	0.12201
628	341	10.891	-120.	86.162	1530	0.12186
629	348	11.884	-120.	88.176	1530	0.12208
629	341	10.891	-120.	86.162	1530	0.12186
629	350	12.207	-120.	86.534	1530	0.12198
630	348	11.884	-120.	88.176	1530	0.12208
630	350	12.207	-120.	86.534	1530	0.12198
630	360	14.027	-120.	89.153	1530	0.12218
631	348	11.884	-120.	88.176	1530	0.12208
631	360	14.027	-120.	89.153	1530	0.12218
631	357	13.535	-120.	90.005	1530	0.12216
632	371	15.86	-120.	93.118	1531	0.1219
632	374	16.06	-120.	94.294	1531	0.12172
632	378	16.533	-120.	93.457	1531	0.12183
633	363	14.571	-120.	92.538	1531	0.12201
633	353	12.589	-120.	91.638	1531	0.12213
633	365	15.169	-120.	95.872	1531	0.1215
634	363	14.571	-120.	92.538	1531	0.12201
634	365	15.169	-120.	95.872	1531	0.1215
634	374	16.06	-120.	94.294	1531	0.12172
635	363	14.571	-120.	92.538	1531	0.12201
635	374	16.06	-120.	94.294	1531	0.12172
635	371	15.86	-120.	93.118	1531	0.1219
636	363	14.571	-120.	92.538	1531	0.12201
636	371	15.86	-120.	93.118	1531	0.1219
636	361	14.21	-120.	90.302	1531	0.12216
637	363	14.571	-120.	92.538	1531	0.12201
637	361	14.21	-120.	90.302	1531	0.12216
637	357	13.535	-120.	90.005	1531	0.12216
638	363	14.571	-120.	92.538	1531	0.12201
638	357	13.535	-120.	90.005	1531	0.12216
638	353	12.589	-120.	91.638	1531	0.12213
639	368	15.507	-120.	90.901	1531	0.12214
639	364	14.983	-120.	87.508	1531	0.1222
639	381	17.43	-120.	91.87	1531	0.12205
640	368	15.507	-120.	90.901	1531	0.12214
640	381	17.43	-120.	91.87	1531	0.12205
640	378	16.533	-120.	93.457	1531	0.12183
641	368	15.507	-120.	90.901	1531	0.12214
641	378	16.533	-120.	93.457	1531	0.12183
641	371	15.86	-120.	93.118	1531	0.1219
642	368	15.507	-120.	90.901	1531	0.12214
642	371	15.86	-120.	93.118	1531	0.1219
642	361	14.21	-120.	90.302	1531	0.12216
643	368	15.507	-120.	90.901	1531	0.12214
643	361	14.21	-120.	90.302	1531	0.12216
643	360	14.027	-120.	89.153	1531	0.12218
644	368	15.507	-120.	90.901	1531	0.12214
644	360	14.027	-120.	89.153	1531	0.12218
644	364	14.983	-120.	87.508	1531	0.1222
645	361	14.21	-120.	90.302	1531	0.12216
645	360	14.027	-120.	89.153	1531	0.12218
645	357	13.535	-120.	90.005	1531	0.12216
646	432	23.847	-120.	103.3	1544	0.11844
646	444	25.409	-120.	100.72	1544	0.11947
646	407	20.921	-120.	100.05	1544	0.11984
647	449	26.403	-120.	99.043	1546	0.1201
647	468	28.095	-120.	101.35	1546	0.11918
647	444	25.409	-120.	100.72	1546	0.11947
648	501	30.617	-120.	99.84	1546	0.11976
648	536	32.209	-120.	102.31	1546	0.11875
648	489	29.49	-120.	101.66	1546	0.11904
649	472	28.556	-120.	99.8	1546	0.11979
649	501	30.617	-120.	99.84	1546	0.11976
649	489	29.49	-120.	101.66	1546	0.11904
650	472	28.556	-120.	99.8	1546	0.11979
650	489	29.49	-120.	101.66	1546	0.11904
650	468	28.095	-120.	101.35	1546	0.11918
651	472	28.556	-120.	99.8	1546	0.11979
651	468	28.095	-120.	101.35	1546	0.11918
651	449	26.403	-120.	99.043	1546	0.1201
652	472	28.556	-120.	99.8	1546	0.11979
652	449	26.403	-120.	99.043	1546	0.1201
652	459	26.924	-120.	98.172	1546	0.12041
653	472	28.556	-120.	99.8	1546	0.11979
653	459	26.924	-120.	98.172	1546	0.12041
653	496	29.807	-120.	98.737	1546	0.12018
654	472	28.556	-120.	99.8	1546	0.11979
654	496	29.807	-120.	98.737	1546	0.12018
654	501	30.617	-120.	99.84	1546	0.11976
655	466	27.921	-120.	96.479	1546	0.12098
655	496	29.807	-120.	98.737	1546	0.12018
655	459	26.924	-120.	98.172	1546	0.12041
656	428	22.931	-120.	98.116	1547	0.12047
656	423	22.388	-120.	97.593	1547	0.12065
656	419	21.882	-120.	98.448	1547	0.12038
657	433	23.908	-120.	99.146	1547	0.12009
657	449	26.403	-120.	99.043	1547	0.1201
657	444	25.409	-120.	100.72	1547	0.11947
658	433	23.908	-120.	99.146	1547	0.12009
658	444	25.409	-120.	100.72	1547	0.11947
658	407	20.921	-120.	100.05	1547	0.11984
659	433	23.908	-120.	99.146	1547	0.12009
659	407	20.921	-120.	100.05	1547	0.11984
659	419	21.882	-120.	98.448	1547	0.12038
660	433	23.908	-120.	99.146	1547	0.12009
660	419	21.882	-120.	98.448	1547	0.12038
660	428	22.931	-120.	98.116	1547	0.12047
661	433	23.908	-120.	99.146	1547	0.12009
661	428	22.931	-120.	98.116	1547	0.12047
661	447	25.899	-120.	98.502	1547	0.12029
662	433	23.908	-120.	99.146	1547	0.12009
662	447	25.899	-120.	98.502	1547	0.12029
662	449	26.403	-120.	99.043	1547	0.1201
663	459	26.924	-120.	98.172	1547	0.12041
663	447	25.899	-120.	98.502	1547	0.12029
663	449	26.403	-120.	99.043	1547	0.1201
664	442	24.902	-120.	97.473	1547	0.12065
664	466	27.921	-120.	96.479	1547	0.12098
664	431	23.352	-120.	95.976	1547	0.12113
665	442	24.902	-120.	97.473	1547	0.12065
665	431	23.352	-120.	95.976	1547	0.12113
665	423	22.388	-120.	97.593	1547	0.12065
666	442	24.902	-120.	97.473	1547	0.12065
666	423	22.388	-120.	97.593	1547	0.12065
666	428	22.931	-120.	98.116	1547	0.12047
667	442	24.902	-120.	97.473	1547	0.12065
667	428	22.931	-120.	98.116	1547	0.12047
667	447	25.899	-120.	98.502	1547	0.12029
668	442	24.902	-120.	97.473	1547	0.12065
668	447	25.899	-120.	98.502	1547	0.12029
668	459	26.924	-120.	98.172	1547	0.12041
669	442	24.902	-120.	97.473	1547	0.12065
669	459	26.924	-120.	98.172	1547	0.12041
669	466	27.921	-120.	96.479	1547	0.12098
670	395	19.847	-120.	97.24	1566	0.12085
670	418	21.882	-120.	98.448	1566	0.12038
670	391	18.828	-120.	98.263	1566	0.12058
671	395	19.847	-120.	97.24	1566	0.12085
671	391	18.828	-120.	98.263	1566	0.12058
671	382	17.516	-120.	97.31	1566	0.12095
672	395	19.847	-120.	97.24	1566	0.12085
672	382	17.516	-120.	97.31	1566	0.12095
672	389	18.369	-120.	95.895	1566	0.12129
673	395	19.847	-120.	97.24	1566	0.12085
673	389	18.369	-120.	95.895	1566	0.12129
673	402	20.101	-120.	95.931	1566	0.12121
674	395	19.847	-120.	97.24	1566	0.12085
674	402	20.101	-120.	95.931	1566	0.12121
674	422	22.388	-120.	97.593	1566	0.12065
675	395	19.847	-120.	97.24	1566	0.12085
675	422	22.388	-120.	97.593	1566	0.12065
675	418	21.882	-120.	98.448	1566	0.12038
676	389	18.369	-120.	95.895	1566	0.12129
676	382	17.516	-120.	97.31	1566	0.12095
676	365	15.169	-120.	95.872	1566	0.1215
677	418	21.882	-120.	98.448	1566	0.12038
677	407	20.921	-120.	100.05	1566	0.11984
677	391	18.828	-120.	98.263	1566	0.12058
678	422	22.388	-120.	97.593	1566	0.12065
678	402	20.101	-120.	95.931	1566	0.12121
678	431	23.352	-120.	95.976	1566	0.12113
679	439	24.656	-120.	135.59	1581	0.11058
679	479	29.242	-120.	133.19	1581	0.11035
679	456	26.843	-120.	131.8	1581	0.11032
680	460	27.061	-120.	136.97	1582	0.11081
680	479	29.242	-120.	133.19	1582	0.11035
680	439	24.656	-120.	135.59	1582	0.11058
681	539	32.274	-120.	122.15	1583	0.1113
681	491	29.497	-120.	120.69	1583	0.11172
681	478	29.04	-120.	125.04	1583	0.11081
682	556	34.028	-120.	123.11	1585	0.1111
682	539	32.274	-120.	122.15	1585	0.1113
682	560	34.106	-120.	120.25	1585	0.11178
683	570	35.354	-120.	121.36	1585	0.11151
683	556	34.028	-120.	123.11	1585	0.1111
683	560	34.106	-120.	120.25	1585	0.11178
684	570	35.354	-120.	121.36	1585	0.11151
684	560	34.106	-120.	120.25	1585	0.11178
684	568	35.062	-120.	119.27	1585	0.11206
685	570	35.354	-120.	121.36	1585	0.11151
685	568	35.062	-120.	119.27	1585	0.11206
685	577	37.01	-120.	120.28	1585	0.11182
686	570	35.354	-120.	121.36	1585	0.11151
686	577	37.01	-120.	120.28	1585	0.11182
686	576	36.972	-120.	121.65	1585	0.11148
687	570	35.354	-120.	121.36	1585	0.11151
687	576	36.972	-120.	121.65	1585	0.11148
687	566	34.943	-120.	123.6	1585	0.11101
688	570	35.354	-120.	121.36	1585	0.11151
688	566	34.943	-120.	123.6	1585	0.11101
688	556	34.028	-120.	123.11	1585	0.1111
689	577	37.01	-120.	120.28	1585	0.11182
689	568	35.062	-120.	119.27	1585	0.11206
689	575	36.909	-120.	117.34	1585	0.11269
690	576	36.972	-120.	121.65	1585	0.11148
690	574	36.709	-120.	124.58	1585	0.11089
690	566	34.943	-120.	123.6	1585	0.11101
691	524	31.758	-120.	125.71	1588	0.11065
691	503	30.725	-120.	125.95	1588	0.11063
691	519	31.619	-120.	126.45	1588	0.11055
692	552	33.712	-120.	125.26	1588	0.11072
692	565	34.943	-120.	123.6	1588	0.11101
692	574	36.709	-120.	124.58	1588	0.11089
693	552	33.712	-120.	125.26	1588	0.11072
693	574	36.709	-120.	124.58	1588	0.11089
693	549	33.314	-120.	127.38	1588	0.11046
694	552	33.712	-120.	125.26	1588	0.11072
694	549	33.314	-120.	127.38	1588	0.11046
694	519	31.619	-120.	126.45	1588	0.11055
695	552	33.712	-120.	125.26	1588	0.11072
695	519	31.619	-120.	126.45	1588	0.11055
695	524	31.758	-120.	125.71	1588	0.11065
696	552	33.712	-120.	125.26	1588	0.11072
696	524	31.758	-120.	125.71	1588	0.11065
696	554	33.93	-120.	123.84	1588	0.11096
697	552	33.712	-120.	125.26	1588	0.11072
697	554	33.93	-120.	123.84	1588	0.11096
697	565	34.943	-120.	123.6	1588	0.11101
698	557	34.028	-120.	123.11	1588	0.1111
698	554	33.93	-120.	123.84	1588	0.11096
698	565	34.943	-120.	123.6	1588	0.11101
699	530	31.959	-120.	124.3	1588	0.11087
699	539	32.274	-120.	122.15	1588	0.1113
699	478	29.04	-120.	125.04	1588	0.11081
700	530	31.959	-120.	124.3	1588	0.11087
700	478	29.04	-120.	125.04	1588	0.11081
700	503	30.725	-120.	125.95	1588	0.11063
701	530	31.959	-120.	124.3	1588	0.11087
701	503	30.725	-120.	125.95	1588	0.11063
701	524	31.758	-120.	125.71	1588	0.11065
702	530	31.959	-120.	124.3	1588	0.11087
702	524	31.758	-120.	125.71	1588	0.11065
702	554	33.93	-120.	123.84	1588	0.11096
703	530	31.959	-120.	124.3	1588	0.11087
703	554	33.93	-120.	123.84	1588	0.11096
703	557	34.028	-120.	123.11	1588	0.1111
704	530	31.959	-120.	124.3	1588	0.11087
704	557	34.028	-120.	123.11	1588	0.1111
704	539	32.274	-120.	122.15	1588	0.1113
705	549	33.314	-120.	127.38	1589	0.11046
705	572	35.883	-120.	128.81	1589	0.1104
705	574	36.709	-120.	124.58	1589	0.11089
706	495	29.794	-120.	128.1	1591	0.11041
706	470	28.397	-120.	127.71	1591	0.11048
706	502	30.725	-120.	125.95	1591	0.11063
707	495	29.794	-120.	128.1	1591	0.11041
707	502	30.725	-120.	125.95	1591	0.11063
707	520	31.619	-120.	126.45	1591	0.11055
708	495	29.794	-120.	128.1	1591	0.11041
708	520	31.619	-120.	126.45	1591	0.11055
708	505	30.745	-120.	129.14	1591	0.11032
709	495	29.794	-120.	128.1	1591	0.11041
709	505	30.745	-120.	129.14	1591	0.11032
709	485	29.384	-120.	130.08	1591	0.11029
710	495	29.794	-120.	128.1	1591	0.11041
710	485	29.384	-120.	130.08	1591	0.11029
710	465	27.896	-120.	129.26	1591	0.11037
711	495	29.794	-120.	128.1	1591	0.11041
711	465	27.896	-120.	129.26	1591	0.11037
711	470	28.397	-120.	127.71	1591	0.11048
712	505	30.745	-120.	129.14	1591	0.11032
712	520	31.619	-120.	126.45	1591	0.11055
712	549	33.314	-120.	127.38	1591	0.11046
713	470	28.397	-120.	127.71	1591	0.11048
713	478	29.04	-120.	125.04	1591	0.11081
713	502	30.725	-120.	125.95	1591	0.11063
714	465	27.896	-120.	129.26	1591	0.11037
714	485	29.384	-120.	130.08	1591	0.11029
714	456	26.843	-120.	131.8	1591	0.11032
715	500	30.508	-120.	129.85	1592	0.1103
715	504	30.745	-120.	129.14	1592	0.11032
715	484	29.384	-120.	130.08	1592	0.11029
716	540	32.636	-120.	129.42	1592	0.11032
716	572	35.883	-120.	128.81	1592	0.1104
716	549	33.314	-120.	127.38	1592	0.11046
717	540	32.636	-120.	129.42	1592	0.11032
717	549	33.314	-120.	127.38	1592	0.11046
717	504	30.745	-120.	129.14	1592	0.11032
718	540	32.636	-120.	129.42	1592	0.11032
718	504	30.745	-120.	129.14	1592	0.11032
718	500	30.508	-120.	129.85	1592	0.1103
719	540	32.636	-120.	129.42	1592	0.11032
719	500	30.508	-120.	129.85	1592	0.1103
719	531	32.136	-120.	130.77	1592	0.11029
720	540	32.636	-120.	129.42	1592	0.11032
720	531	32.136	-120.	130.77	1592	0.11029
720	547	33.229	-120.	130.57	1592	0.1103
721	540	32.636	-120.	129.42	1592	0.11032
721	547	33.229	-120.	130.57	1592	0.1103
721	572	35.883	-120.	128.81	1592	0.1104
722	497	29.996	-120.	131.19	1592	0.11028
722	479	29.242	-120.	133.19	1592	0.11035
722	456	26.843	-120.	131.8	1592	0.11032
723	497	29.996	-120.	131.19	1592	0.11028
723	456	26.843	-120.	131.8	1592	0.11032
723	484	29.384	-120.	130.08	1592	0.11029
724	497	29.996	-120.	131.19	1592	0.11028
724	484	29.384	-120.	130.08	1592	0.11029
724	500	30.508	-120.	129.85	1592	0.1103
725	497	29.996	-120.	131.19	1592	0.11028
725	500	30.508	-120.	129.85	1592	0.1103
725	531	32.136	-120.	130.77	1592	0.11029
726	497	29.996	-120.	131.19	1592	0.11028
726	531	32.136	-120.	130.77	1592	0.11029
726	525	31.866	-120.	131.46	1592	0.11029
727	497	29.996	-120.	131.19	1592	0.11028
727	525	31.866	-120.	131.46	1592	0.11029
727	479	29.242	-120.	133.19	1592	0.11035
728	531	32.136	-120.	130.77	1592	0.11029
728	525	31.866	-120.	131.46	1592	0.11029
728	547	33.229	-120.	130.57	1592	0.1103
729	494	29.577	-120.	107.44	1594	0.11657
729	481	29.263	-120.	106.75	1594	0.11687
729	474	28.622	-120.	107.7	1594	0.11646
730	517	31.382	-120.	106.93	1594	0.11677
730	561	34.155	-120.	106.16	1594	0.11709
730	499	30.485	-120.	104.97	1594	0.11764
731	517	31.382	-120.	106.93	1594	0.11677
731	499	30.485	-120.	104.97	1594	0.11764
731	481	29.263	-120.	106.75	1594	0.11687
732	517	31.382	-120.	106.93	1594	0.11677
732	481	29.263	-120.	106.75	1594	0.11687
732	494	29.577	-120.	107.44	1594	0.11657
733	517	31.382	-120.	106.93	1594	0.11677
733	494	29.577	-120.	107.44	1594	0.11657
733	529	31.935	-120.	108.26	1594	0.1162
734	517	31.382	-120.	106.93	1594	0.11677
734	529	31.935	-120.	108.26	1594	0.1162
734	542	32.875	-120.	108.	1594	0.1163
735	517	31.382	-120.	106.93	1594	0.11677
735	542	32.875	-120.	108.	1594	0.1163
735	561	34.155	-120.	106.16	1594	0.11709
736	498	30.113	-120.	108.76	1594	0.116
736	511	30.932	-120.	110.76	1594	0.11514
736	462	27.402	-120.	109.46	1594	0.11572
737	498	30.113	-120.	108.76	1594	0.116
737	462	27.402	-120.	109.46	1594	0.11572
737	474	28.622	-120.	107.7	1594	0.11646
738	498	30.113	-120.	108.76	1594	0.116
738	474	28.622	-120.	107.7	1594	0.11646
738	494	29.577	-120.	107.44	1594	0.11657
739	498	30.113	-120.	108.76	1594	0.116
739	494	29.577	-120.	107.44	1594	0.11657
739	529	31.935	-120.	108.26	1594	0.1162
740	498	30.113	-120.	108.76	1594	0.116
740	529	31.935	-120.	108.26	1594	0.1162
740	534	32.207	-120.	108.95	1594	0.1159
741	498	30.113	-120.	108.76	1594	0.116
741	534	32.207	-120.	108.95	1594	0.1159
741	511	30.932	-120.	110.76	1594	0.11514
742	529	31.935	-120.	108.26	1594	0.1162
742	534	32.207	-120.	108.95	1594	0.1159
742	542	32.875	-120.	108.	1594	0.1163
743	477	28.754	-120.	113.62	1595	0.11402
743	511	30.932	-120.	110.76	1595	0.11514
743	462	27.402	-120.	109.46	1595	0.11572
744	561	34.155	-120.	106.16	1598	0.11709
744	536	32.209	-120.	102.31	1598	0.11875
744	499	30.485	-120.	104.97	1598	0.11764
745	107	-23.785	-120.	100.93	1649	0.12664
745	110	-23.545	-120.	96.143	1649	0.12528
745	73	-26.285	-120.	99.47	1649	0.12631
746	136	-21.358	-120.	102.37	1650	0.12693
746	130	-21.726	-120.	101.28	1650	0.12672
746	123	-22.197	-120.	101.87	1650	0.12684
747	133	-21.51	-120.	98.163	1650	0.12591
747	138	-21.019	-120.	97.611	1650	0.12573
747	125	-21.878	-120.	97.108	1650	0.12558
748	119	-22.44	-120.	99.25	1650	0.12623
748	123	-22.197	-120.	101.87	1650	0.12684
748	107	-23.785	-120.	100.93	1650	0.12664
749	119	-22.44	-120.	99.25	1650	0.12623
749	107	-23.785	-120.	100.93	1650	0.12664
749	110	-23.545	-120.	96.143	1650	0.12528
750	119	-22.44	-120.	99.25	1650	0.12623
750	110	-23.545	-120.	96.143	1650	0.12528
750	125	-21.878	-120.	97.108	1650	0.12558
751	119	-22.44	-120.	99.25	1650	0.12623
751	125	-21.878	-120.	97.108	1650	0.12558
751	133	-21.51	-120.	98.163	1650	0.12591
752	119	-22.44	-120.	99.25	1650	0.12623
752	133	-21.51	-120.	98.163	1650	0.12591
752	130	-21.726	-120.	101.28	1650	0.12672
753	119	-22.44	-120.	99.25	1650	0.12623
753	130	-21.726	-120.	101.28	1650	0.12672
753	123	-22.197	-120.	101.87	1650	0.12684
754	140	-20.794	-120.	100.22	1650	0.12647
754	138	-21.019	-120.	97.611	1650	0.12573
754	153	-19.369	-120.	98.573	1650	0.12602
755	140	-20.794	-120.	100.22	1650	0.12647
755	153	-19.369	-120.	98.573	1650	0.12602
755	151	-19.781	-120.	103.3	1650	0.12711
756	140	-20.794	-120.	100.22	1650	0.12647
756	151	-19.781	-120.	103.3	1650	0.12711
756	136	-21.358	-120.	102.37	1650	0.12693
757	140	-20.794	-120.	100.22	1650	0.12647
757	136	-21.358	-120.	102.37	1650	0.12693
757	130	-21.726	-120.	101.28	1650	0.12672
758	140	-20.794	-120.	100.22	1650	0.12647
758	130	-21.726	-120.	101.28	1650	0.12672
758	133	-21.51	-120.	98.163	1650	0.12591
759	140	-20.794	-120.	100.22	1650	0.12647
759	133	-21.51	-120.	98.163	1650	0.12591
759	138	-21.019	-120.	97.611	1650	0.12573
760	171	-16.855	-120.	100.05	1654	0.12647
760	153	-19.369	-120.	98.573	1654	0.12602
760	151	-19.781	-120.	103.3	1654	0.12711
761	221	-8.7706	-120.	146.81	1667	0.11551
761	229	-7.1945	-120.	148.83	1667	0.1154
761	217	-9.7773	-120.	147.68	1667	0.11552
762	221	-8.7706	-120.	146.81	1667	0.11551
762	217	-9.7773	-120.	147.68	1667	0.11552
762	212	-10.674	-120.	146.2	1667	0.11567
763	221	-8.7706	-120.	146.81	1667	0.11551
763	212	-10.674	-120.	146.2	1667	0.11567
763	215	-9.8754	-120.	144.75	1667	0.11577
764	221	-8.7706	-120.	146.81	1667	0.11551
764	215	-9.8754	-120.	144.75	1667	0.11577
764	224	-8.3944	-120.	145.41	1667	0.11555
765	221	-8.7706	-120.	146.81	1667	0.11551
765	224	-8.3944	-120.	145.41	1667	0.11555
765	233	-6.7075	-120.	147.97	1667	0.11536
766	221	-8.7706	-120.	146.81	1667	0.11551
766	233	-6.7075	-120.	147.97	1667	0.11536
766	229	-7.1945	-120.	148.83	1667	0.1154
767	215	-9.8754	-120.	144.75	1667	0.11577
767	212	-10.674	-120.	146.2	1667	0.11567
767	197	-12.295	-120.	143.44	1667	0.11619
768	229	-7.1945	-120.	148.83	1667	0.1154
768	226	-8.113	-120.	150.47	1667	0.11546
768	217	-9.7773	-120.	147.68	1667	0.11552
769	233	-6.7075	-120.	147.97	1667	0.11536
769	224	-8.3944	-120.	145.41	1667	0.11555
769	240	-5.7995	-120.	146.33	1667	0.11526
770	486	29.388	-120.	135.79	1726	0.11062
770	479	29.242	-120.	133.19	1726	0.11035
770	460	27.061	-120.	136.97	1726	0.11081
771	486	29.388	-120.	135.79	1726	0.11062
771	460	27.061	-120.	136.97	1726	0.11081
771	476	28.693	-120.	137.9	1726	0.11097
772	486	29.388	-120.	135.79	1726	0.11062
772	476	28.693	-120.	137.9	1726	0.11097
772	492	29.517	-120.	137.53	1726	0.1109
773	486	29.388	-120.	135.79	1726	0.11062
773	492	29.517	-120.	137.53	1726	0.1109
773	512	30.952	-120.	135.04	1726	0.11053
774	486	29.388	-120.	135.79	1726	0.11062
774	512	30.952	-120.	135.04	1726	0.11053
774	509	30.864	-120.	134.14	1726	0.11043
775	486	29.388	-120.	135.79	1726	0.11062
775	509	30.864	-120.	134.14	1726	0.11043
775	479	29.242	-120.	133.19	1726	0.11035
776	513	31.043	-120.	136.75	1726	0.11077
776	550	33.344	-120.	135.59	1726	0.11061
776	514	31.189	-120.	139.32	1726	0.11127
777	513	31.043	-120.	136.75	1726	0.11077
777	514	31.189	-120.	139.32	1726	0.11127
777	493	29.543	-120.	138.38	1726	0.11107
778	513	31.043	-120.	136.75	1726	0.11077
778	493	29.543	-120.	138.38	1726	0.11107
778	492	29.517	-120.	137.53	1726	0.1109
779	513	31.043	-120.	136.75	1726	0.11077
779	492	29.517	-120.	137.53	1726	0.1109
779	512	30.952	-120.	135.04	1726	0.11053
780	513	31.043	-120.	136.75	1726	0.11077
780	512	30.952	-120.	135.04	1726	0.11053
780	521	31.71	-120.	134.63	1726	0.11049
781	513	31.043	-120.	136.75	1726	0.11077
781	521	31.71	-120.	134.63	1726	0.11049
781	550	33.344	-120.	135.59	1726	0.11061
782	492	29.517	-120.	137.53	1726	0.1109
782	476	28.693	-120.	137.9	1726	0.11097
782	493	29.543	-120.	138.38	1726	0.11107
783	512	30.952	-120.	135.04	1726	0.11053
783	521	31.71	-120.	134.63	1726	0.11049
783	509	30.864	-120.	134.14	1726	0.11043
784	476	28.693	-120.	137.9	1744	0.11097
784	458	26.876	-120.	140.1	1744	0.11148
784	460	27.061	-120.	136.97	1744	0.11081
785	473	28.593	-120.	142.76	1744	0.1122
785	452	26.586	-120.	144.91	1744	0.11292
785	454	26.788	-120.	141.73	1744	0.11191
786	469	28.326	-120.	140.43	1744	0.11155
786	473	28.593	-120.	142.76	1744	0.1122
786	454	26.788	-120.	141.73	1744	0.11191
787	469	28.326	-120.	140.43	1744	0.11155
787	454	26.788	-120.	141.73	1744	0.11191
787	458	26.876	-120.	140.1	1744	0.11148
788	469	28.326	-120.	140.43	1744	0.11155
788	458	26.876	-120.	140.1	1744	0.11148
788	476	28.693	-120.	137.9	1744	0.11097
789	469	28.326	-120.	140.43	1744	0.11155
789	476	28.693	-120.	137.9	1744	0.11097
789	493	29.543	-120.	138.38	1744	0.11107
790	469	28.326	-120.	140.43	1744	0.11155
790	493	29.543	-120.	138.38	1744	0.11107
790	488	29.463	-120.	141.7	1744	0.11188
791	469	28.326	-120.	140.43	1744	0.11155
791	488	29.463	-120.	141.7	1744	0.11188
791	473	28.593	-120.	142.76	1744	0.1122
792	514	31.189	-120.	139.32	1744	0.11127
792	488	29.463	-120.	141.7	1744	0.11188
792	493	29.543	-120.	138.38	1744	0.11107
793	390	18.671	-120.	94.527	1810	0.12158
793	388	18.369	-120.	95.895	1810	0.12129
793	373	16.06	-120.	94.294	1810	0.12172
794	390	18.671	-120.	94.527	1810	0.12158
794	373	16.06	-120.	94.294	1810	0.12172
794	377	16.533	-120.	93.457	1810	0.12183
795	390	18.671	-120.	94.527	1810	0.12158
795	377	16.533	-120.	93.457	1810	0.12183
795	397	19.897	-120.	93.386	1810	0.1218
796	390	18.671	-120.	94.527	1810	0.12158
796	397	19.897	-120.	93.386	1810	0.1218
796	409	21.067	-120.	94.197	1810	0.12162
797	390	18.671	-120.	94.527	1810	0.12158
797	409	21.067	-120.	94.197	1810	0.12162
797	401	20.101	-120.	95.931	1810	0.12121
798	390	18.671	-120.	94.527	1810	0.12158
798	401	20.101	-120.	95.931	1810	0.12121
798	388	18.369	-120.	95.895	1810	0.12129
799	397	19.897	-120.	93.386	1810	0.1218
799	377	16.533	-120.	93.457	1810	0.12183
799	381	17.43	-120.	91.87	1810	0.12205
800	388	18.369	-120.	95.895	1810	0.12129
800	365	15.169	-120.	95.872	1810	0.1215
800	373	16.06	-120.	94.294	1810	0.12172
801	401	20.101	-120.	95.931	1810	0.12121
801	409	21.067	-120.	94.197	1810	0.12162
801	431	23.352	-120.	95.976	1810	0.12113
802	406	20.74	-120.	93.354	1811	0.1218
802	398	19.897	-120.	93.386	1811	0.1218
802	410	21.067	-120.	94.197	1811	0.12162
803	400	20.015	-120.	91.744	1811	0.12209
803	392	18.881	-120.	89.348	1811	0.12235
803	381	17.43	-120.	91.87	1811	0.12205
804	400	20.015	-120.	91.744	1811	0.12209
804	381	17.43	-120.	91.87	1811	0.12205
804	398	19.897	-120.	93.386	1811	0.1218
805	400	20.015	-120.	91.744	1811	0.12209
805	398	19.897	-120.	93.386	1811	0.1218
805	406	20.74	-120.	93.354	1811	0.1218
806	400	20.015	-120.	91.744	1811	0.12209
806	406	20.74	-120.	93.354	1811	0.1218
806	416	21.743	-120.	91.638	1811	0.12214
807	400	20.015	-120.	91.744	1811	0.12209
807	416	21.743	-120.	91.638	1811	0.12214
807	412	21.398	-120.	90.871	1811	0.12226
808	400	20.015	-120.	91.744	1811	0.12209
808	412	21.398	-120.	90.871	1811	0.12226
808	392	18.881	-120.	89.348	1811	0.12235
809	421	22.376	-120.	93.382	1811	0.1218
809	441	24.832	-120.	93.474	1811	0.12182
809	431	23.352	-120.	95.976	1811	0.12113
810	421	22.376	-120.	93.382	1811	0.1218
810	431	23.352	-120.	95.976	1811	0.12113
810	410	21.067	-120.	94.197	1811	0.12162
811	421	22.376	-120.	93.382	1811	0.1218
811	410	21.067	-120.	94.197	1811	0.12162
811	406	20.74	-120.	93.354	1811	0.1218
812	421	22.376	-120.	93.382	1811	0.1218
812	406	20.74	-120.	93.354	1811	0.1218
812	416	21.743	-120.	91.638	1811	0.12214
813	421	22.376	-120.	93.382	1811	0.1218
813	416	21.743	-120.	91.638	1811	0.12214
813	426	22.522	-120.	91.651	1811	0.12216
814	421	22.376	-120.	93.382	1811	0.1218
814	426	22.522	-120.	91.651	1811	0.12216
814	441	24.832	-120.	93.474	1811	0.12182
815	416	21.743	-120.	91.638	1811	0.12214
815	426	22.522	-120.	91.651	1811	0.12216
815	412	21.398	-120.	90.871	1811	0.12226
