小面	点	X坐标 (mm)	Y坐标 (mm)	Z坐标 (mm)	单元数	定向变形 (mm)
0	256	-2.9777	-120.	149.89	577	0.11135
0	268	-1.0913	-120.	151.9	577	0.11162
0	252	-3.9312	-120.	151.58	577	0.11155
1	288	1.8045	-120.	154.98	577	0.11241
1	267	-1.1343	-120.	154.83	577	0.11218
1	276	-0.11815	-120.	152.95	577	0.11184
2	243	-5.3928	-120.	154.18	577	0.11179
2	248	-4.4252	-120.	152.47	577	0.11164
2	259	-2.4941	-120.	154.68	577	0.11206
3	261	-2.1991	-120.	153.07	577	0.1118
3	252	-3.9312	-120.	151.58	577	0.11155
3	268	-1.0913	-120.	151.9	577	0.11162
4	261	-2.1991	-120.	153.07	577	0.1118
4	268	-1.0913	-120.	151.9	577	0.11162
4	276	-0.11815	-120.	152.95	577	0.11184
5	261	-2.1991	-120.	153.07	577	0.1118
5	276	-0.11815	-120.	152.95	577	0.11184
5	267	-1.1343	-120.	154.83	577	0.11218
6	261	-2.1991	-120.	153.07	577	0.1118
6	267	-1.1343	-120.	154.83	577	0.11218
6	259	-2.4941	-120.	154.68	577	0.11206
7	261	-2.1991	-120.	153.07	577	0.1118
7	259	-2.4941	-120.	154.68	577	0.11206
7	248	-4.4252	-120.	152.47	577	0.11164
8	261	-2.1991	-120.	153.07	577	0.1118
8	248	-4.4252	-120.	152.47	577	0.11164
8	252	-3.9312	-120.	151.58	577	0.11155
9	526	31.866	-120.	131.46	610	0.10538
9	510	30.864	-120.	134.14	610	0.10561
9	479	29.242	-120.	133.19	610	0.10549
10	564	34.544	-120.	132.9	610	0.10551
10	550	33.344	-120.	135.59	610	0.10584
10	522	31.71	-120.	134.63	610	0.10568
11	541	32.873	-120.	132.56	610	0.10546
11	564	34.544	-120.	132.9	610	0.10551
11	522	31.71	-120.	134.63	610	0.10568
12	541	32.873	-120.	132.56	610	0.10546
12	522	31.71	-120.	134.63	610	0.10568
12	510	30.864	-120.	134.14	610	0.10561
13	541	32.873	-120.	132.56	610	0.10546
13	510	30.864	-120.	134.14	610	0.10561
13	526	31.866	-120.	131.46	610	0.10538
14	541	32.873	-120.	132.56	610	0.10546
14	526	31.866	-120.	131.46	610	0.10538
14	546	33.229	-120.	130.57	610	0.10536
15	541	32.873	-120.	132.56	610	0.10546
15	546	33.229	-120.	130.57	610	0.10536
15	567	35.024	-120.	131.62	610	0.10543
16	541	32.873	-120.	132.56	610	0.10546
16	567	35.024	-120.	131.62	610	0.10543
16	564	34.544	-120.	132.9	610	0.10551
17	572	35.883	-120.	128.81	610	0.10542
17	567	35.024	-120.	131.62	610	0.10543
17	546	33.229	-120.	130.57	610	0.10536
18	109	-23.556	-120.	106.6	619	0.12396
18	124	-22.151	-120.	106.97	619	0.12397
18	98	-24.934	-120.	108.56	619	0.12409
19	109	-23.556	-120.	106.6	619	0.12396
19	98	-24.934	-120.	108.56	619	0.12409
19	83	-25.781	-120.	108.08	619	0.12407
20	109	-23.556	-120.	106.6	619	0.12396
20	83	-25.781	-120.	108.08	619	0.12407
20	104	-24.368	-120.	105.63	619	0.12386
21	109	-23.556	-120.	106.6	619	0.12396
21	104	-24.368	-120.	105.63	619	0.12386
21	117	-22.763	-120.	104.8	619	0.12375
22	109	-23.556	-120.	106.6	619	0.12396
22	117	-22.763	-120.	104.8	619	0.12375
22	137	-21.34	-120.	105.57	619	0.12384
23	109	-23.556	-120.	106.6	619	0.12396
23	137	-21.34	-120.	105.57	619	0.12384
23	124	-22.151	-120.	106.97	619	0.12397
24	104	-24.368	-120.	105.63	619	0.12386
24	83	-25.781	-120.	108.08	619	0.12407
24	55	-27.388	-120.	107.17	619	0.12401
25	124	-22.151	-120.	106.97	619	0.12397
25	112	-23.336	-120.	109.46	619	0.12407
25	98	-24.934	-120.	108.56	619	0.12409
26	137	-21.34	-120.	105.57	619	0.12384
26	117	-22.763	-120.	104.8	619	0.12375
26	151	-19.781	-120.	103.3	619	0.12349
27	153	-19.369	-120.	98.573	622	0.12218
27	139	-21.019	-120.	97.611	622	0.12185
27	155	-18.865	-120.	95.735	622	0.12112
28	110	-23.545	-120.	96.143	622	0.12134
28	134	-21.451	-120.	94.077	622	0.12048
28	126	-21.878	-120.	97.108	622	0.12168
29	165	-18.085	-120.	91.387	622	0.11925
29	161	-18.611	-120.	94.262	622	0.12052
29	144	-20.419	-120.	93.178	622	0.12009
30	145	-20.374	-120.	95.329	622	0.12098
30	155	-18.865	-120.	95.735	622	0.12112
30	139	-21.019	-120.	97.611	622	0.12185
31	145	-20.374	-120.	95.329	622	0.12098
31	139	-21.019	-120.	97.611	622	0.12185
31	126	-21.878	-120.	97.108	622	0.12168
32	145	-20.374	-120.	95.329	622	0.12098
32	126	-21.878	-120.	97.108	622	0.12168
32	134	-21.451	-120.	94.077	622	0.12048
33	145	-20.374	-120.	95.329	622	0.12098
33	134	-21.451	-120.	94.077	622	0.12048
33	144	-20.419	-120.	93.178	622	0.12009
34	145	-20.374	-120.	95.329	622	0.12098
34	144	-20.419	-120.	93.178	622	0.12009
34	161	-18.611	-120.	94.262	622	0.12052
35	145	-20.374	-120.	95.329	622	0.12098
35	161	-18.611	-120.	94.262	622	0.12052
35	155	-18.865	-120.	95.735	622	0.12112
36	285	1.3031	-120.	89.681	635	0.11823
36	275	-0.15357	-120.	92.615	635	0.1192
36	300	4.2195	-120.	92.615	635	0.11869
37	80	-26.056	-120.	108.78	712	0.1241
37	97	-24.934	-120.	108.56	712	0.12409
37	82	-25.781	-120.	108.08	712	0.12407
38	43	-28.173	-120.	109.18	712	0.1241
38	23	-29.748	-120.	110.74	712	0.12408
38	7	-31.417	-120.	109.78	712	0.12406
39	43	-28.173	-120.	109.18	712	0.1241
39	7	-31.417	-120.	109.78	712	0.12406
39	55	-27.388	-120.	107.17	712	0.12401
40	43	-28.173	-120.	109.18	712	0.1241
40	55	-27.388	-120.	107.17	712	0.12401
40	82	-25.781	-120.	108.08	712	0.12407
41	43	-28.173	-120.	109.18	712	0.1241
41	82	-25.781	-120.	108.08	712	0.12407
41	80	-26.056	-120.	108.78	712	0.1241
42	43	-28.173	-120.	109.18	712	0.1241
42	80	-26.056	-120.	108.78	712	0.1241
42	36	-28.65	-120.	110.53	712	0.1241
43	43	-28.173	-120.	109.18	712	0.1241
43	36	-28.65	-120.	110.53	712	0.1241
43	23	-29.748	-120.	110.74	712	0.12408
44	32	-28.882	-120.	111.23	712	0.12407
44	36	-28.65	-120.	110.53	712	0.1241
44	23	-29.748	-120.	110.74	712	0.12408
45	68	-26.514	-120.	110.12	712	0.12411
45	61	-27.224	-120.	112.18	712	0.12402
45	112	-23.336	-120.	109.46	712	0.12407
46	68	-26.514	-120.	110.12	712	0.12411
46	112	-23.336	-120.	109.46	712	0.12407
46	97	-24.934	-120.	108.56	712	0.12409
47	68	-26.514	-120.	110.12	712	0.12411
47	97	-24.934	-120.	108.56	712	0.12409
47	80	-26.056	-120.	108.78	712	0.1241
48	68	-26.514	-120.	110.12	712	0.12411
48	80	-26.056	-120.	108.78	712	0.1241
48	36	-28.65	-120.	110.53	712	0.1241
49	68	-26.514	-120.	110.12	712	0.12411
49	36	-28.65	-120.	110.53	712	0.1241
49	32	-28.882	-120.	111.23	712	0.12407
50	68	-26.514	-120.	110.12	712	0.12411
50	32	-28.882	-120.	111.23	712	0.12407
50	61	-27.224	-120.	112.18	712	0.12402
51	241	-5.7764	-120.	90.758	716	0.11883
51	235	-6.5008	-120.	90.968	716	0.11893
51	237	-6.2516	-120.	91.919	716	0.11932
52	225	-8.3372	-120.	89.613	716	0.11837
52	223	-8.5933	-120.	88.683	716	0.11797
52	220	-9.0374	-120.	89.857	716	0.11848
53	227	-7.8565	-120.	91.427	716	0.11915
53	237	-6.2516	-120.	91.919	716	0.11932
53	231	-7.1082	-120.	94.093	716	0.12029
54	227	-7.8565	-120.	91.427	716	0.11915
54	231	-7.1082	-120.	94.093	716	0.12029
54	214	-9.904	-120.	92.112	716	0.11948
55	227	-7.8565	-120.	91.427	716	0.11915
55	214	-9.904	-120.	92.112	716	0.11948
55	220	-9.0374	-120.	89.857	716	0.11848
56	227	-7.8565	-120.	91.427	716	0.11915
56	220	-9.0374	-120.	89.857	716	0.11848
56	225	-8.3372	-120.	89.613	716	0.11837
57	227	-7.8565	-120.	91.427	716	0.11915
57	225	-8.3372	-120.	89.613	716	0.11837
57	235	-6.5008	-120.	90.968	716	0.11893
58	227	-7.8565	-120.	91.427	716	0.11915
58	235	-6.5008	-120.	90.968	716	0.11893
58	237	-6.2516	-120.	91.919	716	0.11932
59	232	-6.9679	-120.	89.165	716	0.11818
59	223	-8.5933	-120.	88.683	716	0.11797
59	228	-7.7041	-120.	86.405	716	0.11704
60	232	-6.9679	-120.	89.165	716	0.11818
60	228	-7.7041	-120.	86.405	716	0.11704
60	245	-4.8957	-120.	88.564	716	0.11794
61	232	-6.9679	-120.	89.165	716	0.11818
61	245	-4.8957	-120.	88.564	716	0.11794
61	241	-5.7764	-120.	90.758	716	0.11883
62	232	-6.9679	-120.	89.165	716	0.11818
62	241	-5.7764	-120.	90.758	716	0.11883
62	235	-6.5008	-120.	90.968	716	0.11893
63	232	-6.9679	-120.	89.165	716	0.11818
63	235	-6.5008	-120.	90.968	716	0.11893
63	225	-8.3372	-120.	89.613	716	0.11837
64	232	-6.9679	-120.	89.165	716	0.11818
64	225	-8.3372	-120.	89.613	716	0.11837
64	223	-8.5933	-120.	88.683	716	0.11797
65	177	-15.833	-120.	140.87	735	0.11365
65	169	-17.251	-120.	143.32	735	0.11284
65	197	-12.295	-120.	143.44	735	0.11255
66	1	-32.805	-120.	116.88	751	0.12326
66	0	-32.924	-120.	121.19	751	0.12214
66	16	-30.093	-120.	118.32	751	0.123
67	226	-8.113	-120.	150.47	765	0.11145
67	218	-9.54	-120.	153.01	765	0.11141
67	243	-5.3928	-120.	154.18	765	0.11179
68	250	-4.0658	-120.	91.691	802	0.11915
68	263	-2.0045	-120.	91.016	802	0.11878
68	257	-2.8829	-120.	92.974	802	0.11957
69	250	-4.0658	-120.	91.691	802	0.11915
69	257	-2.8829	-120.	92.974	802	0.11957
69	247	-4.4686	-120.	93.311	802	0.11982
70	250	-4.0658	-120.	91.691	802	0.11915
70	247	-4.4686	-120.	93.311	802	0.11982
70	238	-6.2516	-120.	91.919	802	0.11932
71	250	-4.0658	-120.	91.691	802	0.11915
71	238	-6.2516	-120.	91.919	802	0.11932
71	242	-5.7764	-120.	90.758	802	0.11883
72	250	-4.0658	-120.	91.691	802	0.11915
72	242	-5.7764	-120.	90.758	802	0.11883
72	254	-3.011	-120.	90.17	802	0.11852
73	250	-4.0658	-120.	91.691	802	0.11915
73	254	-3.011	-120.	90.17	802	0.11852
73	263	-2.0045	-120.	91.016	802	0.11878
74	238	-6.2516	-120.	91.919	802	0.11932
74	247	-4.4686	-120.	93.311	802	0.11982
74	231	-7.1082	-120.	94.093	802	0.12029
75	263	-2.0045	-120.	91.016	802	0.11878
75	275	-0.15357	-120.	92.615	802	0.1192
75	257	-2.8829	-120.	92.974	802	0.11957
76	254	-3.011	-120.	90.17	802	0.11852
76	242	-5.7764	-120.	90.758	802	0.11883
76	245	-4.8957	-120.	88.564	802	0.11794
77	353	12.589	-120.	91.638	810	0.1179
77	343	11.174	-120.	94.093	810	0.11784
77	365	15.169	-120.	95.872	810	0.11711
78	427	22.928	-120.	139.99	840	0.10688
78	413	21.536	-120.	141.87	840	0.10749
78	420	21.895	-120.	138.97	840	0.10657
79	427	22.928	-120.	139.99	840	0.10688
79	420	21.895	-120.	138.97	840	0.10657
79	429	22.98	-120.	137.77	840	0.10627
80	427	22.928	-120.	139.99	840	0.10688
80	429	22.98	-120.	137.77	840	0.10627
80	437	24.441	-120.	138.64	840	0.10651
81	427	22.928	-120.	139.99	840	0.10688
81	437	24.441	-120.	138.64	840	0.10651
81	435	24.303	-120.	140.3	840	0.10698
82	427	22.928	-120.	139.99	840	0.10688
82	435	24.303	-120.	140.3	840	0.10698
82	424	22.411	-120.	142.4	840	0.10768
83	427	22.928	-120.	139.99	840	0.10688
83	424	22.411	-120.	142.4	840	0.10768
83	413	21.536	-120.	141.87	840	0.10749
84	437	24.441	-120.	138.64	840	0.10651
84	429	22.98	-120.	137.77	840	0.10627
84	439	24.656	-120.	135.59	840	0.10582
85	413	21.536	-120.	141.87	840	0.10749
85	399	19.899	-120.	140.87	840	0.10712
85	420	21.895	-120.	138.97	840	0.10657
86	424	22.411	-120.	142.4	840	0.10768
86	435	24.303	-120.	140.3	840	0.10698
86	434	24.064	-120.	143.4	840	0.10805
87	240	-5.7995	-120.	146.33	842	0.1114
87	256	-2.9777	-120.	149.89	842	0.11135
87	265	-1.522	-120.	147.24	842	0.1109
88	35	-28.656	-120.	129.72	857	0.11887
88	6	-31.929	-120.	128.36	857	0.11946
88	10	-30.643	-120.	132.48	857	0.11762
89	152	-19.63	-120.	147.46	858	0.11166
89	175	-16.089	-120.	149.92	858	0.11129
89	181	-14.63	-120.	147.4	858	0.11175
90	214	-9.904	-120.	92.112	861	0.11948
90	206	-11.103	-120.	95.872	861	0.12116
90	231	-7.1082	-120.	94.093	861	0.12029
91	56	-27.376	-120.	127.13	865	0.11999
91	63	-27.196	-120.	127.86	865	0.11968
91	70	-26.429	-120.	126.87	865	0.12008
92	31	-29.171	-120.	127.62	865	0.11979
92	6	-31.929	-120.	128.36	865	0.11946
92	35	-28.656	-120.	129.72	865	0.11887
93	31	-29.171	-120.	127.62	865	0.11979
93	35	-28.656	-120.	129.72	865	0.11887
93	63	-27.196	-120.	127.86	865	0.11968
94	31	-29.171	-120.	127.62	865	0.11979
94	63	-27.196	-120.	127.86	865	0.11968
94	56	-27.376	-120.	127.13	865	0.11999
95	31	-29.171	-120.	127.62	865	0.11979
95	56	-27.376	-120.	127.13	865	0.11999
95	28	-29.468	-120.	126.21	865	0.12037
96	31	-29.171	-120.	127.62	865	0.11979
96	28	-29.468	-120.	126.21	865	0.12037
96	15	-30.401	-120.	126.46	865	0.12027
97	31	-29.171	-120.	127.62	865	0.11979
97	15	-30.401	-120.	126.46	865	0.12027
97	6	-31.929	-120.	128.36	865	0.11946
98	52	-27.657	-120.	125.72	865	0.12056
98	44	-28.087	-120.	123.61	865	0.12137
98	96	-24.974	-120.	125.04	865	0.12079
99	52	-27.657	-120.	125.72	865	0.12056
99	96	-24.974	-120.	125.04	865	0.12079
99	70	-26.429	-120.	126.87	865	0.12008
100	52	-27.657	-120.	125.72	865	0.12056
100	70	-26.429	-120.	126.87	865	0.12008
100	56	-27.376	-120.	127.13	865	0.11999
101	52	-27.657	-120.	125.72	865	0.12056
101	56	-27.376	-120.	127.13	865	0.11999
101	28	-29.468	-120.	126.21	865	0.12037
102	52	-27.657	-120.	125.72	865	0.12056
102	28	-29.468	-120.	126.21	865	0.12037
102	25	-29.607	-120.	125.48	865	0.12066
103	52	-27.657	-120.	125.72	865	0.12056
103	25	-29.607	-120.	125.48	865	0.12066
103	44	-28.087	-120.	123.61	865	0.12137
104	28	-29.468	-120.	126.21	865	0.12037
104	25	-29.607	-120.	125.48	865	0.12066
104	15	-30.401	-120.	126.46	865	0.12027
105	44	-28.087	-120.	123.61	867	0.12137
105	24	-29.607	-120.	125.48	867	0.12066
105	19	-29.999	-120.	122.65	867	0.12171
106	6	-31.929	-120.	128.36	867	0.11946
106	3	-32.513	-120.	125.48	867	0.12064
106	14	-30.401	-120.	126.46	867	0.12027
107	0	-32.924	-120.	121.19	867	0.12214
107	9	-30.996	-120.	122.16	867	0.12187
107	2	-32.701	-120.	124.13	867	0.12114
108	8	-31.036	-120.	124.39	867	0.12107
108	19	-29.999	-120.	122.65	867	0.12171
108	24	-29.607	-120.	125.48	867	0.12066
109	8	-31.036	-120.	124.39	867	0.12107
109	24	-29.607	-120.	125.48	867	0.12066
109	14	-30.401	-120.	126.46	867	0.12027
110	8	-31.036	-120.	124.39	867	0.12107
110	14	-30.401	-120.	126.46	867	0.12027
110	3	-32.513	-120.	125.48	867	0.12064
111	8	-31.036	-120.	124.39	867	0.12107
111	3	-32.513	-120.	125.48	867	0.12064
111	2	-32.701	-120.	124.13	867	0.12114
112	8	-31.036	-120.	124.39	867	0.12107
112	2	-32.701	-120.	124.13	867	0.12114
112	9	-30.996	-120.	122.16	867	0.12187
113	8	-31.036	-120.	124.39	867	0.12107
113	9	-30.996	-120.	122.16	867	0.12187
113	19	-29.999	-120.	122.65	867	0.12171
114	204	-11.69	-120.	149.52	879	0.11146
114	208	-10.796	-120.	149.39	879	0.11148
114	199	-12.084	-120.	148.78	879	0.11154
115	207	-10.848	-120.	150.93	879	0.11138
115	218	-9.54	-120.	153.01	879	0.11141
115	226	-8.113	-120.	150.47	879	0.11145
116	207	-10.848	-120.	150.93	879	0.11138
116	226	-8.113	-120.	150.47	879	0.11145
116	208	-10.796	-120.	149.39	879	0.11148
117	207	-10.848	-120.	150.93	879	0.11138
117	208	-10.796	-120.	149.39	879	0.11148
117	204	-11.69	-120.	149.52	879	0.11146
118	207	-10.848	-120.	150.93	879	0.11138
118	204	-11.69	-120.	149.52	879	0.11146
118	194	-12.675	-120.	151.25	879	0.11129
119	207	-10.848	-120.	150.93	879	0.11138
119	194	-12.675	-120.	151.25	879	0.11129
119	198	-12.273	-120.	151.92	879	0.11127
120	207	-10.848	-120.	150.93	879	0.11138
120	198	-12.273	-120.	151.92	879	0.11127
120	218	-9.54	-120.	153.01	879	0.11141
121	190	-13.446	-120.	149.7	879	0.11142
121	175	-16.089	-120.	149.92	879	0.11129
121	181	-14.63	-120.	147.4	879	0.11175
122	190	-13.446	-120.	149.7	879	0.11142
122	181	-14.63	-120.	147.4	879	0.11175
122	199	-12.084	-120.	148.78	879	0.11154
123	190	-13.446	-120.	149.7	879	0.11142
123	199	-12.084	-120.	148.78	879	0.11154
123	204	-11.69	-120.	149.52	879	0.11146
124	190	-13.446	-120.	149.7	879	0.11142
124	204	-11.69	-120.	149.52	879	0.11146
124	194	-12.675	-120.	151.25	879	0.11129
125	190	-13.446	-120.	149.7	879	0.11142
125	194	-12.675	-120.	151.25	879	0.11129
125	188	-13.511	-120.	151.33	879	0.11125
126	190	-13.446	-120.	149.7	879	0.11142
126	188	-13.511	-120.	151.33	879	0.11125
126	175	-16.089	-120.	149.92	879	0.11129
127	194	-12.675	-120.	151.25	879	0.11129
127	188	-13.511	-120.	151.33	879	0.11125
127	198	-12.273	-120.	151.92	879	0.11127
128	463	27.448	-120.	103.66	890	0.11352
128	451	26.451	-120.	103.94	890	0.11341
128	464	27.85	-120.	104.3	890	0.11322
129	453	26.629	-120.	102.49	890	0.11407
129	444	25.409	-120.	100.72	890	0.11487
129	432	23.847	-120.	103.3	890	0.11374
130	453	26.629	-120.	102.49	890	0.11407
130	432	23.847	-120.	103.3	890	0.11374
130	451	26.451	-120.	103.94	890	0.11341
131	453	26.629	-120.	102.49	890	0.11407
131	451	26.451	-120.	103.94	890	0.11341
131	463	27.448	-120.	103.66	890	0.11352
132	453	26.629	-120.	102.49	890	0.11407
132	463	27.448	-120.	103.66	890	0.11352
132	471	28.524	-120.	101.95	890	0.11428
133	453	26.629	-120.	102.49	890	0.11407
133	471	28.524	-120.	101.95	890	0.11428
133	467	28.095	-120.	101.35	890	0.11456
134	453	26.629	-120.	102.49	890	0.11407
134	467	28.095	-120.	101.35	890	0.11456
134	444	25.409	-120.	100.72	890	0.11487
135	483	29.334	-120.	103.14	890	0.11374
135	536	32.209	-120.	102.31	890	0.11409
135	499	30.485	-120.	104.97	890	0.11288
136	483	29.334	-120.	103.14	890	0.11374
136	499	30.485	-120.	104.97	890	0.11288
136	464	27.85	-120.	104.3	890	0.11322
137	483	29.334	-120.	103.14	890	0.11374
137	464	27.85	-120.	104.3	890	0.11322
137	463	27.448	-120.	103.66	890	0.11352
138	483	29.334	-120.	103.14	890	0.11374
138	463	27.448	-120.	103.66	890	0.11352
138	471	28.524	-120.	101.95	890	0.11428
139	483	29.334	-120.	103.14	890	0.11374
139	471	28.524	-120.	101.95	890	0.11428
139	490	29.49	-120.	101.66	890	0.1144
140	483	29.334	-120.	103.14	890	0.11374
140	490	29.49	-120.	101.66	890	0.1144
140	536	32.209	-120.	102.31	890	0.11409
141	471	28.524	-120.	101.95	890	0.11428
141	490	29.49	-120.	101.66	890	0.1144
141	467	28.095	-120.	101.35	890	0.11456
142	50	-27.848	-120.	115.7	894	0.12356
142	45	-27.948	-120.	116.45	894	0.12342
142	65	-26.814	-120.	115.45	894	0.12359
143	53	-27.595	-120.	114.29	894	0.12378
143	29	-29.43	-120.	114.03	894	0.12381
143	61	-27.224	-120.	112.18	894	0.12402
144	53	-27.595	-120.	114.29	894	0.12378
144	61	-27.224	-120.	112.18	894	0.12402
144	100	-24.688	-120.	113.62	894	0.12381
145	53	-27.595	-120.	114.29	894	0.12378
145	100	-24.688	-120.	113.62	894	0.12381
145	65	-26.814	-120.	115.45	894	0.12359
146	53	-27.595	-120.	114.29	894	0.12378
146	65	-26.814	-120.	115.45	894	0.12359
146	50	-27.848	-120.	115.7	894	0.12356
147	53	-27.595	-120.	114.29	894	0.12378
147	50	-27.848	-120.	115.7	894	0.12356
147	26	-29.567	-120.	114.76	894	0.12371
148	53	-27.595	-120.	114.29	894	0.12378
148	26	-29.567	-120.	114.76	894	0.12371
148	29	-29.43	-120.	114.03	894	0.12381
149	12	-30.578	-120.	114.99	894	0.12366
149	26	-29.567	-120.	114.76	894	0.12371
149	29	-29.43	-120.	114.03	894	0.12381
150	21	-29.807	-120.	116.19	894	0.12347
150	1	-32.805	-120.	116.88	894	0.12326
150	16	-30.093	-120.	118.32	894	0.123
151	21	-29.807	-120.	116.19	894	0.12347
151	16	-30.093	-120.	118.32	894	0.123
151	45	-27.948	-120.	116.45	894	0.12342
152	21	-29.807	-120.	116.19	894	0.12347
152	45	-27.948	-120.	116.45	894	0.12342
152	50	-27.848	-120.	115.7	894	0.12356
153	21	-29.807	-120.	116.19	894	0.12347
153	50	-27.848	-120.	115.7	894	0.12356
153	26	-29.567	-120.	114.76	894	0.12371
154	21	-29.807	-120.	116.19	894	0.12347
154	26	-29.567	-120.	114.76	894	0.12371
154	12	-30.578	-120.	114.99	894	0.12366
155	21	-29.807	-120.	116.19	894	0.12347
155	12	-30.578	-120.	114.99	894	0.12366
155	1	-32.805	-120.	116.88	894	0.12326
156	40	-28.243	-120.	120.02	900	0.12255
156	59	-27.268	-120.	119.76	900	0.1226
156	38	-28.244	-120.	119.26	900	0.12276
157	42	-28.178	-120.	121.44	900	0.12211
157	44	-28.087	-120.	123.61	900	0.12137
157	88	-25.431	-120.	120.69	900	0.12229
158	42	-28.178	-120.	121.44	900	0.12211
158	88	-25.431	-120.	120.69	900	0.12229
158	59	-27.268	-120.	119.76	900	0.1226
159	42	-28.178	-120.	121.44	900	0.12211
159	59	-27.268	-120.	119.76	900	0.1226
159	40	-28.243	-120.	120.02	900	0.12255
160	42	-28.178	-120.	121.44	900	0.12211
160	40	-28.243	-120.	120.02	900	0.12255
160	18	-30.04	-120.	121.91	900	0.12196
161	42	-28.178	-120.	121.44	900	0.12211
161	18	-30.04	-120.	121.91	900	0.12196
161	19	-29.999	-120.	122.65	900	0.12171
162	42	-28.178	-120.	121.44	900	0.12211
162	19	-29.999	-120.	122.65	900	0.12171
162	44	-28.087	-120.	123.61	900	0.12137
163	17	-30.09	-120.	120.48	900	0.12241
163	0	-32.924	-120.	121.19	900	0.12214
163	16	-30.093	-120.	118.32	900	0.123
164	17	-30.09	-120.	120.48	900	0.12241
164	16	-30.093	-120.	118.32	900	0.123
164	38	-28.244	-120.	119.26	900	0.12276
165	17	-30.09	-120.	120.48	900	0.12241
165	38	-28.244	-120.	119.26	900	0.12276
165	40	-28.243	-120.	120.02	900	0.12255
166	17	-30.09	-120.	120.48	900	0.12241
166	40	-28.243	-120.	120.02	900	0.12255
166	18	-30.04	-120.	121.91	900	0.12196
167	17	-30.09	-120.	120.48	900	0.12241
167	18	-30.04	-120.	121.91	900	0.12196
167	9	-30.996	-120.	122.16	900	0.12187
168	17	-30.09	-120.	120.48	900	0.12241
168	9	-30.996	-120.	122.16	900	0.12187
168	0	-32.924	-120.	121.19	900	0.12214
169	18	-30.04	-120.	121.91	900	0.12196
169	9	-30.996	-120.	122.16	900	0.12187
169	19	-29.999	-120.	122.65	900	0.12171
170	101	-24.589	-120.	134.53	905	0.11663
170	143	-20.59	-120.	135.59	905	0.11609
170	115	-22.777	-120.	131.8	905	0.11788
171	236	-6.4699	-120.	149.04	910	0.11142
171	234	-6.7075	-120.	147.97	910	0.11144
171	230	-7.1945	-120.	148.83	910	0.11145
172	239	-6.0411	-120.	151.07	910	0.11148
172	249	-4.4252	-120.	152.47	910	0.11164
172	243	-5.3928	-120.	154.18	910	0.11179
173	239	-6.0411	-120.	151.07	910	0.11148
173	243	-5.3928	-120.	154.18	910	0.11179
173	226	-8.113	-120.	150.47	910	0.11145
174	239	-6.0411	-120.	151.07	910	0.11148
174	226	-8.113	-120.	150.47	910	0.11145
174	230	-7.1945	-120.	148.83	910	0.11145
175	239	-6.0411	-120.	151.07	910	0.11148
175	230	-7.1945	-120.	148.83	910	0.11145
175	236	-6.4699	-120.	149.04	910	0.11142
176	239	-6.0411	-120.	151.07	910	0.11148
176	236	-6.4699	-120.	149.04	910	0.11142
176	246	-4.6513	-120.	151.42	910	0.11152
177	239	-6.0411	-120.	151.07	910	0.11148
177	246	-4.6513	-120.	151.42	910	0.11152
177	249	-4.4252	-120.	152.47	910	0.11164
178	251	-3.9312	-120.	151.58	910	0.11155
178	246	-4.6513	-120.	151.42	910	0.11152
178	249	-4.4252	-120.	152.47	910	0.11164
179	244	-5.0895	-120.	149.37	910	0.11138
179	256	-2.9777	-120.	149.89	910	0.11135
179	240	-5.7995	-120.	146.33	910	0.1114
180	244	-5.0895	-120.	149.37	910	0.11138
180	240	-5.7995	-120.	146.33	910	0.1114
180	234	-6.7075	-120.	147.97	910	0.11144
181	244	-5.0895	-120.	149.37	910	0.11138
181	234	-6.7075	-120.	147.97	910	0.11144
181	236	-6.4699	-120.	149.04	910	0.11142
182	244	-5.0895	-120.	149.37	910	0.11138
182	236	-6.4699	-120.	149.04	910	0.11142
182	246	-4.6513	-120.	151.42	910	0.11152
183	244	-5.0895	-120.	149.37	910	0.11138
183	246	-4.6513	-120.	151.42	910	0.11152
183	251	-3.9312	-120.	151.58	910	0.11155
184	244	-5.0895	-120.	149.37	910	0.11138
184	251	-3.9312	-120.	151.58	910	0.11155
184	256	-2.9777	-120.	149.89	910	0.11135
185	304	4.9242	-120.	150.14	912	0.11109
185	302	4.6741	-120.	149.18	912	0.1108
185	299	4.1731	-120.	150.21	912	0.11113
186	312	6.3385	-120.	149.94	912	0.11099
186	323	8.4836	-120.	149.65	912	0.11083
186	308	5.588	-120.	147.24	912	0.1101
187	312	6.3385	-120.	149.94	912	0.11099
187	308	5.588	-120.	147.24	912	0.1101
187	302	4.6741	-120.	149.18	912	0.1108
188	312	6.3385	-120.	149.94	912	0.11099
188	302	4.6741	-120.	149.18	912	0.1108
188	304	4.9242	-120.	150.14	912	0.11109
189	312	6.3385	-120.	149.94	912	0.11099
189	304	4.9242	-120.	150.14	912	0.11109
189	314	6.814	-120.	151.77	912	0.11162
190	312	6.3385	-120.	149.94	912	0.11099
190	314	6.814	-120.	151.77	912	0.11162
190	320	7.5469	-120.	151.66	912	0.11158
191	312	6.3385	-120.	149.94	912	0.11099
191	320	7.5469	-120.	151.66	912	0.11158
191	323	8.4836	-120.	149.65	912	0.11083
192	307	5.3872	-120.	151.95	912	0.11167
192	311	6.1077	-120.	154.74	912	0.11259
192	296	3.2389	-120.	152.16	912	0.11172
193	307	5.3872	-120.	151.95	912	0.11167
193	296	3.2389	-120.	152.16	912	0.11172
193	299	4.1731	-120.	150.21	912	0.11113
194	307	5.3872	-120.	151.95	912	0.11167
194	299	4.1731	-120.	150.21	912	0.11113
194	304	4.9242	-120.	150.14	912	0.11109
195	307	5.3872	-120.	151.95	912	0.11167
195	304	4.9242	-120.	150.14	912	0.11109
195	314	6.814	-120.	151.77	912	0.11162
196	307	5.3872	-120.	151.95	912	0.11167
196	314	6.814	-120.	151.77	912	0.11162
196	316	7.065	-120.	152.71	912	0.11195
197	307	5.3872	-120.	151.95	912	0.11167
197	316	7.065	-120.	152.71	912	0.11195
197	311	6.1077	-120.	154.74	912	0.11259
198	314	6.814	-120.	151.77	912	0.11162
198	316	7.065	-120.	152.71	912	0.11195
198	320	7.5469	-120.	151.66	912	0.11158
199	387	18.289	-120.	147.65	935	0.10986
199	393	19.016	-120.	145.11	935	0.10876
199	405	20.723	-120.	146.15	935	0.10919
200	396	19.872	-120.	148.18	935	0.11007
200	387	18.289	-120.	147.65	935	0.10986
200	405	20.723	-120.	146.15	935	0.10919
201	396	19.872	-120.	148.18	935	0.11007
201	405	20.723	-120.	146.15	935	0.10919
201	415	21.609	-120.	146.7	935	0.10942
202	396	19.872	-120.	148.18	935	0.11007
202	415	21.609	-120.	146.7	935	0.10942
202	408	20.929	-120.	149.43	935	0.11061
203	396	19.872	-120.	148.18	935	0.11007
203	408	20.929	-120.	149.43	935	0.11061
203	394	19.764	-120.	150.15	935	0.11093
204	396	19.872	-120.	148.18	935	0.11007
204	394	19.764	-120.	150.15	935	0.11093
204	385	17.918	-120.	148.97	935	0.11044
205	396	19.872	-120.	148.18	935	0.11007
205	385	17.918	-120.	148.97	935	0.11044
205	387	18.289	-120.	147.65	935	0.10986
206	408	20.929	-120.	149.43	935	0.11061
206	415	21.609	-120.	146.7	935	0.10942
206	430	23.336	-120.	147.74	935	0.10984
207	394	19.764	-120.	150.15	935	0.11093
207	380	17.167	-120.	151.53	935	0.11156
207	385	17.918	-120.	148.97	935	0.11044
208	291	2.4319	-120.	148.95	938	0.11087
208	299	4.1731	-120.	150.21	938	0.11113
208	287	1.3459	-120.	150.21	938	0.11124
209	291	2.4319	-120.	148.95	938	0.11087
209	287	1.3459	-120.	150.21	938	0.11124
209	279	0.33219	-120.	149.18	938	0.11107
210	291	2.4319	-120.	148.95	938	0.11087
210	279	0.33219	-120.	149.18	938	0.11107
210	284	1.2224	-120.	147.46	938	0.11061
211	291	2.4319	-120.	148.95	938	0.11087
211	284	1.2224	-120.	147.46	938	0.11061
211	294	2.8435	-120.	147.46	938	0.11043
212	291	2.4319	-120.	148.95	938	0.11087
212	294	2.8435	-120.	147.46	938	0.11043
212	302	4.6741	-120.	149.18	938	0.1108
213	291	2.4319	-120.	148.95	938	0.11087
213	302	4.6741	-120.	149.18	938	0.1108
213	299	4.1731	-120.	150.21	938	0.11113
214	284	1.2224	-120.	147.46	938	0.11061
214	279	0.33219	-120.	149.18	938	0.11107
214	265	-1.522	-120.	147.24	938	0.1109
215	299	4.1731	-120.	150.21	938	0.11113
215	296	3.2389	-120.	152.16	938	0.11172
215	287	1.3459	-120.	150.21	938	0.11124
216	302	4.6741	-120.	149.18	938	0.1108
216	294	2.8435	-120.	147.46	938	0.11043
216	308	5.588	-120.	147.24	938	0.1101
217	335	10.335	-120.	151.03	942	0.11135
217	319	7.5469	-120.	151.66	942	0.11158
217	323	8.4836	-120.	149.65	942	0.11083
218	326	9.0131	-120.	154.27	942	0.11255
218	311	6.1077	-120.	154.74	942	0.11259
218	317	7.065	-120.	152.71	942	0.11195
219	328	9.2669	-120.	152.57	942	0.11193
219	326	9.0131	-120.	154.27	942	0.11255
219	317	7.065	-120.	152.71	942	0.11195
220	328	9.2669	-120.	152.57	942	0.11193
220	317	7.065	-120.	152.71	942	0.11195
220	319	7.5469	-120.	151.66	942	0.11158
221	328	9.2669	-120.	152.57	942	0.11193
221	319	7.5469	-120.	151.66	942	0.11158
221	335	10.335	-120.	151.03	942	0.11135
222	328	9.2669	-120.	152.57	942	0.11193
222	335	10.335	-120.	151.03	942	0.11135
222	344	11.293	-120.	151.76	942	0.11164
223	328	9.2669	-120.	152.57	942	0.11193
223	344	11.293	-120.	151.76	942	0.11164
223	336	10.348	-120.	153.98	942	0.11248
224	328	9.2669	-120.	152.57	942	0.11193
224	336	10.348	-120.	153.98	942	0.11248
224	326	9.0131	-120.	154.27	942	0.11255
225	356	13.174	-120.	153.16	942	0.11222
225	336	10.348	-120.	153.98	942	0.11248
225	344	11.293	-120.	151.76	942	0.11164
226	219	-9.0374	-120.	89.857	965	0.11848
226	214	-9.904	-120.	92.112	965	0.11948
226	205	-11.685	-120.	90.932	965	0.11897
227	210	-10.696	-120.	89.164	965	0.11818
227	219	-9.0374	-120.	89.857	965	0.11848
227	205	-11.685	-120.	90.932	965	0.11897
228	210	-10.696	-120.	89.164	965	0.11818
228	205	-11.685	-120.	90.932	965	0.11897
228	195	-12.608	-120.	90.314	965	0.1187
229	210	-10.696	-120.	89.164	965	0.11818
229	195	-12.608	-120.	90.314	965	0.1187
229	202	-11.761	-120.	87.856	965	0.11761
230	210	-10.696	-120.	89.164	965	0.11818
230	202	-11.761	-120.	87.856	965	0.11761
230	213	-10.493	-120.	87.342	965	0.1174
231	210	-10.696	-120.	89.164	965	0.11818
231	213	-10.493	-120.	87.342	965	0.1174
231	222	-8.5933	-120.	88.683	965	0.11797
232	210	-10.696	-120.	89.164	965	0.11818
232	222	-8.5933	-120.	88.683	965	0.11797
232	219	-9.0374	-120.	89.857	965	0.11848
233	202	-11.761	-120.	87.856	965	0.11761
233	195	-12.608	-120.	90.314	965	0.1187
233	183	-14.413	-120.	89.13	965	0.11818
234	213	-10.493	-120.	87.342	965	0.1174
234	228	-7.7041	-120.	86.405	965	0.11704
234	222	-8.5933	-120.	88.683	965	0.11797
235	193	-12.821	-120.	94.742	966	0.12068
235	192	-13.091	-120.	93.772	966	0.12025
235	185	-13.745	-120.	94.149	966	0.12042
236	196	-12.345	-120.	91.267	966	0.11913
236	205	-11.685	-120.	90.932	966	0.11897
236	195	-12.608	-120.	90.314	966	0.1187
237	187	-13.615	-120.	91.942	966	0.11944
237	185	-13.745	-120.	94.149	966	0.12042
237	178	-15.485	-120.	93.018	966	0.11994
238	187	-13.615	-120.	91.942	966	0.11944
238	178	-15.485	-120.	93.018	966	0.11994
238	183	-14.413	-120.	89.13	966	0.11818
239	187	-13.615	-120.	91.942	966	0.11944
239	183	-14.413	-120.	89.13	966	0.11818
239	195	-12.608	-120.	90.314	966	0.1187
240	187	-13.615	-120.	91.942	966	0.11944
240	195	-12.608	-120.	90.314	966	0.1187
240	196	-12.345	-120.	91.267	966	0.11913
241	187	-13.615	-120.	91.942	966	0.11944
241	196	-12.345	-120.	91.267	966	0.11913
241	192	-13.091	-120.	93.772	966	0.12025
242	187	-13.615	-120.	91.942	966	0.11944
242	192	-13.091	-120.	93.772	966	0.12025
242	185	-13.745	-120.	94.149	966	0.12042
243	201	-11.825	-120.	93.116	966	0.11995
243	205	-11.685	-120.	90.932	966	0.11897
243	214	-9.904	-120.	92.112	966	0.11948
244	201	-11.825	-120.	93.116	966	0.11995
244	214	-9.904	-120.	92.112	966	0.11948
244	206	-11.103	-120.	95.872	966	0.12116
245	201	-11.825	-120.	93.116	966	0.11995
245	206	-11.103	-120.	95.872	966	0.12116
245	193	-12.821	-120.	94.742	966	0.12068
246	201	-11.825	-120.	93.116	966	0.11995
246	193	-12.821	-120.	94.742	966	0.12068
246	192	-13.091	-120.	93.772	966	0.12025
247	201	-11.825	-120.	93.116	966	0.11995
247	192	-13.091	-120.	93.772	966	0.12025
247	196	-12.345	-120.	91.267	966	0.11913
248	201	-11.825	-120.	93.116	966	0.11995
248	196	-12.345	-120.	91.267	966	0.11913
248	205	-11.685	-120.	90.932	966	0.11897
249	281	0.59341	-120.	150.18	972	0.11127
249	286	1.3459	-120.	150.21	972	0.11124
249	278	0.33219	-120.	149.18	972	0.11107
250	283	1.0853	-120.	152.07	972	0.11168
250	288	1.8045	-120.	154.98	972	0.11241
250	296	3.2389	-120.	152.16	972	0.11172
251	283	1.0853	-120.	152.07	972	0.11168
251	296	3.2389	-120.	152.16	972	0.11172
251	286	1.3459	-120.	150.21	972	0.11124
252	283	1.0853	-120.	152.07	972	0.11168
252	286	1.3459	-120.	150.21	972	0.11124
252	281	0.59341	-120.	150.18	972	0.11127
253	283	1.0853	-120.	152.07	972	0.11168
253	281	0.59341	-120.	150.18	972	0.11127
253	274	-0.353	-120.	151.97	972	0.11164
254	283	1.0853	-120.	152.07	972	0.11168
254	274	-0.353	-120.	151.97	972	0.11164
254	277	-0.11815	-120.	152.95	972	0.11184
255	283	1.0853	-120.	152.07	972	0.11168
255	277	-0.11815	-120.	152.95	972	0.11184
255	288	1.8045	-120.	154.98	972	0.11241
256	271	-0.83641	-120.	150.06	972	0.1113
256	256	-2.9777	-120.	149.89	972	0.11135
256	265	-1.522	-120.	147.24	972	0.1109
257	271	-0.83641	-120.	150.06	972	0.1113
257	265	-1.522	-120.	147.24	972	0.1109
257	278	0.33219	-120.	149.18	972	0.11107
258	271	-0.83641	-120.	150.06	972	0.1113
258	278	0.33219	-120.	149.18	972	0.11107
258	281	0.59341	-120.	150.18	972	0.11127
259	271	-0.83641	-120.	150.06	972	0.1113
259	281	0.59341	-120.	150.18	972	0.11127
259	274	-0.353	-120.	151.97	972	0.11164
260	271	-0.83641	-120.	150.06	972	0.1113
260	274	-0.353	-120.	151.97	972	0.11164
260	269	-1.0913	-120.	151.9	972	0.11162
261	271	-0.83641	-120.	150.06	972	0.1113
261	269	-1.0913	-120.	151.9	972	0.11162
261	256	-2.9777	-120.	149.89	972	0.11135
262	274	-0.353	-120.	151.97	972	0.11164
262	269	-1.0913	-120.	151.9	972	0.11162
262	277	-0.11815	-120.	152.95	972	0.11184
263	57	-27.373	-120.	138.94	975	0.11467
263	99	-24.821	-120.	142.41	975	0.11323
263	113	-23.261	-120.	139.86	975	0.11424
264	318	7.3448	-120.	91.56	976	0.11822
264	329	9.39	-120.	91.764	976	0.11806
264	324	8.5345	-120.	93.311	976	0.1182
265	318	7.3448	-120.	91.56	976	0.11822
265	324	8.5345	-120.	93.311	976	0.1182
265	315	6.9488	-120.	92.974	976	0.11839
266	318	7.3448	-120.	91.56	976	0.11822
266	315	6.9488	-120.	92.974	976	0.11839
266	306	5.1429	-120.	90.861	976	0.1183
267	318	7.3448	-120.	91.56	976	0.11822
267	306	5.1429	-120.	90.861	976	0.1183
267	310	5.6436	-120.	89.931	976	0.11812
268	318	7.3448	-120.	91.56	976	0.11822
268	310	5.6436	-120.	89.931	976	0.11812
268	322	8.4091	-120.	90.519	976	0.11806
269	318	7.3448	-120.	91.56	976	0.11822
269	322	8.4091	-120.	90.519	976	0.11806
269	329	9.39	-120.	91.764	976	0.11806
270	306	5.1429	-120.	90.861	976	0.1183
270	315	6.9488	-120.	92.974	976	0.11839
270	300	4.2195	-120.	92.615	976	0.11869
271	329	9.39	-120.	91.764	976	0.11806
271	343	11.174	-120.	94.093	976	0.11784
271	324	8.5345	-120.	93.311	976	0.1182
272	322	8.4091	-120.	90.519	976	0.11806
272	310	5.6436	-120.	89.931	976	0.11812
272	313	6.5826	-120.	88.167	976	0.11784
273	260	-2.2653	-120.	90.059	979	0.11846
273	255	-3.011	-120.	90.17	979	0.11852
273	262	-2.0045	-120.	91.016	979	0.11878
274	270	-0.84033	-120.	89.911	979	0.11836
274	272	-0.59171	-120.	88.013	979	0.11775
274	285	1.3031	-120.	89.681	979	0.11823
275	270	-0.84033	-120.	89.911	979	0.11836
275	285	1.3031	-120.	89.681	979	0.11823
275	275	-0.15357	-120.	92.615	979	0.1192
276	270	-0.84033	-120.	89.911	979	0.11836
276	275	-0.15357	-120.	92.615	979	0.1192
276	262	-2.0045	-120.	91.016	979	0.11878
277	270	-0.84033	-120.	89.911	979	0.11836
277	262	-2.0045	-120.	91.016	979	0.11878
277	260	-2.2653	-120.	90.059	979	0.11846
278	270	-0.84033	-120.	89.911	979	0.11836
278	260	-2.2653	-120.	90.059	979	0.11846
278	266	-1.3299	-120.	88.083	979	0.11777
279	270	-0.84033	-120.	89.911	979	0.11836
279	266	-1.3299	-120.	88.083	979	0.11777
279	272	-0.59171	-120.	88.013	979	0.11775
280	264	-1.5709	-120.	87.142	979	0.11746
280	266	-1.3299	-120.	88.083	979	0.11777
280	272	-0.59171	-120.	88.013	979	0.11775
281	258	-2.7619	-120.	88.247	979	0.11782
281	253	-3.4987	-120.	85.463	979	0.11682
281	245	-4.8957	-120.	88.564	979	0.11794
282	258	-2.7619	-120.	88.247	979	0.11782
282	245	-4.8957	-120.	88.564	979	0.11794
282	255	-3.011	-120.	90.17	979	0.11852
283	258	-2.7619	-120.	88.247	979	0.11782
283	255	-3.011	-120.	90.17	979	0.11852
283	260	-2.2653	-120.	90.059	979	0.11846
284	258	-2.7619	-120.	88.247	979	0.11782
284	260	-2.2653	-120.	90.059	979	0.11846
284	266	-1.3299	-120.	88.083	979	0.11777
285	258	-2.7619	-120.	88.247	979	0.11782
285	266	-1.3299	-120.	88.083	979	0.11777
285	264	-1.5709	-120.	87.142	979	0.11746
286	258	-2.7619	-120.	88.247	979	0.11782
286	264	-1.5709	-120.	87.142	979	0.11746
286	253	-3.4987	-120.	85.463	979	0.11682
287	309	5.6436	-120.	89.931	984	0.11812
287	303	4.8924	-120.	89.862	984	0.11814
287	305	5.1429	-120.	90.861	984	0.1183
288	295	3.0008	-120.	87.884	984	0.11774
288	293	2.7559	-120.	86.903	984	0.11749
288	289	2.2612	-120.	87.855	984	0.11773
289	297	3.47	-120.	89.793	984	0.11818
289	305	5.1429	-120.	90.861	984	0.1183
289	300	4.2195	-120.	92.615	984	0.11869
290	297	3.47	-120.	89.793	984	0.11818
290	300	4.2195	-120.	92.615	984	0.11869
290	285	1.3031	-120.	89.681	984	0.11823
291	297	3.47	-120.	89.793	984	0.11818
291	285	1.3031	-120.	89.681	984	0.11823
291	289	2.2612	-120.	87.855	984	0.11773
292	297	3.47	-120.	89.793	984	0.11818
292	289	2.2612	-120.	87.855	984	0.11773
292	295	3.0008	-120.	87.884	984	0.11774
293	297	3.47	-120.	89.793	984	0.11818
293	295	3.0008	-120.	87.884	984	0.11774
293	303	4.8924	-120.	89.862	984	0.11814
294	297	3.47	-120.	89.793	984	0.11818
294	303	4.8924	-120.	89.862	984	0.11814
294	305	5.1429	-120.	90.861	984	0.1183
295	301	4.4345	-120.	87.969	984	0.11778
295	293	2.7559	-120.	86.903	984	0.11749
295	298	3.7317	-120.	85.064	984	0.1171
296	301	4.4345	-120.	87.969	984	0.11778
296	298	3.7317	-120.	85.064	984	0.1171
296	313	6.5826	-120.	88.167	984	0.11784
297	301	4.4345	-120.	87.969	984	0.11778
297	313	6.5826	-120.	88.167	984	0.11784
297	309	5.6436	-120.	89.931	984	0.11812
298	301	4.4345	-120.	87.969	984	0.11778
298	309	5.6436	-120.	89.931	984	0.11812
298	303	4.8924	-120.	89.862	984	0.11814
299	301	4.4345	-120.	87.969	984	0.11778
299	303	4.8924	-120.	89.862	984	0.11814
299	295	3.0008	-120.	87.884	984	0.11774
300	301	4.4345	-120.	87.969	984	0.11778
300	295	3.0008	-120.	87.884	984	0.11774
300	293	2.7559	-120.	86.903	984	0.11749
301	182	-14.524	-120.	96.261	995	0.12132
301	176	-16.032	-120.	95.811	995	0.12113
301	185	-13.745	-120.	94.149	995	0.12042
302	182	-14.524	-120.	96.261	995	0.12132
302	185	-13.745	-120.	94.149	995	0.12042
302	193	-12.821	-120.	94.742	995	0.12068
303	182	-14.524	-120.	96.261	995	0.12132
303	193	-12.821	-120.	94.742	995	0.12068
303	189	-13.45	-120.	97.31	995	0.12175
304	182	-14.524	-120.	96.261	995	0.12132
304	189	-13.45	-120.	97.31	995	0.12175
304	180	-14.762	-120.	98.263	995	0.1221
305	182	-14.524	-120.	96.261	995	0.12132
305	180	-14.762	-120.	98.263	995	0.1221
305	174	-16.334	-120.	97.294	995	0.12171
306	182	-14.524	-120.	96.261	995	0.12132
306	174	-16.334	-120.	97.294	995	0.12171
306	176	-16.032	-120.	95.811	995	0.12113
307	189	-13.45	-120.	97.31	995	0.12175
307	193	-12.821	-120.	94.742	995	0.12068
307	206	-11.103	-120.	95.872	995	0.12116
308	176	-16.032	-120.	95.811	995	0.12113
308	178	-15.485	-120.	93.018	995	0.11994
308	185	-13.745	-120.	94.149	995	0.12042
309	174	-16.334	-120.	97.294	995	0.12171
309	180	-14.762	-120.	98.263	995	0.1221
309	171	-16.855	-120.	100.05	995	0.12269
310	253	-3.4987	-120.	85.463	996	0.11682
310	228	-7.7041	-120.	86.405	996	0.11704
310	245	-4.8957	-120.	88.564	996	0.11794
311	169	-17.251	-120.	143.32	997	0.11284
311	163	-18.192	-120.	144.96	997	0.11236
311	148	-20.24	-120.	142.97	997	0.11302
312	152	-19.63	-120.	147.46	997	0.11166
312	127	-21.862	-120.	145.54	997	0.11217
312	159	-18.684	-120.	145.81	997	0.11211
313	99	-24.821	-120.	142.41	997	0.11323
313	129	-21.791	-120.	142.79	997	0.11309
313	114	-22.843	-120.	144.59	997	0.11246
314	142	-20.602	-120.	144.44	997	0.11252
314	148	-20.24	-120.	142.97	997	0.11302
314	163	-18.192	-120.	144.96	997	0.11236
315	142	-20.602	-120.	144.44	997	0.11252
315	163	-18.192	-120.	144.96	997	0.11236
315	159	-18.684	-120.	145.81	997	0.11211
316	142	-20.602	-120.	144.44	997	0.11252
316	159	-18.684	-120.	145.81	997	0.11211
316	127	-21.862	-120.	145.54	997	0.11217
317	142	-20.602	-120.	144.44	997	0.11252
317	127	-21.862	-120.	145.54	997	0.11217
317	114	-22.843	-120.	144.59	997	0.11246
318	142	-20.602	-120.	144.44	997	0.11252
318	114	-22.843	-120.	144.59	997	0.11246
318	129	-21.791	-120.	142.79	997	0.11309
319	142	-20.602	-120.	144.44	997	0.11252
319	129	-21.791	-120.	142.79	997	0.11309
319	148	-20.24	-120.	142.97	997	0.11302
320	575	36.909	-120.	117.34	999	0.10765
320	573	36.317	-120.	113.07	999	0.10924
320	555	33.96	-120.	115.92	999	0.1081
321	313	6.5826	-120.	88.167	1004	0.11784
321	321	8.0152	-120.	85.538	1004	0.11751
321	298	3.7317	-120.	85.064	1004	0.1171
322	108	-23.689	-120.	103.77	1024	0.12356
322	103	-24.368	-120.	105.63	1024	0.12386
322	78	-26.081	-120.	104.59	1024	0.1237
323	108	-23.689	-120.	103.77	1024	0.12356
323	78	-26.081	-120.	104.59	1024	0.1237
323	90	-25.369	-120.	103.36	1024	0.12348
324	108	-23.689	-120.	103.77	1024	0.12356
324	90	-25.369	-120.	103.36	1024	0.12348
324	122	-22.197	-120.	101.87	1024	0.12315
325	108	-23.689	-120.	103.77	1024	0.12356
325	122	-22.197	-120.	101.87	1024	0.12315
325	135	-21.358	-120.	102.37	1024	0.12327
326	108	-23.689	-120.	103.77	1024	0.12356
326	135	-21.358	-120.	102.37	1024	0.12327
326	116	-22.763	-120.	104.8	1024	0.12375
327	108	-23.689	-120.	103.77	1024	0.12356
327	116	-22.763	-120.	104.8	1024	0.12375
327	103	-24.368	-120.	105.63	1024	0.12386
328	122	-22.197	-120.	101.87	1024	0.12315
328	90	-25.369	-120.	103.36	1024	0.12348
328	107	-23.785	-120.	100.93	1024	0.12292
329	103	-24.368	-120.	105.63	1024	0.12386
329	55	-27.388	-120.	107.17	1024	0.12401
329	78	-26.081	-120.	104.59	1024	0.1237
330	116	-22.763	-120.	104.8	1024	0.12375
330	135	-21.358	-120.	102.37	1024	0.12327
330	151	-19.781	-120.	103.3	1024	0.12349
331	84	-25.691	-120.	136.27	1035	0.11584
331	64	-26.981	-120.	133.72	1035	0.11703
331	101	-24.589	-120.	134.53	1035	0.11663
332	27	-29.479	-120.	135.18	1035	0.11637
332	10	-30.643	-120.	132.48	1035	0.11762
332	41	-28.225	-120.	133.31	1035	0.11723
333	54	-27.584	-120.	135.34	1035	0.11628
333	27	-29.479	-120.	135.18	1035	0.11637
333	41	-28.225	-120.	133.31	1035	0.11723
334	54	-27.584	-120.	135.34	1035	0.11628
334	41	-28.225	-120.	133.31	1035	0.11723
334	64	-26.981	-120.	133.72	1035	0.11703
335	54	-27.584	-120.	135.34	1035	0.11628
335	64	-26.981	-120.	133.72	1035	0.11703
335	84	-25.691	-120.	136.27	1035	0.11584
336	54	-27.584	-120.	135.34	1035	0.11628
336	84	-25.691	-120.	136.27	1035	0.11584
336	75	-26.268	-120.	137.17	1035	0.11544
337	54	-27.584	-120.	135.34	1035	0.11628
337	75	-26.268	-120.	137.17	1035	0.11544
337	34	-28.862	-120.	136.4	1035	0.11582
338	54	-27.584	-120.	135.34	1035	0.11628
338	34	-28.862	-120.	136.4	1035	0.11582
338	27	-29.479	-120.	135.18	1035	0.11637
339	57	-27.373	-120.	138.94	1035	0.11467
339	34	-28.862	-120.	136.4	1035	0.11582
339	75	-26.268	-120.	137.17	1035	0.11544
340	131	-21.647	-120.	137.26	1036	0.11535
340	118	-22.638	-120.	137.55	1036	0.11524
340	120	-22.202	-120.	138.16	1036	0.11496
341	92	-25.296	-120.	136.9	1036	0.11555
341	85	-25.691	-120.	136.27	1036	0.11584
341	74	-26.268	-120.	137.17	1036	0.11544
342	102	-24.506	-120.	138.1	1036	0.11501
342	120	-22.202	-120.	138.16	1036	0.11496
342	113	-23.261	-120.	139.86	1036	0.11424
343	102	-24.506	-120.	138.1	1036	0.11501
343	113	-23.261	-120.	139.86	1036	0.11424
343	57	-27.373	-120.	138.94	1036	0.11467
344	102	-24.506	-120.	138.1	1036	0.11501
344	57	-27.373	-120.	138.94	1036	0.11467
344	74	-26.268	-120.	137.17	1036	0.11544
345	102	-24.506	-120.	138.1	1036	0.11501
345	74	-26.268	-120.	137.17	1036	0.11544
345	92	-25.296	-120.	136.9	1036	0.11555
346	102	-24.506	-120.	138.1	1036	0.11501
346	92	-25.296	-120.	136.9	1036	0.11555
346	118	-22.638	-120.	137.55	1036	0.11524
347	102	-24.506	-120.	138.1	1036	0.11501
347	118	-22.638	-120.	137.55	1036	0.11524
347	120	-22.202	-120.	138.16	1036	0.11496
348	111	-23.409	-120.	136.35	1036	0.11578
348	85	-25.691	-120.	136.27	1036	0.11584
348	101	-24.589	-120.	134.53	1036	0.11663
349	111	-23.409	-120.	136.35	1036	0.11578
349	101	-24.589	-120.	134.53	1036	0.11663
349	143	-20.59	-120.	135.59	1036	0.11609
350	111	-23.409	-120.	136.35	1036	0.11578
350	143	-20.59	-120.	135.59	1036	0.11609
350	131	-21.647	-120.	137.26	1036	0.11535
351	111	-23.409	-120.	136.35	1036	0.11578
351	131	-21.647	-120.	137.26	1036	0.11535
351	118	-22.638	-120.	137.55	1036	0.11524
352	111	-23.409	-120.	136.35	1036	0.11578
352	118	-22.638	-120.	137.55	1036	0.11524
352	92	-25.296	-120.	136.9	1036	0.11555
353	111	-23.409	-120.	136.35	1036	0.11578
353	92	-25.296	-120.	136.9	1036	0.11555
353	85	-25.691	-120.	136.27	1036	0.11584
354	149	-19.941	-120.	138.82	1037	0.11463
354	166	-17.829	-120.	138.97	1037	0.11451
354	158	-18.742	-120.	140.49	1037	0.1139
355	149	-19.941	-120.	138.82	1037	0.11463
355	158	-18.742	-120.	140.49	1037	0.1139
355	147	-20.31	-120.	140.26	1037	0.11403
356	149	-19.941	-120.	138.82	1037	0.11463
356	147	-20.31	-120.	140.26	1037	0.11403
356	121	-22.202	-120.	138.16	1037	0.11496
357	149	-19.941	-120.	138.82	1037	0.11463
357	121	-22.202	-120.	138.16	1037	0.11496
357	132	-21.647	-120.	137.26	1037	0.11535
358	149	-19.941	-120.	138.82	1037	0.11463
358	132	-21.647	-120.	137.26	1037	0.11535
358	154	-18.914	-120.	137.77	1037	0.11507
359	149	-19.941	-120.	138.82	1037	0.11463
359	154	-18.914	-120.	137.77	1037	0.11507
359	166	-17.829	-120.	138.97	1037	0.11451
360	121	-22.202	-120.	138.16	1037	0.11496
360	147	-20.31	-120.	140.26	1037	0.11403
360	113	-23.261	-120.	139.86	1037	0.11424
361	166	-17.829	-120.	138.97	1037	0.11451
361	177	-15.833	-120.	140.87	1037	0.11365
361	158	-18.742	-120.	140.49	1037	0.1139
362	154	-18.914	-120.	137.77	1037	0.11507
362	132	-21.647	-120.	137.26	1037	0.11535
362	143	-20.59	-120.	135.59	1037	0.11609
363	86	-25.532	-120.	128.87	1041	0.11922
363	71	-26.322	-120.	130.55	1041	0.11848
363	62	-27.196	-120.	127.86	1041	0.11968
364	86	-25.532	-120.	128.87	1041	0.11922
364	62	-27.196	-120.	127.86	1041	0.11968
364	69	-26.429	-120.	126.87	1041	0.12008
365	86	-25.532	-120.	128.87	1041	0.11922
365	69	-26.429	-120.	126.87	1041	0.12008
365	105	-24.331	-120.	127.71	1041	0.11969
366	86	-25.532	-120.	128.87	1041	0.11922
366	105	-24.331	-120.	127.71	1041	0.11969
366	106	-23.83	-120.	129.26	1041	0.11903
367	86	-25.532	-120.	128.87	1041	0.11922
367	106	-23.83	-120.	129.26	1041	0.11903
367	95	-25.087	-120.	131.	1041	0.11827
368	86	-25.532	-120.	128.87	1041	0.11922
368	95	-25.087	-120.	131.	1041	0.11827
368	71	-26.322	-120.	130.55	1041	0.11848
369	105	-24.331	-120.	127.71	1041	0.11969
369	69	-26.429	-120.	126.87	1041	0.12008
369	96	-24.974	-120.	125.04	1041	0.12079
370	71	-26.322	-120.	130.55	1041	0.11848
370	35	-28.656	-120.	129.72	1041	0.11887
370	62	-27.196	-120.	127.86	1041	0.11968
371	95	-25.087	-120.	131.	1041	0.11827
371	106	-23.83	-120.	129.26	1041	0.11903
371	115	-22.777	-120.	131.8	1041	0.11788
372	61	-27.224	-120.	112.18	1056	0.12402
372	100	-24.688	-120.	113.62	1056	0.12381
372	112	-23.336	-120.	109.46	1056	0.12407
373	150	-19.798	-120.	140.81	1065	0.1138
373	157	-18.742	-120.	140.49	1065	0.1139
373	146	-20.31	-120.	140.26	1065	0.11403
374	156	-18.773	-120.	141.82	1065	0.1134
374	169	-17.251	-120.	143.32	1065	0.11284
374	177	-15.833	-120.	140.87	1065	0.11365
375	156	-18.773	-120.	141.82	1065	0.1134
375	177	-15.833	-120.	140.87	1065	0.11365
375	157	-18.742	-120.	140.49	1065	0.1139
376	156	-18.773	-120.	141.82	1065	0.1134
376	157	-18.742	-120.	140.49	1065	0.1139
376	150	-19.798	-120.	140.81	1065	0.1138
377	156	-18.773	-120.	141.82	1065	0.1134
377	150	-19.798	-120.	140.81	1065	0.1138
377	141	-20.774	-120.	142.45	1065	0.1132
378	156	-18.773	-120.	141.82	1065	0.1134
378	141	-20.774	-120.	142.45	1065	0.1132
378	148	-20.24	-120.	142.97	1065	0.11302
379	156	-18.773	-120.	141.82	1065	0.1134
379	148	-20.24	-120.	142.97	1065	0.11302
379	169	-17.251	-120.	143.32	1065	0.11284
380	128	-21.792	-120.	141.43	1065	0.1136
380	99	-24.821	-120.	142.41	1065	0.11323
380	113	-23.261	-120.	139.86	1065	0.11424
381	128	-21.792	-120.	141.43	1065	0.1136
381	113	-23.261	-120.	139.86	1065	0.11424
381	146	-20.31	-120.	140.26	1065	0.11403
382	128	-21.792	-120.	141.43	1065	0.1136
382	146	-20.31	-120.	140.26	1065	0.11403
382	150	-19.798	-120.	140.81	1065	0.1138
383	128	-21.792	-120.	141.43	1065	0.1136
383	150	-19.798	-120.	140.81	1065	0.1138
383	141	-20.774	-120.	142.45	1065	0.1132
384	128	-21.792	-120.	141.43	1065	0.1136
384	141	-20.774	-120.	142.45	1065	0.1132
384	129	-21.791	-120.	142.79	1065	0.11309
385	128	-21.792	-120.	141.43	1065	0.1136
385	129	-21.791	-120.	142.79	1065	0.11309
385	99	-24.821	-120.	142.41	1065	0.11323
386	141	-20.774	-120.	142.45	1065	0.1132
386	129	-21.791	-120.	142.79	1065	0.11309
386	148	-20.24	-120.	142.97	1065	0.11302
387	77	-26.164	-120.	103.72	1069	0.12355
387	79	-26.081	-120.	104.59	1069	0.1237
387	89	-25.369	-120.	103.36	1069	0.12348
388	76	-26.232	-120.	102.02	1069	0.1232
388	47	-27.911	-120.	101.92	1069	0.12317
388	73	-26.285	-120.	99.47	1069	0.12251
389	76	-26.232	-120.	102.02	1069	0.1232
389	73	-26.285	-120.	99.47	1069	0.12251
389	107	-23.785	-120.	100.93	1069	0.12292
390	76	-26.232	-120.	102.02	1069	0.1232
390	107	-23.785	-120.	100.93	1069	0.12292
390	89	-25.369	-120.	103.36	1069	0.12348
391	76	-26.232	-120.	102.02	1069	0.1232
391	89	-25.369	-120.	103.36	1069	0.12348
391	77	-26.164	-120.	103.72	1069	0.12355
392	76	-26.232	-120.	102.02	1069	0.1232
392	77	-26.164	-120.	103.72	1069	0.12355
392	48	-27.878	-120.	102.73	1069	0.12335
393	76	-26.232	-120.	102.02	1069	0.1232
393	48	-27.878	-120.	102.73	1069	0.12335
393	47	-27.911	-120.	101.92	1069	0.12317
394	37	-28.595	-120.	103.11	1069	0.12342
394	48	-27.878	-120.	102.73	1069	0.12335
394	47	-27.911	-120.	101.92	1069	0.12317
395	51	-27.669	-120.	104.51	1069	0.12368
395	20	-29.906	-120.	105.74	1069	0.12384
395	55	-27.388	-120.	107.17	1069	0.12401
396	51	-27.669	-120.	104.51	1069	0.12368
396	55	-27.388	-120.	107.17	1069	0.12401
396	79	-26.081	-120.	104.59	1069	0.1237
397	51	-27.669	-120.	104.51	1069	0.12368
397	79	-26.081	-120.	104.59	1069	0.1237
397	77	-26.164	-120.	103.72	1069	0.12355
398	51	-27.669	-120.	104.51	1069	0.12368
398	77	-26.164	-120.	103.72	1069	0.12355
398	48	-27.878	-120.	102.73	1069	0.12335
399	51	-27.669	-120.	104.51	1069	0.12368
399	48	-27.878	-120.	102.73	1069	0.12335
399	37	-28.595	-120.	103.11	1069	0.12342
400	51	-27.669	-120.	104.51	1069	0.12368
400	37	-28.595	-120.	103.11	1069	0.12342
400	20	-29.906	-120.	105.74	1069	0.12384
401	417	21.839	-120.	142.89	1084	0.10787
401	424	22.411	-120.	142.4	1084	0.10768
401	413	21.536	-120.	141.87	1084	0.10749
402	425	22.428	-120.	144.8	1084	0.10861
402	430	23.336	-120.	147.74	1084	0.10984
402	434	24.064	-120.	143.4	1084	0.10805
403	425	22.428	-120.	144.8	1084	0.10861
403	434	24.064	-120.	143.4	1084	0.10805
403	424	22.411	-120.	142.4	1084	0.10768
404	425	22.428	-120.	144.8	1084	0.10861
404	424	22.411	-120.	142.4	1084	0.10768
404	417	21.839	-120.	142.89	1084	0.10787
405	425	22.428	-120.	144.8	1084	0.10861
405	417	21.839	-120.	142.89	1084	0.10787
405	411	21.309	-120.	145.7	1084	0.10899
406	425	22.428	-120.	144.8	1084	0.10861
406	411	21.309	-120.	145.7	1084	0.10899
406	414	21.609	-120.	146.7	1084	0.10942
407	425	22.428	-120.	144.8	1084	0.10861
407	414	21.609	-120.	146.7	1084	0.10942
407	430	23.336	-120.	147.74	1084	0.10984
408	403	20.72	-120.	143.77	1084	0.10821
408	393	19.016	-120.	145.11	1084	0.10876
408	399	19.899	-120.	140.87	1084	0.10712
409	403	20.72	-120.	143.77	1084	0.10821
409	399	19.899	-120.	140.87	1084	0.10712
409	413	21.536	-120.	141.87	1084	0.10749
410	403	20.72	-120.	143.77	1084	0.10821
410	413	21.536	-120.	141.87	1084	0.10749
410	417	21.839	-120.	142.89	1084	0.10787
411	403	20.72	-120.	143.77	1084	0.10821
411	417	21.839	-120.	142.89	1084	0.10787
411	411	21.309	-120.	145.7	1084	0.10899
412	403	20.72	-120.	143.77	1084	0.10821
412	411	21.309	-120.	145.7	1084	0.10899
412	404	20.723	-120.	146.15	1084	0.10919
413	403	20.72	-120.	143.77	1084	0.10821
413	404	20.723	-120.	146.15	1084	0.10919
413	393	19.016	-120.	145.11	1084	0.10876
414	411	21.309	-120.	145.7	1084	0.10899
414	404	20.723	-120.	146.15	1084	0.10919
414	414	21.609	-120.	146.7	1084	0.10942
415	346	11.663	-120.	147.66	1097	0.10995
415	349	11.922	-120.	148.61	1097	0.11034
415	354	12.635	-120.	148.36	1097	0.11022
416	342	11.047	-120.	150.83	1097	0.11127
416	334	10.335	-120.	151.03	1097	0.11135
416	345	11.293	-120.	151.76	1097	0.11164
417	351	12.422	-120.	150.4	1097	0.11109
417	354	12.635	-120.	148.36	1097	0.11022
417	362	14.46	-120.	149.69	1097	0.11078
418	351	12.422	-120.	150.4	1097	0.11109
418	362	14.46	-120.	149.69	1097	0.11078
418	356	13.174	-120.	153.16	1097	0.11222
419	351	12.422	-120.	150.4	1097	0.11109
419	356	13.174	-120.	153.16	1097	0.11222
419	345	11.293	-120.	151.76	1097	0.11164
420	351	12.422	-120.	150.4	1097	0.11109
420	345	11.293	-120.	151.76	1097	0.11164
420	342	11.047	-120.	150.83	1097	0.11127
421	351	12.422	-120.	150.4	1097	0.11109
421	342	11.047	-120.	150.83	1097	0.11127
421	349	11.922	-120.	148.61	1097	0.11034
422	351	12.422	-120.	150.4	1097	0.11109
422	349	11.922	-120.	148.61	1097	0.11034
422	354	12.635	-120.	148.36	1097	0.11022
423	338	10.553	-120.	149.02	1097	0.11054
423	334	10.335	-120.	151.03	1097	0.11135
423	323	8.4836	-120.	149.65	1097	0.11083
424	338	10.553	-120.	149.02	1097	0.11054
424	323	8.4836	-120.	149.65	1097	0.11083
424	332	9.8655	-120.	146.33	1097	0.10945
425	338	10.553	-120.	149.02	1097	0.11054
425	332	9.8655	-120.	146.33	1097	0.10945
425	346	11.663	-120.	147.66	1097	0.10995
426	338	10.553	-120.	149.02	1097	0.11054
426	346	11.663	-120.	147.66	1097	0.10995
426	349	11.922	-120.	148.61	1097	0.11034
427	338	10.553	-120.	149.02	1097	0.11054
427	349	11.922	-120.	148.61	1097	0.11034
427	342	11.047	-120.	150.83	1097	0.11127
428	338	10.553	-120.	149.02	1097	0.11054
428	342	11.047	-120.	150.83	1097	0.11127
428	334	10.335	-120.	151.03	1097	0.11135
429	393	19.016	-120.	145.11	1104	0.10876
429	399	19.899	-120.	140.87	1104	0.10712
429	375	16.361	-120.	143.44	1104	0.10807
430	436	24.303	-120.	140.3	1108	0.10698
430	440	24.802	-120.	139.73	1108	0.10681
430	438	24.441	-120.	138.64	1108	0.10651
431	450	26.414	-120.	140.68	1108	0.10709
431	455	26.788	-120.	141.73	1108	0.10742
431	457	26.876	-120.	140.1	1108	0.10691
432	446	25.708	-120.	138.62	1108	0.1065
432	438	24.441	-120.	138.64	1108	0.10651
432	439	24.656	-120.	135.59	1108	0.10582
433	446	25.708	-120.	138.62	1108	0.1065
433	439	24.656	-120.	135.59	1108	0.10582
433	460	27.061	-120.	136.97	1108	0.1061
434	446	25.708	-120.	138.62	1108	0.1065
434	460	27.061	-120.	136.97	1108	0.1061
434	457	26.876	-120.	140.1	1108	0.10691
435	446	25.708	-120.	138.62	1108	0.1065
435	457	26.876	-120.	140.1	1108	0.10691
435	450	26.414	-120.	140.68	1108	0.10709
436	446	25.708	-120.	138.62	1108	0.1065
436	450	26.414	-120.	140.68	1108	0.10709
436	440	24.802	-120.	139.73	1108	0.10681
437	446	25.708	-120.	138.62	1108	0.1065
437	440	24.802	-120.	139.73	1108	0.10681
437	438	24.441	-120.	138.64	1108	0.10651
438	445	25.493	-120.	141.79	1108	0.10745
438	455	26.788	-120.	141.73	1108	0.10742
438	452	26.586	-120.	144.91	1108	0.1086
439	445	25.493	-120.	141.79	1108	0.10745
439	452	26.586	-120.	144.91	1108	0.1086
439	434	24.064	-120.	143.4	1108	0.10805
440	445	25.493	-120.	141.79	1108	0.10745
440	434	24.064	-120.	143.4	1108	0.10805
440	436	24.303	-120.	140.3	1108	0.10698
441	445	25.493	-120.	141.79	1108	0.10745
441	436	24.303	-120.	140.3	1108	0.10698
441	440	24.802	-120.	139.73	1108	0.10681
442	445	25.493	-120.	141.79	1108	0.10745
442	440	24.802	-120.	139.73	1108	0.10681
442	450	26.414	-120.	140.68	1108	0.10709
443	445	25.493	-120.	141.79	1108	0.10745
443	450	26.414	-120.	140.68	1108	0.10709
443	455	26.788	-120.	141.73	1108	0.10742
444	88	-25.431	-120.	120.69	1109	0.12229
444	44	-28.087	-120.	123.61	1109	0.12137
444	96	-24.974	-120.	125.04	1109	0.12079
445	362	14.46	-120.	149.69	1115	0.11078
445	356	13.174	-120.	153.16	1115	0.11222
445	380	17.167	-120.	151.53	1115	0.11156
446	308	5.588	-120.	147.24	1140	0.1101
446	323	8.4836	-120.	149.65	1140	0.11083
446	332	9.8655	-120.	146.33	1140	0.10945
447	508	30.804	-120.	116.74	1153	0.10783
447	480	29.255	-120.	116.32	1153	0.10802
447	506	30.803	-120.	114.51	1153	0.10865
448	508	30.804	-120.	116.74	1153	0.10783
448	506	30.803	-120.	114.51	1153	0.10865
448	527	31.894	-120.	115.	1153	0.10845
449	508	30.804	-120.	116.74	1153	0.10783
449	527	31.894	-120.	115.	1153	0.10845
449	532	32.19	-120.	117.81	1153	0.10745
450	508	30.804	-120.	116.74	1153	0.10783
450	532	32.19	-120.	117.81	1153	0.10745
450	515	31.257	-120.	118.83	1153	0.10714
451	508	30.804	-120.	116.74	1153	0.10783
451	515	31.257	-120.	118.83	1153	0.10714
451	487	29.425	-120.	117.94	1153	0.10748
452	508	30.804	-120.	116.74	1153	0.10783
452	487	29.425	-120.	117.94	1153	0.10748
452	480	29.255	-120.	116.32	1153	0.10802
453	532	32.19	-120.	117.81	1153	0.10745
453	527	31.894	-120.	115.	1153	0.10845
453	555	33.96	-120.	115.92	1153	0.1081
454	480	29.255	-120.	116.32	1153	0.10802
454	477	28.754	-120.	113.62	1153	0.10904
454	506	30.803	-120.	114.51	1153	0.10865
455	487	29.425	-120.	117.94	1153	0.10748
455	515	31.257	-120.	118.83	1153	0.10714
455	491	29.497	-120.	120.69	1153	0.10666
456	466	27.921	-120.	96.479	1215	0.11655
456	441	24.832	-120.	93.474	1215	0.11752
456	431	23.352	-120.	95.976	1215	0.11673
457	67	-26.804	-120.	117.53	1253	0.12316
457	66	-26.814	-120.	115.45	1253	0.12359
457	93	-25.189	-120.	116.32	1253	0.12337
458	67	-26.804	-120.	117.53	1253	0.12316
458	93	-25.189	-120.	116.32	1253	0.12337
458	91	-25.359	-120.	117.94	1253	0.12302
459	67	-26.804	-120.	117.53	1253	0.12316
459	91	-25.359	-120.	117.94	1253	0.12302
459	60	-27.268	-120.	119.76	1253	0.1226
460	67	-26.804	-120.	117.53	1253	0.12316
460	60	-27.268	-120.	119.76	1253	0.1226
460	39	-28.244	-120.	119.26	1253	0.12276
461	67	-26.804	-120.	117.53	1253	0.12316
461	39	-28.244	-120.	119.26	1253	0.12276
461	46	-27.948	-120.	116.45	1253	0.12342
462	67	-26.804	-120.	117.53	1253	0.12316
462	46	-27.948	-120.	116.45	1253	0.12342
462	66	-26.814	-120.	115.45	1253	0.12359
463	60	-27.268	-120.	119.76	1253	0.1226
463	91	-25.359	-120.	117.94	1253	0.12302
463	88	-25.431	-120.	120.69	1253	0.12229
464	66	-26.814	-120.	115.45	1253	0.12359
464	100	-24.688	-120.	113.62	1253	0.12381
464	93	-25.189	-120.	116.32	1253	0.12337
465	46	-27.948	-120.	116.45	1253	0.12342
465	39	-28.244	-120.	119.26	1253	0.12276
465	16	-30.093	-120.	118.32	1253	0.123
466	33	-28.882	-120.	111.23	1255	0.12407
466	61	-27.224	-120.	112.18	1255	0.12402
466	30	-29.43	-120.	114.03	1255	0.12381
467	13	-30.536	-120.	112.93	1255	0.12392
467	33	-28.882	-120.	111.23	1255	0.12407
467	30	-29.43	-120.	114.03	1255	0.12381
468	13	-30.536	-120.	112.93	1255	0.12392
468	30	-29.43	-120.	114.03	1255	0.12381
468	11	-30.578	-120.	114.99	1255	0.12366
469	13	-30.536	-120.	112.93	1255	0.12392
469	11	-30.578	-120.	114.99	1255	0.12366
469	4	-32.421	-120.	113.97	1255	0.12376
470	13	-30.536	-120.	112.93	1255	0.12392
470	4	-32.421	-120.	113.97	1255	0.12376
470	5	-32.159	-120.	112.62	1255	0.12391
471	13	-30.536	-120.	112.93	1255	0.12392
471	5	-32.159	-120.	112.62	1255	0.12391
471	22	-29.748	-120.	110.74	1255	0.12408
472	13	-30.536	-120.	112.93	1255	0.12392
472	22	-29.748	-120.	110.74	1255	0.12408
472	33	-28.882	-120.	111.23	1255	0.12407
473	4	-32.421	-120.	113.97	1255	0.12376
473	11	-30.578	-120.	114.99	1255	0.12366
473	1	-32.805	-120.	116.88	1255	0.12326
474	5	-32.159	-120.	112.62	1255	0.12391
474	7	-31.417	-120.	109.78	1255	0.12406
474	22	-29.748	-120.	110.74	1255	0.12408
475	381	17.43	-120.	91.87	1256	0.1178
475	392	18.881	-120.	89.348	1256	0.1182
475	364	14.983	-120.	87.508	1256	0.1181
476	81	-26.046	-120.	131.25	1264	0.11816
476	94	-25.087	-120.	131.	1264	0.11827
476	72	-26.322	-120.	130.55	1264	0.11848
477	49	-27.864	-120.	131.72	1264	0.11796
477	41	-28.225	-120.	133.31	1264	0.11723
477	10	-30.643	-120.	132.48	1264	0.11762
478	49	-27.864	-120.	131.72	1264	0.11796
478	10	-30.643	-120.	132.48	1264	0.11762
478	35	-28.656	-120.	129.72	1264	0.11887
479	49	-27.864	-120.	131.72	1264	0.11796
479	35	-28.656	-120.	129.72	1264	0.11887
479	72	-26.322	-120.	130.55	1264	0.11848
480	49	-27.864	-120.	131.72	1264	0.11796
480	72	-26.322	-120.	130.55	1264	0.11848
480	81	-26.046	-120.	131.25	1264	0.11816
481	49	-27.864	-120.	131.72	1264	0.11796
481	81	-26.046	-120.	131.25	1264	0.11816
481	58	-27.289	-120.	133.05	1264	0.11734
482	49	-27.864	-120.	131.72	1264	0.11796
482	58	-27.289	-120.	133.05	1264	0.11734
482	41	-28.225	-120.	133.31	1264	0.11723
483	64	-26.981	-120.	133.72	1264	0.11703
483	58	-27.289	-120.	133.05	1264	0.11734
483	41	-28.225	-120.	133.31	1264	0.11723
484	87	-25.462	-120.	132.56	1264	0.11756
484	101	-24.589	-120.	134.53	1264	0.11663
484	115	-22.777	-120.	131.8	1264	0.11788
485	87	-25.462	-120.	132.56	1264	0.11756
485	115	-22.777	-120.	131.8	1264	0.11788
485	94	-25.087	-120.	131.	1264	0.11827
486	87	-25.462	-120.	132.56	1264	0.11756
486	94	-25.087	-120.	131.	1264	0.11827
486	81	-26.046	-120.	131.25	1264	0.11816
487	87	-25.462	-120.	132.56	1264	0.11756
487	81	-26.046	-120.	131.25	1264	0.11816
487	58	-27.289	-120.	133.05	1264	0.11734
488	87	-25.462	-120.	132.56	1264	0.11756
488	58	-27.289	-120.	133.05	1264	0.11734
488	64	-26.981	-120.	133.72	1264	0.11703
489	87	-25.462	-120.	132.56	1264	0.11756
489	64	-26.981	-120.	133.72	1264	0.11703
489	101	-24.589	-120.	134.53	1264	0.11663
490	184	-14.334	-120.	145.42	1276	0.11217
490	186	-13.704	-120.	145.83	1276	0.11205
490	191	-13.215	-120.	145.	1276	0.11222
491	173	-16.43	-120.	146.22	1276	0.11201
491	152	-19.63	-120.	147.46	1276	0.11166
491	181	-14.63	-120.	147.4	1276	0.11175
492	173	-16.43	-120.	146.22	1276	0.11201
492	181	-14.63	-120.	147.4	1276	0.11175
492	186	-13.704	-120.	145.83	1276	0.11205
493	173	-16.43	-120.	146.22	1276	0.11201
493	186	-13.704	-120.	145.83	1276	0.11205
493	184	-14.334	-120.	145.42	1276	0.11217
494	173	-16.43	-120.	146.22	1276	0.11201
494	184	-14.334	-120.	145.42	1276	0.11217
494	168	-17.598	-120.	145.4	1276	0.11223
495	173	-16.43	-120.	146.22	1276	0.11201
495	168	-17.598	-120.	145.4	1276	0.11223
495	160	-18.684	-120.	145.81	1276	0.11211
496	173	-16.43	-120.	146.22	1276	0.11201
496	160	-18.684	-120.	145.81	1276	0.11211
496	152	-19.63	-120.	147.46	1276	0.11166
497	179	-15.481	-120.	144.59	1276	0.11241
497	169	-17.251	-120.	143.32	1276	0.11284
497	197	-12.295	-120.	143.44	1276	0.11255
498	179	-15.481	-120.	144.59	1276	0.11241
498	197	-12.295	-120.	143.44	1276	0.11255
498	191	-13.215	-120.	145.	1276	0.11222
499	179	-15.481	-120.	144.59	1276	0.11241
499	191	-13.215	-120.	145.	1276	0.11222
499	184	-14.334	-120.	145.42	1276	0.11217
500	179	-15.481	-120.	144.59	1276	0.11241
500	184	-14.334	-120.	145.42	1276	0.11217
500	168	-17.598	-120.	145.4	1276	0.11223
501	179	-15.481	-120.	144.59	1276	0.11241
501	168	-17.598	-120.	145.4	1276	0.11223
501	164	-18.192	-120.	144.96	1276	0.11236
502	179	-15.481	-120.	144.59	1276	0.11241
502	164	-18.192	-120.	144.96	1276	0.11236
502	169	-17.251	-120.	143.32	1276	0.11284
503	168	-17.598	-120.	145.4	1276	0.11223
503	164	-18.192	-120.	144.96	1276	0.11236
503	160	-18.684	-120.	145.81	1276	0.11211
504	20	-29.906	-120.	105.74	1287	0.12384
504	7	-31.417	-120.	109.78	1287	0.12406
504	55	-27.388	-120.	107.17	1287	0.12401
505	203	-11.708	-120.	147.15	1310	0.11175
505	191	-13.215	-120.	145.	1310	0.11222
505	211	-10.674	-120.	146.2	1310	0.11186
506	203	-11.708	-120.	147.15	1310	0.11175
506	211	-10.674	-120.	146.2	1310	0.11186
506	216	-9.7773	-120.	147.68	1310	0.11163
507	203	-11.708	-120.	147.15	1310	0.11175
507	216	-9.7773	-120.	147.68	1310	0.11163
507	209	-10.796	-120.	149.39	1310	0.11148
508	203	-11.708	-120.	147.15	1310	0.11175
508	209	-10.796	-120.	149.39	1310	0.11148
508	200	-12.084	-120.	148.78	1310	0.11154
509	203	-11.708	-120.	147.15	1310	0.11175
509	200	-12.084	-120.	148.78	1310	0.11154
509	186	-13.704	-120.	145.83	1310	0.11205
510	203	-11.708	-120.	147.15	1310	0.11175
510	186	-13.704	-120.	145.83	1310	0.11205
510	191	-13.215	-120.	145.	1310	0.11222
511	209	-10.796	-120.	149.39	1310	0.11148
511	216	-9.7773	-120.	147.68	1310	0.11163
511	226	-8.113	-120.	150.47	1310	0.11145
512	191	-13.215	-120.	145.	1310	0.11222
512	197	-12.295	-120.	143.44	1310	0.11255
512	211	-10.674	-120.	146.2	1310	0.11186
513	186	-13.704	-120.	145.83	1310	0.11205
513	200	-12.084	-120.	148.78	1310	0.11154
513	181	-14.63	-120.	147.4	1310	0.11175
514	288	1.8045	-120.	154.98	1350	0.11241
514	311	6.1077	-120.	154.74	1350	0.11259
514	296	3.2389	-120.	152.16	1350	0.11172
515	430	23.336	-120.	147.74	1355	0.10984
515	452	26.586	-120.	144.91	1355	0.1086
515	434	24.064	-120.	143.4	1355	0.10805
516	372	15.89	-120.	146.87	1362	0.10954
516	369	15.629	-120.	145.89	1362	0.10912
516	366	15.218	-120.	147.21	1362	0.10969
517	379	17.139	-120.	146.16	1362	0.10923
517	393	19.016	-120.	145.11	1362	0.10876
517	375	16.361	-120.	143.44	1362	0.10807
518	379	17.139	-120.	146.16	1362	0.10923
518	375	16.361	-120.	143.44	1362	0.10807
518	369	15.629	-120.	145.89	1362	0.10912
519	379	17.139	-120.	146.16	1362	0.10923
519	369	15.629	-120.	145.89	1362	0.10912
519	372	15.89	-120.	146.87	1362	0.10954
520	379	17.139	-120.	146.16	1362	0.10923
520	372	15.89	-120.	146.87	1362	0.10954
520	383	17.646	-120.	148.02	1362	0.11003
521	379	17.139	-120.	146.16	1362	0.10923
521	383	17.646	-120.	148.02	1362	0.11003
521	386	18.289	-120.	147.65	1362	0.10986
522	379	17.139	-120.	146.16	1362	0.10923
522	386	18.289	-120.	147.65	1362	0.10986
522	393	19.016	-120.	145.11	1362	0.10876
523	376	16.383	-120.	148.72	1362	0.11034
523	380	17.167	-120.	151.53	1362	0.11156
523	362	14.46	-120.	149.69	1362	0.11078
524	376	16.383	-120.	148.72	1362	0.11034
524	362	14.46	-120.	149.69	1362	0.11078
524	366	15.218	-120.	147.21	1362	0.10969
525	376	16.383	-120.	148.72	1362	0.11034
525	366	15.218	-120.	147.21	1362	0.10969
525	372	15.89	-120.	146.87	1362	0.10954
526	376	16.383	-120.	148.72	1362	0.11034
526	372	15.89	-120.	146.87	1362	0.10954
526	383	17.646	-120.	148.02	1362	0.11003
527	376	16.383	-120.	148.72	1362	0.11034
527	383	17.646	-120.	148.02	1362	0.11003
527	384	17.918	-120.	148.97	1362	0.11044
528	376	16.383	-120.	148.72	1362	0.11034
528	384	17.918	-120.	148.97	1362	0.11044
528	380	17.167	-120.	151.53	1362	0.11156
529	383	17.646	-120.	148.02	1362	0.11003
529	384	17.918	-120.	148.97	1362	0.11044
529	386	18.289	-120.	147.65	1362	0.10986
530	358	13.591	-120.	146.55	1363	0.10942
530	359	13.941	-120.	144.75	1363	0.10865
530	370	15.629	-120.	145.89	1363	0.10912
531	358	13.591	-120.	146.55	1363	0.10942
531	370	15.629	-120.	145.89	1363	0.10912
531	367	15.218	-120.	147.21	1363	0.10969
532	358	13.591	-120.	146.55	1363	0.10942
532	367	15.218	-120.	147.21	1363	0.10969
532	355	12.635	-120.	148.36	1363	0.11022
533	358	13.591	-120.	146.55	1363	0.10942
533	355	12.635	-120.	148.36	1363	0.11022
533	347	11.663	-120.	147.66	1363	0.10995
534	358	13.591	-120.	146.55	1363	0.10942
534	347	11.663	-120.	147.66	1363	0.10995
534	352	12.46	-120.	145.41	1363	0.10896
535	358	13.591	-120.	146.55	1363	0.10942
535	352	12.46	-120.	145.41	1363	0.10896
535	359	13.941	-120.	144.75	1363	0.10865
536	355	12.635	-120.	148.36	1363	0.11022
536	367	15.218	-120.	147.21	1363	0.10969
536	362	14.46	-120.	149.69	1363	0.11078
537	359	13.941	-120.	144.75	1363	0.10865
537	375	16.361	-120.	143.44	1363	0.10807
537	370	15.629	-120.	145.89	1363	0.10912
538	352	12.46	-120.	145.41	1363	0.10896
538	347	11.663	-120.	147.66	1363	0.10995
538	332	9.8655	-120.	146.33	1363	0.10945
539	172	-16.628	-120.	96.27	1435	0.12131
539	174	-16.334	-120.	97.294	1435	0.12171
539	176	-16.032	-120.	95.811	1435	0.12113
540	167	-17.726	-120.	97.196	1435	0.12167
540	153	-19.369	-120.	98.573	1435	0.12218
540	171	-16.855	-120.	100.05	1435	0.12269
541	167	-17.726	-120.	97.196	1435	0.12167
541	171	-16.855	-120.	100.05	1435	0.12269
541	174	-16.334	-120.	97.294	1435	0.12171
542	167	-17.726	-120.	97.196	1435	0.12167
542	174	-16.334	-120.	97.294	1435	0.12171
542	172	-16.628	-120.	96.27	1435	0.12131
543	167	-17.726	-120.	97.196	1435	0.12167
543	172	-16.628	-120.	96.27	1435	0.12131
543	162	-18.302	-120.	95.252	1435	0.12092
544	167	-17.726	-120.	97.196	1435	0.12167
544	162	-18.302	-120.	95.252	1435	0.12092
544	155	-18.865	-120.	95.735	1435	0.12112
545	167	-17.726	-120.	97.196	1435	0.12167
545	155	-18.865	-120.	95.735	1435	0.12112
545	153	-19.369	-120.	98.573	1435	0.12218
546	170	-17.191	-120.	94.333	1435	0.12053
546	165	-18.085	-120.	91.387	1435	0.11925
546	178	-15.485	-120.	93.018	1435	0.11994
547	170	-17.191	-120.	94.333	1435	0.12053
547	178	-15.485	-120.	93.018	1435	0.11994
547	176	-16.032	-120.	95.811	1435	0.12113
548	170	-17.191	-120.	94.333	1435	0.12053
548	176	-16.032	-120.	95.811	1435	0.12113
548	172	-16.628	-120.	96.27	1435	0.12131
549	170	-17.191	-120.	94.333	1435	0.12053
549	172	-16.628	-120.	96.27	1435	0.12131
549	162	-18.302	-120.	95.252	1435	0.12092
550	170	-17.191	-120.	94.333	1435	0.12053
550	162	-18.302	-120.	95.252	1435	0.12092
550	161	-18.611	-120.	94.262	1435	0.12052
551	170	-17.191	-120.	94.333	1435	0.12053
551	161	-18.611	-120.	94.262	1435	0.12052
551	165	-18.085	-120.	91.387	1435	0.11925
552	162	-18.302	-120.	95.252	1435	0.12092
552	161	-18.611	-120.	94.262	1435	0.12052
552	155	-18.865	-120.	95.735	1435	0.12112
553	183	-14.413	-120.	89.13	1437	0.11818
553	165	-18.085	-120.	91.387	1437	0.11925
553	178	-15.485	-120.	93.018	1437	0.11994
554	272	-0.59171	-120.	88.013	1449	0.11775
554	290	2.2612	-120.	87.855	1449	0.11773
554	285	1.3031	-120.	89.681	1449	0.11823
555	282	0.78947	-120.	85.044	1449	0.11691
555	298	3.7317	-120.	85.064	1449	0.1171
555	292	2.7559	-120.	86.903	1449	0.11749
556	280	0.51125	-120.	86.679	1449	0.11737
556	282	0.78947	-120.	85.044	1449	0.11691
556	292	2.7559	-120.	86.903	1449	0.11749
557	280	0.51125	-120.	86.679	1449	0.11737
557	292	2.7559	-120.	86.903	1449	0.11749
557	290	2.2612	-120.	87.855	1449	0.11773
558	280	0.51125	-120.	86.679	1449	0.11737
558	290	2.2612	-120.	87.855	1449	0.11773
558	272	-0.59171	-120.	88.013	1449	0.11775
559	280	0.51125	-120.	86.679	1449	0.11737
559	272	-0.59171	-120.	88.013	1449	0.11775
559	264	-1.5709	-120.	87.142	1449	0.11746
560	280	0.51125	-120.	86.679	1449	0.11737
560	264	-1.5709	-120.	87.142	1449	0.11746
560	273	-0.57654	-120.	85.119	1449	0.11686
561	280	0.51125	-120.	86.679	1449	0.11737
561	273	-0.57654	-120.	85.119	1449	0.11686
561	282	0.78947	-120.	85.044	1449	0.11691
562	253	-3.4987	-120.	85.463	1449	0.11682
562	273	-0.57654	-120.	85.119	1449	0.11686
562	264	-1.5709	-120.	87.142	1449	0.11746
563	327	9.1417	-120.	90.688	1451	0.11804
563	322	8.4091	-120.	90.519	1451	0.11806
563	329	9.39	-120.	91.764	1451	0.11806
564	325	8.6798	-120.	88.651	1451	0.11792
564	321	8.0152	-120.	85.538	1451	0.11751
564	313	6.5826	-120.	88.167	1451	0.11784
565	325	8.6798	-120.	88.651	1451	0.11792
565	313	6.5826	-120.	88.167	1451	0.11784
565	322	8.4091	-120.	90.519	1451	0.11806
566	325	8.6798	-120.	88.651	1451	0.11792
566	322	8.4091	-120.	90.519	1451	0.11806
566	327	9.1417	-120.	90.688	1451	0.11804
567	325	8.6798	-120.	88.651	1451	0.11792
567	327	9.1417	-120.	90.688	1451	0.11804
567	333	10.073	-120.	89.023	1451	0.11795
568	325	8.6798	-120.	88.651	1451	0.11792
568	333	10.073	-120.	89.023	1451	0.11795
568	330	9.8569	-120.	87.974	1451	0.11789
569	325	8.6798	-120.	88.651	1451	0.11792
569	330	9.8569	-120.	87.974	1451	0.11789
569	321	8.0152	-120.	85.538	1451	0.11751
570	337	10.526	-120.	91.072	1451	0.118
570	353	12.589	-120.	91.638	1451	0.1179
570	343	11.174	-120.	94.093	1451	0.11784
571	337	10.526	-120.	91.072	1451	0.118
571	343	11.174	-120.	94.093	1451	0.11784
571	329	9.39	-120.	91.764	1451	0.11806
572	337	10.526	-120.	91.072	1451	0.118
572	329	9.39	-120.	91.764	1451	0.11806
572	327	9.1417	-120.	90.688	1451	0.11804
573	337	10.526	-120.	91.072	1451	0.118
573	327	9.1417	-120.	90.688	1451	0.11804
573	333	10.073	-120.	89.023	1451	0.11795
574	337	10.526	-120.	91.072	1451	0.118
574	333	10.073	-120.	89.023	1451	0.11795
574	339	10.786	-120.	89.228	1451	0.11797
575	337	10.526	-120.	91.072	1451	0.118
575	339	10.786	-120.	89.228	1451	0.11797
575	353	12.589	-120.	91.638	1451	0.1179
576	333	10.073	-120.	89.023	1451	0.11795
576	339	10.786	-120.	89.228	1451	0.11797
576	330	9.8569	-120.	87.974	1451	0.11789
577	516	31.257	-120.	118.83	1455	0.10714
577	537	32.231	-120.	118.57	1455	0.10721
577	533	32.19	-120.	117.81	1455	0.10745
578	559	34.106	-120.	119.51	1455	0.10692
578	560	34.106	-120.	120.25	1455	0.10671
578	568	35.062	-120.	119.27	1455	0.107
579	558	34.076	-120.	118.07	1455	0.10736
579	533	32.19	-120.	117.81	1455	0.10745
579	555	33.96	-120.	115.92	1455	0.1081
580	558	34.076	-120.	118.07	1455	0.10736
580	555	33.96	-120.	115.92	1455	0.1081
580	575	36.909	-120.	117.34	1455	0.10765
581	558	34.076	-120.	118.07	1455	0.10736
581	575	36.909	-120.	117.34	1455	0.10765
581	568	35.062	-120.	119.27	1455	0.107
582	558	34.076	-120.	118.07	1455	0.10736
582	568	35.062	-120.	119.27	1455	0.107
582	559	34.106	-120.	119.51	1455	0.10692
583	558	34.076	-120.	118.07	1455	0.10736
583	559	34.106	-120.	119.51	1455	0.10692
583	537	32.231	-120.	118.57	1455	0.10721
584	558	34.076	-120.	118.07	1455	0.10736
584	537	32.231	-120.	118.57	1455	0.10721
584	533	32.19	-120.	117.81	1455	0.10745
585	538	32.245	-120.	120.	1455	0.10679
585	560	34.106	-120.	120.25	1455	0.10671
585	539	32.274	-120.	122.15	1455	0.10624
586	538	32.245	-120.	120.	1455	0.10679
586	539	32.274	-120.	122.15	1455	0.10624
586	491	29.497	-120.	120.69	1455	0.10666
587	538	32.245	-120.	120.	1455	0.10679
587	491	29.497	-120.	120.69	1455	0.10666
587	516	31.257	-120.	118.83	1455	0.10714
588	538	32.245	-120.	120.	1455	0.10679
588	516	31.257	-120.	118.83	1455	0.10714
588	537	32.231	-120.	118.57	1455	0.10721
589	538	32.245	-120.	120.	1455	0.10679
589	537	32.231	-120.	118.57	1455	0.10721
589	559	34.106	-120.	119.51	1455	0.10692
590	538	32.245	-120.	120.	1455	0.10679
590	559	34.106	-120.	119.51	1455	0.10692
590	560	34.106	-120.	120.25	1455	0.10671
591	523	31.753	-120.	114.26	1519	0.10874
591	507	30.803	-120.	114.51	1519	0.10865
591	528	31.894	-120.	115.	1519	0.10845
592	518	31.423	-120.	112.87	1519	0.1093
592	511	30.932	-120.	110.76	1519	0.11021
592	477	28.754	-120.	113.62	1519	0.10904
593	518	31.423	-120.	112.87	1519	0.1093
593	477	28.754	-120.	113.62	1519	0.10904
593	507	30.803	-120.	114.51	1519	0.10865
594	518	31.423	-120.	112.87	1519	0.1093
594	507	30.803	-120.	114.51	1519	0.10865
594	523	31.753	-120.	114.26	1519	0.10874
595	518	31.423	-120.	112.87	1519	0.1093
595	523	31.753	-120.	114.26	1519	0.10874
595	548	33.238	-120.	112.39	1519	0.10949
596	518	31.423	-120.	112.87	1519	0.1093
596	548	33.238	-120.	112.39	1519	0.10949
596	545	33.06	-120.	111.67	1519	0.1098
597	518	31.423	-120.	112.87	1519	0.1093
597	545	33.06	-120.	111.67	1519	0.1098
597	511	30.932	-120.	110.76	1519	0.11021
598	551	33.555	-120.	113.8	1519	0.10892
598	573	36.317	-120.	113.07	1519	0.10924
598	555	33.96	-120.	115.92	1519	0.1081
599	551	33.555	-120.	113.8	1519	0.10892
599	555	33.96	-120.	115.92	1519	0.1081
599	528	31.894	-120.	115.	1519	0.10845
600	551	33.555	-120.	113.8	1519	0.10892
600	528	31.894	-120.	115.	1519	0.10845
600	523	31.753	-120.	114.26	1519	0.10874
601	551	33.555	-120.	113.8	1519	0.10892
601	523	31.753	-120.	114.26	1519	0.10874
601	548	33.238	-120.	112.39	1519	0.10949
602	551	33.555	-120.	113.8	1519	0.10892
602	548	33.238	-120.	112.39	1519	0.10949
602	563	34.168	-120.	112.14	1519	0.1096
603	551	33.555	-120.	113.8	1519	0.10892
603	563	34.168	-120.	112.14	1519	0.1096
603	573	36.317	-120.	113.07	1519	0.10924
604	548	33.238	-120.	112.39	1519	0.10949
604	563	34.168	-120.	112.14	1519	0.1096
604	545	33.06	-120.	111.67	1519	0.1098
605	544	33.06	-120.	111.67	1521	0.1098
605	511	30.932	-120.	110.76	1521	0.11021
605	535	32.207	-120.	108.95	1521	0.11102
606	553	33.855	-120.	109.98	1521	0.11055
606	544	33.06	-120.	111.67	1521	0.1098
606	535	32.207	-120.	108.95	1521	0.11102
607	553	33.855	-120.	109.98	1521	0.11055
607	535	32.207	-120.	108.95	1521	0.11102
607	543	32.875	-120.	108.	1521	0.11145
608	553	33.855	-120.	109.98	1521	0.11055
608	543	32.875	-120.	108.	1521	0.11145
608	569	35.206	-120.	108.91	1521	0.11103
609	553	33.855	-120.	109.98	1521	0.11055
609	569	35.206	-120.	108.91	1521	0.11103
609	571	35.614	-120.	110.21	1521	0.11045
610	553	33.855	-120.	109.98	1521	0.11055
610	571	35.614	-120.	110.21	1521	0.11045
610	562	34.168	-120.	112.14	1521	0.1096
611	553	33.855	-120.	109.98	1521	0.11055
611	562	34.168	-120.	112.14	1521	0.1096
611	544	33.06	-120.	111.67	1521	0.1098
612	569	35.206	-120.	108.91	1521	0.11103
612	543	32.875	-120.	108.	1521	0.11145
612	561	34.155	-120.	106.16	1521	0.1123
613	571	35.614	-120.	110.21	1521	0.11045
613	573	36.317	-120.	113.07	1521	0.10924
613	562	34.168	-120.	112.14	1521	0.1096
614	461	27.302	-120.	105.87	1528	0.11248
614	464	27.85	-120.	104.3	1528	0.11322
614	482	29.263	-120.	106.75	1528	0.11205
615	461	27.302	-120.	105.87	1528	0.11248
615	482	29.263	-120.	106.75	1528	0.11205
615	475	28.622	-120.	107.7	1528	0.11162
616	461	27.302	-120.	105.87	1528	0.11248
616	475	28.622	-120.	107.7	1528	0.11162
616	448	26.217	-120.	106.97	1528	0.11198
617	461	27.302	-120.	105.87	1528	0.11248
617	448	26.217	-120.	106.97	1528	0.11198
617	443	25.406	-120.	105.57	1528	0.11265
618	461	27.302	-120.	105.87	1528	0.11248
618	443	25.406	-120.	105.57	1528	0.11265
618	451	26.451	-120.	103.94	1528	0.11341
619	461	27.302	-120.	105.87	1528	0.11248
619	451	26.451	-120.	103.94	1528	0.11341
619	464	27.85	-120.	104.3	1528	0.11322
620	448	26.217	-120.	106.97	1528	0.11198
620	475	28.622	-120.	107.7	1528	0.11162
620	462	27.402	-120.	109.46	1528	0.11083
621	464	27.85	-120.	104.3	1528	0.11322
621	499	30.485	-120.	104.97	1528	0.11288
621	482	29.263	-120.	106.75	1528	0.11205
622	451	26.451	-120.	103.94	1528	0.11341
622	443	25.406	-120.	105.57	1528	0.11265
622	432	23.847	-120.	103.3	1528	0.11374
623	353	12.589	-120.	91.638	1530	0.1179
623	340	10.786	-120.	89.228	1530	0.11797
623	357	13.535	-120.	90.005	1530	0.11798
624	321	8.0152	-120.	85.538	1530	0.11751
624	341	10.891	-120.	86.162	1530	0.11779
624	331	9.8569	-120.	87.974	1530	0.11789
625	364	14.983	-120.	87.508	1530	0.1181
625	360	14.027	-120.	89.153	1530	0.11803
625	350	12.207	-120.	86.534	1530	0.11791
626	348	11.884	-120.	88.176	1530	0.11796
626	357	13.535	-120.	90.005	1530	0.11798
626	340	10.786	-120.	89.228	1530	0.11797
627	348	11.884	-120.	88.176	1530	0.11796
627	340	10.786	-120.	89.228	1530	0.11797
627	331	9.8569	-120.	87.974	1530	0.11789
628	348	11.884	-120.	88.176	1530	0.11796
628	331	9.8569	-120.	87.974	1530	0.11789
628	341	10.891	-120.	86.162	1530	0.11779
629	348	11.884	-120.	88.176	1530	0.11796
629	341	10.891	-120.	86.162	1530	0.11779
629	350	12.207	-120.	86.534	1530	0.11791
630	348	11.884	-120.	88.176	1530	0.11796
630	350	12.207	-120.	86.534	1530	0.11791
630	360	14.027	-120.	89.153	1530	0.11803
631	348	11.884	-120.	88.176	1530	0.11796
631	360	14.027	-120.	89.153	1530	0.11803
631	357	13.535	-120.	90.005	1530	0.11798
632	371	15.86	-120.	93.118	1531	0.11762
632	374	16.06	-120.	94.294	1531	0.11738
632	378	16.533	-120.	93.457	1531	0.11753
633	363	14.571	-120.	92.538	1531	0.11775
633	353	12.589	-120.	91.638	1531	0.1179
633	365	15.169	-120.	95.872	1531	0.11711
634	363	14.571	-120.	92.538	1531	0.11775
634	365	15.169	-120.	95.872	1531	0.11711
634	374	16.06	-120.	94.294	1531	0.11738
635	363	14.571	-120.	92.538	1531	0.11775
635	374	16.06	-120.	94.294	1531	0.11738
635	371	15.86	-120.	93.118	1531	0.11762
636	363	14.571	-120.	92.538	1531	0.11775
636	371	15.86	-120.	93.118	1531	0.11762
636	361	14.21	-120.	90.302	1531	0.11797
637	363	14.571	-120.	92.538	1531	0.11775
637	361	14.21	-120.	90.302	1531	0.11797
637	357	13.535	-120.	90.005	1531	0.11798
638	363	14.571	-120.	92.538	1531	0.11775
638	357	13.535	-120.	90.005	1531	0.11798
638	353	12.589	-120.	91.638	1531	0.1179
639	368	15.507	-120.	90.901	1531	0.11793
639	364	14.983	-120.	87.508	1531	0.1181
639	381	17.43	-120.	91.87	1531	0.1178
640	368	15.507	-120.	90.901	1531	0.11793
640	381	17.43	-120.	91.87	1531	0.1178
640	378	16.533	-120.	93.457	1531	0.11753
641	368	15.507	-120.	90.901	1531	0.11793
641	378	16.533	-120.	93.457	1531	0.11753
641	371	15.86	-120.	93.118	1531	0.11762
642	368	15.507	-120.	90.901	1531	0.11793
642	371	15.86	-120.	93.118	1531	0.11762
642	361	14.21	-120.	90.302	1531	0.11797
643	368	15.507	-120.	90.901	1531	0.11793
643	361	14.21	-120.	90.302	1531	0.11797
643	360	14.027	-120.	89.153	1531	0.11803
644	368	15.507	-120.	90.901	1531	0.11793
644	360	14.027	-120.	89.153	1531	0.11803
644	364	14.983	-120.	87.508	1531	0.1181
645	361	14.21	-120.	90.302	1531	0.11797
645	360	14.027	-120.	89.153	1531	0.11803
645	357	13.535	-120.	90.005	1531	0.11798
646	432	23.847	-120.	103.3	1544	0.11374
646	444	25.409	-120.	100.72	1544	0.11487
646	407	20.921	-120.	100.05	1544	0.11528
647	449	26.403	-120.	99.043	1546	0.11556
647	468	28.095	-120.	101.35	1546	0.11456
647	444	25.409	-120.	100.72	1546	0.11487
648	501	30.617	-120.	99.84	1546	0.11519
648	536	32.209	-120.	102.31	1546	0.11409
648	489	29.49	-120.	101.66	1546	0.1144
649	472	28.556	-120.	99.8	1546	0.11522
649	501	30.617	-120.	99.84	1546	0.11519
649	489	29.49	-120.	101.66	1546	0.1144
650	472	28.556	-120.	99.8	1546	0.11522
650	489	29.49	-120.	101.66	1546	0.1144
650	468	28.095	-120.	101.35	1546	0.11456
651	472	28.556	-120.	99.8	1546	0.11522
651	468	28.095	-120.	101.35	1546	0.11456
651	449	26.403	-120.	99.043	1546	0.11556
652	472	28.556	-120.	99.8	1546	0.11522
652	449	26.403	-120.	99.043	1546	0.11556
652	459	26.924	-120.	98.172	1546	0.11591
653	472	28.556	-120.	99.8	1546	0.11522
653	459	26.924	-120.	98.172	1546	0.11591
653	496	29.807	-120.	98.737	1546	0.11566
654	472	28.556	-120.	99.8	1546	0.11522
654	496	29.807	-120.	98.737	1546	0.11566
654	501	30.617	-120.	99.84	1546	0.11519
655	466	27.921	-120.	96.479	1546	0.11655
655	496	29.807	-120.	98.737	1546	0.11566
655	459	26.924	-120.	98.172	1546	0.11591
656	428	22.931	-120.	98.116	1547	0.11597
656	423	22.388	-120.	97.593	1547	0.11618
656	419	21.882	-120.	98.448	1547	0.11587
657	433	23.908	-120.	99.146	1547	0.11556
657	449	26.403	-120.	99.043	1547	0.11556
657	444	25.409	-120.	100.72	1547	0.11487
658	433	23.908	-120.	99.146	1547	0.11556
658	444	25.409	-120.	100.72	1547	0.11487
658	407	20.921	-120.	100.05	1547	0.11528
659	433	23.908	-120.	99.146	1547	0.11556
659	407	20.921	-120.	100.05	1547	0.11528
659	419	21.882	-120.	98.448	1547	0.11587
660	433	23.908	-120.	99.146	1547	0.11556
660	419	21.882	-120.	98.448	1547	0.11587
660	428	22.931	-120.	98.116	1547	0.11597
661	433	23.908	-120.	99.146	1547	0.11556
661	428	22.931	-120.	98.116	1547	0.11597
661	447	25.899	-120.	98.502	1547	0.11578
662	433	23.908	-120.	99.146	1547	0.11556
662	447	25.899	-120.	98.502	1547	0.11578
662	449	26.403	-120.	99.043	1547	0.11556
663	459	26.924	-120.	98.172	1547	0.11591
663	447	25.899	-120.	98.502	1547	0.11578
663	449	26.403	-120.	99.043	1547	0.11556
664	442	24.902	-120.	97.473	1547	0.11619
664	466	27.921	-120.	96.479	1547	0.11655
664	431	23.352	-120.	95.976	1547	0.11673
665	442	24.902	-120.	97.473	1547	0.11619
665	431	23.352	-120.	95.976	1547	0.11673
665	423	22.388	-120.	97.593	1547	0.11618
666	442	24.902	-120.	97.473	1547	0.11619
666	423	22.388	-120.	97.593	1547	0.11618
666	428	22.931	-120.	98.116	1547	0.11597
667	442	24.902	-120.	97.473	1547	0.11619
667	428	22.931	-120.	98.116	1547	0.11597
667	447	25.899	-120.	98.502	1547	0.11578
668	442	24.902	-120.	97.473	1547	0.11619
668	447	25.899	-120.	98.502	1547	0.11578
668	459	26.924	-120.	98.172	1547	0.11591
669	442	24.902	-120.	97.473	1547	0.11619
669	459	26.924	-120.	98.172	1547	0.11591
669	466	27.921	-120.	96.479	1547	0.11655
670	395	19.847	-120.	97.24	1566	0.11639
670	418	21.882	-120.	98.448	1566	0.11587
670	391	18.828	-120.	98.263	1566	0.11608
671	395	19.847	-120.	97.24	1566	0.11639
671	391	18.828	-120.	98.263	1566	0.11608
671	382	17.516	-120.	97.31	1566	0.1165
672	395	19.847	-120.	97.24	1566	0.11639
672	382	17.516	-120.	97.31	1566	0.1165
672	389	18.369	-120.	95.895	1566	0.1169
673	395	19.847	-120.	97.24	1566	0.11639
673	389	18.369	-120.	95.895	1566	0.1169
673	402	20.101	-120.	95.931	1566	0.11681
674	395	19.847	-120.	97.24	1566	0.11639
674	402	20.101	-120.	95.931	1566	0.11681
674	422	22.388	-120.	97.593	1566	0.11618
675	395	19.847	-120.	97.24	1566	0.11639
675	422	22.388	-120.	97.593	1566	0.11618
675	418	21.882	-120.	98.448	1566	0.11587
676	389	18.369	-120.	95.895	1566	0.1169
676	382	17.516	-120.	97.31	1566	0.1165
676	365	15.169	-120.	95.872	1566	0.11711
677	418	21.882	-120.	98.448	1566	0.11587
677	407	20.921	-120.	100.05	1566	0.11528
677	391	18.828	-120.	98.263	1566	0.11608
678	422	22.388	-120.	97.593	1566	0.11618
678	402	20.101	-120.	95.931	1566	0.11681
678	431	23.352	-120.	95.976	1566	0.11673
679	439	24.656	-120.	135.59	1581	0.10582
679	479	29.242	-120.	133.19	1581	0.10549
679	456	26.843	-120.	131.8	1581	0.10542
680	460	27.061	-120.	136.97	1582	0.1061
680	479	29.242	-120.	133.19	1582	0.10549
680	439	24.656	-120.	135.59	1582	0.10582
681	539	32.274	-120.	122.15	1583	0.10624
681	491	29.497	-120.	120.69	1583	0.10666
681	478	29.04	-120.	125.04	1583	0.10577
682	556	34.028	-120.	123.11	1585	0.10604
682	539	32.274	-120.	122.15	1585	0.10624
682	560	34.106	-120.	120.25	1585	0.10671
683	570	35.354	-120.	121.36	1585	0.10645
683	556	34.028	-120.	123.11	1585	0.10604
683	560	34.106	-120.	120.25	1585	0.10671
684	570	35.354	-120.	121.36	1585	0.10645
684	560	34.106	-120.	120.25	1585	0.10671
684	568	35.062	-120.	119.27	1585	0.107
685	570	35.354	-120.	121.36	1585	0.10645
685	568	35.062	-120.	119.27	1585	0.107
685	577	37.01	-120.	120.28	1585	0.10677
686	570	35.354	-120.	121.36	1585	0.10645
686	577	37.01	-120.	120.28	1585	0.10677
686	576	36.972	-120.	121.65	1585	0.10642
687	570	35.354	-120.	121.36	1585	0.10645
687	576	36.972	-120.	121.65	1585	0.10642
687	566	34.943	-120.	123.6	1585	0.10596
688	570	35.354	-120.	121.36	1585	0.10645
688	566	34.943	-120.	123.6	1585	0.10596
688	556	34.028	-120.	123.11	1585	0.10604
689	577	37.01	-120.	120.28	1585	0.10677
689	568	35.062	-120.	119.27	1585	0.107
689	575	36.909	-120.	117.34	1585	0.10765
690	576	36.972	-120.	121.65	1585	0.10642
690	574	36.709	-120.	124.58	1585	0.10584
690	566	34.943	-120.	123.6	1585	0.10596
691	524	31.758	-120.	125.71	1588	0.10561
691	503	30.725	-120.	125.95	1588	0.1056
691	519	31.619	-120.	126.45	1588	0.10553
692	552	33.712	-120.	125.26	1588	0.10568
692	565	34.943	-120.	123.6	1588	0.10596
692	574	36.709	-120.	124.58	1588	0.10584
693	552	33.712	-120.	125.26	1588	0.10568
693	574	36.709	-120.	124.58	1588	0.10584
693	549	33.314	-120.	127.38	1588	0.10544
694	552	33.712	-120.	125.26	1588	0.10568
694	549	33.314	-120.	127.38	1588	0.10544
694	519	31.619	-120.	126.45	1588	0.10553
695	552	33.712	-120.	125.26	1588	0.10568
695	519	31.619	-120.	126.45	1588	0.10553
695	524	31.758	-120.	125.71	1588	0.10561
696	552	33.712	-120.	125.26	1588	0.10568
696	524	31.758	-120.	125.71	1588	0.10561
696	554	33.93	-120.	123.84	1588	0.1059
697	552	33.712	-120.	125.26	1588	0.10568
697	554	33.93	-120.	123.84	1588	0.1059
697	565	34.943	-120.	123.6	1588	0.10596
698	557	34.028	-120.	123.11	1588	0.10604
698	554	33.93	-120.	123.84	1588	0.1059
698	565	34.943	-120.	123.6	1588	0.10596
699	530	31.959	-120.	124.3	1588	0.10582
699	539	32.274	-120.	122.15	1588	0.10624
699	478	29.04	-120.	125.04	1588	0.10577
700	530	31.959	-120.	124.3	1588	0.10582
700	478	29.04	-120.	125.04	1588	0.10577
700	503	30.725	-120.	125.95	1588	0.1056
701	530	31.959	-120.	124.3	1588	0.10582
701	503	30.725	-120.	125.95	1588	0.1056
701	524	31.758	-120.	125.71	1588	0.10561
702	530	31.959	-120.	124.3	1588	0.10582
702	524	31.758	-120.	125.71	1588	0.10561
702	554	33.93	-120.	123.84	1588	0.1059
703	530	31.959	-120.	124.3	1588	0.10582
703	554	33.93	-120.	123.84	1588	0.1059
703	557	34.028	-120.	123.11	1588	0.10604
704	530	31.959	-120.	124.3	1588	0.10582
704	557	34.028	-120.	123.11	1588	0.10604
704	539	32.274	-120.	122.15	1588	0.10624
705	549	33.314	-120.	127.38	1589	0.10544
705	572	35.883	-120.	128.81	1589	0.10542
705	574	36.709	-120.	124.58	1589	0.10584
706	495	29.794	-120.	128.1	1591	0.10541
706	470	28.397	-120.	127.71	1591	0.10548
706	502	30.725	-120.	125.95	1591	0.1056
707	495	29.794	-120.	128.1	1591	0.10541
707	502	30.725	-120.	125.95	1591	0.1056
707	520	31.619	-120.	126.45	1591	0.10553
708	495	29.794	-120.	128.1	1591	0.10541
708	520	31.619	-120.	126.45	1591	0.10553
708	505	30.745	-120.	129.14	1591	0.10535
709	495	29.794	-120.	128.1	1591	0.10541
709	505	30.745	-120.	129.14	1591	0.10535
709	485	29.384	-120.	130.08	1591	0.10534
710	495	29.794	-120.	128.1	1591	0.10541
710	485	29.384	-120.	130.08	1591	0.10534
710	465	27.896	-120.	129.26	1591	0.1054
711	495	29.794	-120.	128.1	1591	0.10541
711	465	27.896	-120.	129.26	1591	0.1054
711	470	28.397	-120.	127.71	1591	0.10548
712	505	30.745	-120.	129.14	1591	0.10535
712	520	31.619	-120.	126.45	1591	0.10553
712	549	33.314	-120.	127.38	1591	0.10544
713	470	28.397	-120.	127.71	1591	0.10548
713	478	29.04	-120.	125.04	1591	0.10577
713	502	30.725	-120.	125.95	1591	0.1056
714	465	27.896	-120.	129.26	1591	0.1054
714	485	29.384	-120.	130.08	1591	0.10534
714	456	26.843	-120.	131.8	1591	0.10542
715	500	30.508	-120.	129.85	1592	0.10534
715	504	30.745	-120.	129.14	1592	0.10535
715	484	29.384	-120.	130.08	1592	0.10534
716	540	32.636	-120.	129.42	1592	0.10535
716	572	35.883	-120.	128.81	1592	0.10542
716	549	33.314	-120.	127.38	1592	0.10544
717	540	32.636	-120.	129.42	1592	0.10535
717	549	33.314	-120.	127.38	1592	0.10544
717	504	30.745	-120.	129.14	1592	0.10535
718	540	32.636	-120.	129.42	1592	0.10535
718	504	30.745	-120.	129.14	1592	0.10535
718	500	30.508	-120.	129.85	1592	0.10534
719	540	32.636	-120.	129.42	1592	0.10535
719	500	30.508	-120.	129.85	1592	0.10534
719	531	32.136	-120.	130.77	1592	0.10535
720	540	32.636	-120.	129.42	1592	0.10535
720	531	32.136	-120.	130.77	1592	0.10535
720	547	33.229	-120.	130.57	1592	0.10536
721	540	32.636	-120.	129.42	1592	0.10535
721	547	33.229	-120.	130.57	1592	0.10536
721	572	35.883	-120.	128.81	1592	0.10542
722	497	29.996	-120.	131.19	1592	0.10536
722	479	29.242	-120.	133.19	1592	0.10549
722	456	26.843	-120.	131.8	1592	0.10542
723	497	29.996	-120.	131.19	1592	0.10536
723	456	26.843	-120.	131.8	1592	0.10542
723	484	29.384	-120.	130.08	1592	0.10534
724	497	29.996	-120.	131.19	1592	0.10536
724	484	29.384	-120.	130.08	1592	0.10534
724	500	30.508	-120.	129.85	1592	0.10534
725	497	29.996	-120.	131.19	1592	0.10536
725	500	30.508	-120.	129.85	1592	0.10534
725	531	32.136	-120.	130.77	1592	0.10535
726	497	29.996	-120.	131.19	1592	0.10536
726	531	32.136	-120.	130.77	1592	0.10535
726	525	31.866	-120.	131.46	1592	0.10538
727	497	29.996	-120.	131.19	1592	0.10536
727	525	31.866	-120.	131.46	1592	0.10538
727	479	29.242	-120.	133.19	1592	0.10549
728	531	32.136	-120.	130.77	1592	0.10535
728	525	31.866	-120.	131.46	1592	0.10538
728	547	33.229	-120.	130.57	1592	0.10536
729	494	29.577	-120.	107.44	1594	0.11173
729	481	29.263	-120.	106.75	1594	0.11205
729	474	28.622	-120.	107.7	1594	0.11162
730	517	31.382	-120.	106.93	1594	0.11195
730	561	34.155	-120.	106.16	1594	0.1123
730	499	30.485	-120.	104.97	1594	0.11288
731	517	31.382	-120.	106.93	1594	0.11195
731	499	30.485	-120.	104.97	1594	0.11288
731	481	29.263	-120.	106.75	1594	0.11205
732	517	31.382	-120.	106.93	1594	0.11195
732	481	29.263	-120.	106.75	1594	0.11205
732	494	29.577	-120.	107.44	1594	0.11173
733	517	31.382	-120.	106.93	1594	0.11195
733	494	29.577	-120.	107.44	1594	0.11173
733	529	31.935	-120.	108.26	1594	0.11134
734	517	31.382	-120.	106.93	1594	0.11195
734	529	31.935	-120.	108.26	1594	0.11134
734	542	32.875	-120.	108.	1594	0.11145
735	517	31.382	-120.	106.93	1594	0.11195
735	542	32.875	-120.	108.	1594	0.11145
735	561	34.155	-120.	106.16	1594	0.1123
736	498	30.113	-120.	108.76	1594	0.11112
736	511	30.932	-120.	110.76	1594	0.11021
736	462	27.402	-120.	109.46	1594	0.11083
737	498	30.113	-120.	108.76	1594	0.11112
737	462	27.402	-120.	109.46	1594	0.11083
737	474	28.622	-120.	107.7	1594	0.11162
738	498	30.113	-120.	108.76	1594	0.11112
738	474	28.622	-120.	107.7	1594	0.11162
738	494	29.577	-120.	107.44	1594	0.11173
739	498	30.113	-120.	108.76	1594	0.11112
739	494	29.577	-120.	107.44	1594	0.11173
739	529	31.935	-120.	108.26	1594	0.11134
740	498	30.113	-120.	108.76	1594	0.11112
740	529	31.935	-120.	108.26	1594	0.11134
740	534	32.207	-120.	108.95	1594	0.11102
741	498	30.113	-120.	108.76	1594	0.11112
741	534	32.207	-120.	108.95	1594	0.11102
741	511	30.932	-120.	110.76	1594	0.11021
742	529	31.935	-120.	108.26	1594	0.11134
742	534	32.207	-120.	108.95	1594	0.11102
742	542	32.875	-120.	108.	1594	0.11145
743	477	28.754	-120.	113.62	1595	0.10904
743	511	30.932	-120.	110.76	1595	0.11021
743	462	27.402	-120.	109.46	1595	0.11083
744	561	34.155	-120.	106.16	1598	0.1123
744	536	32.209	-120.	102.31	1598	0.11409
744	499	30.485	-120.	104.97	1598	0.11288
745	107	-23.785	-120.	100.93	1649	0.12292
745	110	-23.545	-120.	96.143	1649	0.12134
745	73	-26.285	-120.	99.47	1649	0.12251
746	136	-21.358	-120.	102.37	1650	0.12327
746	130	-21.726	-120.	101.28	1650	0.123
746	123	-22.197	-120.	101.87	1650	0.12315
747	133	-21.51	-120.	98.163	1650	0.12205
747	138	-21.019	-120.	97.611	1650	0.12185
747	125	-21.878	-120.	97.108	1650	0.12168
748	119	-22.44	-120.	99.25	1650	0.12242
748	123	-22.197	-120.	101.87	1650	0.12315
748	107	-23.785	-120.	100.93	1650	0.12292
749	119	-22.44	-120.	99.25	1650	0.12242
749	107	-23.785	-120.	100.93	1650	0.12292
749	110	-23.545	-120.	96.143	1650	0.12134
750	119	-22.44	-120.	99.25	1650	0.12242
750	110	-23.545	-120.	96.143	1650	0.12134
750	125	-21.878	-120.	97.108	1650	0.12168
751	119	-22.44	-120.	99.25	1650	0.12242
751	125	-21.878	-120.	97.108	1650	0.12168
751	133	-21.51	-120.	98.163	1650	0.12205
752	119	-22.44	-120.	99.25	1650	0.12242
752	133	-21.51	-120.	98.163	1650	0.12205
752	130	-21.726	-120.	101.28	1650	0.123
753	119	-22.44	-120.	99.25	1650	0.12242
753	130	-21.726	-120.	101.28	1650	0.123
753	123	-22.197	-120.	101.87	1650	0.12315
754	140	-20.794	-120.	100.22	1650	0.12271
754	138	-21.019	-120.	97.611	1650	0.12185
754	153	-19.369	-120.	98.573	1650	0.12218
755	140	-20.794	-120.	100.22	1650	0.12271
755	153	-19.369	-120.	98.573	1650	0.12218
755	151	-19.781	-120.	103.3	1650	0.12349
756	140	-20.794	-120.	100.22	1650	0.12271
756	151	-19.781	-120.	103.3	1650	0.12349
756	136	-21.358	-120.	102.37	1650	0.12327
757	140	-20.794	-120.	100.22	1650	0.12271
757	136	-21.358	-120.	102.37	1650	0.12327
757	130	-21.726	-120.	101.28	1650	0.123
758	140	-20.794	-120.	100.22	1650	0.12271
758	130	-21.726	-120.	101.28	1650	0.123
758	133	-21.51	-120.	98.163	1650	0.12205
759	140	-20.794	-120.	100.22	1650	0.12271
759	133	-21.51	-120.	98.163	1650	0.12205
759	138	-21.019	-120.	97.611	1650	0.12185
760	171	-16.855	-120.	100.05	1654	0.12269
760	153	-19.369	-120.	98.573	1654	0.12218
760	151	-19.781	-120.	103.3	1654	0.12349
761	221	-8.7706	-120.	146.81	1667	0.11166
761	229	-7.1945	-120.	148.83	1667	0.11145
761	217	-9.7773	-120.	147.68	1667	0.11163
762	221	-8.7706	-120.	146.81	1667	0.11166
762	217	-9.7773	-120.	147.68	1667	0.11163
762	212	-10.674	-120.	146.2	1667	0.11186
763	221	-8.7706	-120.	146.81	1667	0.11166
763	212	-10.674	-120.	146.2	1667	0.11186
763	215	-9.8754	-120.	144.75	1667	0.11203
764	221	-8.7706	-120.	146.81	1667	0.11166
764	215	-9.8754	-120.	144.75	1667	0.11203
764	224	-8.3944	-120.	145.41	1667	0.11177
765	221	-8.7706	-120.	146.81	1667	0.11166
765	224	-8.3944	-120.	145.41	1667	0.11177
765	233	-6.7075	-120.	147.97	1667	0.11144
766	221	-8.7706	-120.	146.81	1667	0.11166
766	233	-6.7075	-120.	147.97	1667	0.11144
766	229	-7.1945	-120.	148.83	1667	0.11145
767	215	-9.8754	-120.	144.75	1667	0.11203
767	212	-10.674	-120.	146.2	1667	0.11186
767	197	-12.295	-120.	143.44	1667	0.11255
768	229	-7.1945	-120.	148.83	1667	0.11145
768	226	-8.113	-120.	150.47	1667	0.11145
768	217	-9.7773	-120.	147.68	1667	0.11163
769	233	-6.7075	-120.	147.97	1667	0.11144
769	224	-8.3944	-120.	145.41	1667	0.11177
769	240	-5.7995	-120.	146.33	1667	0.1114
770	486	29.388	-120.	135.79	1726	0.10586
770	479	29.242	-120.	133.19	1726	0.10549
770	460	27.061	-120.	136.97	1726	0.1061
771	486	29.388	-120.	135.79	1726	0.10586
771	460	27.061	-120.	136.97	1726	0.1061
771	476	28.693	-120.	137.9	1726	0.1063
772	486	29.388	-120.	135.79	1726	0.10586
772	476	28.693	-120.	137.9	1726	0.1063
772	492	29.517	-120.	137.53	1726	0.10621
773	486	29.388	-120.	135.79	1726	0.10586
773	492	29.517	-120.	137.53	1726	0.10621
773	512	30.952	-120.	135.04	1726	0.10574
774	486	29.388	-120.	135.79	1726	0.10586
774	512	30.952	-120.	135.04	1726	0.10574
774	509	30.864	-120.	134.14	1726	0.10561
775	486	29.388	-120.	135.79	1726	0.10586
775	509	30.864	-120.	134.14	1726	0.10561
775	479	29.242	-120.	133.19	1726	0.10549
776	513	31.043	-120.	136.75	1726	0.10605
776	550	33.344	-120.	135.59	1726	0.10584
776	514	31.189	-120.	139.32	1726	0.10666
777	513	31.043	-120.	136.75	1726	0.10605
777	514	31.189	-120.	139.32	1726	0.10666
777	493	29.543	-120.	138.38	1726	0.10642
778	513	31.043	-120.	136.75	1726	0.10605
778	493	29.543	-120.	138.38	1726	0.10642
778	492	29.517	-120.	137.53	1726	0.10621
779	513	31.043	-120.	136.75	1726	0.10605
779	492	29.517	-120.	137.53	1726	0.10621
779	512	30.952	-120.	135.04	1726	0.10574
780	513	31.043	-120.	136.75	1726	0.10605
780	512	30.952	-120.	135.04	1726	0.10574
780	521	31.71	-120.	134.63	1726	0.10568
781	513	31.043	-120.	136.75	1726	0.10605
781	521	31.71	-120.	134.63	1726	0.10568
781	550	33.344	-120.	135.59	1726	0.10584
782	492	29.517	-120.	137.53	1726	0.10621
782	476	28.693	-120.	137.9	1726	0.1063
782	493	29.543	-120.	138.38	1726	0.10642
783	512	30.952	-120.	135.04	1726	0.10574
783	521	31.71	-120.	134.63	1726	0.10568
783	509	30.864	-120.	134.14	1726	0.10561
784	476	28.693	-120.	137.9	1744	0.1063
784	458	26.876	-120.	140.1	1744	0.10691
784	460	27.061	-120.	136.97	1744	0.1061
785	473	28.593	-120.	142.76	1744	0.10776
785	452	26.586	-120.	144.91	1744	0.1086
785	454	26.788	-120.	141.73	1744	0.10742
786	469	28.326	-120.	140.43	1744	0.107
786	473	28.593	-120.	142.76	1744	0.10776
786	454	26.788	-120.	141.73	1744	0.10742
787	469	28.326	-120.	140.43	1744	0.107
787	454	26.788	-120.	141.73	1744	0.10742
787	458	26.876	-120.	140.1	1744	0.10691
788	469	28.326	-120.	140.43	1744	0.107
788	458	26.876	-120.	140.1	1744	0.10691
788	476	28.693	-120.	137.9	1744	0.1063
789	469	28.326	-120.	140.43	1744	0.107
789	476	28.693	-120.	137.9	1744	0.1063
789	493	29.543	-120.	138.38	1744	0.10642
790	469	28.326	-120.	140.43	1744	0.107
790	493	29.543	-120.	138.38	1744	0.10642
790	488	29.463	-120.	141.7	1744	0.10739
791	469	28.326	-120.	140.43	1744	0.107
791	488	29.463	-120.	141.7	1744	0.10739
791	473	28.593	-120.	142.76	1744	0.10776
792	514	31.189	-120.	139.32	1744	0.10666
792	488	29.463	-120.	141.7	1744	0.10739
792	493	29.543	-120.	138.38	1744	0.10642
793	390	18.671	-120.	94.527	1810	0.11724
793	388	18.369	-120.	95.895	1810	0.1169
793	373	16.06	-120.	94.294	1810	0.11738
794	390	18.671	-120.	94.527	1810	0.11724
794	373	16.06	-120.	94.294	1810	0.11738
794	377	16.533	-120.	93.457	1810	0.11753
795	390	18.671	-120.	94.527	1810	0.11724
795	377	16.533	-120.	93.457	1810	0.11753
795	397	19.897	-120.	93.386	1810	0.1175
796	390	18.671	-120.	94.527	1810	0.11724
796	397	19.897	-120.	93.386	1810	0.1175
796	409	21.067	-120.	94.197	1810	0.11728
797	390	18.671	-120.	94.527	1810	0.11724
797	409	21.067	-120.	94.197	1810	0.11728
797	401	20.101	-120.	95.931	1810	0.11681
798	390	18.671	-120.	94.527	1810	0.11724
798	401	20.101	-120.	95.931	1810	0.11681
798	388	18.369	-120.	95.895	1810	0.1169
799	397	19.897	-120.	93.386	1810	0.1175
799	377	16.533	-120.	93.457	1810	0.11753
799	381	17.43	-120.	91.87	1810	0.1178
800	388	18.369	-120.	95.895	1810	0.1169
800	365	15.169	-120.	95.872	1810	0.11711
800	373	16.06	-120.	94.294	1810	0.11738
801	401	20.101	-120.	95.931	1810	0.11681
801	409	21.067	-120.	94.197	1810	0.11728
801	431	23.352	-120.	95.976	1810	0.11673
802	406	20.74	-120.	93.354	1811	0.1175
802	398	19.897	-120.	93.386	1811	0.1175
802	410	21.067	-120.	94.197	1811	0.11728
803	400	20.015	-120.	91.744	1811	0.11785
803	392	18.881	-120.	89.348	1811	0.1182
803	381	17.43	-120.	91.87	1811	0.1178
804	400	20.015	-120.	91.744	1811	0.11785
804	381	17.43	-120.	91.87	1811	0.1178
804	398	19.897	-120.	93.386	1811	0.1175
805	400	20.015	-120.	91.744	1811	0.11785
805	398	19.897	-120.	93.386	1811	0.1175
805	406	20.74	-120.	93.354	1811	0.1175
806	400	20.015	-120.	91.744	1811	0.11785
806	406	20.74	-120.	93.354	1811	0.1175
806	416	21.743	-120.	91.638	1811	0.11791
807	400	20.015	-120.	91.744	1811	0.11785
807	416	21.743	-120.	91.638	1811	0.11791
807	412	21.398	-120.	90.871	1811	0.11805
808	400	20.015	-120.	91.744	1811	0.11785
808	412	21.398	-120.	90.871	1811	0.11805
808	392	18.881	-120.	89.348	1811	0.1182
809	421	22.376	-120.	93.382	1811	0.1175
809	441	24.832	-120.	93.474	1811	0.11752
809	431	23.352	-120.	95.976	1811	0.11673
810	421	22.376	-120.	93.382	1811	0.1175
810	431	23.352	-120.	95.976	1811	0.11673
810	410	21.067	-120.	94.197	1811	0.11728
811	421	22.376	-120.	93.382	1811	0.1175
811	410	21.067	-120.	94.197	1811	0.11728
811	406	20.74	-120.	93.354	1811	0.1175
812	421	22.376	-120.	93.382	1811	0.1175
812	406	20.74	-120.	93.354	1811	0.1175
812	416	21.743	-120.	91.638	1811	0.11791
813	421	22.376	-120.	93.382	1811	0.1175
813	416	21.743	-120.	91.638	1811	0.11791
813	426	22.522	-120.	91.651	1811	0.11792
814	421	22.376	-120.	93.382	1811	0.1175
814	426	22.522	-120.	91.651	1811	0.11792
814	441	24.832	-120.	93.474	1811	0.11752
815	416	21.743	-120.	91.638	1811	0.11791
815	426	22.522	-120.	91.651	1811	0.11792
815	412	21.398	-120.	90.871	1811	0.11805
