小面	点	X坐标 (mm)	Y坐标 (mm)	Z坐标 (mm)	单元数	定向变形 (mm)
0	256	-2.9777	-120.	149.89	577	0.1105
0	268	-1.0913	-120.	151.9	577	0.11095
0	252	-3.9312	-120.	151.58	577	0.11084
1	288	1.8045	-120.	154.98	577	0.11209
1	267	-1.1343	-120.	154.83	577	0.11179
1	276	-0.11815	-120.	152.95	577	0.11127
2	243	-5.3928	-120.	154.18	577	0.11126
2	248	-4.4252	-120.	152.47	577	0.11099
2	259	-2.4941	-120.	154.68	577	0.11164
3	261	-2.1991	-120.	153.07	577	0.11122
3	252	-3.9312	-120.	151.58	577	0.11084
3	268	-1.0913	-120.	151.9	577	0.11095
4	261	-2.1991	-120.	153.07	577	0.11122
4	268	-1.0913	-120.	151.9	577	0.11095
4	276	-0.11815	-120.	152.95	577	0.11127
5	261	-2.1991	-120.	153.07	577	0.11122
5	276	-0.11815	-120.	152.95	577	0.11127
5	267	-1.1343	-120.	154.83	577	0.11179
6	261	-2.1991	-120.	153.07	577	0.11122
6	267	-1.1343	-120.	154.83	577	0.11179
6	259	-2.4941	-120.	154.68	577	0.11164
7	261	-2.1991	-120.	153.07	577	0.11122
7	259	-2.4941	-120.	154.68	577	0.11164
7	248	-4.4252	-120.	152.47	577	0.11099
8	261	-2.1991	-120.	153.07	577	0.11122
8	248	-4.4252	-120.	152.47	577	0.11099
8	252	-3.9312	-120.	151.58	577	0.11084
9	526	31.866	-120.	131.46	610	0.1031
9	510	30.864	-120.	134.14	610	0.10332
9	479	29.242	-120.	133.19	610	0.1032
10	564	34.544	-120.	132.9	610	0.10324
10	550	33.344	-120.	135.59	610	0.10358
10	522	31.71	-120.	134.63	610	0.1034
11	541	32.873	-120.	132.56	610	0.10318
11	564	34.544	-120.	132.9	610	0.10324
11	522	31.71	-120.	134.63	610	0.1034
12	541	32.873	-120.	132.56	610	0.10318
12	522	31.71	-120.	134.63	610	0.1034
12	510	30.864	-120.	134.14	610	0.10332
13	541	32.873	-120.	132.56	610	0.10318
13	510	30.864	-120.	134.14	610	0.10332
13	526	31.866	-120.	131.46	610	0.1031
14	541	32.873	-120.	132.56	610	0.10318
14	526	31.866	-120.	131.46	610	0.1031
14	546	33.229	-120.	130.57	610	0.10311
15	541	32.873	-120.	132.56	610	0.10318
15	546	33.229	-120.	130.57	610	0.10311
15	567	35.024	-120.	131.62	610	0.10317
16	541	32.873	-120.	132.56	610	0.10318
16	567	35.024	-120.	131.62	610	0.10317
16	564	34.544	-120.	132.9	610	0.10324
17	572	35.883	-120.	128.81	610	0.10324
17	567	35.024	-120.	131.62	610	0.10317
17	546	33.229	-120.	130.57	610	0.10311
18	109	-23.556	-120.	106.6	619	0.12788
18	124	-22.151	-120.	106.97	619	0.12789
18	98	-24.934	-120.	108.56	619	0.12797
19	109	-23.556	-120.	106.6	619	0.12788
19	98	-24.934	-120.	108.56	619	0.12797
19	83	-25.781	-120.	108.08	619	0.12798
20	109	-23.556	-120.	106.6	619	0.12788
20	83	-25.781	-120.	108.08	619	0.12798
20	104	-24.368	-120.	105.63	619	0.12778
21	109	-23.556	-120.	106.6	619	0.12788
21	104	-24.368	-120.	105.63	619	0.12778
21	117	-22.763	-120.	104.8	619	0.12766
22	109	-23.556	-120.	106.6	619	0.12788
22	117	-22.763	-120.	104.8	619	0.12766
22	137	-21.34	-120.	105.57	619	0.12776
23	109	-23.556	-120.	106.6	619	0.12788
23	137	-21.34	-120.	105.57	619	0.12776
23	124	-22.151	-120.	106.97	619	0.12789
24	104	-24.368	-120.	105.63	619	0.12778
24	83	-25.781	-120.	108.08	619	0.12798
24	55	-27.388	-120.	107.17	619	0.12793
25	124	-22.151	-120.	106.97	619	0.12789
25	112	-23.336	-120.	109.46	619	0.12792
25	98	-24.934	-120.	108.56	619	0.12797
26	137	-21.34	-120.	105.57	619	0.12776
26	117	-22.763	-120.	104.8	619	0.12766
26	151	-19.781	-120.	103.3	619	0.12737
27	153	-19.369	-120.	98.573	622	0.12573
27	139	-21.019	-120.	97.611	622	0.12531
27	155	-18.865	-120.	95.735	622	0.12435
28	110	-23.545	-120.	96.143	622	0.12464
28	134	-21.451	-120.	94.077	622	0.12351
28	126	-21.878	-120.	97.108	622	0.12508
29	165	-18.085	-120.	91.387	622	0.12186
29	161	-18.611	-120.	94.262	622	0.12356
29	144	-20.419	-120.	93.178	622	0.12299
30	145	-20.374	-120.	95.329	622	0.12416
30	155	-18.865	-120.	95.735	622	0.12435
30	139	-21.019	-120.	97.611	622	0.12531
31	145	-20.374	-120.	95.329	622	0.12416
31	139	-21.019	-120.	97.611	622	0.12531
31	126	-21.878	-120.	97.108	622	0.12508
32	145	-20.374	-120.	95.329	622	0.12416
32	126	-21.878	-120.	97.108	622	0.12508
32	134	-21.451	-120.	94.077	622	0.12351
33	145	-20.374	-120.	95.329	622	0.12416
33	134	-21.451	-120.	94.077	622	0.12351
33	144	-20.419	-120.	93.178	622	0.12299
34	145	-20.374	-120.	95.329	622	0.12416
34	144	-20.419	-120.	93.178	622	0.12299
34	161	-18.611	-120.	94.262	622	0.12356
35	145	-20.374	-120.	95.329	622	0.12416
35	161	-18.611	-120.	94.262	622	0.12356
35	155	-18.865	-120.	95.735	622	0.12435
36	285	1.3031	-120.	89.681	635	0.12046
36	275	-0.15357	-120.	92.615	635	0.12183
36	300	4.2195	-120.	92.615	635	0.12116
37	80	-26.056	-120.	108.78	712	0.12798
37	97	-24.934	-120.	108.56	712	0.12797
37	82	-25.781	-120.	108.08	712	0.12798
38	43	-28.173	-120.	109.18	712	0.12797
38	23	-29.748	-120.	110.74	712	0.12787
38	7	-31.417	-120.	109.78	712	0.12788
39	43	-28.173	-120.	109.18	712	0.12797
39	7	-31.417	-120.	109.78	712	0.12788
39	55	-27.388	-120.	107.17	712	0.12793
40	43	-28.173	-120.	109.18	712	0.12797
40	55	-27.388	-120.	107.17	712	0.12793
40	82	-25.781	-120.	108.08	712	0.12798
41	43	-28.173	-120.	109.18	712	0.12797
41	82	-25.781	-120.	108.08	712	0.12798
41	80	-26.056	-120.	108.78	712	0.12798
42	43	-28.173	-120.	109.18	712	0.12797
42	80	-26.056	-120.	108.78	712	0.12798
42	36	-28.65	-120.	110.53	712	0.1279
43	43	-28.173	-120.	109.18	712	0.12797
43	36	-28.65	-120.	110.53	712	0.1279
43	23	-29.748	-120.	110.74	712	0.12787
44	32	-28.882	-120.	111.23	712	0.12784
44	36	-28.65	-120.	110.53	712	0.1279
44	23	-29.748	-120.	110.74	712	0.12787
45	68	-26.514	-120.	110.12	712	0.12794
45	61	-27.224	-120.	112.18	712	0.12773
45	112	-23.336	-120.	109.46	712	0.12792
46	68	-26.514	-120.	110.12	712	0.12794
46	112	-23.336	-120.	109.46	712	0.12792
46	97	-24.934	-120.	108.56	712	0.12797
47	68	-26.514	-120.	110.12	712	0.12794
47	97	-24.934	-120.	108.56	712	0.12797
47	80	-26.056	-120.	108.78	712	0.12798
48	68	-26.514	-120.	110.12	712	0.12794
48	80	-26.056	-120.	108.78	712	0.12798
48	36	-28.65	-120.	110.53	712	0.1279
49	68	-26.514	-120.	110.12	712	0.12794
49	36	-28.65	-120.	110.53	712	0.1279
49	32	-28.882	-120.	111.23	712	0.12784
50	68	-26.514	-120.	110.12	712	0.12794
50	32	-28.882	-120.	111.23	712	0.12784
50	61	-27.224	-120.	112.18	712	0.12773
51	241	-5.7764	-120.	90.758	716	0.12128
51	235	-6.5008	-120.	90.968	716	0.12141
51	237	-6.2516	-120.	91.919	716	0.12196
52	225	-8.3372	-120.	89.613	716	0.12064
52	223	-8.5933	-120.	88.683	716	0.1201
52	220	-9.0374	-120.	89.857	716	0.12079
53	227	-7.8565	-120.	91.427	716	0.12171
53	237	-6.2516	-120.	91.919	716	0.12196
53	231	-7.1082	-120.	94.093	716	0.12328
54	227	-7.8565	-120.	91.427	716	0.12171
54	231	-7.1082	-120.	94.093	716	0.12328
54	214	-9.904	-120.	92.112	716	0.12216
55	227	-7.8565	-120.	91.427	716	0.12171
55	214	-9.904	-120.	92.112	716	0.12216
55	220	-9.0374	-120.	89.857	716	0.12079
56	227	-7.8565	-120.	91.427	716	0.12171
56	220	-9.0374	-120.	89.857	716	0.12079
56	225	-8.3372	-120.	89.613	716	0.12064
57	227	-7.8565	-120.	91.427	716	0.12171
57	225	-8.3372	-120.	89.613	716	0.12064
57	235	-6.5008	-120.	90.968	716	0.12141
58	227	-7.8565	-120.	91.427	716	0.12171
58	235	-6.5008	-120.	90.968	716	0.12141
58	237	-6.2516	-120.	91.919	716	0.12196
59	232	-6.9679	-120.	89.165	716	0.12038
59	223	-8.5933	-120.	88.683	716	0.1201
59	228	-7.7041	-120.	86.405	716	0.11881
60	232	-6.9679	-120.	89.165	716	0.12038
60	228	-7.7041	-120.	86.405	716	0.11881
60	245	-4.8957	-120.	88.564	716	0.12004
61	232	-6.9679	-120.	89.165	716	0.12038
61	245	-4.8957	-120.	88.564	716	0.12004
61	241	-5.7764	-120.	90.758	716	0.12128
62	232	-6.9679	-120.	89.165	716	0.12038
62	241	-5.7764	-120.	90.758	716	0.12128
62	235	-6.5008	-120.	90.968	716	0.12141
63	232	-6.9679	-120.	89.165	716	0.12038
63	235	-6.5008	-120.	90.968	716	0.12141
63	225	-8.3372	-120.	89.613	716	0.12064
64	232	-6.9679	-120.	89.165	716	0.12038
64	225	-8.3372	-120.	89.613	716	0.12064
64	223	-8.5933	-120.	88.683	716	0.1201
65	177	-15.833	-120.	140.87	735	0.11323
65	169	-17.251	-120.	143.32	735	0.11222
65	197	-12.295	-120.	143.44	735	0.11183
66	1	-32.805	-120.	116.88	751	0.12651
66	0	-32.924	-120.	121.19	751	0.12482
66	16	-30.093	-120.	118.32	751	0.12609
67	226	-8.113	-120.	150.47	765	0.11065
67	218	-9.54	-120.	153.01	765	0.11072
67	243	-5.3928	-120.	154.18	765	0.11126
68	250	-4.0658	-120.	91.691	802	0.12173
68	263	-2.0045	-120.	91.016	802	0.12123
68	257	-2.8829	-120.	92.974	802	0.12232
69	250	-4.0658	-120.	91.691	802	0.12173
69	257	-2.8829	-120.	92.974	802	0.12232
69	247	-4.4686	-120.	93.311	802	0.12265
70	250	-4.0658	-120.	91.691	802	0.12173
70	247	-4.4686	-120.	93.311	802	0.12265
70	238	-6.2516	-120.	91.919	802	0.12196
71	250	-4.0658	-120.	91.691	802	0.12173
71	238	-6.2516	-120.	91.919	802	0.12196
71	242	-5.7764	-120.	90.758	802	0.12128
72	250	-4.0658	-120.	91.691	802	0.12173
72	242	-5.7764	-120.	90.758	802	0.12128
72	254	-3.011	-120.	90.17	802	0.12086
73	250	-4.0658	-120.	91.691	802	0.12173
73	254	-3.011	-120.	90.17	802	0.12086
73	263	-2.0045	-120.	91.016	802	0.12123
74	238	-6.2516	-120.	91.919	802	0.12196
74	247	-4.4686	-120.	93.311	802	0.12265
74	231	-7.1082	-120.	94.093	802	0.12328
75	263	-2.0045	-120.	91.016	802	0.12123
75	275	-0.15357	-120.	92.615	802	0.12183
75	257	-2.8829	-120.	92.974	802	0.12232
76	254	-3.011	-120.	90.17	802	0.12086
76	242	-5.7764	-120.	90.758	802	0.12128
76	245	-4.8957	-120.	88.564	802	0.12004
77	353	12.589	-120.	91.638	810	0.12008
77	343	11.174	-120.	94.093	810	0.12006
77	365	15.169	-120.	95.872	810	0.11911
78	427	22.928	-120.	139.99	840	0.10481
78	413	21.536	-120.	141.87	840	0.10556
78	420	21.895	-120.	138.97	840	0.10442
79	427	22.928	-120.	139.99	840	0.10481
79	420	21.895	-120.	138.97	840	0.10442
79	429	22.98	-120.	137.77	840	0.10406
80	427	22.928	-120.	139.99	840	0.10481
80	429	22.98	-120.	137.77	840	0.10406
80	437	24.441	-120.	138.64	840	0.10436
81	427	22.928	-120.	139.99	840	0.10481
81	437	24.441	-120.	138.64	840	0.10436
81	435	24.303	-120.	140.3	840	0.10493
82	427	22.928	-120.	139.99	840	0.10481
82	435	24.303	-120.	140.3	840	0.10493
82	424	22.411	-120.	142.4	840	0.1058
83	427	22.928	-120.	139.99	840	0.10481
83	424	22.411	-120.	142.4	840	0.1058
83	413	21.536	-120.	141.87	840	0.10556
84	437	24.441	-120.	138.64	840	0.10436
84	429	22.98	-120.	137.77	840	0.10406
84	439	24.656	-120.	135.59	840	0.10354
85	413	21.536	-120.	141.87	840	0.10556
85	399	19.899	-120.	140.87	840	0.10509
85	420	21.895	-120.	138.97	840	0.10442
86	424	22.411	-120.	142.4	840	0.1058
86	435	24.303	-120.	140.3	840	0.10493
86	434	24.064	-120.	143.4	840	0.10626
87	240	-5.7995	-120.	146.33	842	0.11041
87	256	-2.9777	-120.	149.89	842	0.1105
87	265	-1.522	-120.	147.24	842	0.10981
88	35	-28.656	-120.	129.72	857	0.1202
88	6	-31.929	-120.	128.36	857	0.12101
88	10	-30.643	-120.	132.48	857	0.11849
89	152	-19.63	-120.	147.46	858	0.11079
89	175	-16.089	-120.	149.92	858	0.11041
89	181	-14.63	-120.	147.4	858	0.11092
90	214	-9.904	-120.	92.112	861	0.12216
90	206	-11.103	-120.	95.872	861	0.12442
90	231	-7.1082	-120.	94.093	861	0.12328
91	56	-27.376	-120.	127.13	865	0.12175
91	63	-27.196	-120.	127.86	865	0.12131
91	70	-26.429	-120.	126.87	865	0.12188
92	31	-29.171	-120.	127.62	865	0.12147
92	6	-31.929	-120.	128.36	865	0.12101
92	35	-28.656	-120.	129.72	865	0.1202
93	31	-29.171	-120.	127.62	865	0.12147
93	35	-28.656	-120.	129.72	865	0.1202
93	63	-27.196	-120.	127.86	865	0.12131
94	31	-29.171	-120.	127.62	865	0.12147
94	63	-27.196	-120.	127.86	865	0.12131
94	56	-27.376	-120.	127.13	865	0.12175
95	31	-29.171	-120.	127.62	865	0.12147
95	56	-27.376	-120.	127.13	865	0.12175
95	28	-29.468	-120.	126.21	865	0.12229
96	31	-29.171	-120.	127.62	865	0.12147
96	28	-29.468	-120.	126.21	865	0.12229
96	15	-30.401	-120.	126.46	865	0.12215
97	31	-29.171	-120.	127.62	865	0.12147
97	15	-30.401	-120.	126.46	865	0.12215
97	6	-31.929	-120.	128.36	865	0.12101
98	52	-27.657	-120.	125.72	865	0.12255
98	44	-28.087	-120.	123.61	865	0.12371
98	96	-24.974	-120.	125.04	865	0.12288
99	52	-27.657	-120.	125.72	865	0.12255
99	96	-24.974	-120.	125.04	865	0.12288
99	70	-26.429	-120.	126.87	865	0.12188
100	52	-27.657	-120.	125.72	865	0.12255
100	70	-26.429	-120.	126.87	865	0.12188
100	56	-27.376	-120.	127.13	865	0.12175
101	52	-27.657	-120.	125.72	865	0.12255
101	56	-27.376	-120.	127.13	865	0.12175
101	28	-29.468	-120.	126.21	865	0.12229
102	52	-27.657	-120.	125.72	865	0.12255
102	28	-29.468	-120.	126.21	865	0.12229
102	25	-29.607	-120.	125.48	865	0.1227
103	52	-27.657	-120.	125.72	865	0.12255
103	25	-29.607	-120.	125.48	865	0.1227
103	44	-28.087	-120.	123.61	865	0.12371
104	28	-29.468	-120.	126.21	865	0.12229
104	25	-29.607	-120.	125.48	865	0.1227
104	15	-30.401	-120.	126.46	865	0.12215
105	44	-28.087	-120.	123.61	867	0.12371
105	24	-29.607	-120.	125.48	867	0.1227
105	19	-29.999	-120.	122.65	867	0.1242
106	6	-31.929	-120.	128.36	867	0.12101
106	3	-32.513	-120.	125.48	867	0.12267
106	14	-30.401	-120.	126.46	867	0.12215
107	0	-32.924	-120.	121.19	867	0.12482
107	9	-30.996	-120.	122.16	867	0.12443
107	2	-32.701	-120.	124.13	867	0.12339
108	8	-31.036	-120.	124.39	867	0.12328
108	19	-29.999	-120.	122.65	867	0.1242
108	24	-29.607	-120.	125.48	867	0.1227
109	8	-31.036	-120.	124.39	867	0.12328
109	24	-29.607	-120.	125.48	867	0.1227
109	14	-30.401	-120.	126.46	867	0.12215
110	8	-31.036	-120.	124.39	867	0.12328
110	14	-30.401	-120.	126.46	867	0.12215
110	3	-32.513	-120.	125.48	867	0.12267
111	8	-31.036	-120.	124.39	867	0.12328
111	3	-32.513	-120.	125.48	867	0.12267
111	2	-32.701	-120.	124.13	867	0.12339
112	8	-31.036	-120.	124.39	867	0.12328
112	2	-32.701	-120.	124.13	867	0.12339
112	9	-30.996	-120.	122.16	867	0.12443
113	8	-31.036	-120.	124.39	867	0.12328
113	9	-30.996	-120.	122.16	867	0.12443
113	19	-29.999	-120.	122.65	867	0.1242
114	204	-11.69	-120.	149.52	879	0.11063
114	208	-10.796	-120.	149.39	879	0.11065
114	199	-12.084	-120.	148.78	879	0.1107
115	207	-10.848	-120.	150.93	879	0.11058
115	218	-9.54	-120.	153.01	879	0.11072
115	226	-8.113	-120.	150.47	879	0.11065
116	207	-10.848	-120.	150.93	879	0.11058
116	226	-8.113	-120.	150.47	879	0.11065
116	208	-10.796	-120.	149.39	879	0.11065
117	207	-10.848	-120.	150.93	879	0.11058
117	208	-10.796	-120.	149.39	879	0.11065
117	204	-11.69	-120.	149.52	879	0.11063
118	207	-10.848	-120.	150.93	879	0.11058
118	204	-11.69	-120.	149.52	879	0.11063
118	194	-12.675	-120.	151.25	879	0.11048
119	207	-10.848	-120.	150.93	879	0.11058
119	194	-12.675	-120.	151.25	879	0.11048
119	198	-12.273	-120.	151.92	879	0.11048
120	207	-10.848	-120.	150.93	879	0.11058
120	198	-12.273	-120.	151.92	879	0.11048
120	218	-9.54	-120.	153.01	879	0.11072
121	190	-13.446	-120.	149.7	879	0.11058
121	175	-16.089	-120.	149.92	879	0.11041
121	181	-14.63	-120.	147.4	879	0.11092
122	190	-13.446	-120.	149.7	879	0.11058
122	181	-14.63	-120.	147.4	879	0.11092
122	199	-12.084	-120.	148.78	879	0.1107
123	190	-13.446	-120.	149.7	879	0.11058
123	199	-12.084	-120.	148.78	879	0.1107
123	204	-11.69	-120.	149.52	879	0.11063
124	190	-13.446	-120.	149.7	879	0.11058
124	204	-11.69	-120.	149.52	879	0.11063
124	194	-12.675	-120.	151.25	879	0.11048
125	190	-13.446	-120.	149.7	879	0.11058
125	194	-12.675	-120.	151.25	879	0.11048
125	188	-13.511	-120.	151.33	879	0.11042
126	190	-13.446	-120.	149.7	879	0.11058
126	188	-13.511	-120.	151.33	879	0.11042
126	175	-16.089	-120.	149.92	879	0.11041
127	194	-12.675	-120.	151.25	879	0.11048
127	188	-13.511	-120.	151.33	879	0.11042
127	198	-12.273	-120.	151.92	879	0.11048
128	463	27.448	-120.	103.66	890	0.1144
128	451	26.451	-120.	103.94	890	0.11425
128	464	27.85	-120.	104.3	890	0.114
129	453	26.629	-120.	102.49	890	0.11513
129	444	25.409	-120.	100.72	890	0.11619
129	432	23.847	-120.	103.3	890	0.1147
130	453	26.629	-120.	102.49	890	0.11513
130	432	23.847	-120.	103.3	890	0.1147
130	451	26.451	-120.	103.94	890	0.11425
131	453	26.629	-120.	102.49	890	0.11513
131	451	26.451	-120.	103.94	890	0.11425
131	463	27.448	-120.	103.66	890	0.1144
132	453	26.629	-120.	102.49	890	0.11513
132	463	27.448	-120.	103.66	890	0.1144
132	471	28.524	-120.	101.95	890	0.11541
133	453	26.629	-120.	102.49	890	0.11513
133	471	28.524	-120.	101.95	890	0.11541
133	467	28.095	-120.	101.35	890	0.11577
134	453	26.629	-120.	102.49	890	0.11513
134	467	28.095	-120.	101.35	890	0.11577
134	444	25.409	-120.	100.72	890	0.11619
135	483	29.334	-120.	103.14	890	0.11469
135	536	32.209	-120.	102.31	890	0.11515
135	499	30.485	-120.	104.97	890	0.11355
136	483	29.334	-120.	103.14	890	0.11469
136	499	30.485	-120.	104.97	890	0.11355
136	464	27.85	-120.	104.3	890	0.114
137	483	29.334	-120.	103.14	890	0.11469
137	464	27.85	-120.	104.3	890	0.114
137	463	27.448	-120.	103.66	890	0.1144
138	483	29.334	-120.	103.14	890	0.11469
138	463	27.448	-120.	103.66	890	0.1144
138	471	28.524	-120.	101.95	890	0.11541
139	483	29.334	-120.	103.14	890	0.11469
139	471	28.524	-120.	101.95	890	0.11541
139	490	29.49	-120.	101.66	890	0.11557
140	483	29.334	-120.	103.14	890	0.11469
140	490	29.49	-120.	101.66	890	0.11557
140	536	32.209	-120.	102.31	890	0.11515
141	471	28.524	-120.	101.95	890	0.11541
141	490	29.49	-120.	101.66	890	0.11557
141	467	28.095	-120.	101.35	890	0.11577
142	50	-27.848	-120.	115.7	894	0.12696
142	45	-27.948	-120.	116.45	894	0.12674
142	65	-26.814	-120.	115.45	894	0.12701
143	53	-27.595	-120.	114.29	894	0.12732
143	29	-29.43	-120.	114.03	894	0.12737
143	61	-27.224	-120.	112.18	894	0.12773
144	53	-27.595	-120.	114.29	894	0.12732
144	61	-27.224	-120.	112.18	894	0.12773
144	100	-24.688	-120.	113.62	894	0.12739
145	53	-27.595	-120.	114.29	894	0.12732
145	100	-24.688	-120.	113.62	894	0.12739
145	65	-26.814	-120.	115.45	894	0.12701
146	53	-27.595	-120.	114.29	894	0.12732
146	65	-26.814	-120.	115.45	894	0.12701
146	50	-27.848	-120.	115.7	894	0.12696
147	53	-27.595	-120.	114.29	894	0.12732
147	50	-27.848	-120.	115.7	894	0.12696
147	26	-29.567	-120.	114.76	894	0.1272
148	53	-27.595	-120.	114.29	894	0.12732
148	26	-29.567	-120.	114.76	894	0.1272
148	29	-29.43	-120.	114.03	894	0.12737
149	12	-30.578	-120.	114.99	894	0.12713
149	26	-29.567	-120.	114.76	894	0.1272
149	29	-29.43	-120.	114.03	894	0.12737
150	21	-29.807	-120.	116.19	894	0.12681
150	1	-32.805	-120.	116.88	894	0.12651
150	16	-30.093	-120.	118.32	894	0.12609
151	21	-29.807	-120.	116.19	894	0.12681
151	16	-30.093	-120.	118.32	894	0.12609
151	45	-27.948	-120.	116.45	894	0.12674
152	21	-29.807	-120.	116.19	894	0.12681
152	45	-27.948	-120.	116.45	894	0.12674
152	50	-27.848	-120.	115.7	894	0.12696
153	21	-29.807	-120.	116.19	894	0.12681
153	50	-27.848	-120.	115.7	894	0.12696
153	26	-29.567	-120.	114.76	894	0.1272
154	21	-29.807	-120.	116.19	894	0.12681
154	26	-29.567	-120.	114.76	894	0.1272
154	12	-30.578	-120.	114.99	894	0.12713
155	21	-29.807	-120.	116.19	894	0.12681
155	12	-30.578	-120.	114.99	894	0.12713
155	1	-32.805	-120.	116.88	894	0.12651
156	40	-28.243	-120.	120.02	900	0.12542
156	59	-27.268	-120.	119.76	900	0.12551
156	38	-28.244	-120.	119.26	900	0.12573
157	42	-28.178	-120.	121.44	900	0.12478
157	44	-28.087	-120.	123.61	900	0.12371
157	88	-25.431	-120.	120.69	900	0.12505
158	42	-28.178	-120.	121.44	900	0.12478
158	88	-25.431	-120.	120.69	900	0.12505
158	59	-27.268	-120.	119.76	900	0.12551
159	42	-28.178	-120.	121.44	900	0.12478
159	59	-27.268	-120.	119.76	900	0.12551
159	40	-28.243	-120.	120.02	900	0.12542
160	42	-28.178	-120.	121.44	900	0.12478
160	40	-28.243	-120.	120.02	900	0.12542
160	18	-30.04	-120.	121.91	900	0.12456
161	42	-28.178	-120.	121.44	900	0.12478
161	18	-30.04	-120.	121.91	900	0.12456
161	19	-29.999	-120.	122.65	900	0.1242
162	42	-28.178	-120.	121.44	900	0.12478
162	19	-29.999	-120.	122.65	900	0.1242
162	44	-28.087	-120.	123.61	900	0.12371
163	17	-30.09	-120.	120.48	900	0.12522
163	0	-32.924	-120.	121.19	900	0.12482
163	16	-30.093	-120.	118.32	900	0.12609
164	17	-30.09	-120.	120.48	900	0.12522
164	16	-30.093	-120.	118.32	900	0.12609
164	38	-28.244	-120.	119.26	900	0.12573
165	17	-30.09	-120.	120.48	900	0.12522
165	38	-28.244	-120.	119.26	900	0.12573
165	40	-28.243	-120.	120.02	900	0.12542
166	17	-30.09	-120.	120.48	900	0.12522
166	40	-28.243	-120.	120.02	900	0.12542
166	18	-30.04	-120.	121.91	900	0.12456
167	17	-30.09	-120.	120.48	900	0.12522
167	18	-30.04	-120.	121.91	900	0.12456
167	9	-30.996	-120.	122.16	900	0.12443
168	17	-30.09	-120.	120.48	900	0.12522
168	9	-30.996	-120.	122.16	900	0.12443
168	0	-32.924	-120.	121.19	900	0.12482
169	18	-30.04	-120.	121.91	900	0.12456
169	9	-30.996	-120.	122.16	900	0.12443
169	19	-29.999	-120.	122.65	900	0.1242
170	101	-24.589	-120.	134.53	905	0.11715
170	143	-20.59	-120.	135.59	905	0.11643
170	115	-22.777	-120.	131.8	905	0.11884
171	236	-6.4699	-120.	149.04	910	0.11056
171	234	-6.7075	-120.	147.97	910	0.11054
171	230	-7.1945	-120.	148.83	910	0.11059
172	239	-6.0411	-120.	151.07	910	0.11072
172	249	-4.4252	-120.	152.47	910	0.11099
172	243	-5.3928	-120.	154.18	910	0.11126
173	239	-6.0411	-120.	151.07	910	0.11072
173	243	-5.3928	-120.	154.18	910	0.11126
173	226	-8.113	-120.	150.47	910	0.11065
174	239	-6.0411	-120.	151.07	910	0.11072
174	226	-8.113	-120.	150.47	910	0.11065
174	230	-7.1945	-120.	148.83	910	0.11059
175	239	-6.0411	-120.	151.07	910	0.11072
175	230	-7.1945	-120.	148.83	910	0.11059
175	236	-6.4699	-120.	149.04	910	0.11056
176	239	-6.0411	-120.	151.07	910	0.11072
176	236	-6.4699	-120.	149.04	910	0.11056
176	246	-4.6513	-120.	151.42	910	0.11079
177	239	-6.0411	-120.	151.07	910	0.11072
177	246	-4.6513	-120.	151.42	910	0.11079
177	249	-4.4252	-120.	152.47	910	0.11099
178	251	-3.9312	-120.	151.58	910	0.11084
178	246	-4.6513	-120.	151.42	910	0.11079
178	249	-4.4252	-120.	152.47	910	0.11099
179	244	-5.0895	-120.	149.37	910	0.11052
179	256	-2.9777	-120.	149.89	910	0.1105
179	240	-5.7995	-120.	146.33	910	0.11041
180	244	-5.0895	-120.	149.37	910	0.11052
180	240	-5.7995	-120.	146.33	910	0.11041
180	234	-6.7075	-120.	147.97	910	0.11054
181	244	-5.0895	-120.	149.37	910	0.11052
181	234	-6.7075	-120.	147.97	910	0.11054
181	236	-6.4699	-120.	149.04	910	0.11056
182	244	-5.0895	-120.	149.37	910	0.11052
182	236	-6.4699	-120.	149.04	910	0.11056
182	246	-4.6513	-120.	151.42	910	0.11079
183	244	-5.0895	-120.	149.37	910	0.11052
183	246	-4.6513	-120.	151.42	910	0.11079
183	251	-3.9312	-120.	151.58	910	0.11084
184	244	-5.0895	-120.	149.37	910	0.11052
184	251	-3.9312	-120.	151.58	910	0.11084
184	256	-2.9777	-120.	149.89	910	0.1105
185	304	4.9242	-120.	150.14	912	0.11019
185	302	4.6741	-120.	149.18	912	0.10978
185	299	4.1731	-120.	150.21	912	0.11025
186	312	6.3385	-120.	149.94	912	0.11006
186	323	8.4836	-120.	149.65	912	0.10985
186	308	5.588	-120.	147.24	912	0.10882
187	312	6.3385	-120.	149.94	912	0.11006
187	308	5.588	-120.	147.24	912	0.10882
187	302	4.6741	-120.	149.18	912	0.10978
188	312	6.3385	-120.	149.94	912	0.11006
188	302	4.6741	-120.	149.18	912	0.10978
188	304	4.9242	-120.	150.14	912	0.11019
189	312	6.3385	-120.	149.94	912	0.11006
189	304	4.9242	-120.	150.14	912	0.11019
189	314	6.814	-120.	151.77	912	0.11093
190	312	6.3385	-120.	149.94	912	0.11006
190	314	6.814	-120.	151.77	912	0.11093
190	320	7.5469	-120.	151.66	912	0.11088
191	312	6.3385	-120.	149.94	912	0.11006
191	320	7.5469	-120.	151.66	912	0.11088
191	323	8.4836	-120.	149.65	912	0.10985
192	307	5.3872	-120.	151.95	912	0.111
192	311	6.1077	-120.	154.74	912	0.11229
192	296	3.2389	-120.	152.16	912	0.11107
193	307	5.3872	-120.	151.95	912	0.111
193	296	3.2389	-120.	152.16	912	0.11107
193	299	4.1731	-120.	150.21	912	0.11025
194	307	5.3872	-120.	151.95	912	0.111
194	299	4.1731	-120.	150.21	912	0.11025
194	304	4.9242	-120.	150.14	912	0.11019
195	307	5.3872	-120.	151.95	912	0.111
195	304	4.9242	-120.	150.14	912	0.11019
195	314	6.814	-120.	151.77	912	0.11093
196	307	5.3872	-120.	151.95	912	0.111
196	314	6.814	-120.	151.77	912	0.11093
196	316	7.065	-120.	152.71	912	0.11139
197	307	5.3872	-120.	151.95	912	0.111
197	316	7.065	-120.	152.71	912	0.11139
197	311	6.1077	-120.	154.74	912	0.11229
198	314	6.814	-120.	151.77	912	0.11093
198	316	7.065	-120.	152.71	912	0.11139
198	320	7.5469	-120.	151.66	912	0.11088
199	387	18.289	-120.	147.65	935	0.10858
199	393	19.016	-120.	145.11	935	0.10716
199	405	20.723	-120.	146.15	935	0.10772
200	396	19.872	-120.	148.18	935	0.10886
200	387	18.289	-120.	147.65	935	0.10858
200	405	20.723	-120.	146.15	935	0.10772
201	396	19.872	-120.	148.18	935	0.10886
201	405	20.723	-120.	146.15	935	0.10772
201	415	21.609	-120.	146.7	935	0.108
202	396	19.872	-120.	148.18	935	0.10886
202	415	21.609	-120.	146.7	935	0.108
202	408	20.929	-120.	149.43	935	0.10955
203	396	19.872	-120.	148.18	935	0.10886
203	408	20.929	-120.	149.43	935	0.10955
203	394	19.764	-120.	150.15	935	0.10998
204	396	19.872	-120.	148.18	935	0.10886
204	394	19.764	-120.	150.15	935	0.10998
204	385	17.918	-120.	148.97	935	0.10933
205	396	19.872	-120.	148.18	935	0.10886
205	385	17.918	-120.	148.97	935	0.10933
205	387	18.289	-120.	147.65	935	0.10858
206	408	20.929	-120.	149.43	935	0.10955
206	415	21.609	-120.	146.7	935	0.108
206	430	23.336	-120.	147.74	935	0.10854
207	394	19.764	-120.	150.15	935	0.10998
207	380	17.167	-120.	151.53	935	0.11082
207	385	17.918	-120.	148.97	935	0.10933
208	291	2.4319	-120.	148.95	938	0.10985
208	299	4.1731	-120.	150.21	938	0.11025
208	287	1.3459	-120.	150.21	938	0.11039
209	291	2.4319	-120.	148.95	938	0.10985
209	287	1.3459	-120.	150.21	938	0.11039
209	279	0.33219	-120.	149.18	938	0.11012
210	291	2.4319	-120.	148.95	938	0.10985
210	279	0.33219	-120.	149.18	938	0.11012
210	284	1.2224	-120.	147.46	938	0.10946
211	291	2.4319	-120.	148.95	938	0.10985
211	284	1.2224	-120.	147.46	938	0.10946
211	294	2.8435	-120.	147.46	938	0.10923
212	291	2.4319	-120.	148.95	938	0.10985
212	294	2.8435	-120.	147.46	938	0.10923
212	302	4.6741	-120.	149.18	938	0.10978
213	291	2.4319	-120.	148.95	938	0.10985
213	302	4.6741	-120.	149.18	938	0.10978
213	299	4.1731	-120.	150.21	938	0.11025
214	284	1.2224	-120.	147.46	938	0.10946
214	279	0.33219	-120.	149.18	938	0.11012
214	265	-1.522	-120.	147.24	938	0.10981
215	299	4.1731	-120.	150.21	938	0.11025
215	296	3.2389	-120.	152.16	938	0.11107
215	287	1.3459	-120.	150.21	938	0.11039
216	302	4.6741	-120.	149.18	938	0.10978
216	294	2.8435	-120.	147.46	938	0.10923
216	308	5.588	-120.	147.24	938	0.10882
217	335	10.335	-120.	151.03	942	0.11056
217	319	7.5469	-120.	151.66	942	0.11088
217	323	8.4836	-120.	149.65	942	0.10985
218	326	9.0131	-120.	154.27	942	0.1122
218	311	6.1077	-120.	154.74	942	0.11229
218	317	7.065	-120.	152.71	942	0.11139
219	328	9.2669	-120.	152.57	942	0.11136
219	326	9.0131	-120.	154.27	942	0.1122
219	317	7.065	-120.	152.71	942	0.11139
220	328	9.2669	-120.	152.57	942	0.11136
220	317	7.065	-120.	152.71	942	0.11139
220	319	7.5469	-120.	151.66	942	0.11088
221	328	9.2669	-120.	152.57	942	0.11136
221	319	7.5469	-120.	151.66	942	0.11088
221	335	10.335	-120.	151.03	942	0.11056
222	328	9.2669	-120.	152.57	942	0.11136
222	335	10.335	-120.	151.03	942	0.11056
222	344	11.293	-120.	151.76	942	0.11095
223	328	9.2669	-120.	152.57	942	0.11136
223	344	11.293	-120.	151.76	942	0.11095
223	336	10.348	-120.	153.98	942	0.11209
224	328	9.2669	-120.	152.57	942	0.11136
224	336	10.348	-120.	153.98	942	0.11209
224	326	9.0131	-120.	154.27	942	0.1122
225	356	13.174	-120.	153.16	942	0.11173
225	336	10.348	-120.	153.98	942	0.11209
225	344	11.293	-120.	151.76	942	0.11095
226	219	-9.0374	-120.	89.857	965	0.12079
226	214	-9.904	-120.	92.112	965	0.12216
226	205	-11.685	-120.	90.932	965	0.12146
227	210	-10.696	-120.	89.164	965	0.12038
227	219	-9.0374	-120.	89.857	965	0.12079
227	205	-11.685	-120.	90.932	965	0.12146
228	210	-10.696	-120.	89.164	965	0.12038
228	205	-11.685	-120.	90.932	965	0.12146
228	195	-12.608	-120.	90.314	965	0.1211
229	210	-10.696	-120.	89.164	965	0.12038
229	195	-12.608	-120.	90.314	965	0.1211
229	202	-11.761	-120.	87.856	965	0.11961
230	210	-10.696	-120.	89.164	965	0.12038
230	202	-11.761	-120.	87.856	965	0.11961
230	213	-10.493	-120.	87.342	965	0.11931
231	210	-10.696	-120.	89.164	965	0.12038
231	213	-10.493	-120.	87.342	965	0.11931
231	222	-8.5933	-120.	88.683	965	0.1201
232	210	-10.696	-120.	89.164	965	0.12038
232	222	-8.5933	-120.	88.683	965	0.1201
232	219	-9.0374	-120.	89.857	965	0.12079
233	202	-11.761	-120.	87.856	965	0.11961
233	195	-12.608	-120.	90.314	965	0.1211
233	183	-14.413	-120.	89.13	965	0.1204
234	213	-10.493	-120.	87.342	965	0.11931
234	228	-7.7041	-120.	86.405	965	0.11881
234	222	-8.5933	-120.	88.683	965	0.1201
235	193	-12.821	-120.	94.742	966	0.12377
235	192	-13.091	-120.	93.772	966	0.1232
235	185	-13.745	-120.	94.149	966	0.12343
236	196	-12.345	-120.	91.267	966	0.12168
236	205	-11.685	-120.	90.932	966	0.12146
236	195	-12.608	-120.	90.314	966	0.1211
237	187	-13.615	-120.	91.942	966	0.1221
237	185	-13.745	-120.	94.149	966	0.12343
237	178	-15.485	-120.	93.018	966	0.12278
238	187	-13.615	-120.	91.942	966	0.1221
238	178	-15.485	-120.	93.018	966	0.12278
238	183	-14.413	-120.	89.13	966	0.1204
239	187	-13.615	-120.	91.942	966	0.1221
239	183	-14.413	-120.	89.13	966	0.1204
239	195	-12.608	-120.	90.314	966	0.1211
240	187	-13.615	-120.	91.942	966	0.1221
240	195	-12.608	-120.	90.314	966	0.1211
240	196	-12.345	-120.	91.267	966	0.12168
241	187	-13.615	-120.	91.942	966	0.1221
241	196	-12.345	-120.	91.267	966	0.12168
241	192	-13.091	-120.	93.772	966	0.1232
242	187	-13.615	-120.	91.942	966	0.1221
242	192	-13.091	-120.	93.772	966	0.1232
242	185	-13.745	-120.	94.149	966	0.12343
243	201	-11.825	-120.	93.116	966	0.12279
243	205	-11.685	-120.	90.932	966	0.12146
243	214	-9.904	-120.	92.112	966	0.12216
244	201	-11.825	-120.	93.116	966	0.12279
244	214	-9.904	-120.	92.112	966	0.12216
244	206	-11.103	-120.	95.872	966	0.12442
245	201	-11.825	-120.	93.116	966	0.12279
245	206	-11.103	-120.	95.872	966	0.12442
245	193	-12.821	-120.	94.742	966	0.12377
246	201	-11.825	-120.	93.116	966	0.12279
246	193	-12.821	-120.	94.742	966	0.12377
246	192	-13.091	-120.	93.772	966	0.1232
247	201	-11.825	-120.	93.116	966	0.12279
247	192	-13.091	-120.	93.772	966	0.1232
247	196	-12.345	-120.	91.267	966	0.12168
248	201	-11.825	-120.	93.116	966	0.12279
248	196	-12.345	-120.	91.267	966	0.12168
248	205	-11.685	-120.	90.932	966	0.12146
249	281	0.59341	-120.	150.18	972	0.11041
249	286	1.3459	-120.	150.21	972	0.11039
249	278	0.33219	-120.	149.18	972	0.11012
250	283	1.0853	-120.	152.07	972	0.11102
250	288	1.8045	-120.	154.98	972	0.11209
250	296	3.2389	-120.	152.16	972	0.11107
251	283	1.0853	-120.	152.07	972	0.11102
251	296	3.2389	-120.	152.16	972	0.11107
251	286	1.3459	-120.	150.21	972	0.11039
252	283	1.0853	-120.	152.07	972	0.11102
252	286	1.3459	-120.	150.21	972	0.11039
252	281	0.59341	-120.	150.18	972	0.11041
253	283	1.0853	-120.	152.07	972	0.11102
253	281	0.59341	-120.	150.18	972	0.11041
253	274	-0.353	-120.	151.97	972	0.11097
254	283	1.0853	-120.	152.07	972	0.11102
254	274	-0.353	-120.	151.97	972	0.11097
254	277	-0.11815	-120.	152.95	972	0.11127
255	283	1.0853	-120.	152.07	972	0.11102
255	277	-0.11815	-120.	152.95	972	0.11127
255	288	1.8045	-120.	154.98	972	0.11209
256	271	-0.83641	-120.	150.06	972	0.11045
256	256	-2.9777	-120.	149.89	972	0.1105
256	265	-1.522	-120.	147.24	972	0.10981
257	271	-0.83641	-120.	150.06	972	0.11045
257	265	-1.522	-120.	147.24	972	0.10981
257	278	0.33219	-120.	149.18	972	0.11012
258	271	-0.83641	-120.	150.06	972	0.11045
258	278	0.33219	-120.	149.18	972	0.11012
258	281	0.59341	-120.	150.18	972	0.11041
259	271	-0.83641	-120.	150.06	972	0.11045
259	281	0.59341	-120.	150.18	972	0.11041
259	274	-0.353	-120.	151.97	972	0.11097
260	271	-0.83641	-120.	150.06	972	0.11045
260	274	-0.353	-120.	151.97	972	0.11097
260	269	-1.0913	-120.	151.9	972	0.11095
261	271	-0.83641	-120.	150.06	972	0.11045
261	269	-1.0913	-120.	151.9	972	0.11095
261	256	-2.9777	-120.	149.89	972	0.1105
262	274	-0.353	-120.	151.97	972	0.11097
262	269	-1.0913	-120.	151.9	972	0.11095
262	277	-0.11815	-120.	152.95	972	0.11127
263	57	-27.373	-120.	138.94	975	0.11456
263	99	-24.821	-120.	142.41	975	0.11271
263	113	-23.261	-120.	139.86	975	0.114
264	318	7.3448	-120.	91.56	976	0.1205
264	329	9.39	-120.	91.764	976	0.1203
264	324	8.5345	-120.	93.311	976	0.12052
265	318	7.3448	-120.	91.56	976	0.1205
265	324	8.5345	-120.	93.311	976	0.12052
265	315	6.9488	-120.	92.974	976	0.12077
266	318	7.3448	-120.	91.56	976	0.1205
266	315	6.9488	-120.	92.974	976	0.12077
266	306	5.1429	-120.	90.861	976	0.1206
267	318	7.3448	-120.	91.56	976	0.1205
267	306	5.1429	-120.	90.861	976	0.1206
267	310	5.6436	-120.	89.931	976	0.12033
268	318	7.3448	-120.	91.56	976	0.1205
268	310	5.6436	-120.	89.931	976	0.12033
268	322	8.4091	-120.	90.519	976	0.12027
269	318	7.3448	-120.	91.56	976	0.1205
269	322	8.4091	-120.	90.519	976	0.12027
269	329	9.39	-120.	91.764	976	0.1203
270	306	5.1429	-120.	90.861	976	0.1206
270	315	6.9488	-120.	92.974	976	0.12077
270	300	4.2195	-120.	92.615	976	0.12116
271	329	9.39	-120.	91.764	976	0.1203
271	343	11.174	-120.	94.093	976	0.12006
271	324	8.5345	-120.	93.311	976	0.12052
272	322	8.4091	-120.	90.519	976	0.12027
272	310	5.6436	-120.	89.931	976	0.12033
272	313	6.5826	-120.	88.167	976	0.1199
273	260	-2.2653	-120.	90.059	979	0.12077
273	255	-3.011	-120.	90.17	979	0.12086
273	262	-2.0045	-120.	91.016	979	0.12123
274	270	-0.84033	-120.	89.911	979	0.12064
274	272	-0.59171	-120.	88.013	979	0.11978
274	285	1.3031	-120.	89.681	979	0.12046
275	270	-0.84033	-120.	89.911	979	0.12064
275	285	1.3031	-120.	89.681	979	0.12046
275	275	-0.15357	-120.	92.615	979	0.12183
276	270	-0.84033	-120.	89.911	979	0.12064
276	275	-0.15357	-120.	92.615	979	0.12183
276	262	-2.0045	-120.	91.016	979	0.12123
277	270	-0.84033	-120.	89.911	979	0.12064
277	262	-2.0045	-120.	91.016	979	0.12123
277	260	-2.2653	-120.	90.059	979	0.12077
278	270	-0.84033	-120.	89.911	979	0.12064
278	260	-2.2653	-120.	90.059	979	0.12077
278	266	-1.3299	-120.	88.083	979	0.11981
279	270	-0.84033	-120.	89.911	979	0.12064
279	266	-1.3299	-120.	88.083	979	0.11981
279	272	-0.59171	-120.	88.013	979	0.11978
280	264	-1.5709	-120.	87.142	979	0.11938
280	266	-1.3299	-120.	88.083	979	0.11981
280	272	-0.59171	-120.	88.013	979	0.11978
281	258	-2.7619	-120.	88.247	979	0.11988
281	253	-3.4987	-120.	85.463	979	0.11848
281	245	-4.8957	-120.	88.564	979	0.12004
282	258	-2.7619	-120.	88.247	979	0.11988
282	245	-4.8957	-120.	88.564	979	0.12004
282	255	-3.011	-120.	90.17	979	0.12086
283	258	-2.7619	-120.	88.247	979	0.11988
283	255	-3.011	-120.	90.17	979	0.12086
283	260	-2.2653	-120.	90.059	979	0.12077
284	258	-2.7619	-120.	88.247	979	0.11988
284	260	-2.2653	-120.	90.059	979	0.12077
284	266	-1.3299	-120.	88.083	979	0.11981
285	258	-2.7619	-120.	88.247	979	0.11988
285	266	-1.3299	-120.	88.083	979	0.11981
285	264	-1.5709	-120.	87.142	979	0.11938
286	258	-2.7619	-120.	88.247	979	0.11988
286	264	-1.5709	-120.	87.142	979	0.11938
286	253	-3.4987	-120.	85.463	979	0.11848
287	309	5.6436	-120.	89.931	984	0.12033
287	303	4.8924	-120.	89.862	984	0.12035
287	305	5.1429	-120.	90.861	984	0.1206
288	295	3.0008	-120.	87.884	984	0.11977
288	293	2.7559	-120.	86.903	984	0.11941
288	289	2.2612	-120.	87.855	984	0.11975
289	297	3.47	-120.	89.793	984	0.1204
289	305	5.1429	-120.	90.861	984	0.1206
289	300	4.2195	-120.	92.615	984	0.12116
290	297	3.47	-120.	89.793	984	0.1204
290	300	4.2195	-120.	92.615	984	0.12116
290	285	1.3031	-120.	89.681	984	0.12046
291	297	3.47	-120.	89.793	984	0.1204
291	285	1.3031	-120.	89.681	984	0.12046
291	289	2.2612	-120.	87.855	984	0.11975
292	297	3.47	-120.	89.793	984	0.1204
292	289	2.2612	-120.	87.855	984	0.11975
292	295	3.0008	-120.	87.884	984	0.11977
293	297	3.47	-120.	89.793	984	0.1204
293	295	3.0008	-120.	87.884	984	0.11977
293	303	4.8924	-120.	89.862	984	0.12035
294	297	3.47	-120.	89.793	984	0.1204
294	303	4.8924	-120.	89.862	984	0.12035
294	305	5.1429	-120.	90.861	984	0.1206
295	301	4.4345	-120.	87.969	984	0.11982
295	293	2.7559	-120.	86.903	984	0.11941
295	298	3.7317	-120.	85.064	984	0.11884
296	301	4.4345	-120.	87.969	984	0.11982
296	298	3.7317	-120.	85.064	984	0.11884
296	313	6.5826	-120.	88.167	984	0.1199
297	301	4.4345	-120.	87.969	984	0.11982
297	313	6.5826	-120.	88.167	984	0.1199
297	309	5.6436	-120.	89.931	984	0.12033
298	301	4.4345	-120.	87.969	984	0.11982
298	309	5.6436	-120.	89.931	984	0.12033
298	303	4.8924	-120.	89.862	984	0.12035
299	301	4.4345	-120.	87.969	984	0.11982
299	303	4.8924	-120.	89.862	984	0.12035
299	295	3.0008	-120.	87.884	984	0.11977
300	301	4.4345	-120.	87.969	984	0.11982
300	295	3.0008	-120.	87.884	984	0.11977
300	293	2.7559	-120.	86.903	984	0.11941
301	182	-14.524	-120.	96.261	995	0.12462
301	176	-16.032	-120.	95.811	995	0.12436
301	185	-13.745	-120.	94.149	995	0.12343
302	182	-14.524	-120.	96.261	995	0.12462
302	185	-13.745	-120.	94.149	995	0.12343
302	193	-12.821	-120.	94.742	995	0.12377
303	182	-14.524	-120.	96.261	995	0.12462
303	193	-12.821	-120.	94.742	995	0.12377
303	189	-13.45	-120.	97.31	995	0.12519
304	182	-14.524	-120.	96.261	995	0.12462
304	189	-13.45	-120.	97.31	995	0.12519
304	180	-14.762	-120.	98.263	995	0.12564
305	182	-14.524	-120.	96.261	995	0.12462
305	180	-14.762	-120.	98.263	995	0.12564
305	174	-16.334	-120.	97.294	995	0.12513
306	182	-14.524	-120.	96.261	995	0.12462
306	174	-16.334	-120.	97.294	995	0.12513
306	176	-16.032	-120.	95.811	995	0.12436
307	189	-13.45	-120.	97.31	995	0.12519
307	193	-12.821	-120.	94.742	995	0.12377
307	206	-11.103	-120.	95.872	995	0.12442
308	176	-16.032	-120.	95.811	995	0.12436
308	178	-15.485	-120.	93.018	995	0.12278
308	185	-13.745	-120.	94.149	995	0.12343
309	174	-16.334	-120.	97.294	995	0.12513
309	180	-14.762	-120.	98.263	995	0.12564
309	171	-16.855	-120.	100.05	995	0.1264
310	253	-3.4987	-120.	85.463	996	0.11848
310	228	-7.7041	-120.	86.405	996	0.11881
310	245	-4.8957	-120.	88.564	996	0.12004
311	169	-17.251	-120.	143.32	997	0.11222
311	163	-18.192	-120.	144.96	997	0.11163
311	148	-20.24	-120.	142.97	997	0.11244
312	152	-19.63	-120.	147.46	997	0.11079
312	127	-21.862	-120.	145.54	997	0.11139
312	159	-18.684	-120.	145.81	997	0.11133
313	99	-24.821	-120.	142.41	997	0.11271
313	129	-21.791	-120.	142.79	997	0.11254
313	114	-22.843	-120.	144.59	997	0.11175
314	142	-20.602	-120.	144.44	997	0.11183
314	148	-20.24	-120.	142.97	997	0.11244
314	163	-18.192	-120.	144.96	997	0.11163
315	142	-20.602	-120.	144.44	997	0.11183
315	163	-18.192	-120.	144.96	997	0.11163
315	159	-18.684	-120.	145.81	997	0.11133
316	142	-20.602	-120.	144.44	997	0.11183
316	159	-18.684	-120.	145.81	997	0.11133
316	127	-21.862	-120.	145.54	997	0.11139
317	142	-20.602	-120.	144.44	997	0.11183
317	127	-21.862	-120.	145.54	997	0.11139
317	114	-22.843	-120.	144.59	997	0.11175
318	142	-20.602	-120.	144.44	997	0.11183
318	114	-22.843	-120.	144.59	997	0.11175
318	129	-21.791	-120.	142.79	997	0.11254
319	142	-20.602	-120.	144.44	997	0.11183
319	129	-21.791	-120.	142.79	997	0.11254
319	148	-20.24	-120.	142.97	997	0.11244
320	575	36.909	-120.	117.34	999	0.10649
320	573	36.317	-120.	113.07	999	0.10867
320	555	33.96	-120.	115.92	999	0.10712
321	313	6.5826	-120.	88.167	1004	0.1199
321	321	8.0152	-120.	85.538	1004	0.11939
321	298	3.7317	-120.	85.064	1004	0.11884
322	108	-23.689	-120.	103.77	1024	0.12745
322	103	-24.368	-120.	105.63	1024	0.12778
322	78	-26.081	-120.	104.59	1024	0.1276
323	108	-23.689	-120.	103.77	1024	0.12745
323	78	-26.081	-120.	104.59	1024	0.1276
323	90	-25.369	-120.	103.36	1024	0.12735
324	108	-23.689	-120.	103.77	1024	0.12745
324	90	-25.369	-120.	103.36	1024	0.12735
324	122	-22.197	-120.	101.87	1024	0.12696
325	108	-23.689	-120.	103.77	1024	0.12745
325	122	-22.197	-120.	101.87	1024	0.12696
325	135	-21.358	-120.	102.37	1024	0.12711
326	108	-23.689	-120.	103.77	1024	0.12745
326	135	-21.358	-120.	102.37	1024	0.12711
326	116	-22.763	-120.	104.8	1024	0.12766
327	108	-23.689	-120.	103.77	1024	0.12745
327	116	-22.763	-120.	104.8	1024	0.12766
327	103	-24.368	-120.	105.63	1024	0.12778
328	122	-22.197	-120.	101.87	1024	0.12696
328	90	-25.369	-120.	103.36	1024	0.12735
328	107	-23.785	-120.	100.93	1024	0.12667
329	103	-24.368	-120.	105.63	1024	0.12778
329	55	-27.388	-120.	107.17	1024	0.12793
329	78	-26.081	-120.	104.59	1024	0.1276
330	116	-22.763	-120.	104.8	1024	0.12766
330	135	-21.358	-120.	102.37	1024	0.12711
330	151	-19.781	-120.	103.3	1024	0.12737
331	84	-25.691	-120.	136.27	1035	0.11609
331	64	-26.981	-120.	133.72	1035	0.11769
331	101	-24.589	-120.	134.53	1035	0.11715
332	27	-29.479	-120.	135.18	1035	0.11681
332	10	-30.643	-120.	132.48	1035	0.11849
332	41	-28.225	-120.	133.31	1035	0.11796
333	54	-27.584	-120.	135.34	1035	0.11669
333	27	-29.479	-120.	135.18	1035	0.11681
333	41	-28.225	-120.	133.31	1035	0.11796
334	54	-27.584	-120.	135.34	1035	0.11669
334	41	-28.225	-120.	133.31	1035	0.11796
334	64	-26.981	-120.	133.72	1035	0.11769
335	54	-27.584	-120.	135.34	1035	0.11669
335	64	-26.981	-120.	133.72	1035	0.11769
335	84	-25.691	-120.	136.27	1035	0.11609
336	54	-27.584	-120.	135.34	1035	0.11669
336	84	-25.691	-120.	136.27	1035	0.11609
336	75	-26.268	-120.	137.17	1035	0.11556
337	54	-27.584	-120.	135.34	1035	0.11669
337	75	-26.268	-120.	137.17	1035	0.11556
337	34	-28.862	-120.	136.4	1035	0.11606
338	54	-27.584	-120.	135.34	1035	0.11669
338	34	-28.862	-120.	136.4	1035	0.11606
338	27	-29.479	-120.	135.18	1035	0.11681
339	57	-27.373	-120.	138.94	1035	0.11456
339	34	-28.862	-120.	136.4	1035	0.11606
339	75	-26.268	-120.	137.17	1035	0.11556
340	131	-21.647	-120.	137.26	1036	0.11544
340	118	-22.638	-120.	137.55	1036	0.11529
340	120	-22.202	-120.	138.16	1036	0.11493
341	92	-25.296	-120.	136.9	1036	0.11571
341	85	-25.691	-120.	136.27	1036	0.11609
341	74	-26.268	-120.	137.17	1036	0.11556
342	102	-24.506	-120.	138.1	1036	0.11501
342	120	-22.202	-120.	138.16	1036	0.11493
342	113	-23.261	-120.	139.86	1036	0.114
343	102	-24.506	-120.	138.1	1036	0.11501
343	113	-23.261	-120.	139.86	1036	0.114
343	57	-27.373	-120.	138.94	1036	0.11456
344	102	-24.506	-120.	138.1	1036	0.11501
344	57	-27.373	-120.	138.94	1036	0.11456
344	74	-26.268	-120.	137.17	1036	0.11556
345	102	-24.506	-120.	138.1	1036	0.11501
345	74	-26.268	-120.	137.17	1036	0.11556
345	92	-25.296	-120.	136.9	1036	0.11571
346	102	-24.506	-120.	138.1	1036	0.11501
346	92	-25.296	-120.	136.9	1036	0.11571
346	118	-22.638	-120.	137.55	1036	0.11529
347	102	-24.506	-120.	138.1	1036	0.11501
347	118	-22.638	-120.	137.55	1036	0.11529
347	120	-22.202	-120.	138.16	1036	0.11493
348	111	-23.409	-120.	136.35	1036	0.11602
348	85	-25.691	-120.	136.27	1036	0.11609
348	101	-24.589	-120.	134.53	1036	0.11715
349	111	-23.409	-120.	136.35	1036	0.11602
349	101	-24.589	-120.	134.53	1036	0.11715
349	143	-20.59	-120.	135.59	1036	0.11643
350	111	-23.409	-120.	136.35	1036	0.11602
350	143	-20.59	-120.	135.59	1036	0.11643
350	131	-21.647	-120.	137.26	1036	0.11544
351	111	-23.409	-120.	136.35	1036	0.11602
351	131	-21.647	-120.	137.26	1036	0.11544
351	118	-22.638	-120.	137.55	1036	0.11529
352	111	-23.409	-120.	136.35	1036	0.11602
352	118	-22.638	-120.	137.55	1036	0.11529
352	92	-25.296	-120.	136.9	1036	0.11571
353	111	-23.409	-120.	136.35	1036	0.11602
353	92	-25.296	-120.	136.9	1036	0.11571
353	85	-25.691	-120.	136.27	1036	0.11609
354	149	-19.941	-120.	138.82	1037	0.1145
354	166	-17.829	-120.	138.97	1037	0.11434
354	158	-18.742	-120.	140.49	1037	0.11356
355	149	-19.941	-120.	138.82	1037	0.1145
355	158	-18.742	-120.	140.49	1037	0.11356
355	147	-20.31	-120.	140.26	1037	0.11373
356	149	-19.941	-120.	138.82	1037	0.1145
356	147	-20.31	-120.	140.26	1037	0.11373
356	121	-22.202	-120.	138.16	1037	0.11493
357	149	-19.941	-120.	138.82	1037	0.1145
357	121	-22.202	-120.	138.16	1037	0.11493
357	132	-21.647	-120.	137.26	1037	0.11544
358	149	-19.941	-120.	138.82	1037	0.1145
358	132	-21.647	-120.	137.26	1037	0.11544
358	154	-18.914	-120.	137.77	1037	0.11507
359	149	-19.941	-120.	138.82	1037	0.1145
359	154	-18.914	-120.	137.77	1037	0.11507
359	166	-17.829	-120.	138.97	1037	0.11434
360	121	-22.202	-120.	138.16	1037	0.11493
360	147	-20.31	-120.	140.26	1037	0.11373
360	113	-23.261	-120.	139.86	1037	0.114
361	166	-17.829	-120.	138.97	1037	0.11434
361	177	-15.833	-120.	140.87	1037	0.11323
361	158	-18.742	-120.	140.49	1037	0.11356
362	154	-18.914	-120.	137.77	1037	0.11507
362	132	-21.647	-120.	137.26	1037	0.11544
362	143	-20.59	-120.	135.59	1037	0.11643
363	86	-25.532	-120.	128.87	1041	0.12068
363	71	-26.322	-120.	130.55	1041	0.11966
363	62	-27.196	-120.	127.86	1041	0.12131
364	86	-25.532	-120.	128.87	1041	0.12068
364	62	-27.196	-120.	127.86	1041	0.12131
364	69	-26.429	-120.	126.87	1041	0.12188
365	86	-25.532	-120.	128.87	1041	0.12068
365	69	-26.429	-120.	126.87	1041	0.12188
365	105	-24.331	-120.	127.71	1041	0.12134
366	86	-25.532	-120.	128.87	1041	0.12068
366	105	-24.331	-120.	127.71	1041	0.12134
366	106	-23.83	-120.	129.26	1041	0.12042
367	86	-25.532	-120.	128.87	1041	0.12068
367	106	-23.83	-120.	129.26	1041	0.12042
367	95	-25.087	-120.	131.	1041	0.11937
368	86	-25.532	-120.	128.87	1041	0.12068
368	95	-25.087	-120.	131.	1041	0.11937
368	71	-26.322	-120.	130.55	1041	0.11966
369	105	-24.331	-120.	127.71	1041	0.12134
369	69	-26.429	-120.	126.87	1041	0.12188
369	96	-24.974	-120.	125.04	1041	0.12288
370	71	-26.322	-120.	130.55	1041	0.11966
370	35	-28.656	-120.	129.72	1041	0.1202
370	62	-27.196	-120.	127.86	1041	0.12131
371	95	-25.087	-120.	131.	1041	0.11937
371	106	-23.83	-120.	129.26	1041	0.12042
371	115	-22.777	-120.	131.8	1041	0.11884
372	61	-27.224	-120.	112.18	1056	0.12773
372	100	-24.688	-120.	113.62	1056	0.12739
372	112	-23.336	-120.	109.46	1056	0.12792
373	150	-19.798	-120.	140.81	1065	0.11343
373	157	-18.742	-120.	140.49	1065	0.11356
373	146	-20.31	-120.	140.26	1065	0.11373
374	156	-18.773	-120.	141.82	1065	0.11292
374	169	-17.251	-120.	143.32	1065	0.11222
374	177	-15.833	-120.	140.87	1065	0.11323
375	156	-18.773	-120.	141.82	1065	0.11292
375	177	-15.833	-120.	140.87	1065	0.11323
375	157	-18.742	-120.	140.49	1065	0.11356
376	156	-18.773	-120.	141.82	1065	0.11292
376	157	-18.742	-120.	140.49	1065	0.11356
376	150	-19.798	-120.	140.81	1065	0.11343
377	156	-18.773	-120.	141.82	1065	0.11292
377	150	-19.798	-120.	140.81	1065	0.11343
377	141	-20.774	-120.	142.45	1065	0.11268
378	156	-18.773	-120.	141.82	1065	0.11292
378	141	-20.774	-120.	142.45	1065	0.11268
378	148	-20.24	-120.	142.97	1065	0.11244
379	156	-18.773	-120.	141.82	1065	0.11292
379	148	-20.24	-120.	142.97	1065	0.11244
379	169	-17.251	-120.	143.32	1065	0.11222
380	128	-21.792	-120.	141.43	1065	0.11317
380	99	-24.821	-120.	142.41	1065	0.11271
380	113	-23.261	-120.	139.86	1065	0.114
381	128	-21.792	-120.	141.43	1065	0.11317
381	113	-23.261	-120.	139.86	1065	0.114
381	146	-20.31	-120.	140.26	1065	0.11373
382	128	-21.792	-120.	141.43	1065	0.11317
382	146	-20.31	-120.	140.26	1065	0.11373
382	150	-19.798	-120.	140.81	1065	0.11343
383	128	-21.792	-120.	141.43	1065	0.11317
383	150	-19.798	-120.	140.81	1065	0.11343
383	141	-20.774	-120.	142.45	1065	0.11268
384	128	-21.792	-120.	141.43	1065	0.11317
384	141	-20.774	-120.	142.45	1065	0.11268
384	129	-21.791	-120.	142.79	1065	0.11254
385	128	-21.792	-120.	141.43	1065	0.11317
385	129	-21.791	-120.	142.79	1065	0.11254
385	99	-24.821	-120.	142.41	1065	0.11271
386	141	-20.774	-120.	142.45	1065	0.11268
386	129	-21.791	-120.	142.79	1065	0.11254
386	148	-20.24	-120.	142.97	1065	0.11244
387	77	-26.164	-120.	103.72	1069	0.12743
387	79	-26.081	-120.	104.59	1069	0.1276
387	89	-25.369	-120.	103.36	1069	0.12735
388	76	-26.232	-120.	102.02	1069	0.12701
388	47	-27.911	-120.	101.92	1069	0.12698
388	73	-26.285	-120.	99.47	1069	0.12616
389	76	-26.232	-120.	102.02	1069	0.12701
389	73	-26.285	-120.	99.47	1069	0.12616
389	107	-23.785	-120.	100.93	1069	0.12667
390	76	-26.232	-120.	102.02	1069	0.12701
390	107	-23.785	-120.	100.93	1069	0.12667
390	89	-25.369	-120.	103.36	1069	0.12735
391	76	-26.232	-120.	102.02	1069	0.12701
391	89	-25.369	-120.	103.36	1069	0.12735
391	77	-26.164	-120.	103.72	1069	0.12743
392	76	-26.232	-120.	102.02	1069	0.12701
392	77	-26.164	-120.	103.72	1069	0.12743
392	48	-27.878	-120.	102.73	1069	0.12719
393	76	-26.232	-120.	102.02	1069	0.12701
393	48	-27.878	-120.	102.73	1069	0.12719
393	47	-27.911	-120.	101.92	1069	0.12698
394	37	-28.595	-120.	103.11	1069	0.12728
394	48	-27.878	-120.	102.73	1069	0.12719
394	47	-27.911	-120.	101.92	1069	0.12698
395	51	-27.669	-120.	104.51	1069	0.12758
395	20	-29.906	-120.	105.74	1069	0.12775
395	55	-27.388	-120.	107.17	1069	0.12793
396	51	-27.669	-120.	104.51	1069	0.12758
396	55	-27.388	-120.	107.17	1069	0.12793
396	79	-26.081	-120.	104.59	1069	0.1276
397	51	-27.669	-120.	104.51	1069	0.12758
397	79	-26.081	-120.	104.59	1069	0.1276
397	77	-26.164	-120.	103.72	1069	0.12743
398	51	-27.669	-120.	104.51	1069	0.12758
398	77	-26.164	-120.	103.72	1069	0.12743
398	48	-27.878	-120.	102.73	1069	0.12719
399	51	-27.669	-120.	104.51	1069	0.12758
399	48	-27.878	-120.	102.73	1069	0.12719
399	37	-28.595	-120.	103.11	1069	0.12728
400	51	-27.669	-120.	104.51	1069	0.12758
400	37	-28.595	-120.	103.11	1069	0.12728
400	20	-29.906	-120.	105.74	1069	0.12775
401	417	21.839	-120.	142.89	1084	0.10603
401	424	22.411	-120.	142.4	1084	0.1058
401	413	21.536	-120.	141.87	1084	0.10556
402	425	22.428	-120.	144.8	1084	0.10697
402	430	23.336	-120.	147.74	1084	0.10854
402	434	24.064	-120.	143.4	1084	0.10626
403	425	22.428	-120.	144.8	1084	0.10697
403	434	24.064	-120.	143.4	1084	0.10626
403	424	22.411	-120.	142.4	1084	0.1058
404	425	22.428	-120.	144.8	1084	0.10697
404	424	22.411	-120.	142.4	1084	0.1058
404	417	21.839	-120.	142.89	1084	0.10603
405	425	22.428	-120.	144.8	1084	0.10697
405	417	21.839	-120.	142.89	1084	0.10603
405	411	21.309	-120.	145.7	1084	0.10746
406	425	22.428	-120.	144.8	1084	0.10697
406	411	21.309	-120.	145.7	1084	0.10746
406	414	21.609	-120.	146.7	1084	0.108
407	425	22.428	-120.	144.8	1084	0.10697
407	414	21.609	-120.	146.7	1084	0.108
407	430	23.336	-120.	147.74	1084	0.10854
408	403	20.72	-120.	143.77	1084	0.10646
408	393	19.016	-120.	145.11	1084	0.10716
408	399	19.899	-120.	140.87	1084	0.10509
409	403	20.72	-120.	143.77	1084	0.10646
409	399	19.899	-120.	140.87	1084	0.10509
409	413	21.536	-120.	141.87	1084	0.10556
410	403	20.72	-120.	143.77	1084	0.10646
410	413	21.536	-120.	141.87	1084	0.10556
410	417	21.839	-120.	142.89	1084	0.10603
411	403	20.72	-120.	143.77	1084	0.10646
411	417	21.839	-120.	142.89	1084	0.10603
411	411	21.309	-120.	145.7	1084	0.10746
412	403	20.72	-120.	143.77	1084	0.10646
412	411	21.309	-120.	145.7	1084	0.10746
412	404	20.723	-120.	146.15	1084	0.10772
413	403	20.72	-120.	143.77	1084	0.10646
413	404	20.723	-120.	146.15	1084	0.10772
413	393	19.016	-120.	145.11	1084	0.10716
414	411	21.309	-120.	145.7	1084	0.10746
414	404	20.723	-120.	146.15	1084	0.10772
414	414	21.609	-120.	146.7	1084	0.108
415	346	11.663	-120.	147.66	1097	0.10868
415	349	11.922	-120.	148.61	1097	0.1092
415	354	12.635	-120.	148.36	1097	0.10905
416	342	11.047	-120.	150.83	1097	0.11045
416	334	10.335	-120.	151.03	1097	0.11056
416	345	11.293	-120.	151.76	1097	0.11095
417	351	12.422	-120.	150.4	1097	0.1102
417	354	12.635	-120.	148.36	1097	0.10905
417	362	14.46	-120.	149.69	1097	0.10979
418	351	12.422	-120.	150.4	1097	0.1102
418	362	14.46	-120.	149.69	1097	0.10979
418	356	13.174	-120.	153.16	1097	0.11173
419	351	12.422	-120.	150.4	1097	0.1102
419	356	13.174	-120.	153.16	1097	0.11173
419	345	11.293	-120.	151.76	1097	0.11095
420	351	12.422	-120.	150.4	1097	0.1102
420	345	11.293	-120.	151.76	1097	0.11095
420	342	11.047	-120.	150.83	1097	0.11045
421	351	12.422	-120.	150.4	1097	0.1102
421	342	11.047	-120.	150.83	1097	0.11045
421	349	11.922	-120.	148.61	1097	0.1092
422	351	12.422	-120.	150.4	1097	0.1102
422	349	11.922	-120.	148.61	1097	0.1092
422	354	12.635	-120.	148.36	1097	0.10905
423	338	10.553	-120.	149.02	1097	0.10946
423	334	10.335	-120.	151.03	1097	0.11056
423	323	8.4836	-120.	149.65	1097	0.10985
424	338	10.553	-120.	149.02	1097	0.10946
424	323	8.4836	-120.	149.65	1097	0.10985
424	332	9.8655	-120.	146.33	1097	0.108
425	338	10.553	-120.	149.02	1097	0.10946
425	332	9.8655	-120.	146.33	1097	0.108
425	346	11.663	-120.	147.66	1097	0.10868
426	338	10.553	-120.	149.02	1097	0.10946
426	346	11.663	-120.	147.66	1097	0.10868
426	349	11.922	-120.	148.61	1097	0.1092
427	338	10.553	-120.	149.02	1097	0.10946
427	349	11.922	-120.	148.61	1097	0.1092
427	342	11.047	-120.	150.83	1097	0.11045
428	338	10.553	-120.	149.02	1097	0.10946
428	342	11.047	-120.	150.83	1097	0.11045
428	334	10.335	-120.	151.03	1097	0.11056
429	393	19.016	-120.	145.11	1104	0.10716
429	399	19.899	-120.	140.87	1104	0.10509
429	375	16.361	-120.	143.44	1104	0.10626
430	436	24.303	-120.	140.3	1108	0.10493
430	440	24.802	-120.	139.73	1108	0.10473
430	438	24.441	-120.	138.64	1108	0.10436
431	450	26.414	-120.	140.68	1108	0.10506
431	455	26.788	-120.	141.73	1108	0.10547
431	457	26.876	-120.	140.1	1108	0.10484
432	446	25.708	-120.	138.62	1108	0.10435
432	438	24.441	-120.	138.64	1108	0.10436
432	439	24.656	-120.	135.59	1108	0.10354
433	446	25.708	-120.	138.62	1108	0.10435
433	439	24.656	-120.	135.59	1108	0.10354
433	460	27.061	-120.	136.97	1108	0.10387
434	446	25.708	-120.	138.62	1108	0.10435
434	460	27.061	-120.	136.97	1108	0.10387
434	457	26.876	-120.	140.1	1108	0.10484
435	446	25.708	-120.	138.62	1108	0.10435
435	457	26.876	-120.	140.1	1108	0.10484
435	450	26.414	-120.	140.68	1108	0.10506
436	446	25.708	-120.	138.62	1108	0.10435
436	450	26.414	-120.	140.68	1108	0.10506
436	440	24.802	-120.	139.73	1108	0.10473
437	446	25.708	-120.	138.62	1108	0.10435
437	440	24.802	-120.	139.73	1108	0.10473
437	438	24.441	-120.	138.64	1108	0.10436
438	445	25.493	-120.	141.79	1108	0.10552
438	455	26.788	-120.	141.73	1108	0.10547
438	452	26.586	-120.	144.91	1108	0.10695
439	445	25.493	-120.	141.79	1108	0.10552
439	452	26.586	-120.	144.91	1108	0.10695
439	434	24.064	-120.	143.4	1108	0.10626
440	445	25.493	-120.	141.79	1108	0.10552
440	434	24.064	-120.	143.4	1108	0.10626
440	436	24.303	-120.	140.3	1108	0.10493
441	445	25.493	-120.	141.79	1108	0.10552
441	436	24.303	-120.	140.3	1108	0.10493
441	440	24.802	-120.	139.73	1108	0.10473
442	445	25.493	-120.	141.79	1108	0.10552
442	440	24.802	-120.	139.73	1108	0.10473
442	450	26.414	-120.	140.68	1108	0.10506
443	445	25.493	-120.	141.79	1108	0.10552
443	450	26.414	-120.	140.68	1108	0.10506
443	455	26.788	-120.	141.73	1108	0.10547
444	88	-25.431	-120.	120.69	1109	0.12505
444	44	-28.087	-120.	123.61	1109	0.12371
444	96	-24.974	-120.	125.04	1109	0.12288
445	362	14.46	-120.	149.69	1115	0.10979
445	356	13.174	-120.	153.16	1115	0.11173
445	380	17.167	-120.	151.53	1115	0.11082
446	308	5.588	-120.	147.24	1140	0.10882
446	323	8.4836	-120.	149.65	1140	0.10985
446	332	9.8655	-120.	146.33	1140	0.108
447	508	30.804	-120.	116.74	1153	0.10675
447	480	29.255	-120.	116.32	1153	0.107
447	506	30.803	-120.	114.51	1153	0.10787
448	508	30.804	-120.	116.74	1153	0.10675
448	506	30.803	-120.	114.51	1153	0.10787
448	527	31.894	-120.	115.	1153	0.1076
449	508	30.804	-120.	116.74	1153	0.10675
449	527	31.894	-120.	115.	1153	0.1076
449	532	32.19	-120.	117.81	1153	0.10622
450	508	30.804	-120.	116.74	1153	0.10675
450	532	32.19	-120.	117.81	1153	0.10622
450	515	31.257	-120.	118.83	1153	0.10579
451	508	30.804	-120.	116.74	1153	0.10675
451	515	31.257	-120.	118.83	1153	0.10579
451	487	29.425	-120.	117.94	1153	0.10625
452	508	30.804	-120.	116.74	1153	0.10675
452	487	29.425	-120.	117.94	1153	0.10625
452	480	29.255	-120.	116.32	1153	0.107
453	532	32.19	-120.	117.81	1153	0.10622
453	527	31.894	-120.	115.	1153	0.1076
453	555	33.96	-120.	115.92	1153	0.10712
454	480	29.255	-120.	116.32	1153	0.107
454	477	28.754	-120.	113.62	1153	0.10839
454	506	30.803	-120.	114.51	1153	0.10787
455	487	29.425	-120.	117.94	1153	0.10625
455	515	31.257	-120.	118.83	1153	0.10579
455	491	29.497	-120.	120.69	1153	0.10511
456	466	27.921	-120.	96.479	1215	0.11837
456	441	24.832	-120.	93.474	1215	0.11961
456	431	23.352	-120.	95.976	1215	0.1186
457	67	-26.804	-120.	117.53	1253	0.12635
457	66	-26.814	-120.	115.45	1253	0.12701
457	93	-25.189	-120.	116.32	1253	0.12668
458	67	-26.804	-120.	117.53	1253	0.12635
458	93	-25.189	-120.	116.32	1253	0.12668
458	91	-25.359	-120.	117.94	1253	0.12614
459	67	-26.804	-120.	117.53	1253	0.12635
459	91	-25.359	-120.	117.94	1253	0.12614
459	60	-27.268	-120.	119.76	1253	0.12551
460	67	-26.804	-120.	117.53	1253	0.12635
460	60	-27.268	-120.	119.76	1253	0.12551
460	39	-28.244	-120.	119.26	1253	0.12573
461	67	-26.804	-120.	117.53	1253	0.12635
461	39	-28.244	-120.	119.26	1253	0.12573
461	46	-27.948	-120.	116.45	1253	0.12674
462	67	-26.804	-120.	117.53	1253	0.12635
462	46	-27.948	-120.	116.45	1253	0.12674
462	66	-26.814	-120.	115.45	1253	0.12701
463	60	-27.268	-120.	119.76	1253	0.12551
463	91	-25.359	-120.	117.94	1253	0.12614
463	88	-25.431	-120.	120.69	1253	0.12505
464	66	-26.814	-120.	115.45	1253	0.12701
464	100	-24.688	-120.	113.62	1253	0.12739
464	93	-25.189	-120.	116.32	1253	0.12668
465	46	-27.948	-120.	116.45	1253	0.12674
465	39	-28.244	-120.	119.26	1253	0.12573
465	16	-30.093	-120.	118.32	1253	0.12609
466	33	-28.882	-120.	111.23	1255	0.12784
466	61	-27.224	-120.	112.18	1255	0.12773
466	30	-29.43	-120.	114.03	1255	0.12737
467	13	-30.536	-120.	112.93	1255	0.12756
467	33	-28.882	-120.	111.23	1255	0.12784
467	30	-29.43	-120.	114.03	1255	0.12737
468	13	-30.536	-120.	112.93	1255	0.12756
468	30	-29.43	-120.	114.03	1255	0.12737
468	11	-30.578	-120.	114.99	1255	0.12713
469	13	-30.536	-120.	112.93	1255	0.12756
469	11	-30.578	-120.	114.99	1255	0.12713
469	4	-32.421	-120.	113.97	1255	0.1273
470	13	-30.536	-120.	112.93	1255	0.12756
470	4	-32.421	-120.	113.97	1255	0.1273
470	5	-32.159	-120.	112.62	1255	0.12756
471	13	-30.536	-120.	112.93	1255	0.12756
471	5	-32.159	-120.	112.62	1255	0.12756
471	22	-29.748	-120.	110.74	1255	0.12787
472	13	-30.536	-120.	112.93	1255	0.12756
472	22	-29.748	-120.	110.74	1255	0.12787
472	33	-28.882	-120.	111.23	1255	0.12784
473	4	-32.421	-120.	113.97	1255	0.1273
473	11	-30.578	-120.	114.99	1255	0.12713
473	1	-32.805	-120.	116.88	1255	0.12651
474	5	-32.159	-120.	112.62	1255	0.12756
474	7	-31.417	-120.	109.78	1255	0.12788
474	22	-29.748	-120.	110.74	1255	0.12787
475	381	17.43	-120.	91.87	1256	0.11996
475	392	18.881	-120.	89.348	1256	0.12043
475	364	14.983	-120.	87.508	1256	0.12025
476	81	-26.046	-120.	131.25	1264	0.11922
476	94	-25.087	-120.	131.	1264	0.11937
476	72	-26.322	-120.	130.55	1264	0.11966
477	49	-27.864	-120.	131.72	1264	0.11894
477	41	-28.225	-120.	133.31	1264	0.11796
477	10	-30.643	-120.	132.48	1264	0.11849
478	49	-27.864	-120.	131.72	1264	0.11894
478	10	-30.643	-120.	132.48	1264	0.11849
478	35	-28.656	-120.	129.72	1264	0.1202
479	49	-27.864	-120.	131.72	1264	0.11894
479	35	-28.656	-120.	129.72	1264	0.1202
479	72	-26.322	-120.	130.55	1264	0.11966
480	49	-27.864	-120.	131.72	1264	0.11894
480	72	-26.322	-120.	130.55	1264	0.11966
480	81	-26.046	-120.	131.25	1264	0.11922
481	49	-27.864	-120.	131.72	1264	0.11894
481	81	-26.046	-120.	131.25	1264	0.11922
481	58	-27.289	-120.	133.05	1264	0.11811
482	49	-27.864	-120.	131.72	1264	0.11894
482	58	-27.289	-120.	133.05	1264	0.11811
482	41	-28.225	-120.	133.31	1264	0.11796
483	64	-26.981	-120.	133.72	1264	0.11769
483	58	-27.289	-120.	133.05	1264	0.11811
483	41	-28.225	-120.	133.31	1264	0.11796
484	87	-25.462	-120.	132.56	1264	0.1184
484	101	-24.589	-120.	134.53	1264	0.11715
484	115	-22.777	-120.	131.8	1264	0.11884
485	87	-25.462	-120.	132.56	1264	0.1184
485	115	-22.777	-120.	131.8	1264	0.11884
485	94	-25.087	-120.	131.	1264	0.11937
486	87	-25.462	-120.	132.56	1264	0.1184
486	94	-25.087	-120.	131.	1264	0.11937
486	81	-26.046	-120.	131.25	1264	0.11922
487	87	-25.462	-120.	132.56	1264	0.1184
487	81	-26.046	-120.	131.25	1264	0.11922
487	58	-27.289	-120.	133.05	1264	0.11811
488	87	-25.462	-120.	132.56	1264	0.1184
488	58	-27.289	-120.	133.05	1264	0.11811
488	64	-26.981	-120.	133.72	1264	0.11769
489	87	-25.462	-120.	132.56	1264	0.1184
489	64	-26.981	-120.	133.72	1264	0.11769
489	101	-24.589	-120.	134.53	1264	0.11715
490	184	-14.334	-120.	145.42	1276	0.11139
490	186	-13.704	-120.	145.83	1276	0.11126
490	191	-13.215	-120.	145.	1276	0.11145
491	173	-16.43	-120.	146.22	1276	0.11122
491	152	-19.63	-120.	147.46	1276	0.11079
491	181	-14.63	-120.	147.4	1276	0.11092
492	173	-16.43	-120.	146.22	1276	0.11122
492	181	-14.63	-120.	147.4	1276	0.11092
492	186	-13.704	-120.	145.83	1276	0.11126
493	173	-16.43	-120.	146.22	1276	0.11122
493	186	-13.704	-120.	145.83	1276	0.11126
493	184	-14.334	-120.	145.42	1276	0.11139
494	173	-16.43	-120.	146.22	1276	0.11122
494	184	-14.334	-120.	145.42	1276	0.11139
494	168	-17.598	-120.	145.4	1276	0.11148
495	173	-16.43	-120.	146.22	1276	0.11122
495	168	-17.598	-120.	145.4	1276	0.11148
495	160	-18.684	-120.	145.81	1276	0.11133
496	173	-16.43	-120.	146.22	1276	0.11122
496	160	-18.684	-120.	145.81	1276	0.11133
496	152	-19.63	-120.	147.46	1276	0.11079
497	179	-15.481	-120.	144.59	1276	0.11169
497	169	-17.251	-120.	143.32	1276	0.11222
497	197	-12.295	-120.	143.44	1276	0.11183
498	179	-15.481	-120.	144.59	1276	0.11169
498	197	-12.295	-120.	143.44	1276	0.11183
498	191	-13.215	-120.	145.	1276	0.11145
499	179	-15.481	-120.	144.59	1276	0.11169
499	191	-13.215	-120.	145.	1276	0.11145
499	184	-14.334	-120.	145.42	1276	0.11139
500	179	-15.481	-120.	144.59	1276	0.11169
500	184	-14.334	-120.	145.42	1276	0.11139
500	168	-17.598	-120.	145.4	1276	0.11148
501	179	-15.481	-120.	144.59	1276	0.11169
501	168	-17.598	-120.	145.4	1276	0.11148
501	164	-18.192	-120.	144.96	1276	0.11163
502	179	-15.481	-120.	144.59	1276	0.11169
502	164	-18.192	-120.	144.96	1276	0.11163
502	169	-17.251	-120.	143.32	1276	0.11222
503	168	-17.598	-120.	145.4	1276	0.11148
503	164	-18.192	-120.	144.96	1276	0.11163
503	160	-18.684	-120.	145.81	1276	0.11133
504	20	-29.906	-120.	105.74	1287	0.12775
504	7	-31.417	-120.	109.78	1287	0.12788
504	55	-27.388	-120.	107.17	1287	0.12793
505	203	-11.708	-120.	147.15	1310	0.11091
505	191	-13.215	-120.	145.	1310	0.11145
505	211	-10.674	-120.	146.2	1310	0.11102
506	203	-11.708	-120.	147.15	1310	0.11091
506	211	-10.674	-120.	146.2	1310	0.11102
506	216	-9.7773	-120.	147.68	1310	0.11077
507	203	-11.708	-120.	147.15	1310	0.11091
507	216	-9.7773	-120.	147.68	1310	0.11077
507	209	-10.796	-120.	149.39	1310	0.11065
508	203	-11.708	-120.	147.15	1310	0.11091
508	209	-10.796	-120.	149.39	1310	0.11065
508	200	-12.084	-120.	148.78	1310	0.1107
509	203	-11.708	-120.	147.15	1310	0.11091
509	200	-12.084	-120.	148.78	1310	0.1107
509	186	-13.704	-120.	145.83	1310	0.11126
510	203	-11.708	-120.	147.15	1310	0.11091
510	186	-13.704	-120.	145.83	1310	0.11126
510	191	-13.215	-120.	145.	1310	0.11145
511	209	-10.796	-120.	149.39	1310	0.11065
511	216	-9.7773	-120.	147.68	1310	0.11077
511	226	-8.113	-120.	150.47	1310	0.11065
512	191	-13.215	-120.	145.	1310	0.11145
512	197	-12.295	-120.	143.44	1310	0.11183
512	211	-10.674	-120.	146.2	1310	0.11102
513	186	-13.704	-120.	145.83	1310	0.11126
513	200	-12.084	-120.	148.78	1310	0.1107
513	181	-14.63	-120.	147.4	1310	0.11092
514	288	1.8045	-120.	154.98	1350	0.11209
514	311	6.1077	-120.	154.74	1350	0.11229
514	296	3.2389	-120.	152.16	1350	0.11107
515	430	23.336	-120.	147.74	1355	0.10854
515	452	26.586	-120.	144.91	1355	0.10695
515	434	24.064	-120.	143.4	1355	0.10626
516	372	15.89	-120.	146.87	1362	0.10816
516	369	15.629	-120.	145.89	1362	0.10762
516	366	15.218	-120.	147.21	1362	0.10836
517	379	17.139	-120.	146.16	1362	0.10776
517	393	19.016	-120.	145.11	1362	0.10716
517	375	16.361	-120.	143.44	1362	0.10626
518	379	17.139	-120.	146.16	1362	0.10776
518	375	16.361	-120.	143.44	1362	0.10626
518	369	15.629	-120.	145.89	1362	0.10762
519	379	17.139	-120.	146.16	1362	0.10776
519	369	15.629	-120.	145.89	1362	0.10762
519	372	15.89	-120.	146.87	1362	0.10816
520	379	17.139	-120.	146.16	1362	0.10776
520	372	15.89	-120.	146.87	1362	0.10816
520	383	17.646	-120.	148.02	1362	0.1088
521	379	17.139	-120.	146.16	1362	0.10776
521	383	17.646	-120.	148.02	1362	0.1088
521	386	18.289	-120.	147.65	1362	0.10858
522	379	17.139	-120.	146.16	1362	0.10776
522	386	18.289	-120.	147.65	1362	0.10858
522	393	19.016	-120.	145.11	1362	0.10716
523	376	16.383	-120.	148.72	1362	0.1092
523	380	17.167	-120.	151.53	1362	0.11082
523	362	14.46	-120.	149.69	1362	0.10979
524	376	16.383	-120.	148.72	1362	0.1092
524	362	14.46	-120.	149.69	1362	0.10979
524	366	15.218	-120.	147.21	1362	0.10836
525	376	16.383	-120.	148.72	1362	0.1092
525	366	15.218	-120.	147.21	1362	0.10836
525	372	15.89	-120.	146.87	1362	0.10816
526	376	16.383	-120.	148.72	1362	0.1092
526	372	15.89	-120.	146.87	1362	0.10816
526	383	17.646	-120.	148.02	1362	0.1088
527	376	16.383	-120.	148.72	1362	0.1092
527	383	17.646	-120.	148.02	1362	0.1088
527	384	17.918	-120.	148.97	1362	0.10933
528	376	16.383	-120.	148.72	1362	0.1092
528	384	17.918	-120.	148.97	1362	0.10933
528	380	17.167	-120.	151.53	1362	0.11082
529	383	17.646	-120.	148.02	1362	0.1088
529	384	17.918	-120.	148.97	1362	0.10933
529	386	18.289	-120.	147.65	1362	0.10858
530	358	13.591	-120.	146.55	1363	0.108
530	359	13.941	-120.	144.75	1363	0.10698
530	370	15.629	-120.	145.89	1363	0.10762
531	358	13.591	-120.	146.55	1363	0.108
531	370	15.629	-120.	145.89	1363	0.10762
531	367	15.218	-120.	147.21	1363	0.10836
532	358	13.591	-120.	146.55	1363	0.108
532	367	15.218	-120.	147.21	1363	0.10836
532	355	12.635	-120.	148.36	1363	0.10905
533	358	13.591	-120.	146.55	1363	0.108
533	355	12.635	-120.	148.36	1363	0.10905
533	347	11.663	-120.	147.66	1363	0.10868
534	358	13.591	-120.	146.55	1363	0.108
534	347	11.663	-120.	147.66	1363	0.10868
534	352	12.46	-120.	145.41	1363	0.10738
535	358	13.591	-120.	146.55	1363	0.108
535	352	12.46	-120.	145.41	1363	0.10738
535	359	13.941	-120.	144.75	1363	0.10698
536	355	12.635	-120.	148.36	1363	0.10905
536	367	15.218	-120.	147.21	1363	0.10836
536	362	14.46	-120.	149.69	1363	0.10979
537	359	13.941	-120.	144.75	1363	0.10698
537	375	16.361	-120.	143.44	1363	0.10626
537	370	15.629	-120.	145.89	1363	0.10762
538	352	12.46	-120.	145.41	1363	0.10738
538	347	11.663	-120.	147.66	1363	0.10868
538	332	9.8655	-120.	146.33	1363	0.108
539	172	-16.628	-120.	96.27	1435	0.12461
539	174	-16.334	-120.	97.294	1435	0.12513
539	176	-16.032	-120.	95.811	1435	0.12436
540	167	-17.726	-120.	97.196	1435	0.12508
540	153	-19.369	-120.	98.573	1435	0.12573
540	171	-16.855	-120.	100.05	1435	0.1264
541	167	-17.726	-120.	97.196	1435	0.12508
541	171	-16.855	-120.	100.05	1435	0.1264
541	174	-16.334	-120.	97.294	1435	0.12513
542	167	-17.726	-120.	97.196	1435	0.12508
542	174	-16.334	-120.	97.294	1435	0.12513
542	172	-16.628	-120.	96.27	1435	0.12461
543	167	-17.726	-120.	97.196	1435	0.12508
543	172	-16.628	-120.	96.27	1435	0.12461
543	162	-18.302	-120.	95.252	1435	0.12409
544	167	-17.726	-120.	97.196	1435	0.12508
544	162	-18.302	-120.	95.252	1435	0.12409
544	155	-18.865	-120.	95.735	1435	0.12435
545	167	-17.726	-120.	97.196	1435	0.12508
545	155	-18.865	-120.	95.735	1435	0.12435
545	153	-19.369	-120.	98.573	1435	0.12573
546	170	-17.191	-120.	94.333	1435	0.12357
546	165	-18.085	-120.	91.387	1435	0.12186
546	178	-15.485	-120.	93.018	1435	0.12278
547	170	-17.191	-120.	94.333	1435	0.12357
547	178	-15.485	-120.	93.018	1435	0.12278
547	176	-16.032	-120.	95.811	1435	0.12436
548	170	-17.191	-120.	94.333	1435	0.12357
548	176	-16.032	-120.	95.811	1435	0.12436
548	172	-16.628	-120.	96.27	1435	0.12461
549	170	-17.191	-120.	94.333	1435	0.12357
549	172	-16.628	-120.	96.27	1435	0.12461
549	162	-18.302	-120.	95.252	1435	0.12409
550	170	-17.191	-120.	94.333	1435	0.12357
550	162	-18.302	-120.	95.252	1435	0.12409
550	161	-18.611	-120.	94.262	1435	0.12356
551	170	-17.191	-120.	94.333	1435	0.12357
551	161	-18.611	-120.	94.262	1435	0.12356
551	165	-18.085	-120.	91.387	1435	0.12186
552	162	-18.302	-120.	95.252	1435	0.12409
552	161	-18.611	-120.	94.262	1435	0.12356
552	155	-18.865	-120.	95.735	1435	0.12435
553	183	-14.413	-120.	89.13	1437	0.1204
553	165	-18.085	-120.	91.387	1437	0.12186
553	178	-15.485	-120.	93.018	1437	0.12278
554	272	-0.59171	-120.	88.013	1449	0.11978
554	290	2.2612	-120.	87.855	1449	0.11975
554	285	1.3031	-120.	89.681	1449	0.12046
555	282	0.78947	-120.	85.044	1449	0.11858
555	298	3.7317	-120.	85.064	1449	0.11884
555	292	2.7559	-120.	86.903	1449	0.11941
556	280	0.51125	-120.	86.679	1449	0.11924
556	282	0.78947	-120.	85.044	1449	0.11858
556	292	2.7559	-120.	86.903	1449	0.11941
557	280	0.51125	-120.	86.679	1449	0.11924
557	292	2.7559	-120.	86.903	1449	0.11941
557	290	2.2612	-120.	87.855	1449	0.11975
558	280	0.51125	-120.	86.679	1449	0.11924
558	290	2.2612	-120.	87.855	1449	0.11975
558	272	-0.59171	-120.	88.013	1449	0.11978
559	280	0.51125	-120.	86.679	1449	0.11924
559	272	-0.59171	-120.	88.013	1449	0.11978
559	264	-1.5709	-120.	87.142	1449	0.11938
560	280	0.51125	-120.	86.679	1449	0.11924
560	264	-1.5709	-120.	87.142	1449	0.11938
560	273	-0.57654	-120.	85.119	1449	0.11851
561	280	0.51125	-120.	86.679	1449	0.11924
561	273	-0.57654	-120.	85.119	1449	0.11851
561	282	0.78947	-120.	85.044	1449	0.11858
562	253	-3.4987	-120.	85.463	1449	0.11848
562	273	-0.57654	-120.	85.119	1449	0.11851
562	264	-1.5709	-120.	87.142	1449	0.11938
563	327	9.1417	-120.	90.688	1451	0.12025
563	322	8.4091	-120.	90.519	1451	0.12027
563	329	9.39	-120.	91.764	1451	0.1203
564	325	8.6798	-120.	88.651	1451	0.12002
564	321	8.0152	-120.	85.538	1451	0.11939
564	313	6.5826	-120.	88.167	1451	0.1199
565	325	8.6798	-120.	88.651	1451	0.12002
565	313	6.5826	-120.	88.167	1451	0.1199
565	322	8.4091	-120.	90.519	1451	0.12027
566	325	8.6798	-120.	88.651	1451	0.12002
566	322	8.4091	-120.	90.519	1451	0.12027
566	327	9.1417	-120.	90.688	1451	0.12025
567	325	8.6798	-120.	88.651	1451	0.12002
567	327	9.1417	-120.	90.688	1451	0.12025
567	333	10.073	-120.	89.023	1451	0.12008
568	325	8.6798	-120.	88.651	1451	0.12002
568	333	10.073	-120.	89.023	1451	0.12008
568	330	9.8569	-120.	87.974	1451	0.11997
569	325	8.6798	-120.	88.651	1451	0.12002
569	330	9.8569	-120.	87.974	1451	0.11997
569	321	8.0152	-120.	85.538	1451	0.11939
570	337	10.526	-120.	91.072	1451	0.12019
570	353	12.589	-120.	91.638	1451	0.12008
570	343	11.174	-120.	94.093	1451	0.12006
571	337	10.526	-120.	91.072	1451	0.12019
571	343	11.174	-120.	94.093	1451	0.12006
571	329	9.39	-120.	91.764	1451	0.1203
572	337	10.526	-120.	91.072	1451	0.12019
572	329	9.39	-120.	91.764	1451	0.1203
572	327	9.1417	-120.	90.688	1451	0.12025
573	337	10.526	-120.	91.072	1451	0.12019
573	327	9.1417	-120.	90.688	1451	0.12025
573	333	10.073	-120.	89.023	1451	0.12008
574	337	10.526	-120.	91.072	1451	0.12019
574	333	10.073	-120.	89.023	1451	0.12008
574	339	10.786	-120.	89.228	1451	0.12011
575	337	10.526	-120.	91.072	1451	0.12019
575	339	10.786	-120.	89.228	1451	0.12011
575	353	12.589	-120.	91.638	1451	0.12008
576	333	10.073	-120.	89.023	1451	0.12008
576	339	10.786	-120.	89.228	1451	0.12011
576	330	9.8569	-120.	87.974	1451	0.11997
577	516	31.257	-120.	118.83	1455	0.10579
577	537	32.231	-120.	118.57	1455	0.10589
577	533	32.19	-120.	117.81	1455	0.10622
578	559	34.106	-120.	119.51	1455	0.10549
578	560	34.106	-120.	120.25	1455	0.1052
578	568	35.062	-120.	119.27	1455	0.1056
579	558	34.076	-120.	118.07	1455	0.1061
579	533	32.19	-120.	117.81	1455	0.10622
579	555	33.96	-120.	115.92	1455	0.10712
580	558	34.076	-120.	118.07	1455	0.1061
580	555	33.96	-120.	115.92	1455	0.10712
580	575	36.909	-120.	117.34	1455	0.10649
581	558	34.076	-120.	118.07	1455	0.1061
581	575	36.909	-120.	117.34	1455	0.10649
581	568	35.062	-120.	119.27	1455	0.1056
582	558	34.076	-120.	118.07	1455	0.1061
582	568	35.062	-120.	119.27	1455	0.1056
582	559	34.106	-120.	119.51	1455	0.10549
583	558	34.076	-120.	118.07	1455	0.1061
583	559	34.106	-120.	119.51	1455	0.10549
583	537	32.231	-120.	118.57	1455	0.10589
584	558	34.076	-120.	118.07	1455	0.1061
584	537	32.231	-120.	118.57	1455	0.10589
584	533	32.19	-120.	117.81	1455	0.10622
585	538	32.245	-120.	120.	1455	0.1053
585	560	34.106	-120.	120.25	1455	0.1052
585	539	32.274	-120.	122.15	1455	0.10452
586	538	32.245	-120.	120.	1455	0.1053
586	539	32.274	-120.	122.15	1455	0.10452
586	491	29.497	-120.	120.69	1455	0.10511
587	538	32.245	-120.	120.	1455	0.1053
587	491	29.497	-120.	120.69	1455	0.10511
587	516	31.257	-120.	118.83	1455	0.10579
588	538	32.245	-120.	120.	1455	0.1053
588	516	31.257	-120.	118.83	1455	0.10579
588	537	32.231	-120.	118.57	1455	0.10589
589	538	32.245	-120.	120.	1455	0.1053
589	537	32.231	-120.	118.57	1455	0.10589
589	559	34.106	-120.	119.51	1455	0.10549
590	538	32.245	-120.	120.	1455	0.1053
590	559	34.106	-120.	119.51	1455	0.10549
590	560	34.106	-120.	120.25	1455	0.1052
591	523	31.753	-120.	114.26	1519	0.10799
591	507	30.803	-120.	114.51	1519	0.10787
591	528	31.894	-120.	115.	1519	0.1076
592	518	31.423	-120.	112.87	1519	0.10876
592	511	30.932	-120.	110.76	1519	0.10998
592	477	28.754	-120.	113.62	1519	0.10839
593	518	31.423	-120.	112.87	1519	0.10876
593	477	28.754	-120.	113.62	1519	0.10839
593	507	30.803	-120.	114.51	1519	0.10787
594	518	31.423	-120.	112.87	1519	0.10876
594	507	30.803	-120.	114.51	1519	0.10787
594	523	31.753	-120.	114.26	1519	0.10799
595	518	31.423	-120.	112.87	1519	0.10876
595	523	31.753	-120.	114.26	1519	0.10799
595	548	33.238	-120.	112.39	1519	0.10902
596	518	31.423	-120.	112.87	1519	0.10876
596	548	33.238	-120.	112.39	1519	0.10902
596	545	33.06	-120.	111.67	1519	0.10943
597	518	31.423	-120.	112.87	1519	0.10876
597	545	33.06	-120.	111.67	1519	0.10943
597	511	30.932	-120.	110.76	1519	0.10998
598	551	33.555	-120.	113.8	1519	0.10823
598	573	36.317	-120.	113.07	1519	0.10867
598	555	33.96	-120.	115.92	1519	0.10712
599	551	33.555	-120.	113.8	1519	0.10823
599	555	33.96	-120.	115.92	1519	0.10712
599	528	31.894	-120.	115.	1519	0.1076
600	551	33.555	-120.	113.8	1519	0.10823
600	528	31.894	-120.	115.	1519	0.1076
600	523	31.753	-120.	114.26	1519	0.10799
601	551	33.555	-120.	113.8	1519	0.10823
601	523	31.753	-120.	114.26	1519	0.10799
601	548	33.238	-120.	112.39	1519	0.10902
602	551	33.555	-120.	113.8	1519	0.10823
602	548	33.238	-120.	112.39	1519	0.10902
602	563	34.168	-120.	112.14	1519	0.10916
603	551	33.555	-120.	113.8	1519	0.10823
603	563	34.168	-120.	112.14	1519	0.10916
603	573	36.317	-120.	113.07	1519	0.10867
604	548	33.238	-120.	112.39	1519	0.10902
604	563	34.168	-120.	112.14	1519	0.10916
604	545	33.06	-120.	111.67	1519	0.10943
605	544	33.06	-120.	111.67	1521	0.10943
605	511	30.932	-120.	110.76	1521	0.10998
605	535	32.207	-120.	108.95	1521	0.11107
606	553	33.855	-120.	109.98	1521	0.11044
606	544	33.06	-120.	111.67	1521	0.10943
606	535	32.207	-120.	108.95	1521	0.11107
607	553	33.855	-120.	109.98	1521	0.11044
607	535	32.207	-120.	108.95	1521	0.11107
607	543	32.875	-120.	108.	1521	0.11165
608	553	33.855	-120.	109.98	1521	0.11044
608	543	32.875	-120.	108.	1521	0.11165
608	569	35.206	-120.	108.91	1521	0.11108
609	553	33.855	-120.	109.98	1521	0.11044
609	569	35.206	-120.	108.91	1521	0.11108
609	571	35.614	-120.	110.21	1521	0.1103
610	553	33.855	-120.	109.98	1521	0.11044
610	571	35.614	-120.	110.21	1521	0.1103
610	562	34.168	-120.	112.14	1521	0.10916
611	553	33.855	-120.	109.98	1521	0.11044
611	562	34.168	-120.	112.14	1521	0.10916
611	544	33.06	-120.	111.67	1521	0.10943
612	569	35.206	-120.	108.91	1521	0.11108
612	543	32.875	-120.	108.	1521	0.11165
612	561	34.155	-120.	106.16	1521	0.11278
613	571	35.614	-120.	110.21	1521	0.1103
613	573	36.317	-120.	113.07	1521	0.10867
613	562	34.168	-120.	112.14	1521	0.10916
614	461	27.302	-120.	105.87	1528	0.11303
614	464	27.85	-120.	104.3	1528	0.114
614	482	29.263	-120.	106.75	1528	0.11245
615	461	27.302	-120.	105.87	1528	0.11303
615	482	29.263	-120.	106.75	1528	0.11245
615	475	28.622	-120.	107.7	1528	0.11188
616	461	27.302	-120.	105.87	1528	0.11303
616	475	28.622	-120.	107.7	1528	0.11188
616	448	26.217	-120.	106.97	1528	0.11236
617	461	27.302	-120.	105.87	1528	0.11303
617	448	26.217	-120.	106.97	1528	0.11236
617	443	25.406	-120.	105.57	1528	0.11325
618	461	27.302	-120.	105.87	1528	0.11303
618	443	25.406	-120.	105.57	1528	0.11325
618	451	26.451	-120.	103.94	1528	0.11425
619	461	27.302	-120.	105.87	1528	0.11303
619	451	26.451	-120.	103.94	1528	0.11425
619	464	27.85	-120.	104.3	1528	0.114
620	448	26.217	-120.	106.97	1528	0.11236
620	475	28.622	-120.	107.7	1528	0.11188
620	462	27.402	-120.	109.46	1528	0.11081
621	464	27.85	-120.	104.3	1528	0.114
621	499	30.485	-120.	104.97	1528	0.11355
621	482	29.263	-120.	106.75	1528	0.11245
622	451	26.451	-120.	103.94	1528	0.11425
622	443	25.406	-120.	105.57	1528	0.11325
622	432	23.847	-120.	103.3	1528	0.1147
623	353	12.589	-120.	91.638	1530	0.12008
623	340	10.786	-120.	89.228	1530	0.12011
623	357	13.535	-120.	90.005	1530	0.12015
624	321	8.0152	-120.	85.538	1530	0.11939
624	341	10.891	-120.	86.162	1530	0.1198
624	331	9.8569	-120.	87.974	1530	0.11997
625	364	14.983	-120.	87.508	1530	0.12025
625	360	14.027	-120.	89.153	1530	0.12019
625	350	12.207	-120.	86.534	1530	0.11996
626	348	11.884	-120.	88.176	1530	0.12008
626	357	13.535	-120.	90.005	1530	0.12015
626	340	10.786	-120.	89.228	1530	0.12011
627	348	11.884	-120.	88.176	1530	0.12008
627	340	10.786	-120.	89.228	1530	0.12011
627	331	9.8569	-120.	87.974	1530	0.11997
628	348	11.884	-120.	88.176	1530	0.12008
628	331	9.8569	-120.	87.974	1530	0.11997
628	341	10.891	-120.	86.162	1530	0.1198
629	348	11.884	-120.	88.176	1530	0.12008
629	341	10.891	-120.	86.162	1530	0.1198
629	350	12.207	-120.	86.534	1530	0.11996
630	348	11.884	-120.	88.176	1530	0.12008
630	350	12.207	-120.	86.534	1530	0.11996
630	360	14.027	-120.	89.153	1530	0.12019
631	348	11.884	-120.	88.176	1530	0.12008
631	360	14.027	-120.	89.153	1530	0.12019
631	357	13.535	-120.	90.005	1530	0.12015
632	371	15.86	-120.	93.118	1531	0.11973
632	374	16.06	-120.	94.294	1531	0.11945
632	378	16.533	-120.	93.457	1531	0.11963
633	363	14.571	-120.	92.538	1531	0.1199
633	353	12.589	-120.	91.638	1531	0.12008
633	365	15.169	-120.	95.872	1531	0.11911
634	363	14.571	-120.	92.538	1531	0.1199
634	365	15.169	-120.	95.872	1531	0.11911
634	374	16.06	-120.	94.294	1531	0.11945
635	363	14.571	-120.	92.538	1531	0.1199
635	374	16.06	-120.	94.294	1531	0.11945
635	371	15.86	-120.	93.118	1531	0.11973
636	363	14.571	-120.	92.538	1531	0.1199
636	371	15.86	-120.	93.118	1531	0.11973
636	361	14.21	-120.	90.302	1531	0.12014
637	363	14.571	-120.	92.538	1531	0.1199
637	361	14.21	-120.	90.302	1531	0.12014
637	357	13.535	-120.	90.005	1531	0.12015
638	363	14.571	-120.	92.538	1531	0.1199
638	357	13.535	-120.	90.005	1531	0.12015
638	353	12.589	-120.	91.638	1531	0.12008
639	368	15.507	-120.	90.901	1531	0.1201
639	364	14.983	-120.	87.508	1531	0.12025
639	381	17.43	-120.	91.87	1531	0.11996
640	368	15.507	-120.	90.901	1531	0.1201
640	381	17.43	-120.	91.87	1531	0.11996
640	378	16.533	-120.	93.457	1531	0.11963
641	368	15.507	-120.	90.901	1531	0.1201
641	378	16.533	-120.	93.457	1531	0.11963
641	371	15.86	-120.	93.118	1531	0.11973
642	368	15.507	-120.	90.901	1531	0.1201
642	371	15.86	-120.	93.118	1531	0.11973
642	361	14.21	-120.	90.302	1531	0.12014
643	368	15.507	-120.	90.901	1531	0.1201
643	361	14.21	-120.	90.302	1531	0.12014
643	360	14.027	-120.	89.153	1531	0.12019
644	368	15.507	-120.	90.901	1531	0.1201
644	360	14.027	-120.	89.153	1531	0.12019
644	364	14.983	-120.	87.508	1531	0.12025
645	361	14.21	-120.	90.302	1531	0.12014
645	360	14.027	-120.	89.153	1531	0.12019
645	357	13.535	-120.	90.005	1531	0.12015
646	432	23.847	-120.	103.3	1544	0.1147
646	444	25.409	-120.	100.72	1544	0.11619
646	407	20.921	-120.	100.05	1544	0.11672
647	449	26.403	-120.	99.043	1546	0.11709
647	468	28.095	-120.	101.35	1546	0.11577
647	444	25.409	-120.	100.72	1546	0.11619
648	501	30.617	-120.	99.84	1546	0.1166
648	536	32.209	-120.	102.31	1546	0.11515
648	489	29.49	-120.	101.66	1546	0.11557
649	472	28.556	-120.	99.8	1546	0.11665
649	501	30.617	-120.	99.84	1546	0.1166
649	489	29.49	-120.	101.66	1546	0.11557
650	472	28.556	-120.	99.8	1546	0.11665
650	489	29.49	-120.	101.66	1546	0.11557
650	468	28.095	-120.	101.35	1546	0.11577
651	472	28.556	-120.	99.8	1546	0.11665
651	468	28.095	-120.	101.35	1546	0.11577
651	449	26.403	-120.	99.043	1546	0.11709
652	472	28.556	-120.	99.8	1546	0.11665
652	449	26.403	-120.	99.043	1546	0.11709
652	459	26.924	-120.	98.172	1546	0.11754
653	472	28.556	-120.	99.8	1546	0.11665
653	459	26.924	-120.	98.172	1546	0.11754
653	496	29.807	-120.	98.737	1546	0.11721
654	472	28.556	-120.	99.8	1546	0.11665
654	496	29.807	-120.	98.737	1546	0.11721
654	501	30.617	-120.	99.84	1546	0.1166
655	466	27.921	-120.	96.479	1546	0.11837
655	496	29.807	-120.	98.737	1546	0.11721
655	459	26.924	-120.	98.172	1546	0.11754
656	428	22.931	-120.	98.116	1547	0.11763
656	423	22.388	-120.	97.593	1547	0.11789
656	419	21.882	-120.	98.448	1547	0.1175
657	433	23.908	-120.	99.146	1547	0.11708
657	449	26.403	-120.	99.043	1547	0.11709
657	444	25.409	-120.	100.72	1547	0.11619
658	433	23.908	-120.	99.146	1547	0.11708
658	444	25.409	-120.	100.72	1547	0.11619
658	407	20.921	-120.	100.05	1547	0.11672
659	433	23.908	-120.	99.146	1547	0.11708
659	407	20.921	-120.	100.05	1547	0.11672
659	419	21.882	-120.	98.448	1547	0.1175
660	433	23.908	-120.	99.146	1547	0.11708
660	419	21.882	-120.	98.448	1547	0.1175
660	428	22.931	-120.	98.116	1547	0.11763
661	433	23.908	-120.	99.146	1547	0.11708
661	428	22.931	-120.	98.116	1547	0.11763
661	447	25.899	-120.	98.502	1547	0.11738
662	433	23.908	-120.	99.146	1547	0.11708
662	447	25.899	-120.	98.502	1547	0.11738
662	449	26.403	-120.	99.043	1547	0.11709
663	459	26.924	-120.	98.172	1547	0.11754
663	447	25.899	-120.	98.502	1547	0.11738
663	449	26.403	-120.	99.043	1547	0.11709
664	442	24.902	-120.	97.473	1547	0.1179
664	466	27.921	-120.	96.479	1547	0.11837
664	431	23.352	-120.	95.976	1547	0.1186
665	442	24.902	-120.	97.473	1547	0.1179
665	431	23.352	-120.	95.976	1547	0.1186
665	423	22.388	-120.	97.593	1547	0.11789
666	442	24.902	-120.	97.473	1547	0.1179
666	423	22.388	-120.	97.593	1547	0.11789
666	428	22.931	-120.	98.116	1547	0.11763
667	442	24.902	-120.	97.473	1547	0.1179
667	428	22.931	-120.	98.116	1547	0.11763
667	447	25.899	-120.	98.502	1547	0.11738
668	442	24.902	-120.	97.473	1547	0.1179
668	447	25.899	-120.	98.502	1547	0.11738
668	459	26.924	-120.	98.172	1547	0.11754
669	442	24.902	-120.	97.473	1547	0.1179
669	459	26.924	-120.	98.172	1547	0.11754
669	466	27.921	-120.	96.479	1547	0.11837
670	395	19.847	-120.	97.24	1566	0.11817
670	418	21.882	-120.	98.448	1566	0.1175
670	391	18.828	-120.	98.263	1566	0.11778
671	395	19.847	-120.	97.24	1566	0.11817
671	391	18.828	-120.	98.263	1566	0.11778
671	382	17.516	-120.	97.31	1566	0.11832
672	395	19.847	-120.	97.24	1566	0.11817
672	382	17.516	-120.	97.31	1566	0.11832
672	389	18.369	-120.	95.895	1566	0.11883
673	395	19.847	-120.	97.24	1566	0.11817
673	389	18.369	-120.	95.895	1566	0.11883
673	402	20.101	-120.	95.931	1566	0.11871
674	395	19.847	-120.	97.24	1566	0.11817
674	402	20.101	-120.	95.931	1566	0.11871
674	422	22.388	-120.	97.593	1566	0.11789
675	395	19.847	-120.	97.24	1566	0.11817
675	422	22.388	-120.	97.593	1566	0.11789
675	418	21.882	-120.	98.448	1566	0.1175
676	389	18.369	-120.	95.895	1566	0.11883
676	382	17.516	-120.	97.31	1566	0.11832
676	365	15.169	-120.	95.872	1566	0.11911
677	418	21.882	-120.	98.448	1566	0.1175
677	407	20.921	-120.	100.05	1566	0.11672
677	391	18.828	-120.	98.263	1566	0.11778
678	422	22.388	-120.	97.593	1566	0.11789
678	402	20.101	-120.	95.931	1566	0.11871
678	431	23.352	-120.	95.976	1566	0.1186
679	439	24.656	-120.	135.59	1581	0.10354
679	479	29.242	-120.	133.19	1581	0.1032
679	456	26.843	-120.	131.8	1581	0.10314
680	460	27.061	-120.	136.97	1582	0.10387
680	479	29.242	-120.	133.19	1582	0.1032
680	439	24.656	-120.	135.59	1582	0.10354
681	539	32.274	-120.	122.15	1583	0.10452
681	491	29.497	-120.	120.69	1583	0.10511
681	478	29.04	-120.	125.04	1583	0.10382
682	556	34.028	-120.	123.11	1585	0.10423
682	539	32.274	-120.	122.15	1585	0.10452
682	560	34.106	-120.	120.25	1585	0.1052
683	570	35.354	-120.	121.36	1585	0.10482
683	556	34.028	-120.	123.11	1585	0.10423
683	560	34.106	-120.	120.25	1585	0.1052
684	570	35.354	-120.	121.36	1585	0.10482
684	560	34.106	-120.	120.25	1585	0.1052
684	568	35.062	-120.	119.27	1585	0.1056
685	570	35.354	-120.	121.36	1585	0.10482
685	568	35.062	-120.	119.27	1585	0.1056
685	577	37.01	-120.	120.28	1585	0.10526
686	570	35.354	-120.	121.36	1585	0.10482
686	577	37.01	-120.	120.28	1585	0.10526
686	576	36.972	-120.	121.65	1585	0.10478
687	570	35.354	-120.	121.36	1585	0.10482
687	576	36.972	-120.	121.65	1585	0.10478
687	566	34.943	-120.	123.6	1585	0.10411
688	570	35.354	-120.	121.36	1585	0.10482
688	566	34.943	-120.	123.6	1585	0.10411
688	556	34.028	-120.	123.11	1585	0.10423
689	577	37.01	-120.	120.28	1585	0.10526
689	568	35.062	-120.	119.27	1585	0.1056
689	575	36.909	-120.	117.34	1585	0.10649
690	576	36.972	-120.	121.65	1585	0.10478
690	574	36.709	-120.	124.58	1585	0.10393
690	566	34.943	-120.	123.6	1585	0.10411
691	524	31.758	-120.	125.71	1588	0.1036
691	503	30.725	-120.	125.95	1588	0.10357
691	519	31.619	-120.	126.45	1588	0.10346
692	552	33.712	-120.	125.26	1588	0.10369
692	565	34.943	-120.	123.6	1588	0.10411
692	574	36.709	-120.	124.58	1588	0.10393
693	552	33.712	-120.	125.26	1588	0.10369
693	574	36.709	-120.	124.58	1588	0.10393
693	549	33.314	-120.	127.38	1588	0.10332
694	552	33.712	-120.	125.26	1588	0.10369
694	549	33.314	-120.	127.38	1588	0.10332
694	519	31.619	-120.	126.45	1588	0.10346
695	552	33.712	-120.	125.26	1588	0.10369
695	519	31.619	-120.	126.45	1588	0.10346
695	524	31.758	-120.	125.71	1588	0.1036
696	552	33.712	-120.	125.26	1588	0.10369
696	524	31.758	-120.	125.71	1588	0.1036
696	554	33.93	-120.	123.84	1588	0.10403
697	552	33.712	-120.	125.26	1588	0.10369
697	554	33.93	-120.	123.84	1588	0.10403
697	565	34.943	-120.	123.6	1588	0.10411
698	557	34.028	-120.	123.11	1588	0.10423
698	554	33.93	-120.	123.84	1588	0.10403
698	565	34.943	-120.	123.6	1588	0.10411
699	530	31.959	-120.	124.3	1588	0.10391
699	539	32.274	-120.	122.15	1588	0.10452
699	478	29.04	-120.	125.04	1588	0.10382
700	530	31.959	-120.	124.3	1588	0.10391
700	478	29.04	-120.	125.04	1588	0.10382
700	503	30.725	-120.	125.95	1588	0.10357
701	530	31.959	-120.	124.3	1588	0.10391
701	503	30.725	-120.	125.95	1588	0.10357
701	524	31.758	-120.	125.71	1588	0.1036
702	530	31.959	-120.	124.3	1588	0.10391
702	524	31.758	-120.	125.71	1588	0.1036
702	554	33.93	-120.	123.84	1588	0.10403
703	530	31.959	-120.	124.3	1588	0.10391
703	554	33.93	-120.	123.84	1588	0.10403
703	557	34.028	-120.	123.11	1588	0.10423
704	530	31.959	-120.	124.3	1588	0.10391
704	557	34.028	-120.	123.11	1588	0.10423
704	539	32.274	-120.	122.15	1588	0.10452
705	549	33.314	-120.	127.38	1589	0.10332
705	572	35.883	-120.	128.81	1589	0.10324
705	574	36.709	-120.	124.58	1589	0.10393
706	495	29.794	-120.	128.1	1591	0.10326
706	470	28.397	-120.	127.71	1591	0.10336
706	502	30.725	-120.	125.95	1591	0.10357
707	495	29.794	-120.	128.1	1591	0.10326
707	502	30.725	-120.	125.95	1591	0.10357
707	520	31.619	-120.	126.45	1591	0.10346
708	495	29.794	-120.	128.1	1591	0.10326
708	520	31.619	-120.	126.45	1591	0.10346
708	505	30.745	-120.	129.14	1591	0.10314
709	495	29.794	-120.	128.1	1591	0.10326
709	505	30.745	-120.	129.14	1591	0.10314
709	485	29.384	-120.	130.08	1591	0.1031
710	495	29.794	-120.	128.1	1591	0.10326
710	485	29.384	-120.	130.08	1591	0.1031
710	465	27.896	-120.	129.26	1591	0.10321
711	495	29.794	-120.	128.1	1591	0.10326
711	465	27.896	-120.	129.26	1591	0.10321
711	470	28.397	-120.	127.71	1591	0.10336
712	505	30.745	-120.	129.14	1591	0.10314
712	520	31.619	-120.	126.45	1591	0.10346
712	549	33.314	-120.	127.38	1591	0.10332
713	470	28.397	-120.	127.71	1591	0.10336
713	478	29.04	-120.	125.04	1591	0.10382
713	502	30.725	-120.	125.95	1591	0.10357
714	465	27.896	-120.	129.26	1591	0.10321
714	485	29.384	-120.	130.08	1591	0.1031
714	456	26.843	-120.	131.8	1591	0.10314
715	500	30.508	-120.	129.85	1592	0.1031
715	504	30.745	-120.	129.14	1592	0.10314
715	484	29.384	-120.	130.08	1592	0.1031
716	540	32.636	-120.	129.42	1592	0.10313
716	572	35.883	-120.	128.81	1592	0.10324
716	549	33.314	-120.	127.38	1592	0.10332
717	540	32.636	-120.	129.42	1592	0.10313
717	549	33.314	-120.	127.38	1592	0.10332
717	504	30.745	-120.	129.14	1592	0.10314
718	540	32.636	-120.	129.42	1592	0.10313
718	504	30.745	-120.	129.14	1592	0.10314
718	500	30.508	-120.	129.85	1592	0.1031
719	540	32.636	-120.	129.42	1592	0.10313
719	500	30.508	-120.	129.85	1592	0.1031
719	531	32.136	-120.	130.77	1592	0.10309
720	540	32.636	-120.	129.42	1592	0.10313
720	531	32.136	-120.	130.77	1592	0.10309
720	547	33.229	-120.	130.57	1592	0.10311
721	540	32.636	-120.	129.42	1592	0.10313
721	547	33.229	-120.	130.57	1592	0.10311
721	572	35.883	-120.	128.81	1592	0.10324
722	497	29.996	-120.	131.19	1592	0.10309
722	479	29.242	-120.	133.19	1592	0.1032
722	456	26.843	-120.	131.8	1592	0.10314
723	497	29.996	-120.	131.19	1592	0.10309
723	456	26.843	-120.	131.8	1592	0.10314
723	484	29.384	-120.	130.08	1592	0.1031
724	497	29.996	-120.	131.19	1592	0.10309
724	484	29.384	-120.	130.08	1592	0.1031
724	500	30.508	-120.	129.85	1592	0.1031
725	497	29.996	-120.	131.19	1592	0.10309
725	500	30.508	-120.	129.85	1592	0.1031
725	531	32.136	-120.	130.77	1592	0.10309
726	497	29.996	-120.	131.19	1592	0.10309
726	531	32.136	-120.	130.77	1592	0.10309
726	525	31.866	-120.	131.46	1592	0.1031
727	497	29.996	-120.	131.19	1592	0.10309
727	525	31.866	-120.	131.46	1592	0.1031
727	479	29.242	-120.	133.19	1592	0.1032
728	531	32.136	-120.	130.77	1592	0.10309
728	525	31.866	-120.	131.46	1592	0.1031
728	547	33.229	-120.	130.57	1592	0.10311
729	494	29.577	-120.	107.44	1594	0.11203
729	481	29.263	-120.	106.75	1594	0.11245
729	474	28.622	-120.	107.7	1594	0.11188
730	517	31.382	-120.	106.93	1594	0.11232
730	561	34.155	-120.	106.16	1594	0.11278
730	499	30.485	-120.	104.97	1594	0.11355
731	517	31.382	-120.	106.93	1594	0.11232
731	499	30.485	-120.	104.97	1594	0.11355
731	481	29.263	-120.	106.75	1594	0.11245
732	517	31.382	-120.	106.93	1594	0.11232
732	481	29.263	-120.	106.75	1594	0.11245
732	494	29.577	-120.	107.44	1594	0.11203
733	517	31.382	-120.	106.93	1594	0.11232
733	494	29.577	-120.	107.44	1594	0.11203
733	529	31.935	-120.	108.26	1594	0.1115
734	517	31.382	-120.	106.93	1594	0.11232
734	529	31.935	-120.	108.26	1594	0.1115
734	542	32.875	-120.	108.	1594	0.11165
735	517	31.382	-120.	106.93	1594	0.11232
735	542	32.875	-120.	108.	1594	0.11165
735	561	34.155	-120.	106.16	1594	0.11278
736	498	30.113	-120.	108.76	1594	0.11121
736	511	30.932	-120.	110.76	1594	0.10998
736	462	27.402	-120.	109.46	1594	0.11081
737	498	30.113	-120.	108.76	1594	0.11121
737	462	27.402	-120.	109.46	1594	0.11081
737	474	28.622	-120.	107.7	1594	0.11188
738	498	30.113	-120.	108.76	1594	0.11121
738	474	28.622	-120.	107.7	1594	0.11188
738	494	29.577	-120.	107.44	1594	0.11203
739	498	30.113	-120.	108.76	1594	0.11121
739	494	29.577	-120.	107.44	1594	0.11203
739	529	31.935	-120.	108.26	1594	0.1115
740	498	30.113	-120.	108.76	1594	0.11121
740	529	31.935	-120.	108.26	1594	0.1115
740	534	32.207	-120.	108.95	1594	0.11107
741	498	30.113	-120.	108.76	1594	0.11121
741	534	32.207	-120.	108.95	1594	0.11107
741	511	30.932	-120.	110.76	1594	0.10998
742	529	31.935	-120.	108.26	1594	0.1115
742	534	32.207	-120.	108.95	1594	0.11107
742	542	32.875	-120.	108.	1594	0.11165
743	477	28.754	-120.	113.62	1595	0.10839
743	511	30.932	-120.	110.76	1595	0.10998
743	462	27.402	-120.	109.46	1595	0.11081
744	561	34.155	-120.	106.16	1598	0.11278
744	536	32.209	-120.	102.31	1598	0.11515
744	499	30.485	-120.	104.97	1598	0.11355
745	107	-23.785	-120.	100.93	1649	0.12667
745	110	-23.545	-120.	96.143	1649	0.12464
745	73	-26.285	-120.	99.47	1649	0.12616
746	136	-21.358	-120.	102.37	1650	0.12711
746	130	-21.726	-120.	101.28	1650	0.12677
746	123	-22.197	-120.	101.87	1650	0.12696
747	133	-21.51	-120.	98.163	1650	0.12557
747	138	-21.019	-120.	97.611	1650	0.12531
747	125	-21.878	-120.	97.108	1650	0.12508
748	119	-22.44	-120.	99.25	1650	0.12604
748	123	-22.197	-120.	101.87	1650	0.12696
748	107	-23.785	-120.	100.93	1650	0.12667
749	119	-22.44	-120.	99.25	1650	0.12604
749	107	-23.785	-120.	100.93	1650	0.12667
749	110	-23.545	-120.	96.143	1650	0.12464
750	119	-22.44	-120.	99.25	1650	0.12604
750	110	-23.545	-120.	96.143	1650	0.12464
750	125	-21.878	-120.	97.108	1650	0.12508
751	119	-22.44	-120.	99.25	1650	0.12604
751	125	-21.878	-120.	97.108	1650	0.12508
751	133	-21.51	-120.	98.163	1650	0.12557
752	119	-22.44	-120.	99.25	1650	0.12604
752	133	-21.51	-120.	98.163	1650	0.12557
752	130	-21.726	-120.	101.28	1650	0.12677
753	119	-22.44	-120.	99.25	1650	0.12604
753	130	-21.726	-120.	101.28	1650	0.12677
753	123	-22.197	-120.	101.87	1650	0.12696
754	140	-20.794	-120.	100.22	1650	0.1264
754	138	-21.019	-120.	97.611	1650	0.12531
754	153	-19.369	-120.	98.573	1650	0.12573
755	140	-20.794	-120.	100.22	1650	0.1264
755	153	-19.369	-120.	98.573	1650	0.12573
755	151	-19.781	-120.	103.3	1650	0.12737
756	140	-20.794	-120.	100.22	1650	0.1264
756	151	-19.781	-120.	103.3	1650	0.12737
756	136	-21.358	-120.	102.37	1650	0.12711
757	140	-20.794	-120.	100.22	1650	0.1264
757	136	-21.358	-120.	102.37	1650	0.12711
757	130	-21.726	-120.	101.28	1650	0.12677
758	140	-20.794	-120.	100.22	1650	0.1264
758	130	-21.726	-120.	101.28	1650	0.12677
758	133	-21.51	-120.	98.163	1650	0.12557
759	140	-20.794	-120.	100.22	1650	0.1264
759	133	-21.51	-120.	98.163	1650	0.12557
759	138	-21.019	-120.	97.611	1650	0.12531
760	171	-16.855	-120.	100.05	1654	0.1264
760	153	-19.369	-120.	98.573	1654	0.12573
760	151	-19.781	-120.	103.3	1654	0.12737
761	221	-8.7706	-120.	146.81	1667	0.11077
761	229	-7.1945	-120.	148.83	1667	0.11059
761	217	-9.7773	-120.	147.68	1667	0.11077
762	221	-8.7706	-120.	146.81	1667	0.11077
762	217	-9.7773	-120.	147.68	1667	0.11077
762	212	-10.674	-120.	146.2	1667	0.11102
763	221	-8.7706	-120.	146.81	1667	0.11077
763	212	-10.674	-120.	146.2	1667	0.11102
763	215	-9.8754	-120.	144.75	1667	0.11119
764	221	-8.7706	-120.	146.81	1667	0.11077
764	215	-9.8754	-120.	144.75	1667	0.11119
764	224	-8.3944	-120.	145.41	1667	0.11086
765	221	-8.7706	-120.	146.81	1667	0.11077
765	224	-8.3944	-120.	145.41	1667	0.11086
765	233	-6.7075	-120.	147.97	1667	0.11054
766	221	-8.7706	-120.	146.81	1667	0.11077
766	233	-6.7075	-120.	147.97	1667	0.11054
766	229	-7.1945	-120.	148.83	1667	0.11059
767	215	-9.8754	-120.	144.75	1667	0.11119
767	212	-10.674	-120.	146.2	1667	0.11102
767	197	-12.295	-120.	143.44	1667	0.11183
768	229	-7.1945	-120.	148.83	1667	0.11059
768	226	-8.113	-120.	150.47	1667	0.11065
768	217	-9.7773	-120.	147.68	1667	0.11077
769	233	-6.7075	-120.	147.97	1667	0.11054
769	224	-8.3944	-120.	145.41	1667	0.11086
769	240	-5.7995	-120.	146.33	1667	0.11041
770	486	29.388	-120.	135.79	1726	0.1036
770	479	29.242	-120.	133.19	1726	0.1032
770	460	27.061	-120.	136.97	1726	0.10387
771	486	29.388	-120.	135.79	1726	0.1036
771	460	27.061	-120.	136.97	1726	0.10387
771	476	28.693	-120.	137.9	1726	0.10411
772	486	29.388	-120.	135.79	1726	0.1036
772	476	28.693	-120.	137.9	1726	0.10411
772	492	29.517	-120.	137.53	1726	0.10401
773	486	29.388	-120.	135.79	1726	0.1036
773	492	29.517	-120.	137.53	1726	0.10401
773	512	30.952	-120.	135.04	1726	0.10346
774	486	29.388	-120.	135.79	1726	0.1036
774	512	30.952	-120.	135.04	1726	0.10346
774	509	30.864	-120.	134.14	1726	0.10332
775	486	29.388	-120.	135.79	1726	0.1036
775	509	30.864	-120.	134.14	1726	0.10332
775	479	29.242	-120.	133.19	1726	0.1032
776	513	31.043	-120.	136.75	1726	0.10381
776	550	33.344	-120.	135.59	1726	0.10358
776	514	31.189	-120.	139.32	1726	0.10455
777	513	31.043	-120.	136.75	1726	0.10381
777	514	31.189	-120.	139.32	1726	0.10455
777	493	29.543	-120.	138.38	1726	0.10425
778	513	31.043	-120.	136.75	1726	0.10381
778	493	29.543	-120.	138.38	1726	0.10425
778	492	29.517	-120.	137.53	1726	0.10401
779	513	31.043	-120.	136.75	1726	0.10381
779	492	29.517	-120.	137.53	1726	0.10401
779	512	30.952	-120.	135.04	1726	0.10346
780	513	31.043	-120.	136.75	1726	0.10381
780	512	30.952	-120.	135.04	1726	0.10346
780	521	31.71	-120.	134.63	1726	0.1034
781	513	31.043	-120.	136.75	1726	0.10381
781	521	31.71	-120.	134.63	1726	0.1034
781	550	33.344	-120.	135.59	1726	0.10358
782	492	29.517	-120.	137.53	1726	0.10401
782	476	28.693	-120.	137.9	1726	0.10411
782	493	29.543	-120.	138.38	1726	0.10425
783	512	30.952	-120.	135.04	1726	0.10346
783	521	31.71	-120.	134.63	1726	0.1034
783	509	30.864	-120.	134.14	1726	0.10332
784	476	28.693	-120.	137.9	1744	0.10411
784	458	26.876	-120.	140.1	1744	0.10484
784	460	27.061	-120.	136.97	1744	0.10387
785	473	28.593	-120.	142.76	1744	0.10589
785	452	26.586	-120.	144.91	1744	0.10695
785	454	26.788	-120.	141.73	1744	0.10547
786	469	28.326	-120.	140.43	1744	0.10495
786	473	28.593	-120.	142.76	1744	0.10589
786	454	26.788	-120.	141.73	1744	0.10547
787	469	28.326	-120.	140.43	1744	0.10495
787	454	26.788	-120.	141.73	1744	0.10547
787	458	26.876	-120.	140.1	1744	0.10484
788	469	28.326	-120.	140.43	1744	0.10495
788	458	26.876	-120.	140.1	1744	0.10484
788	476	28.693	-120.	137.9	1744	0.10411
789	469	28.326	-120.	140.43	1744	0.10495
789	476	28.693	-120.	137.9	1744	0.10411
789	493	29.543	-120.	138.38	1744	0.10425
790	469	28.326	-120.	140.43	1744	0.10495
790	493	29.543	-120.	138.38	1744	0.10425
790	488	29.463	-120.	141.7	1744	0.10544
791	469	28.326	-120.	140.43	1744	0.10495
791	488	29.463	-120.	141.7	1744	0.10544
791	473	28.593	-120.	142.76	1744	0.10589
792	514	31.189	-120.	139.32	1744	0.10455
792	488	29.463	-120.	141.7	1744	0.10544
792	493	29.543	-120.	138.38	1744	0.10425
793	390	18.671	-120.	94.527	1810	0.11926
793	388	18.369	-120.	95.895	1810	0.11883
793	373	16.06	-120.	94.294	1810	0.11945
794	390	18.671	-120.	94.527	1810	0.11926
794	373	16.06	-120.	94.294	1810	0.11945
794	377	16.533	-120.	93.457	1810	0.11963
795	390	18.671	-120.	94.527	1810	0.11926
795	377	16.533	-120.	93.457	1810	0.11963
795	397	19.897	-120.	93.386	1810	0.11958
796	390	18.671	-120.	94.527	1810	0.11926
796	397	19.897	-120.	93.386	1810	0.11958
796	409	21.067	-120.	94.197	1810	0.11931
797	390	18.671	-120.	94.527	1810	0.11926
797	409	21.067	-120.	94.197	1810	0.11931
797	401	20.101	-120.	95.931	1810	0.11871
798	390	18.671	-120.	94.527	1810	0.11926
798	401	20.101	-120.	95.931	1810	0.11871
798	388	18.369	-120.	95.895	1810	0.11883
799	397	19.897	-120.	93.386	1810	0.11958
799	377	16.533	-120.	93.457	1810	0.11963
799	381	17.43	-120.	91.87	1810	0.11996
800	388	18.369	-120.	95.895	1810	0.11883
800	365	15.169	-120.	95.872	1810	0.11911
800	373	16.06	-120.	94.294	1810	0.11945
801	401	20.101	-120.	95.931	1810	0.11871
801	409	21.067	-120.	94.197	1810	0.11931
801	431	23.352	-120.	95.976	1810	0.1186
802	406	20.74	-120.	93.354	1811	0.11959
802	398	19.897	-120.	93.386	1811	0.11958
802	410	21.067	-120.	94.197	1811	0.11931
803	400	20.015	-120.	91.744	1811	0.12002
803	392	18.881	-120.	89.348	1811	0.12043
803	381	17.43	-120.	91.87	1811	0.11996
804	400	20.015	-120.	91.744	1811	0.12002
804	381	17.43	-120.	91.87	1811	0.11996
804	398	19.897	-120.	93.386	1811	0.11958
805	400	20.015	-120.	91.744	1811	0.12002
805	398	19.897	-120.	93.386	1811	0.11958
805	406	20.74	-120.	93.354	1811	0.11959
806	400	20.015	-120.	91.744	1811	0.12002
806	406	20.74	-120.	93.354	1811	0.11959
806	416	21.743	-120.	91.638	1811	0.12009
807	400	20.015	-120.	91.744	1811	0.12002
807	416	21.743	-120.	91.638	1811	0.12009
807	412	21.398	-120.	90.871	1811	0.12027
808	400	20.015	-120.	91.744	1811	0.12002
808	412	21.398	-120.	90.871	1811	0.12027
808	392	18.881	-120.	89.348	1811	0.12043
809	421	22.376	-120.	93.382	1811	0.11958
809	441	24.832	-120.	93.474	1811	0.11961
809	431	23.352	-120.	95.976	1811	0.1186
810	421	22.376	-120.	93.382	1811	0.11958
810	431	23.352	-120.	95.976	1811	0.1186
810	410	21.067	-120.	94.197	1811	0.11931
811	421	22.376	-120.	93.382	1811	0.11958
811	410	21.067	-120.	94.197	1811	0.11931
811	406	20.74	-120.	93.354	1811	0.11959
812	421	22.376	-120.	93.382	1811	0.11958
812	406	20.74	-120.	93.354	1811	0.11959
812	416	21.743	-120.	91.638	1811	0.12009
813	421	22.376	-120.	93.382	1811	0.11958
813	416	21.743	-120.	91.638	1811	0.12009
813	426	22.522	-120.	91.651	1811	0.12012
814	421	22.376	-120.	93.382	1811	0.11958
814	426	22.522	-120.	91.651	1811	0.12012
814	441	24.832	-120.	93.474	1811	0.11961
815	416	21.743	-120.	91.638	1811	0.12009
815	426	22.522	-120.	91.651	1811	0.12012
815	412	21.398	-120.	90.871	1811	0.12027
