小面	点	X坐标 (mm)	Y坐标 (mm)	Z坐标 (mm)	单元数	定向变形 (mm)
0	256	-2.9777	-120.	149.89	577	0.10352
0	268	-1.0913	-120.	151.9	577	0.10359
0	252	-3.9312	-120.	151.58	577	0.10358
1	288	1.8045	-120.	154.98	577	0.1037
1	267	-1.1343	-120.	154.83	577	0.10369
1	276	-0.11815	-120.	152.95	577	0.10363
2	243	-5.3928	-120.	154.18	577	0.10366
2	248	-4.4252	-120.	152.47	577	0.1036
2	259	-2.4941	-120.	154.68	577	0.10368
3	261	-2.1991	-120.	153.07	577	0.10363
3	252	-3.9312	-120.	151.58	577	0.10358
3	268	-1.0913	-120.	151.9	577	0.10359
4	261	-2.1991	-120.	153.07	577	0.10363
4	268	-1.0913	-120.	151.9	577	0.10359
4	276	-0.11815	-120.	152.95	577	0.10363
5	261	-2.1991	-120.	153.07	577	0.10363
5	276	-0.11815	-120.	152.95	577	0.10363
5	267	-1.1343	-120.	154.83	577	0.10369
6	261	-2.1991	-120.	153.07	577	0.10363
6	267	-1.1343	-120.	154.83	577	0.10369
6	259	-2.4941	-120.	154.68	577	0.10368
7	261	-2.1991	-120.	153.07	577	0.10363
7	259	-2.4941	-120.	154.68	577	0.10368
7	248	-4.4252	-120.	152.47	577	0.1036
8	261	-2.1991	-120.	153.07	577	0.10363
8	248	-4.4252	-120.	152.47	577	0.1036
8	252	-3.9312	-120.	151.58	577	0.10358
9	526	31.866	-120.	131.46	610	0.1035
9	510	30.864	-120.	134.14	610	0.10344
9	479	29.242	-120.	133.19	610	0.10345
10	564	34.544	-120.	132.9	610	0.10347
10	550	33.344	-120.	135.59	610	0.10341
10	522	31.71	-120.	134.63	610	0.10343
11	541	32.873	-120.	132.56	610	0.10347
11	564	34.544	-120.	132.9	610	0.10347
11	522	31.71	-120.	134.63	610	0.10343
12	541	32.873	-120.	132.56	610	0.10347
12	522	31.71	-120.	134.63	610	0.10343
12	510	30.864	-120.	134.14	610	0.10344
13	541	32.873	-120.	132.56	610	0.10347
13	510	30.864	-120.	134.14	610	0.10344
13	526	31.866	-120.	131.46	610	0.1035
14	541	32.873	-120.	132.56	610	0.10347
14	526	31.866	-120.	131.46	610	0.1035
14	546	33.229	-120.	130.57	610	0.10353
15	541	32.873	-120.	132.56	610	0.10347
15	546	33.229	-120.	130.57	610	0.10353
15	567	35.024	-120.	131.62	610	0.1035
16	541	32.873	-120.	132.56	610	0.10347
16	567	35.024	-120.	131.62	610	0.1035
16	564	34.544	-120.	132.9	610	0.10347
17	572	35.883	-120.	128.81	610	0.10358
17	567	35.024	-120.	131.62	610	0.1035
17	546	33.229	-120.	130.57	610	0.10353
18	109	-23.556	-120.	106.6	619	0.10478
18	124	-22.151	-120.	106.97	619	0.10477
18	98	-24.934	-120.	108.56	619	0.10472
19	109	-23.556	-120.	106.6	619	0.10478
19	98	-24.934	-120.	108.56	619	0.10472
19	83	-25.781	-120.	108.08	619	0.10473
20	109	-23.556	-120.	106.6	619	0.10478
20	83	-25.781	-120.	108.08	619	0.10473
20	104	-24.368	-120.	105.63	619	0.1048
21	109	-23.556	-120.	106.6	619	0.10478
21	104	-24.368	-120.	105.63	619	0.1048
21	117	-22.763	-120.	104.8	619	0.10483
22	109	-23.556	-120.	106.6	619	0.10478
22	117	-22.763	-120.	104.8	619	0.10483
22	137	-21.34	-120.	105.57	619	0.10481
23	109	-23.556	-120.	106.6	619	0.10478
23	137	-21.34	-120.	105.57	619	0.10481
23	124	-22.151	-120.	106.97	619	0.10477
24	104	-24.368	-120.	105.63	619	0.1048
24	83	-25.781	-120.	108.08	619	0.10473
24	55	-27.388	-120.	107.17	619	0.10476
25	124	-22.151	-120.	106.97	619	0.10477
25	112	-23.336	-120.	109.46	619	0.10469
25	98	-24.934	-120.	108.56	619	0.10472
26	137	-21.34	-120.	105.57	619	0.10481
26	117	-22.763	-120.	104.8	619	0.10483
26	151	-19.781	-120.	103.3	619	0.10486
27	153	-19.369	-120.	98.573	622	0.1049
27	139	-21.019	-120.	97.611	622	0.1049
27	155	-18.865	-120.	95.735	622	0.10489
28	110	-23.545	-120.	96.143	622	0.1049
28	134	-21.451	-120.	94.077	622	0.10487
28	126	-21.878	-120.	97.108	622	0.1049
29	165	-18.085	-120.	91.387	622	0.10481
29	161	-18.611	-120.	94.262	622	0.10487
29	144	-20.419	-120.	93.178	622	0.10486
30	145	-20.374	-120.	95.329	622	0.10489
30	155	-18.865	-120.	95.735	622	0.10489
30	139	-21.019	-120.	97.611	622	0.1049
31	145	-20.374	-120.	95.329	622	0.10489
31	139	-21.019	-120.	97.611	622	0.1049
31	126	-21.878	-120.	97.108	622	0.1049
32	145	-20.374	-120.	95.329	622	0.10489
32	126	-21.878	-120.	97.108	622	0.1049
32	134	-21.451	-120.	94.077	622	0.10487
33	145	-20.374	-120.	95.329	622	0.10489
33	134	-21.451	-120.	94.077	622	0.10487
33	144	-20.419	-120.	93.178	622	0.10486
34	145	-20.374	-120.	95.329	622	0.10489
34	144	-20.419	-120.	93.178	622	0.10486
34	161	-18.611	-120.	94.262	622	0.10487
35	145	-20.374	-120.	95.329	622	0.10489
35	161	-18.611	-120.	94.262	622	0.10487
35	155	-18.865	-120.	95.735	622	0.10489
36	285	1.3031	-120.	89.681	635	0.10474
36	275	-0.15357	-120.	92.615	635	0.10486
36	300	4.2195	-120.	92.615	635	0.10485
37	80	-26.056	-120.	108.78	712	0.10471
37	97	-24.934	-120.	108.56	712	0.10472
37	82	-25.781	-120.	108.08	712	0.10473
38	43	-28.173	-120.	109.18	712	0.1047
38	23	-29.748	-120.	110.74	712	0.10464
38	7	-31.417	-120.	109.78	712	0.10467
39	43	-28.173	-120.	109.18	712	0.1047
39	7	-31.417	-120.	109.78	712	0.10467
39	55	-27.388	-120.	107.17	712	0.10476
40	43	-28.173	-120.	109.18	712	0.1047
40	55	-27.388	-120.	107.17	712	0.10476
40	82	-25.781	-120.	108.08	712	0.10473
41	43	-28.173	-120.	109.18	712	0.1047
41	82	-25.781	-120.	108.08	712	0.10473
41	80	-26.056	-120.	108.78	712	0.10471
42	43	-28.173	-120.	109.18	712	0.1047
42	80	-26.056	-120.	108.78	712	0.10471
42	36	-28.65	-120.	110.53	712	0.10465
43	43	-28.173	-120.	109.18	712	0.1047
43	36	-28.65	-120.	110.53	712	0.10465
43	23	-29.748	-120.	110.74	712	0.10464
44	32	-28.882	-120.	111.23	712	0.10462
44	36	-28.65	-120.	110.53	712	0.10465
44	23	-29.748	-120.	110.74	712	0.10464
45	68	-26.514	-120.	110.12	712	0.10467
45	61	-27.224	-120.	112.18	712	0.10459
45	112	-23.336	-120.	109.46	712	0.10469
46	68	-26.514	-120.	110.12	712	0.10467
46	112	-23.336	-120.	109.46	712	0.10469
46	97	-24.934	-120.	108.56	712	0.10472
47	68	-26.514	-120.	110.12	712	0.10467
47	97	-24.934	-120.	108.56	712	0.10472
47	80	-26.056	-120.	108.78	712	0.10471
48	68	-26.514	-120.	110.12	712	0.10467
48	80	-26.056	-120.	108.78	712	0.10471
48	36	-28.65	-120.	110.53	712	0.10465
49	68	-26.514	-120.	110.12	712	0.10467
49	36	-28.65	-120.	110.53	712	0.10465
49	32	-28.882	-120.	111.23	712	0.10462
50	68	-26.514	-120.	110.12	712	0.10467
50	32	-28.882	-120.	111.23	712	0.10462
50	61	-27.224	-120.	112.18	712	0.10459
51	241	-5.7764	-120.	90.758	716	0.10478
51	235	-6.5008	-120.	90.968	716	0.10479
51	237	-6.2516	-120.	91.919	716	0.10482
52	225	-8.3372	-120.	89.613	716	0.10474
52	223	-8.5933	-120.	88.683	716	0.1047
52	220	-9.0374	-120.	89.857	716	0.10474
53	227	-7.8565	-120.	91.427	716	0.1048
53	237	-6.2516	-120.	91.919	716	0.10482
53	231	-7.1082	-120.	94.093	716	0.10489
54	227	-7.8565	-120.	91.427	716	0.1048
54	231	-7.1082	-120.	94.093	716	0.10489
54	214	-9.904	-120.	92.112	716	0.10482
55	227	-7.8565	-120.	91.427	716	0.1048
55	214	-9.904	-120.	92.112	716	0.10482
55	220	-9.0374	-120.	89.857	716	0.10474
56	227	-7.8565	-120.	91.427	716	0.1048
56	220	-9.0374	-120.	89.857	716	0.10474
56	225	-8.3372	-120.	89.613	716	0.10474
57	227	-7.8565	-120.	91.427	716	0.1048
57	225	-8.3372	-120.	89.613	716	0.10474
57	235	-6.5008	-120.	90.968	716	0.10479
58	227	-7.8565	-120.	91.427	716	0.1048
58	235	-6.5008	-120.	90.968	716	0.10479
58	237	-6.2516	-120.	91.919	716	0.10482
59	232	-6.9679	-120.	89.165	716	0.10472
59	223	-8.5933	-120.	88.683	716	0.1047
59	228	-7.7041	-120.	86.405	716	0.10461
60	232	-6.9679	-120.	89.165	716	0.10472
60	228	-7.7041	-120.	86.405	716	0.10461
60	245	-4.8957	-120.	88.564	716	0.10469
61	232	-6.9679	-120.	89.165	716	0.10472
61	245	-4.8957	-120.	88.564	716	0.10469
61	241	-5.7764	-120.	90.758	716	0.10478
62	232	-6.9679	-120.	89.165	716	0.10472
62	241	-5.7764	-120.	90.758	716	0.10478
62	235	-6.5008	-120.	90.968	716	0.10479
63	232	-6.9679	-120.	89.165	716	0.10472
63	235	-6.5008	-120.	90.968	716	0.10479
63	225	-8.3372	-120.	89.613	716	0.10474
64	232	-6.9679	-120.	89.165	716	0.10472
64	225	-8.3372	-120.	89.613	716	0.10474
64	223	-8.5933	-120.	88.683	716	0.1047
65	177	-15.833	-120.	140.87	735	0.10348
65	169	-17.251	-120.	143.32	735	0.10347
65	197	-12.295	-120.	143.44	735	0.10345
66	1	-32.805	-120.	116.88	751	0.10439
66	0	-32.924	-120.	121.19	751	0.10419
66	16	-30.093	-120.	118.32	751	0.10432
67	226	-8.113	-120.	150.47	765	0.10354
67	218	-9.54	-120.	153.01	765	0.1036
67	243	-5.3928	-120.	154.18	765	0.10366
68	250	-4.0658	-120.	91.691	802	0.10482
68	263	-2.0045	-120.	91.016	802	0.10479
68	257	-2.8829	-120.	92.974	802	0.10487
69	250	-4.0658	-120.	91.691	802	0.10482
69	257	-2.8829	-120.	92.974	802	0.10487
69	247	-4.4686	-120.	93.311	802	0.10488
70	250	-4.0658	-120.	91.691	802	0.10482
70	247	-4.4686	-120.	93.311	802	0.10488
70	238	-6.2516	-120.	91.919	802	0.10482
71	250	-4.0658	-120.	91.691	802	0.10482
71	238	-6.2516	-120.	91.919	802	0.10482
71	242	-5.7764	-120.	90.758	802	0.10478
72	250	-4.0658	-120.	91.691	802	0.10482
72	242	-5.7764	-120.	90.758	802	0.10478
72	254	-3.011	-120.	90.17	802	0.10476
73	250	-4.0658	-120.	91.691	802	0.10482
73	254	-3.011	-120.	90.17	802	0.10476
73	263	-2.0045	-120.	91.016	802	0.10479
74	238	-6.2516	-120.	91.919	802	0.10482
74	247	-4.4686	-120.	93.311	802	0.10488
74	231	-7.1082	-120.	94.093	802	0.10489
75	263	-2.0045	-120.	91.016	802	0.10479
75	275	-0.15357	-120.	92.615	802	0.10486
75	257	-2.8829	-120.	92.974	802	0.10487
76	254	-3.011	-120.	90.17	802	0.10476
76	242	-5.7764	-120.	90.758	802	0.10478
76	245	-4.8957	-120.	88.564	802	0.10469
77	353	12.589	-120.	91.638	810	0.10478
77	343	11.174	-120.	94.093	810	0.10484
77	365	15.169	-120.	95.872	810	0.10483
78	427	22.928	-120.	139.99	840	0.10337
78	413	21.536	-120.	141.87	840	0.10337
78	420	21.895	-120.	138.97	840	0.10336
79	427	22.928	-120.	139.99	840	0.10337
79	420	21.895	-120.	138.97	840	0.10336
79	429	22.98	-120.	137.77	840	0.10338
80	427	22.928	-120.	139.99	840	0.10337
80	429	22.98	-120.	137.77	840	0.10338
80	437	24.441	-120.	138.64	840	0.10337
81	427	22.928	-120.	139.99	840	0.10337
81	437	24.441	-120.	138.64	840	0.10337
81	435	24.303	-120.	140.3	840	0.10337
82	427	22.928	-120.	139.99	840	0.10337
82	435	24.303	-120.	140.3	840	0.10337
82	424	22.411	-120.	142.4	840	0.10337
83	427	22.928	-120.	139.99	840	0.10337
83	424	22.411	-120.	142.4	840	0.10337
83	413	21.536	-120.	141.87	840	0.10337
84	437	24.441	-120.	138.64	840	0.10337
84	429	22.98	-120.	137.77	840	0.10338
84	439	24.656	-120.	135.59	840	0.1034
85	413	21.536	-120.	141.87	840	0.10337
85	399	19.899	-120.	140.87	840	0.10336
85	420	21.895	-120.	138.97	840	0.10336
86	424	22.411	-120.	142.4	840	0.10337
86	435	24.303	-120.	140.3	840	0.10337
86	434	24.064	-120.	143.4	840	0.10338
87	240	-5.7995	-120.	146.33	842	0.10344
87	256	-2.9777	-120.	149.89	842	0.10352
87	265	-1.522	-120.	147.24	842	0.10344
88	35	-28.656	-120.	129.72	857	0.10381
88	6	-31.929	-120.	128.36	857	0.10387
88	10	-30.643	-120.	132.48	857	0.10371
89	152	-19.63	-120.	147.46	858	0.10347
89	175	-16.089	-120.	149.92	858	0.10351
89	181	-14.63	-120.	147.4	858	0.10348
90	214	-9.904	-120.	92.112	861	0.10482
90	206	-11.103	-120.	95.872	861	0.10491
90	231	-7.1082	-120.	94.093	861	0.10489
91	56	-27.376	-120.	127.13	865	0.10392
91	63	-27.196	-120.	127.86	865	0.10389
91	70	-26.429	-120.	126.87	865	0.10393
92	31	-29.171	-120.	127.62	865	0.1039
92	6	-31.929	-120.	128.36	865	0.10387
92	35	-28.656	-120.	129.72	865	0.10381
93	31	-29.171	-120.	127.62	865	0.1039
93	35	-28.656	-120.	129.72	865	0.10381
93	63	-27.196	-120.	127.86	865	0.10389
94	31	-29.171	-120.	127.62	865	0.1039
94	63	-27.196	-120.	127.86	865	0.10389
94	56	-27.376	-120.	127.13	865	0.10392
95	31	-29.171	-120.	127.62	865	0.1039
95	56	-27.376	-120.	127.13	865	0.10392
95	28	-29.468	-120.	126.21	865	0.10396
96	31	-29.171	-120.	127.62	865	0.1039
96	28	-29.468	-120.	126.21	865	0.10396
96	15	-30.401	-120.	126.46	865	0.10395
97	31	-29.171	-120.	127.62	865	0.1039
97	15	-30.401	-120.	126.46	865	0.10395
97	6	-31.929	-120.	128.36	865	0.10387
98	52	-27.657	-120.	125.72	865	0.10398
98	44	-28.087	-120.	123.61	865	0.10408
98	96	-24.974	-120.	125.04	865	0.10401
99	52	-27.657	-120.	125.72	865	0.10398
99	96	-24.974	-120.	125.04	865	0.10401
99	70	-26.429	-120.	126.87	865	0.10393
100	52	-27.657	-120.	125.72	865	0.10398
100	70	-26.429	-120.	126.87	865	0.10393
100	56	-27.376	-120.	127.13	865	0.10392
101	52	-27.657	-120.	125.72	865	0.10398
101	56	-27.376	-120.	127.13	865	0.10392
101	28	-29.468	-120.	126.21	865	0.10396
102	52	-27.657	-120.	125.72	865	0.10398
102	28	-29.468	-120.	126.21	865	0.10396
102	25	-29.607	-120.	125.48	865	0.10399
103	52	-27.657	-120.	125.72	865	0.10398
103	25	-29.607	-120.	125.48	865	0.10399
103	44	-28.087	-120.	123.61	865	0.10408
104	28	-29.468	-120.	126.21	865	0.10396
104	25	-29.607	-120.	125.48	865	0.10399
104	15	-30.401	-120.	126.46	865	0.10395
105	44	-28.087	-120.	123.61	867	0.10408
105	24	-29.607	-120.	125.48	867	0.10399
105	19	-29.999	-120.	122.65	867	0.10412
106	6	-31.929	-120.	128.36	867	0.10387
106	3	-32.513	-120.	125.48	867	0.104
106	14	-30.401	-120.	126.46	867	0.10395
107	0	-32.924	-120.	121.19	867	0.10419
107	9	-30.996	-120.	122.16	867	0.10415
107	2	-32.701	-120.	124.13	867	0.10406
108	8	-31.036	-120.	124.39	867	0.10404
108	19	-29.999	-120.	122.65	867	0.10412
108	24	-29.607	-120.	125.48	867	0.10399
109	8	-31.036	-120.	124.39	867	0.10404
109	24	-29.607	-120.	125.48	867	0.10399
109	14	-30.401	-120.	126.46	867	0.10395
110	8	-31.036	-120.	124.39	867	0.10404
110	14	-30.401	-120.	126.46	867	0.10395
110	3	-32.513	-120.	125.48	867	0.104
111	8	-31.036	-120.	124.39	867	0.10404
111	3	-32.513	-120.	125.48	867	0.104
111	2	-32.701	-120.	124.13	867	0.10406
112	8	-31.036	-120.	124.39	867	0.10404
112	2	-32.701	-120.	124.13	867	0.10406
112	9	-30.996	-120.	122.16	867	0.10415
113	8	-31.036	-120.	124.39	867	0.10404
113	9	-30.996	-120.	122.16	867	0.10415
113	19	-29.999	-120.	122.65	867	0.10412
114	204	-11.69	-120.	149.52	879	0.10352
114	208	-10.796	-120.	149.39	879	0.10352
114	199	-12.084	-120.	148.78	879	0.1035
115	207	-10.848	-120.	150.93	879	0.10355
115	218	-9.54	-120.	153.01	879	0.1036
115	226	-8.113	-120.	150.47	879	0.10354
116	207	-10.848	-120.	150.93	879	0.10355
116	226	-8.113	-120.	150.47	879	0.10354
116	208	-10.796	-120.	149.39	879	0.10352
117	207	-10.848	-120.	150.93	879	0.10355
117	208	-10.796	-120.	149.39	879	0.10352
117	204	-11.69	-120.	149.52	879	0.10352
118	207	-10.848	-120.	150.93	879	0.10355
118	204	-11.69	-120.	149.52	879	0.10352
118	194	-12.675	-120.	151.25	879	0.10355
119	207	-10.848	-120.	150.93	879	0.10355
119	194	-12.675	-120.	151.25	879	0.10355
119	198	-12.273	-120.	151.92	879	0.10357
120	207	-10.848	-120.	150.93	879	0.10355
120	198	-12.273	-120.	151.92	879	0.10357
120	218	-9.54	-120.	153.01	879	0.1036
121	190	-13.446	-120.	149.7	879	0.10352
121	175	-16.089	-120.	149.92	879	0.10351
121	181	-14.63	-120.	147.4	879	0.10348
122	190	-13.446	-120.	149.7	879	0.10352
122	181	-14.63	-120.	147.4	879	0.10348
122	199	-12.084	-120.	148.78	879	0.1035
123	190	-13.446	-120.	149.7	879	0.10352
123	199	-12.084	-120.	148.78	879	0.1035
123	204	-11.69	-120.	149.52	879	0.10352
124	190	-13.446	-120.	149.7	879	0.10352
124	204	-11.69	-120.	149.52	879	0.10352
124	194	-12.675	-120.	151.25	879	0.10355
125	190	-13.446	-120.	149.7	879	0.10352
125	194	-12.675	-120.	151.25	879	0.10355
125	188	-13.511	-120.	151.33	879	0.10355
126	190	-13.446	-120.	149.7	879	0.10352
126	188	-13.511	-120.	151.33	879	0.10355
126	175	-16.089	-120.	149.92	879	0.10351
127	194	-12.675	-120.	151.25	879	0.10355
127	188	-13.511	-120.	151.33	879	0.10355
127	198	-12.273	-120.	151.92	879	0.10357
128	463	27.448	-120.	103.66	890	0.10464
128	451	26.451	-120.	103.94	890	0.10464
128	464	27.85	-120.	104.3	890	0.10462
129	453	26.629	-120.	102.49	890	0.10468
129	444	25.409	-120.	100.72	890	0.10473
129	432	23.847	-120.	103.3	890	0.10466
130	453	26.629	-120.	102.49	890	0.10468
130	432	23.847	-120.	103.3	890	0.10466
130	451	26.451	-120.	103.94	890	0.10464
131	453	26.629	-120.	102.49	890	0.10468
131	451	26.451	-120.	103.94	890	0.10464
131	463	27.448	-120.	103.66	890	0.10464
132	453	26.629	-120.	102.49	890	0.10468
132	463	27.448	-120.	103.66	890	0.10464
132	471	28.524	-120.	101.95	890	0.10469
133	453	26.629	-120.	102.49	890	0.10468
133	471	28.524	-120.	101.95	890	0.10469
133	467	28.095	-120.	101.35	890	0.10471
134	453	26.629	-120.	102.49	890	0.10468
134	467	28.095	-120.	101.35	890	0.10471
134	444	25.409	-120.	100.72	890	0.10473
135	483	29.334	-120.	103.14	890	0.10466
135	536	32.209	-120.	102.31	890	0.10468
135	499	30.485	-120.	104.97	890	0.1046
136	483	29.334	-120.	103.14	890	0.10466
136	499	30.485	-120.	104.97	890	0.1046
136	464	27.85	-120.	104.3	890	0.10462
137	483	29.334	-120.	103.14	890	0.10466
137	464	27.85	-120.	104.3	890	0.10462
137	463	27.448	-120.	103.66	890	0.10464
138	483	29.334	-120.	103.14	890	0.10466
138	463	27.448	-120.	103.66	890	0.10464
138	471	28.524	-120.	101.95	890	0.10469
139	483	29.334	-120.	103.14	890	0.10466
139	471	28.524	-120.	101.95	890	0.10469
139	490	29.49	-120.	101.66	890	0.1047
140	483	29.334	-120.	103.14	890	0.10466
140	490	29.49	-120.	101.66	890	0.1047
140	536	32.209	-120.	102.31	890	0.10468
141	471	28.524	-120.	101.95	890	0.10469
141	490	29.49	-120.	101.66	890	0.1047
141	467	28.095	-120.	101.35	890	0.10471
142	50	-27.848	-120.	115.7	894	0.10444
142	45	-27.948	-120.	116.45	894	0.10441
142	65	-26.814	-120.	115.45	894	0.10445
143	53	-27.595	-120.	114.29	894	0.1045
143	29	-29.43	-120.	114.03	894	0.10451
143	61	-27.224	-120.	112.18	894	0.10459
144	53	-27.595	-120.	114.29	894	0.1045
144	61	-27.224	-120.	112.18	894	0.10459
144	100	-24.688	-120.	113.62	894	0.10453
145	53	-27.595	-120.	114.29	894	0.1045
145	100	-24.688	-120.	113.62	894	0.10453
145	65	-26.814	-120.	115.45	894	0.10445
146	53	-27.595	-120.	114.29	894	0.1045
146	65	-26.814	-120.	115.45	894	0.10445
146	50	-27.848	-120.	115.7	894	0.10444
147	53	-27.595	-120.	114.29	894	0.1045
147	50	-27.848	-120.	115.7	894	0.10444
147	26	-29.567	-120.	114.76	894	0.10448
148	53	-27.595	-120.	114.29	894	0.1045
148	26	-29.567	-120.	114.76	894	0.10448
148	29	-29.43	-120.	114.03	894	0.10451
149	12	-30.578	-120.	114.99	894	0.10447
149	26	-29.567	-120.	114.76	894	0.10448
149	29	-29.43	-120.	114.03	894	0.10451
150	21	-29.807	-120.	116.19	894	0.10442
150	1	-32.805	-120.	116.88	894	0.10439
150	16	-30.093	-120.	118.32	894	0.10432
151	21	-29.807	-120.	116.19	894	0.10442
151	16	-30.093	-120.	118.32	894	0.10432
151	45	-27.948	-120.	116.45	894	0.10441
152	21	-29.807	-120.	116.19	894	0.10442
152	45	-27.948	-120.	116.45	894	0.10441
152	50	-27.848	-120.	115.7	894	0.10444
153	21	-29.807	-120.	116.19	894	0.10442
153	50	-27.848	-120.	115.7	894	0.10444
153	26	-29.567	-120.	114.76	894	0.10448
154	21	-29.807	-120.	116.19	894	0.10442
154	26	-29.567	-120.	114.76	894	0.10448
154	12	-30.578	-120.	114.99	894	0.10447
155	21	-29.807	-120.	116.19	894	0.10442
155	12	-30.578	-120.	114.99	894	0.10447
155	1	-32.805	-120.	116.88	894	0.10439
156	40	-28.243	-120.	120.02	900	0.10424
156	59	-27.268	-120.	119.76	900	0.10426
156	38	-28.244	-120.	119.26	900	0.10428
157	42	-28.178	-120.	121.44	900	0.10418
157	44	-28.087	-120.	123.61	900	0.10408
157	88	-25.431	-120.	120.69	900	0.10421
158	42	-28.178	-120.	121.44	900	0.10418
158	88	-25.431	-120.	120.69	900	0.10421
158	59	-27.268	-120.	119.76	900	0.10426
159	42	-28.178	-120.	121.44	900	0.10418
159	59	-27.268	-120.	119.76	900	0.10426
159	40	-28.243	-120.	120.02	900	0.10424
160	42	-28.178	-120.	121.44	900	0.10418
160	40	-28.243	-120.	120.02	900	0.10424
160	18	-30.04	-120.	121.91	900	0.10416
161	42	-28.178	-120.	121.44	900	0.10418
161	18	-30.04	-120.	121.91	900	0.10416
161	19	-29.999	-120.	122.65	900	0.10412
162	42	-28.178	-120.	121.44	900	0.10418
162	19	-29.999	-120.	122.65	900	0.10412
162	44	-28.087	-120.	123.61	900	0.10408
163	17	-30.09	-120.	120.48	900	0.10422
163	0	-32.924	-120.	121.19	900	0.10419
163	16	-30.093	-120.	118.32	900	0.10432
164	17	-30.09	-120.	120.48	900	0.10422
164	16	-30.093	-120.	118.32	900	0.10432
164	38	-28.244	-120.	119.26	900	0.10428
165	17	-30.09	-120.	120.48	900	0.10422
165	38	-28.244	-120.	119.26	900	0.10428
165	40	-28.243	-120.	120.02	900	0.10424
166	17	-30.09	-120.	120.48	900	0.10422
166	40	-28.243	-120.	120.02	900	0.10424
166	18	-30.04	-120.	121.91	900	0.10416
167	17	-30.09	-120.	120.48	900	0.10422
167	18	-30.04	-120.	121.91	900	0.10416
167	9	-30.996	-120.	122.16	900	0.10415
168	17	-30.09	-120.	120.48	900	0.10422
168	9	-30.996	-120.	122.16	900	0.10415
168	0	-32.924	-120.	121.19	900	0.10419
169	18	-30.04	-120.	121.91	900	0.10416
169	9	-30.996	-120.	122.16	900	0.10415
169	19	-29.999	-120.	122.65	900	0.10412
170	101	-24.589	-120.	134.53	905	0.10364
170	143	-20.59	-120.	135.59	905	0.1036
170	115	-22.777	-120.	131.8	905	0.10373
171	236	-6.4699	-120.	149.04	910	0.10351
171	234	-6.7075	-120.	147.97	910	0.10348
171	230	-7.1945	-120.	148.83	910	0.1035
172	239	-6.0411	-120.	151.07	910	0.10356
172	249	-4.4252	-120.	152.47	910	0.1036
172	243	-5.3928	-120.	154.18	910	0.10366
173	239	-6.0411	-120.	151.07	910	0.10356
173	243	-5.3928	-120.	154.18	910	0.10366
173	226	-8.113	-120.	150.47	910	0.10354
174	239	-6.0411	-120.	151.07	910	0.10356
174	226	-8.113	-120.	150.47	910	0.10354
174	230	-7.1945	-120.	148.83	910	0.1035
175	239	-6.0411	-120.	151.07	910	0.10356
175	230	-7.1945	-120.	148.83	910	0.1035
175	236	-6.4699	-120.	149.04	910	0.10351
176	239	-6.0411	-120.	151.07	910	0.10356
176	236	-6.4699	-120.	149.04	910	0.10351
176	246	-4.6513	-120.	151.42	910	0.10357
177	239	-6.0411	-120.	151.07	910	0.10356
177	246	-4.6513	-120.	151.42	910	0.10357
177	249	-4.4252	-120.	152.47	910	0.1036
178	251	-3.9312	-120.	151.58	910	0.10358
178	246	-4.6513	-120.	151.42	910	0.10357
178	249	-4.4252	-120.	152.47	910	0.1036
179	244	-5.0895	-120.	149.37	910	0.10351
179	256	-2.9777	-120.	149.89	910	0.10352
179	240	-5.7995	-120.	146.33	910	0.10344
180	244	-5.0895	-120.	149.37	910	0.10351
180	240	-5.7995	-120.	146.33	910	0.10344
180	234	-6.7075	-120.	147.97	910	0.10348
181	244	-5.0895	-120.	149.37	910	0.10351
181	234	-6.7075	-120.	147.97	910	0.10348
181	236	-6.4699	-120.	149.04	910	0.10351
182	244	-5.0895	-120.	149.37	910	0.10351
182	236	-6.4699	-120.	149.04	910	0.10351
182	246	-4.6513	-120.	151.42	910	0.10357
183	244	-5.0895	-120.	149.37	910	0.10351
183	246	-4.6513	-120.	151.42	910	0.10357
183	251	-3.9312	-120.	151.58	910	0.10358
184	244	-5.0895	-120.	149.37	910	0.10351
184	251	-3.9312	-120.	151.58	910	0.10358
184	256	-2.9777	-120.	149.89	910	0.10352
185	304	4.9242	-120.	150.14	912	0.10353
185	302	4.6741	-120.	149.18	912	0.10349
185	299	4.1731	-120.	150.21	912	0.10353
186	312	6.3385	-120.	149.94	912	0.10352
186	323	8.4836	-120.	149.65	912	0.10351
186	308	5.588	-120.	147.24	912	0.10342
187	312	6.3385	-120.	149.94	912	0.10352
187	308	5.588	-120.	147.24	912	0.10342
187	302	4.6741	-120.	149.18	912	0.10349
188	312	6.3385	-120.	149.94	912	0.10352
188	302	4.6741	-120.	149.18	912	0.10349
188	304	4.9242	-120.	150.14	912	0.10353
189	312	6.3385	-120.	149.94	912	0.10352
189	304	4.9242	-120.	150.14	912	0.10353
189	314	6.814	-120.	151.77	912	0.10359
190	312	6.3385	-120.	149.94	912	0.10352
190	314	6.814	-120.	151.77	912	0.10359
190	320	7.5469	-120.	151.66	912	0.10358
191	312	6.3385	-120.	149.94	912	0.10352
191	320	7.5469	-120.	151.66	912	0.10358
191	323	8.4836	-120.	149.65	912	0.10351
192	307	5.3872	-120.	151.95	912	0.10359
192	311	6.1077	-120.	154.74	912	0.10369
192	296	3.2389	-120.	152.16	912	0.1036
193	307	5.3872	-120.	151.95	912	0.10359
193	296	3.2389	-120.	152.16	912	0.1036
193	299	4.1731	-120.	150.21	912	0.10353
194	307	5.3872	-120.	151.95	912	0.10359
194	299	4.1731	-120.	150.21	912	0.10353
194	304	4.9242	-120.	150.14	912	0.10353
195	307	5.3872	-120.	151.95	912	0.10359
195	304	4.9242	-120.	150.14	912	0.10353
195	314	6.814	-120.	151.77	912	0.10359
196	307	5.3872	-120.	151.95	912	0.10359
196	314	6.814	-120.	151.77	912	0.10359
196	316	7.065	-120.	152.71	912	0.10362
197	307	5.3872	-120.	151.95	912	0.10359
197	316	7.065	-120.	152.71	912	0.10362
197	311	6.1077	-120.	154.74	912	0.10369
198	314	6.814	-120.	151.77	912	0.10359
198	316	7.065	-120.	152.71	912	0.10362
198	320	7.5469	-120.	151.66	912	0.10358
199	387	18.289	-120.	147.65	935	0.10345
199	393	19.016	-120.	145.11	935	0.1034
199	405	20.723	-120.	146.15	935	0.10342
200	396	19.872	-120.	148.18	935	0.10346
200	387	18.289	-120.	147.65	935	0.10345
200	405	20.723	-120.	146.15	935	0.10342
201	396	19.872	-120.	148.18	935	0.10346
201	405	20.723	-120.	146.15	935	0.10342
201	415	21.609	-120.	146.7	935	0.10343
202	396	19.872	-120.	148.18	935	0.10346
202	415	21.609	-120.	146.7	935	0.10343
202	408	20.929	-120.	149.43	935	0.10349
203	396	19.872	-120.	148.18	935	0.10346
203	408	20.929	-120.	149.43	935	0.10349
203	394	19.764	-120.	150.15	935	0.10351
204	396	19.872	-120.	148.18	935	0.10346
204	394	19.764	-120.	150.15	935	0.10351
204	385	17.918	-120.	148.97	935	0.10349
205	396	19.872	-120.	148.18	935	0.10346
205	385	17.918	-120.	148.97	935	0.10349
205	387	18.289	-120.	147.65	935	0.10345
206	408	20.929	-120.	149.43	935	0.10349
206	415	21.609	-120.	146.7	935	0.10343
206	430	23.336	-120.	147.74	935	0.10345
207	394	19.764	-120.	150.15	935	0.10351
207	380	17.167	-120.	151.53	935	0.10356
207	385	17.918	-120.	148.97	935	0.10349
208	291	2.4319	-120.	148.95	938	0.10348
208	299	4.1731	-120.	150.21	938	0.10353
208	287	1.3459	-120.	150.21	938	0.10353
209	291	2.4319	-120.	148.95	938	0.10348
209	287	1.3459	-120.	150.21	938	0.10353
209	279	0.33219	-120.	149.18	938	0.1035
210	291	2.4319	-120.	148.95	938	0.10348
210	279	0.33219	-120.	149.18	938	0.1035
210	284	1.2224	-120.	147.46	938	0.10343
211	291	2.4319	-120.	148.95	938	0.10348
211	284	1.2224	-120.	147.46	938	0.10343
211	294	2.8435	-120.	147.46	938	0.10343
212	291	2.4319	-120.	148.95	938	0.10348
212	294	2.8435	-120.	147.46	938	0.10343
212	302	4.6741	-120.	149.18	938	0.10349
213	291	2.4319	-120.	148.95	938	0.10348
213	302	4.6741	-120.	149.18	938	0.10349
213	299	4.1731	-120.	150.21	938	0.10353
214	284	1.2224	-120.	147.46	938	0.10343
214	279	0.33219	-120.	149.18	938	0.1035
214	265	-1.522	-120.	147.24	938	0.10344
215	299	4.1731	-120.	150.21	938	0.10353
215	296	3.2389	-120.	152.16	938	0.1036
215	287	1.3459	-120.	150.21	938	0.10353
216	302	4.6741	-120.	149.18	938	0.10349
216	294	2.8435	-120.	147.46	938	0.10343
216	308	5.588	-120.	147.24	938	0.10342
217	335	10.335	-120.	151.03	942	0.10356
217	319	7.5469	-120.	151.66	942	0.10358
217	323	8.4836	-120.	149.65	942	0.10351
218	326	9.0131	-120.	154.27	942	0.10367
218	311	6.1077	-120.	154.74	942	0.10369
218	317	7.065	-120.	152.71	942	0.10362
219	328	9.2669	-120.	152.57	942	0.10361
219	326	9.0131	-120.	154.27	942	0.10367
219	317	7.065	-120.	152.71	942	0.10362
220	328	9.2669	-120.	152.57	942	0.10361
220	317	7.065	-120.	152.71	942	0.10362
220	319	7.5469	-120.	151.66	942	0.10358
221	328	9.2669	-120.	152.57	942	0.10361
221	319	7.5469	-120.	151.66	942	0.10358
221	335	10.335	-120.	151.03	942	0.10356
222	328	9.2669	-120.	152.57	942	0.10361
222	335	10.335	-120.	151.03	942	0.10356
222	344	11.293	-120.	151.76	942	0.10358
223	328	9.2669	-120.	152.57	942	0.10361
223	344	11.293	-120.	151.76	942	0.10358
223	336	10.348	-120.	153.98	942	0.10366
224	328	9.2669	-120.	152.57	942	0.10361
224	336	10.348	-120.	153.98	942	0.10366
224	326	9.0131	-120.	154.27	942	0.10367
225	356	13.174	-120.	153.16	942	0.10363
225	336	10.348	-120.	153.98	942	0.10366
225	344	11.293	-120.	151.76	942	0.10358
226	219	-9.0374	-120.	89.857	965	0.10474
226	214	-9.904	-120.	92.112	965	0.10482
226	205	-11.685	-120.	90.932	965	0.10478
227	210	-10.696	-120.	89.164	965	0.10472
227	219	-9.0374	-120.	89.857	965	0.10474
227	205	-11.685	-120.	90.932	965	0.10478
228	210	-10.696	-120.	89.164	965	0.10472
228	205	-11.685	-120.	90.932	965	0.10478
228	195	-12.608	-120.	90.314	965	0.10477
229	210	-10.696	-120.	89.164	965	0.10472
229	195	-12.608	-120.	90.314	965	0.10477
229	202	-11.761	-120.	87.856	965	0.10468
230	210	-10.696	-120.	89.164	965	0.10472
230	202	-11.761	-120.	87.856	965	0.10468
230	213	-10.493	-120.	87.342	965	0.10466
231	210	-10.696	-120.	89.164	965	0.10472
231	213	-10.493	-120.	87.342	965	0.10466
231	222	-8.5933	-120.	88.683	965	0.1047
232	210	-10.696	-120.	89.164	965	0.10472
232	222	-8.5933	-120.	88.683	965	0.1047
232	219	-9.0374	-120.	89.857	965	0.10474
233	202	-11.761	-120.	87.856	965	0.10468
233	195	-12.608	-120.	90.314	965	0.10477
233	183	-14.413	-120.	89.13	965	0.10474
234	213	-10.493	-120.	87.342	965	0.10466
234	228	-7.7041	-120.	86.405	965	0.10461
234	222	-8.5933	-120.	88.683	965	0.1047
235	193	-12.821	-120.	94.742	966	0.10488
235	192	-13.091	-120.	93.772	966	0.10486
235	185	-13.745	-120.	94.149	966	0.10487
236	196	-12.345	-120.	91.267	966	0.10479
236	205	-11.685	-120.	90.932	966	0.10478
236	195	-12.608	-120.	90.314	966	0.10477
237	187	-13.615	-120.	91.942	966	0.10481
237	185	-13.745	-120.	94.149	966	0.10487
237	178	-15.485	-120.	93.018	966	0.10484
238	187	-13.615	-120.	91.942	966	0.10481
238	178	-15.485	-120.	93.018	966	0.10484
238	183	-14.413	-120.	89.13	966	0.10474
239	187	-13.615	-120.	91.942	966	0.10481
239	183	-14.413	-120.	89.13	966	0.10474
239	195	-12.608	-120.	90.314	966	0.10477
240	187	-13.615	-120.	91.942	966	0.10481
240	195	-12.608	-120.	90.314	966	0.10477
240	196	-12.345	-120.	91.267	966	0.10479
241	187	-13.615	-120.	91.942	966	0.10481
241	196	-12.345	-120.	91.267	966	0.10479
241	192	-13.091	-120.	93.772	966	0.10486
242	187	-13.615	-120.	91.942	966	0.10481
242	192	-13.091	-120.	93.772	966	0.10486
242	185	-13.745	-120.	94.149	966	0.10487
243	201	-11.825	-120.	93.116	966	0.10485
243	205	-11.685	-120.	90.932	966	0.10478
243	214	-9.904	-120.	92.112	966	0.10482
244	201	-11.825	-120.	93.116	966	0.10485
244	214	-9.904	-120.	92.112	966	0.10482
244	206	-11.103	-120.	95.872	966	0.10491
245	201	-11.825	-120.	93.116	966	0.10485
245	206	-11.103	-120.	95.872	966	0.10491
245	193	-12.821	-120.	94.742	966	0.10488
246	201	-11.825	-120.	93.116	966	0.10485
246	193	-12.821	-120.	94.742	966	0.10488
246	192	-13.091	-120.	93.772	966	0.10486
247	201	-11.825	-120.	93.116	966	0.10485
247	192	-13.091	-120.	93.772	966	0.10486
247	196	-12.345	-120.	91.267	966	0.10479
248	201	-11.825	-120.	93.116	966	0.10485
248	196	-12.345	-120.	91.267	966	0.10479
248	205	-11.685	-120.	90.932	966	0.10478
249	281	0.59341	-120.	150.18	972	0.10353
249	286	1.3459	-120.	150.21	972	0.10353
249	278	0.33219	-120.	149.18	972	0.1035
250	283	1.0853	-120.	152.07	972	0.1036
250	288	1.8045	-120.	154.98	972	0.1037
250	296	3.2389	-120.	152.16	972	0.1036
251	283	1.0853	-120.	152.07	972	0.1036
251	296	3.2389	-120.	152.16	972	0.1036
251	286	1.3459	-120.	150.21	972	0.10353
252	283	1.0853	-120.	152.07	972	0.1036
252	286	1.3459	-120.	150.21	972	0.10353
252	281	0.59341	-120.	150.18	972	0.10353
253	283	1.0853	-120.	152.07	972	0.1036
253	281	0.59341	-120.	150.18	972	0.10353
253	274	-0.353	-120.	151.97	972	0.10359
254	283	1.0853	-120.	152.07	972	0.1036
254	274	-0.353	-120.	151.97	972	0.10359
254	277	-0.11815	-120.	152.95	972	0.10363
255	283	1.0853	-120.	152.07	972	0.1036
255	277	-0.11815	-120.	152.95	972	0.10363
255	288	1.8045	-120.	154.98	972	0.1037
256	271	-0.83641	-120.	150.06	972	0.10353
256	256	-2.9777	-120.	149.89	972	0.10352
256	265	-1.522	-120.	147.24	972	0.10344
257	271	-0.83641	-120.	150.06	972	0.10353
257	265	-1.522	-120.	147.24	972	0.10344
257	278	0.33219	-120.	149.18	972	0.1035
258	271	-0.83641	-120.	150.06	972	0.10353
258	278	0.33219	-120.	149.18	972	0.1035
258	281	0.59341	-120.	150.18	972	0.10353
259	271	-0.83641	-120.	150.06	972	0.10353
259	281	0.59341	-120.	150.18	972	0.10353
259	274	-0.353	-120.	151.97	972	0.10359
260	271	-0.83641	-120.	150.06	972	0.10353
260	274	-0.353	-120.	151.97	972	0.10359
260	269	-1.0913	-120.	151.9	972	0.10359
261	271	-0.83641	-120.	150.06	972	0.10353
261	269	-1.0913	-120.	151.9	972	0.10359
261	256	-2.9777	-120.	149.89	972	0.10352
262	274	-0.353	-120.	151.97	972	0.10359
262	269	-1.0913	-120.	151.9	972	0.10359
262	277	-0.11815	-120.	152.95	972	0.10363
263	57	-27.373	-120.	138.94	975	0.10353
263	99	-24.821	-120.	142.41	975	0.10347
263	113	-23.261	-120.	139.86	975	0.10351
264	318	7.3448	-120.	91.56	976	0.10479
264	329	9.39	-120.	91.764	976	0.10479
264	324	8.5345	-120.	93.311	976	0.10484
265	318	7.3448	-120.	91.56	976	0.10479
265	324	8.5345	-120.	93.311	976	0.10484
265	315	6.9488	-120.	92.974	976	0.10484
266	318	7.3448	-120.	91.56	976	0.10479
266	315	6.9488	-120.	92.974	976	0.10484
266	306	5.1429	-120.	90.861	976	0.10478
267	318	7.3448	-120.	91.56	976	0.10479
267	306	5.1429	-120.	90.861	976	0.10478
267	310	5.6436	-120.	89.931	976	0.10474
268	318	7.3448	-120.	91.56	976	0.10479
268	310	5.6436	-120.	89.931	976	0.10474
268	322	8.4091	-120.	90.519	976	0.10476
269	318	7.3448	-120.	91.56	976	0.10479
269	322	8.4091	-120.	90.519	976	0.10476
269	329	9.39	-120.	91.764	976	0.10479
270	306	5.1429	-120.	90.861	976	0.10478
270	315	6.9488	-120.	92.974	976	0.10484
270	300	4.2195	-120.	92.615	976	0.10485
271	329	9.39	-120.	91.764	976	0.10479
271	343	11.174	-120.	94.093	976	0.10484
271	324	8.5345	-120.	93.311	976	0.10484
272	322	8.4091	-120.	90.519	976	0.10476
272	310	5.6436	-120.	89.931	976	0.10474
272	313	6.5826	-120.	88.167	976	0.10468
273	260	-2.2653	-120.	90.059	979	0.10475
273	255	-3.011	-120.	90.17	979	0.10476
273	262	-2.0045	-120.	91.016	979	0.10479
274	270	-0.84033	-120.	89.911	979	0.10475
274	272	-0.59171	-120.	88.013	979	0.10467
274	285	1.3031	-120.	89.681	979	0.10474
275	270	-0.84033	-120.	89.911	979	0.10475
275	285	1.3031	-120.	89.681	979	0.10474
275	275	-0.15357	-120.	92.615	979	0.10486
276	270	-0.84033	-120.	89.911	979	0.10475
276	275	-0.15357	-120.	92.615	979	0.10486
276	262	-2.0045	-120.	91.016	979	0.10479
277	270	-0.84033	-120.	89.911	979	0.10475
277	262	-2.0045	-120.	91.016	979	0.10479
277	260	-2.2653	-120.	90.059	979	0.10475
278	270	-0.84033	-120.	89.911	979	0.10475
278	260	-2.2653	-120.	90.059	979	0.10475
278	266	-1.3299	-120.	88.083	979	0.10467
279	270	-0.84033	-120.	89.911	979	0.10475
279	266	-1.3299	-120.	88.083	979	0.10467
279	272	-0.59171	-120.	88.013	979	0.10467
280	264	-1.5709	-120.	87.142	979	0.10463
280	266	-1.3299	-120.	88.083	979	0.10467
280	272	-0.59171	-120.	88.013	979	0.10467
281	258	-2.7619	-120.	88.247	979	0.10468
281	253	-3.4987	-120.	85.463	979	0.10456
281	245	-4.8957	-120.	88.564	979	0.10469
282	258	-2.7619	-120.	88.247	979	0.10468
282	245	-4.8957	-120.	88.564	979	0.10469
282	255	-3.011	-120.	90.17	979	0.10476
283	258	-2.7619	-120.	88.247	979	0.10468
283	255	-3.011	-120.	90.17	979	0.10476
283	260	-2.2653	-120.	90.059	979	0.10475
284	258	-2.7619	-120.	88.247	979	0.10468
284	260	-2.2653	-120.	90.059	979	0.10475
284	266	-1.3299	-120.	88.083	979	0.10467
285	258	-2.7619	-120.	88.247	979	0.10468
285	266	-1.3299	-120.	88.083	979	0.10467
285	264	-1.5709	-120.	87.142	979	0.10463
286	258	-2.7619	-120.	88.247	979	0.10468
286	264	-1.5709	-120.	87.142	979	0.10463
286	253	-3.4987	-120.	85.463	979	0.10456
287	309	5.6436	-120.	89.931	984	0.10474
287	303	4.8924	-120.	89.862	984	0.10474
287	305	5.1429	-120.	90.861	984	0.10478
288	295	3.0008	-120.	87.884	984	0.10466
288	293	2.7559	-120.	86.903	984	0.10462
288	289	2.2612	-120.	87.855	984	0.10466
289	297	3.47	-120.	89.793	984	0.10474
289	305	5.1429	-120.	90.861	984	0.10478
289	300	4.2195	-120.	92.615	984	0.10485
290	297	3.47	-120.	89.793	984	0.10474
290	300	4.2195	-120.	92.615	984	0.10485
290	285	1.3031	-120.	89.681	984	0.10474
291	297	3.47	-120.	89.793	984	0.10474
291	285	1.3031	-120.	89.681	984	0.10474
291	289	2.2612	-120.	87.855	984	0.10466
292	297	3.47	-120.	89.793	984	0.10474
292	289	2.2612	-120.	87.855	984	0.10466
292	295	3.0008	-120.	87.884	984	0.10466
293	297	3.47	-120.	89.793	984	0.10474
293	295	3.0008	-120.	87.884	984	0.10466
293	303	4.8924	-120.	89.862	984	0.10474
294	297	3.47	-120.	89.793	984	0.10474
294	303	4.8924	-120.	89.862	984	0.10474
294	305	5.1429	-120.	90.861	984	0.10478
295	301	4.4345	-120.	87.969	984	0.10467
295	293	2.7559	-120.	86.903	984	0.10462
295	298	3.7317	-120.	85.064	984	0.10455
296	301	4.4345	-120.	87.969	984	0.10467
296	298	3.7317	-120.	85.064	984	0.10455
296	313	6.5826	-120.	88.167	984	0.10468
297	301	4.4345	-120.	87.969	984	0.10467
297	313	6.5826	-120.	88.167	984	0.10468
297	309	5.6436	-120.	89.931	984	0.10474
298	301	4.4345	-120.	87.969	984	0.10467
298	309	5.6436	-120.	89.931	984	0.10474
298	303	4.8924	-120.	89.862	984	0.10474
299	301	4.4345	-120.	87.969	984	0.10467
299	303	4.8924	-120.	89.862	984	0.10474
299	295	3.0008	-120.	87.884	984	0.10466
300	301	4.4345	-120.	87.969	984	0.10467
300	295	3.0008	-120.	87.884	984	0.10466
300	293	2.7559	-120.	86.903	984	0.10462
301	182	-14.524	-120.	96.261	995	0.1049
301	176	-16.032	-120.	95.811	995	0.10489
301	185	-13.745	-120.	94.149	995	0.10487
302	182	-14.524	-120.	96.261	995	0.1049
302	185	-13.745	-120.	94.149	995	0.10487
302	193	-12.821	-120.	94.742	995	0.10488
303	182	-14.524	-120.	96.261	995	0.1049
303	193	-12.821	-120.	94.742	995	0.10488
303	189	-13.45	-120.	97.31	995	0.10492
304	182	-14.524	-120.	96.261	995	0.1049
304	189	-13.45	-120.	97.31	995	0.10492
304	180	-14.762	-120.	98.263	995	0.10492
305	182	-14.524	-120.	96.261	995	0.1049
305	180	-14.762	-120.	98.263	995	0.10492
305	174	-16.334	-120.	97.294	995	0.1049
306	182	-14.524	-120.	96.261	995	0.1049
306	174	-16.334	-120.	97.294	995	0.1049
306	176	-16.032	-120.	95.811	995	0.10489
307	189	-13.45	-120.	97.31	995	0.10492
307	193	-12.821	-120.	94.742	995	0.10488
307	206	-11.103	-120.	95.872	995	0.10491
308	176	-16.032	-120.	95.811	995	0.10489
308	178	-15.485	-120.	93.018	995	0.10484
308	185	-13.745	-120.	94.149	995	0.10487
309	174	-16.334	-120.	97.294	995	0.1049
309	180	-14.762	-120.	98.263	995	0.10492
309	171	-16.855	-120.	100.05	995	0.10491
310	253	-3.4987	-120.	85.463	996	0.10456
310	228	-7.7041	-120.	86.405	996	0.10461
310	245	-4.8957	-120.	88.564	996	0.10469
311	169	-17.251	-120.	143.32	997	0.10347
311	163	-18.192	-120.	144.96	997	0.10347
311	148	-20.24	-120.	142.97	997	0.10347
312	152	-19.63	-120.	147.46	997	0.10347
312	127	-21.862	-120.	145.54	997	0.10346
312	159	-18.684	-120.	145.81	997	0.10347
313	99	-24.821	-120.	142.41	997	0.10347
313	129	-21.791	-120.	142.79	997	0.10347
313	114	-22.843	-120.	144.59	997	0.10346
314	142	-20.602	-120.	144.44	997	0.10347
314	148	-20.24	-120.	142.97	997	0.10347
314	163	-18.192	-120.	144.96	997	0.10347
315	142	-20.602	-120.	144.44	997	0.10347
315	163	-18.192	-120.	144.96	997	0.10347
315	159	-18.684	-120.	145.81	997	0.10347
316	142	-20.602	-120.	144.44	997	0.10347
316	159	-18.684	-120.	145.81	997	0.10347
316	127	-21.862	-120.	145.54	997	0.10346
317	142	-20.602	-120.	144.44	997	0.10347
317	127	-21.862	-120.	145.54	997	0.10346
317	114	-22.843	-120.	144.59	997	0.10346
318	142	-20.602	-120.	144.44	997	0.10347
318	114	-22.843	-120.	144.59	997	0.10346
318	129	-21.791	-120.	142.79	997	0.10347
319	142	-20.602	-120.	144.44	997	0.10347
319	129	-21.791	-120.	142.79	997	0.10347
319	148	-20.24	-120.	142.97	997	0.10347
320	575	36.909	-120.	117.34	999	0.10406
320	573	36.317	-120.	113.07	999	0.10425
320	555	33.96	-120.	115.92	999	0.10412
321	313	6.5826	-120.	88.167	1004	0.10468
321	321	8.0152	-120.	85.538	1004	0.10458
321	298	3.7317	-120.	85.064	1004	0.10455
322	108	-23.689	-120.	103.77	1024	0.10485
322	103	-24.368	-120.	105.63	1024	0.1048
322	78	-26.081	-120.	104.59	1024	0.10483
323	108	-23.689	-120.	103.77	1024	0.10485
323	78	-26.081	-120.	104.59	1024	0.10483
323	90	-25.369	-120.	103.36	1024	0.10485
324	108	-23.689	-120.	103.77	1024	0.10485
324	90	-25.369	-120.	103.36	1024	0.10485
324	122	-22.197	-120.	101.87	1024	0.10488
325	108	-23.689	-120.	103.77	1024	0.10485
325	122	-22.197	-120.	101.87	1024	0.10488
325	135	-21.358	-120.	102.37	1024	0.10487
326	108	-23.689	-120.	103.77	1024	0.10485
326	135	-21.358	-120.	102.37	1024	0.10487
326	116	-22.763	-120.	104.8	1024	0.10483
327	108	-23.689	-120.	103.77	1024	0.10485
327	116	-22.763	-120.	104.8	1024	0.10483
327	103	-24.368	-120.	105.63	1024	0.1048
328	122	-22.197	-120.	101.87	1024	0.10488
328	90	-25.369	-120.	103.36	1024	0.10485
328	107	-23.785	-120.	100.93	1024	0.10489
329	103	-24.368	-120.	105.63	1024	0.1048
329	55	-27.388	-120.	107.17	1024	0.10476
329	78	-26.081	-120.	104.59	1024	0.10483
330	116	-22.763	-120.	104.8	1024	0.10483
330	135	-21.358	-120.	102.37	1024	0.10487
330	151	-19.781	-120.	103.3	1024	0.10486
331	84	-25.691	-120.	136.27	1035	0.10359
331	64	-26.981	-120.	133.72	1035	0.10367
331	101	-24.589	-120.	134.53	1035	0.10364
332	27	-29.479	-120.	135.18	1035	0.10362
332	10	-30.643	-120.	132.48	1035	0.10371
332	41	-28.225	-120.	133.31	1035	0.10368
333	54	-27.584	-120.	135.34	1035	0.10362
333	27	-29.479	-120.	135.18	1035	0.10362
333	41	-28.225	-120.	133.31	1035	0.10368
334	54	-27.584	-120.	135.34	1035	0.10362
334	41	-28.225	-120.	133.31	1035	0.10368
334	64	-26.981	-120.	133.72	1035	0.10367
335	54	-27.584	-120.	135.34	1035	0.10362
335	64	-26.981	-120.	133.72	1035	0.10367
335	84	-25.691	-120.	136.27	1035	0.10359
336	54	-27.584	-120.	135.34	1035	0.10362
336	84	-25.691	-120.	136.27	1035	0.10359
336	75	-26.268	-120.	137.17	1035	0.10357
337	54	-27.584	-120.	135.34	1035	0.10362
337	75	-26.268	-120.	137.17	1035	0.10357
337	34	-28.862	-120.	136.4	1035	0.10359
338	54	-27.584	-120.	135.34	1035	0.10362
338	34	-28.862	-120.	136.4	1035	0.10359
338	27	-29.479	-120.	135.18	1035	0.10362
339	57	-27.373	-120.	138.94	1035	0.10353
339	34	-28.862	-120.	136.4	1035	0.10359
339	75	-26.268	-120.	137.17	1035	0.10357
340	131	-21.647	-120.	137.26	1036	0.10356
340	118	-22.638	-120.	137.55	1036	0.10355
340	120	-22.202	-120.	138.16	1036	0.10354
341	92	-25.296	-120.	136.9	1036	0.10357
341	85	-25.691	-120.	136.27	1036	0.10359
341	74	-26.268	-120.	137.17	1036	0.10357
342	102	-24.506	-120.	138.1	1036	0.10354
342	120	-22.202	-120.	138.16	1036	0.10354
342	113	-23.261	-120.	139.86	1036	0.10351
343	102	-24.506	-120.	138.1	1036	0.10354
343	113	-23.261	-120.	139.86	1036	0.10351
343	57	-27.373	-120.	138.94	1036	0.10353
344	102	-24.506	-120.	138.1	1036	0.10354
344	57	-27.373	-120.	138.94	1036	0.10353
344	74	-26.268	-120.	137.17	1036	0.10357
345	102	-24.506	-120.	138.1	1036	0.10354
345	74	-26.268	-120.	137.17	1036	0.10357
345	92	-25.296	-120.	136.9	1036	0.10357
346	102	-24.506	-120.	138.1	1036	0.10354
346	92	-25.296	-120.	136.9	1036	0.10357
346	118	-22.638	-120.	137.55	1036	0.10355
347	102	-24.506	-120.	138.1	1036	0.10354
347	118	-22.638	-120.	137.55	1036	0.10355
347	120	-22.202	-120.	138.16	1036	0.10354
348	111	-23.409	-120.	136.35	1036	0.10358
348	85	-25.691	-120.	136.27	1036	0.10359
348	101	-24.589	-120.	134.53	1036	0.10364
349	111	-23.409	-120.	136.35	1036	0.10358
349	101	-24.589	-120.	134.53	1036	0.10364
349	143	-20.59	-120.	135.59	1036	0.1036
350	111	-23.409	-120.	136.35	1036	0.10358
350	143	-20.59	-120.	135.59	1036	0.1036
350	131	-21.647	-120.	137.26	1036	0.10356
351	111	-23.409	-120.	136.35	1036	0.10358
351	131	-21.647	-120.	137.26	1036	0.10356
351	118	-22.638	-120.	137.55	1036	0.10355
352	111	-23.409	-120.	136.35	1036	0.10358
352	118	-22.638	-120.	137.55	1036	0.10355
352	92	-25.296	-120.	136.9	1036	0.10357
353	111	-23.409	-120.	136.35	1036	0.10358
353	92	-25.296	-120.	136.9	1036	0.10357
353	85	-25.691	-120.	136.27	1036	0.10359
354	149	-19.941	-120.	138.82	1037	0.10352
354	166	-17.829	-120.	138.97	1037	0.10351
354	158	-18.742	-120.	140.49	1037	0.10349
355	149	-19.941	-120.	138.82	1037	0.10352
355	158	-18.742	-120.	140.49	1037	0.10349
355	147	-20.31	-120.	140.26	1037	0.1035
356	149	-19.941	-120.	138.82	1037	0.10352
356	147	-20.31	-120.	140.26	1037	0.1035
356	121	-22.202	-120.	138.16	1037	0.10354
357	149	-19.941	-120.	138.82	1037	0.10352
357	121	-22.202	-120.	138.16	1037	0.10354
357	132	-21.647	-120.	137.26	1037	0.10356
358	149	-19.941	-120.	138.82	1037	0.10352
358	132	-21.647	-120.	137.26	1037	0.10356
358	154	-18.914	-120.	137.77	1037	0.10354
359	149	-19.941	-120.	138.82	1037	0.10352
359	154	-18.914	-120.	137.77	1037	0.10354
359	166	-17.829	-120.	138.97	1037	0.10351
360	121	-22.202	-120.	138.16	1037	0.10354
360	147	-20.31	-120.	140.26	1037	0.1035
360	113	-23.261	-120.	139.86	1037	0.10351
361	166	-17.829	-120.	138.97	1037	0.10351
361	177	-15.833	-120.	140.87	1037	0.10348
361	158	-18.742	-120.	140.49	1037	0.10349
362	154	-18.914	-120.	137.77	1037	0.10354
362	132	-21.647	-120.	137.26	1037	0.10356
362	143	-20.59	-120.	135.59	1037	0.1036
363	86	-25.532	-120.	128.87	1041	0.10385
363	71	-26.322	-120.	130.55	1041	0.10378
363	62	-27.196	-120.	127.86	1041	0.10389
364	86	-25.532	-120.	128.87	1041	0.10385
364	62	-27.196	-120.	127.86	1041	0.10389
364	69	-26.429	-120.	126.87	1041	0.10393
365	86	-25.532	-120.	128.87	1041	0.10385
365	69	-26.429	-120.	126.87	1041	0.10393
365	105	-24.331	-120.	127.71	1041	0.1039
366	86	-25.532	-120.	128.87	1041	0.10385
366	105	-24.331	-120.	127.71	1041	0.1039
366	106	-23.83	-120.	129.26	1041	0.10383
367	86	-25.532	-120.	128.87	1041	0.10385
367	106	-23.83	-120.	129.26	1041	0.10383
367	95	-25.087	-120.	131.	1041	0.10376
368	86	-25.532	-120.	128.87	1041	0.10385
368	95	-25.087	-120.	131.	1041	0.10376
368	71	-26.322	-120.	130.55	1041	0.10378
369	105	-24.331	-120.	127.71	1041	0.1039
369	69	-26.429	-120.	126.87	1041	0.10393
369	96	-24.974	-120.	125.04	1041	0.10401
370	71	-26.322	-120.	130.55	1041	0.10378
370	35	-28.656	-120.	129.72	1041	0.10381
370	62	-27.196	-120.	127.86	1041	0.10389
371	95	-25.087	-120.	131.	1041	0.10376
371	106	-23.83	-120.	129.26	1041	0.10383
371	115	-22.777	-120.	131.8	1041	0.10373
372	61	-27.224	-120.	112.18	1056	0.10459
372	100	-24.688	-120.	113.62	1056	0.10453
372	112	-23.336	-120.	109.46	1056	0.10469
373	150	-19.798	-120.	140.81	1065	0.10349
373	157	-18.742	-120.	140.49	1065	0.10349
373	146	-20.31	-120.	140.26	1065	0.1035
374	156	-18.773	-120.	141.82	1065	0.10348
374	169	-17.251	-120.	143.32	1065	0.10347
374	177	-15.833	-120.	140.87	1065	0.10348
375	156	-18.773	-120.	141.82	1065	0.10348
375	177	-15.833	-120.	140.87	1065	0.10348
375	157	-18.742	-120.	140.49	1065	0.10349
376	156	-18.773	-120.	141.82	1065	0.10348
376	157	-18.742	-120.	140.49	1065	0.10349
376	150	-19.798	-120.	140.81	1065	0.10349
377	156	-18.773	-120.	141.82	1065	0.10348
377	150	-19.798	-120.	140.81	1065	0.10349
377	141	-20.774	-120.	142.45	1065	0.10348
378	156	-18.773	-120.	141.82	1065	0.10348
378	141	-20.774	-120.	142.45	1065	0.10348
378	148	-20.24	-120.	142.97	1065	0.10347
379	156	-18.773	-120.	141.82	1065	0.10348
379	148	-20.24	-120.	142.97	1065	0.10347
379	169	-17.251	-120.	143.32	1065	0.10347
380	128	-21.792	-120.	141.43	1065	0.10349
380	99	-24.821	-120.	142.41	1065	0.10347
380	113	-23.261	-120.	139.86	1065	0.10351
381	128	-21.792	-120.	141.43	1065	0.10349
381	113	-23.261	-120.	139.86	1065	0.10351
381	146	-20.31	-120.	140.26	1065	0.1035
382	128	-21.792	-120.	141.43	1065	0.10349
382	146	-20.31	-120.	140.26	1065	0.1035
382	150	-19.798	-120.	140.81	1065	0.10349
383	128	-21.792	-120.	141.43	1065	0.10349
383	150	-19.798	-120.	140.81	1065	0.10349
383	141	-20.774	-120.	142.45	1065	0.10348
384	128	-21.792	-120.	141.43	1065	0.10349
384	141	-20.774	-120.	142.45	1065	0.10348
384	129	-21.791	-120.	142.79	1065	0.10347
385	128	-21.792	-120.	141.43	1065	0.10349
385	129	-21.791	-120.	142.79	1065	0.10347
385	99	-24.821	-120.	142.41	1065	0.10347
386	141	-20.774	-120.	142.45	1065	0.10348
386	129	-21.791	-120.	142.79	1065	0.10347
386	148	-20.24	-120.	142.97	1065	0.10347
387	77	-26.164	-120.	103.72	1069	0.10484
387	79	-26.081	-120.	104.59	1069	0.10483
387	89	-25.369	-120.	103.36	1069	0.10485
388	76	-26.232	-120.	102.02	1069	0.10487
388	47	-27.911	-120.	101.92	1069	0.10487
388	73	-26.285	-120.	99.47	1069	0.1049
389	76	-26.232	-120.	102.02	1069	0.10487
389	73	-26.285	-120.	99.47	1069	0.1049
389	107	-23.785	-120.	100.93	1069	0.10489
390	76	-26.232	-120.	102.02	1069	0.10487
390	107	-23.785	-120.	100.93	1069	0.10489
390	89	-25.369	-120.	103.36	1069	0.10485
391	76	-26.232	-120.	102.02	1069	0.10487
391	89	-25.369	-120.	103.36	1069	0.10485
391	77	-26.164	-120.	103.72	1069	0.10484
392	76	-26.232	-120.	102.02	1069	0.10487
392	77	-26.164	-120.	103.72	1069	0.10484
392	48	-27.878	-120.	102.73	1069	0.10486
393	76	-26.232	-120.	102.02	1069	0.10487
393	48	-27.878	-120.	102.73	1069	0.10486
393	47	-27.911	-120.	101.92	1069	0.10487
394	37	-28.595	-120.	103.11	1069	0.10485
394	48	-27.878	-120.	102.73	1069	0.10486
394	47	-27.911	-120.	101.92	1069	0.10487
395	51	-27.669	-120.	104.51	1069	0.10483
395	20	-29.906	-120.	105.74	1069	0.1048
395	55	-27.388	-120.	107.17	1069	0.10476
396	51	-27.669	-120.	104.51	1069	0.10483
396	55	-27.388	-120.	107.17	1069	0.10476
396	79	-26.081	-120.	104.59	1069	0.10483
397	51	-27.669	-120.	104.51	1069	0.10483
397	79	-26.081	-120.	104.59	1069	0.10483
397	77	-26.164	-120.	103.72	1069	0.10484
398	51	-27.669	-120.	104.51	1069	0.10483
398	77	-26.164	-120.	103.72	1069	0.10484
398	48	-27.878	-120.	102.73	1069	0.10486
399	51	-27.669	-120.	104.51	1069	0.10483
399	48	-27.878	-120.	102.73	1069	0.10486
399	37	-28.595	-120.	103.11	1069	0.10485
400	51	-27.669	-120.	104.51	1069	0.10483
400	37	-28.595	-120.	103.11	1069	0.10485
400	20	-29.906	-120.	105.74	1069	0.1048
401	417	21.839	-120.	142.89	1084	0.10337
401	424	22.411	-120.	142.4	1084	0.10337
401	413	21.536	-120.	141.87	1084	0.10337
402	425	22.428	-120.	144.8	1084	0.1034
402	430	23.336	-120.	147.74	1084	0.10345
402	434	24.064	-120.	143.4	1084	0.10338
403	425	22.428	-120.	144.8	1084	0.1034
403	434	24.064	-120.	143.4	1084	0.10338
403	424	22.411	-120.	142.4	1084	0.10337
404	425	22.428	-120.	144.8	1084	0.1034
404	424	22.411	-120.	142.4	1084	0.10337
404	417	21.839	-120.	142.89	1084	0.10337
405	425	22.428	-120.	144.8	1084	0.1034
405	417	21.839	-120.	142.89	1084	0.10337
405	411	21.309	-120.	145.7	1084	0.10341
406	425	22.428	-120.	144.8	1084	0.1034
406	411	21.309	-120.	145.7	1084	0.10341
406	414	21.609	-120.	146.7	1084	0.10343
407	425	22.428	-120.	144.8	1084	0.1034
407	414	21.609	-120.	146.7	1084	0.10343
407	430	23.336	-120.	147.74	1084	0.10345
408	403	20.72	-120.	143.77	1084	0.10338
408	393	19.016	-120.	145.11	1084	0.1034
408	399	19.899	-120.	140.87	1084	0.10336
409	403	20.72	-120.	143.77	1084	0.10338
409	399	19.899	-120.	140.87	1084	0.10336
409	413	21.536	-120.	141.87	1084	0.10337
410	403	20.72	-120.	143.77	1084	0.10338
410	413	21.536	-120.	141.87	1084	0.10337
410	417	21.839	-120.	142.89	1084	0.10337
411	403	20.72	-120.	143.77	1084	0.10338
411	417	21.839	-120.	142.89	1084	0.10337
411	411	21.309	-120.	145.7	1084	0.10341
412	403	20.72	-120.	143.77	1084	0.10338
412	411	21.309	-120.	145.7	1084	0.10341
412	404	20.723	-120.	146.15	1084	0.10342
413	403	20.72	-120.	143.77	1084	0.10338
413	404	20.723	-120.	146.15	1084	0.10342
413	393	19.016	-120.	145.11	1084	0.1034
414	411	21.309	-120.	145.7	1084	0.10341
414	404	20.723	-120.	146.15	1084	0.10342
414	414	21.609	-120.	146.7	1084	0.10343
415	346	11.663	-120.	147.66	1097	0.10345
415	349	11.922	-120.	148.61	1097	0.10348
415	354	12.635	-120.	148.36	1097	0.10347
416	342	11.047	-120.	150.83	1097	0.10355
416	334	10.335	-120.	151.03	1097	0.10356
416	345	11.293	-120.	151.76	1097	0.10358
417	351	12.422	-120.	150.4	1097	0.10354
417	354	12.635	-120.	148.36	1097	0.10347
417	362	14.46	-120.	149.69	1097	0.10351
418	351	12.422	-120.	150.4	1097	0.10354
418	362	14.46	-120.	149.69	1097	0.10351
418	356	13.174	-120.	153.16	1097	0.10363
419	351	12.422	-120.	150.4	1097	0.10354
419	356	13.174	-120.	153.16	1097	0.10363
419	345	11.293	-120.	151.76	1097	0.10358
420	351	12.422	-120.	150.4	1097	0.10354
420	345	11.293	-120.	151.76	1097	0.10358
420	342	11.047	-120.	150.83	1097	0.10355
421	351	12.422	-120.	150.4	1097	0.10354
421	342	11.047	-120.	150.83	1097	0.10355
421	349	11.922	-120.	148.61	1097	0.10348
422	351	12.422	-120.	150.4	1097	0.10354
422	349	11.922	-120.	148.61	1097	0.10348
422	354	12.635	-120.	148.36	1097	0.10347
423	338	10.553	-120.	149.02	1097	0.10349
423	334	10.335	-120.	151.03	1097	0.10356
423	323	8.4836	-120.	149.65	1097	0.10351
424	338	10.553	-120.	149.02	1097	0.10349
424	323	8.4836	-120.	149.65	1097	0.10351
424	332	9.8655	-120.	146.33	1097	0.1034
425	338	10.553	-120.	149.02	1097	0.10349
425	332	9.8655	-120.	146.33	1097	0.1034
425	346	11.663	-120.	147.66	1097	0.10345
426	338	10.553	-120.	149.02	1097	0.10349
426	346	11.663	-120.	147.66	1097	0.10345
426	349	11.922	-120.	148.61	1097	0.10348
427	338	10.553	-120.	149.02	1097	0.10349
427	349	11.922	-120.	148.61	1097	0.10348
427	342	11.047	-120.	150.83	1097	0.10355
428	338	10.553	-120.	149.02	1097	0.10349
428	342	11.047	-120.	150.83	1097	0.10355
428	334	10.335	-120.	151.03	1097	0.10356
429	393	19.016	-120.	145.11	1104	0.1034
429	399	19.899	-120.	140.87	1104	0.10336
429	375	16.361	-120.	143.44	1104	0.10336
430	436	24.303	-120.	140.3	1108	0.10337
430	440	24.802	-120.	139.73	1108	0.10337
430	438	24.441	-120.	138.64	1108	0.10337
431	450	26.414	-120.	140.68	1108	0.10337
431	455	26.788	-120.	141.73	1108	0.10337
431	457	26.876	-120.	140.1	1108	0.10337
432	446	25.708	-120.	138.62	1108	0.10337
432	438	24.441	-120.	138.64	1108	0.10337
432	439	24.656	-120.	135.59	1108	0.1034
433	446	25.708	-120.	138.62	1108	0.10337
433	439	24.656	-120.	135.59	1108	0.1034
433	460	27.061	-120.	136.97	1108	0.10339
434	446	25.708	-120.	138.62	1108	0.10337
434	460	27.061	-120.	136.97	1108	0.10339
434	457	26.876	-120.	140.1	1108	0.10337
435	446	25.708	-120.	138.62	1108	0.10337
435	457	26.876	-120.	140.1	1108	0.10337
435	450	26.414	-120.	140.68	1108	0.10337
436	446	25.708	-120.	138.62	1108	0.10337
436	450	26.414	-120.	140.68	1108	0.10337
436	440	24.802	-120.	139.73	1108	0.10337
437	446	25.708	-120.	138.62	1108	0.10337
437	440	24.802	-120.	139.73	1108	0.10337
437	438	24.441	-120.	138.64	1108	0.10337
438	445	25.493	-120.	141.79	1108	0.10337
438	455	26.788	-120.	141.73	1108	0.10337
438	452	26.586	-120.	144.91	1108	0.10339
439	445	25.493	-120.	141.79	1108	0.10337
439	452	26.586	-120.	144.91	1108	0.10339
439	434	24.064	-120.	143.4	1108	0.10338
440	445	25.493	-120.	141.79	1108	0.10337
440	434	24.064	-120.	143.4	1108	0.10338
440	436	24.303	-120.	140.3	1108	0.10337
441	445	25.493	-120.	141.79	1108	0.10337
441	436	24.303	-120.	140.3	1108	0.10337
441	440	24.802	-120.	139.73	1108	0.10337
442	445	25.493	-120.	141.79	1108	0.10337
442	440	24.802	-120.	139.73	1108	0.10337
442	450	26.414	-120.	140.68	1108	0.10337
443	445	25.493	-120.	141.79	1108	0.10337
443	450	26.414	-120.	140.68	1108	0.10337
443	455	26.788	-120.	141.73	1108	0.10337
444	88	-25.431	-120.	120.69	1109	0.10421
444	44	-28.087	-120.	123.61	1109	0.10408
444	96	-24.974	-120.	125.04	1109	0.10401
445	362	14.46	-120.	149.69	1115	0.10351
445	356	13.174	-120.	153.16	1115	0.10363
445	380	17.167	-120.	151.53	1115	0.10356
446	308	5.588	-120.	147.24	1140	0.10342
446	323	8.4836	-120.	149.65	1140	0.10351
446	332	9.8655	-120.	146.33	1140	0.1034
447	508	30.804	-120.	116.74	1153	0.10409
447	480	29.255	-120.	116.32	1153	0.1041
447	506	30.803	-120.	114.51	1153	0.10419
448	508	30.804	-120.	116.74	1153	0.10409
448	506	30.803	-120.	114.51	1153	0.10419
448	527	31.894	-120.	115.	1153	0.10417
449	508	30.804	-120.	116.74	1153	0.10409
449	527	31.894	-120.	115.	1153	0.10417
449	532	32.19	-120.	117.81	1153	0.10403
450	508	30.804	-120.	116.74	1153	0.10409
450	532	32.19	-120.	117.81	1153	0.10403
450	515	31.257	-120.	118.83	1153	0.10399
451	508	30.804	-120.	116.74	1153	0.10409
451	515	31.257	-120.	118.83	1153	0.10399
451	487	29.425	-120.	117.94	1153	0.10403
452	508	30.804	-120.	116.74	1153	0.10409
452	487	29.425	-120.	117.94	1153	0.10403
452	480	29.255	-120.	116.32	1153	0.1041
453	532	32.19	-120.	117.81	1153	0.10403
453	527	31.894	-120.	115.	1153	0.10417
453	555	33.96	-120.	115.92	1153	0.10412
454	480	29.255	-120.	116.32	1153	0.1041
454	477	28.754	-120.	113.62	1153	0.10423
454	506	30.803	-120.	114.51	1153	0.10419
455	487	29.425	-120.	117.94	1153	0.10403
455	515	31.257	-120.	118.83	1153	0.10399
455	491	29.497	-120.	120.69	1153	0.1039
456	466	27.921	-120.	96.479	1215	0.1048
456	441	24.832	-120.	93.474	1215	0.1048
456	431	23.352	-120.	95.976	1215	0.1048
457	67	-26.804	-120.	117.53	1253	0.10436
457	66	-26.814	-120.	115.45	1253	0.10445
457	93	-25.189	-120.	116.32	1253	0.10441
458	67	-26.804	-120.	117.53	1253	0.10436
458	93	-25.189	-120.	116.32	1253	0.10441
458	91	-25.359	-120.	117.94	1253	0.10434
459	67	-26.804	-120.	117.53	1253	0.10436
459	91	-25.359	-120.	117.94	1253	0.10434
459	60	-27.268	-120.	119.76	1253	0.10426
460	67	-26.804	-120.	117.53	1253	0.10436
460	60	-27.268	-120.	119.76	1253	0.10426
460	39	-28.244	-120.	119.26	1253	0.10428
461	67	-26.804	-120.	117.53	1253	0.10436
461	39	-28.244	-120.	119.26	1253	0.10428
461	46	-27.948	-120.	116.45	1253	0.10441
462	67	-26.804	-120.	117.53	1253	0.10436
462	46	-27.948	-120.	116.45	1253	0.10441
462	66	-26.814	-120.	115.45	1253	0.10445
463	60	-27.268	-120.	119.76	1253	0.10426
463	91	-25.359	-120.	117.94	1253	0.10434
463	88	-25.431	-120.	120.69	1253	0.10421
464	66	-26.814	-120.	115.45	1253	0.10445
464	100	-24.688	-120.	113.62	1253	0.10453
464	93	-25.189	-120.	116.32	1253	0.10441
465	46	-27.948	-120.	116.45	1253	0.10441
465	39	-28.244	-120.	119.26	1253	0.10428
465	16	-30.093	-120.	118.32	1253	0.10432
466	33	-28.882	-120.	111.23	1255	0.10462
466	61	-27.224	-120.	112.18	1255	0.10459
466	30	-29.43	-120.	114.03	1255	0.10451
467	13	-30.536	-120.	112.93	1255	0.10456
467	33	-28.882	-120.	111.23	1255	0.10462
467	30	-29.43	-120.	114.03	1255	0.10451
468	13	-30.536	-120.	112.93	1255	0.10456
468	30	-29.43	-120.	114.03	1255	0.10451
468	11	-30.578	-120.	114.99	1255	0.10447
469	13	-30.536	-120.	112.93	1255	0.10456
469	11	-30.578	-120.	114.99	1255	0.10447
469	4	-32.421	-120.	113.97	1255	0.10451
470	13	-30.536	-120.	112.93	1255	0.10456
470	4	-32.421	-120.	113.97	1255	0.10451
470	5	-32.159	-120.	112.62	1255	0.10457
471	13	-30.536	-120.	112.93	1255	0.10456
471	5	-32.159	-120.	112.62	1255	0.10457
471	22	-29.748	-120.	110.74	1255	0.10464
472	13	-30.536	-120.	112.93	1255	0.10456
472	22	-29.748	-120.	110.74	1255	0.10464
472	33	-28.882	-120.	111.23	1255	0.10462
473	4	-32.421	-120.	113.97	1255	0.10451
473	11	-30.578	-120.	114.99	1255	0.10447
473	1	-32.805	-120.	116.88	1255	0.10439
474	5	-32.159	-120.	112.62	1255	0.10457
474	7	-31.417	-120.	109.78	1255	0.10467
474	22	-29.748	-120.	110.74	1255	0.10464
475	381	17.43	-120.	91.87	1256	0.10478
475	392	18.881	-120.	89.348	1256	0.10474
475	364	14.983	-120.	87.508	1256	0.10468
476	81	-26.046	-120.	131.25	1264	0.10375
476	94	-25.087	-120.	131.	1264	0.10376
476	72	-26.322	-120.	130.55	1264	0.10378
477	49	-27.864	-120.	131.72	1264	0.10374
477	41	-28.225	-120.	133.31	1264	0.10368
477	10	-30.643	-120.	132.48	1264	0.10371
478	49	-27.864	-120.	131.72	1264	0.10374
478	10	-30.643	-120.	132.48	1264	0.10371
478	35	-28.656	-120.	129.72	1264	0.10381
479	49	-27.864	-120.	131.72	1264	0.10374
479	35	-28.656	-120.	129.72	1264	0.10381
479	72	-26.322	-120.	130.55	1264	0.10378
480	49	-27.864	-120.	131.72	1264	0.10374
480	72	-26.322	-120.	130.55	1264	0.10378
480	81	-26.046	-120.	131.25	1264	0.10375
481	49	-27.864	-120.	131.72	1264	0.10374
481	81	-26.046	-120.	131.25	1264	0.10375
481	58	-27.289	-120.	133.05	1264	0.10369
482	49	-27.864	-120.	131.72	1264	0.10374
482	58	-27.289	-120.	133.05	1264	0.10369
482	41	-28.225	-120.	133.31	1264	0.10368
483	64	-26.981	-120.	133.72	1264	0.10367
483	58	-27.289	-120.	133.05	1264	0.10369
483	41	-28.225	-120.	133.31	1264	0.10368
484	87	-25.462	-120.	132.56	1264	0.1037
484	101	-24.589	-120.	134.53	1264	0.10364
484	115	-22.777	-120.	131.8	1264	0.10373
485	87	-25.462	-120.	132.56	1264	0.1037
485	115	-22.777	-120.	131.8	1264	0.10373
485	94	-25.087	-120.	131.	1264	0.10376
486	87	-25.462	-120.	132.56	1264	0.1037
486	94	-25.087	-120.	131.	1264	0.10376
486	81	-26.046	-120.	131.25	1264	0.10375
487	87	-25.462	-120.	132.56	1264	0.1037
487	81	-26.046	-120.	131.25	1264	0.10375
487	58	-27.289	-120.	133.05	1264	0.10369
488	87	-25.462	-120.	132.56	1264	0.1037
488	58	-27.289	-120.	133.05	1264	0.10369
488	64	-26.981	-120.	133.72	1264	0.10367
489	87	-25.462	-120.	132.56	1264	0.1037
489	64	-26.981	-120.	133.72	1264	0.10367
489	101	-24.589	-120.	134.53	1264	0.10364
490	184	-14.334	-120.	145.42	1276	0.10347
490	186	-13.704	-120.	145.83	1276	0.10347
490	191	-13.215	-120.	145.	1276	0.10346
491	173	-16.43	-120.	146.22	1276	0.10347
491	152	-19.63	-120.	147.46	1276	0.10347
491	181	-14.63	-120.	147.4	1276	0.10348
492	173	-16.43	-120.	146.22	1276	0.10347
492	181	-14.63	-120.	147.4	1276	0.10348
492	186	-13.704	-120.	145.83	1276	0.10347
493	173	-16.43	-120.	146.22	1276	0.10347
493	186	-13.704	-120.	145.83	1276	0.10347
493	184	-14.334	-120.	145.42	1276	0.10347
494	173	-16.43	-120.	146.22	1276	0.10347
494	184	-14.334	-120.	145.42	1276	0.10347
494	168	-17.598	-120.	145.4	1276	0.10347
495	173	-16.43	-120.	146.22	1276	0.10347
495	168	-17.598	-120.	145.4	1276	0.10347
495	160	-18.684	-120.	145.81	1276	0.10347
496	173	-16.43	-120.	146.22	1276	0.10347
496	160	-18.684	-120.	145.81	1276	0.10347
496	152	-19.63	-120.	147.46	1276	0.10347
497	179	-15.481	-120.	144.59	1276	0.10346
497	169	-17.251	-120.	143.32	1276	0.10347
497	197	-12.295	-120.	143.44	1276	0.10345
498	179	-15.481	-120.	144.59	1276	0.10346
498	197	-12.295	-120.	143.44	1276	0.10345
498	191	-13.215	-120.	145.	1276	0.10346
499	179	-15.481	-120.	144.59	1276	0.10346
499	191	-13.215	-120.	145.	1276	0.10346
499	184	-14.334	-120.	145.42	1276	0.10347
500	179	-15.481	-120.	144.59	1276	0.10346
500	184	-14.334	-120.	145.42	1276	0.10347
500	168	-17.598	-120.	145.4	1276	0.10347
501	179	-15.481	-120.	144.59	1276	0.10346
501	168	-17.598	-120.	145.4	1276	0.10347
501	164	-18.192	-120.	144.96	1276	0.10347
502	179	-15.481	-120.	144.59	1276	0.10346
502	164	-18.192	-120.	144.96	1276	0.10347
502	169	-17.251	-120.	143.32	1276	0.10347
503	168	-17.598	-120.	145.4	1276	0.10347
503	164	-18.192	-120.	144.96	1276	0.10347
503	160	-18.684	-120.	145.81	1276	0.10347
504	20	-29.906	-120.	105.74	1287	0.1048
504	7	-31.417	-120.	109.78	1287	0.10467
504	55	-27.388	-120.	107.17	1287	0.10476
505	203	-11.708	-120.	147.15	1310	0.10348
505	191	-13.215	-120.	145.	1310	0.10346
505	211	-10.674	-120.	146.2	1310	0.10346
506	203	-11.708	-120.	147.15	1310	0.10348
506	211	-10.674	-120.	146.2	1310	0.10346
506	216	-9.7773	-120.	147.68	1310	0.10348
507	203	-11.708	-120.	147.15	1310	0.10348
507	216	-9.7773	-120.	147.68	1310	0.10348
507	209	-10.796	-120.	149.39	1310	0.10352
508	203	-11.708	-120.	147.15	1310	0.10348
508	209	-10.796	-120.	149.39	1310	0.10352
508	200	-12.084	-120.	148.78	1310	0.1035
509	203	-11.708	-120.	147.15	1310	0.10348
509	200	-12.084	-120.	148.78	1310	0.1035
509	186	-13.704	-120.	145.83	1310	0.10347
510	203	-11.708	-120.	147.15	1310	0.10348
510	186	-13.704	-120.	145.83	1310	0.10347
510	191	-13.215	-120.	145.	1310	0.10346
511	209	-10.796	-120.	149.39	1310	0.10352
511	216	-9.7773	-120.	147.68	1310	0.10348
511	226	-8.113	-120.	150.47	1310	0.10354
512	191	-13.215	-120.	145.	1310	0.10346
512	197	-12.295	-120.	143.44	1310	0.10345
512	211	-10.674	-120.	146.2	1310	0.10346
513	186	-13.704	-120.	145.83	1310	0.10347
513	200	-12.084	-120.	148.78	1310	0.1035
513	181	-14.63	-120.	147.4	1310	0.10348
514	288	1.8045	-120.	154.98	1350	0.1037
514	311	6.1077	-120.	154.74	1350	0.10369
514	296	3.2389	-120.	152.16	1350	0.1036
515	430	23.336	-120.	147.74	1355	0.10345
515	452	26.586	-120.	144.91	1355	0.10339
515	434	24.064	-120.	143.4	1355	0.10338
516	372	15.89	-120.	146.87	1362	0.10343
516	369	15.629	-120.	145.89	1362	0.10341
516	366	15.218	-120.	147.21	1362	0.10344
517	379	17.139	-120.	146.16	1362	0.10342
517	393	19.016	-120.	145.11	1362	0.1034
517	375	16.361	-120.	143.44	1362	0.10336
518	379	17.139	-120.	146.16	1362	0.10342
518	375	16.361	-120.	143.44	1362	0.10336
518	369	15.629	-120.	145.89	1362	0.10341
519	379	17.139	-120.	146.16	1362	0.10342
519	369	15.629	-120.	145.89	1362	0.10341
519	372	15.89	-120.	146.87	1362	0.10343
520	379	17.139	-120.	146.16	1362	0.10342
520	372	15.89	-120.	146.87	1362	0.10343
520	383	17.646	-120.	148.02	1362	0.10346
521	379	17.139	-120.	146.16	1362	0.10342
521	383	17.646	-120.	148.02	1362	0.10346
521	386	18.289	-120.	147.65	1362	0.10345
522	379	17.139	-120.	146.16	1362	0.10342
522	386	18.289	-120.	147.65	1362	0.10345
522	393	19.016	-120.	145.11	1362	0.1034
523	376	16.383	-120.	148.72	1362	0.10348
523	380	17.167	-120.	151.53	1362	0.10356
523	362	14.46	-120.	149.69	1362	0.10351
524	376	16.383	-120.	148.72	1362	0.10348
524	362	14.46	-120.	149.69	1362	0.10351
524	366	15.218	-120.	147.21	1362	0.10344
525	376	16.383	-120.	148.72	1362	0.10348
525	366	15.218	-120.	147.21	1362	0.10344
525	372	15.89	-120.	146.87	1362	0.10343
526	376	16.383	-120.	148.72	1362	0.10348
526	372	15.89	-120.	146.87	1362	0.10343
526	383	17.646	-120.	148.02	1362	0.10346
527	376	16.383	-120.	148.72	1362	0.10348
527	383	17.646	-120.	148.02	1362	0.10346
527	384	17.918	-120.	148.97	1362	0.10349
528	376	16.383	-120.	148.72	1362	0.10348
528	384	17.918	-120.	148.97	1362	0.10349
528	380	17.167	-120.	151.53	1362	0.10356
529	383	17.646	-120.	148.02	1362	0.10346
529	384	17.918	-120.	148.97	1362	0.10349
529	386	18.289	-120.	147.65	1362	0.10345
530	358	13.591	-120.	146.55	1363	0.10342
530	359	13.941	-120.	144.75	1363	0.10338
530	370	15.629	-120.	145.89	1363	0.10341
531	358	13.591	-120.	146.55	1363	0.10342
531	370	15.629	-120.	145.89	1363	0.10341
531	367	15.218	-120.	147.21	1363	0.10344
532	358	13.591	-120.	146.55	1363	0.10342
532	367	15.218	-120.	147.21	1363	0.10344
532	355	12.635	-120.	148.36	1363	0.10347
533	358	13.591	-120.	146.55	1363	0.10342
533	355	12.635	-120.	148.36	1363	0.10347
533	347	11.663	-120.	147.66	1363	0.10345
534	358	13.591	-120.	146.55	1363	0.10342
534	347	11.663	-120.	147.66	1363	0.10345
534	352	12.46	-120.	145.41	1363	0.10339
535	358	13.591	-120.	146.55	1363	0.10342
535	352	12.46	-120.	145.41	1363	0.10339
535	359	13.941	-120.	144.75	1363	0.10338
536	355	12.635	-120.	148.36	1363	0.10347
536	367	15.218	-120.	147.21	1363	0.10344
536	362	14.46	-120.	149.69	1363	0.10351
537	359	13.941	-120.	144.75	1363	0.10338
537	375	16.361	-120.	143.44	1363	0.10336
537	370	15.629	-120.	145.89	1363	0.10341
538	352	12.46	-120.	145.41	1363	0.10339
538	347	11.663	-120.	147.66	1363	0.10345
538	332	9.8655	-120.	146.33	1363	0.1034
539	172	-16.628	-120.	96.27	1435	0.10489
539	174	-16.334	-120.	97.294	1435	0.1049
539	176	-16.032	-120.	95.811	1435	0.10489
540	167	-17.726	-120.	97.196	1435	0.1049
540	153	-19.369	-120.	98.573	1435	0.1049
540	171	-16.855	-120.	100.05	1435	0.10491
541	167	-17.726	-120.	97.196	1435	0.1049
541	171	-16.855	-120.	100.05	1435	0.10491
541	174	-16.334	-120.	97.294	1435	0.1049
542	167	-17.726	-120.	97.196	1435	0.1049
542	174	-16.334	-120.	97.294	1435	0.1049
542	172	-16.628	-120.	96.27	1435	0.10489
543	167	-17.726	-120.	97.196	1435	0.1049
543	172	-16.628	-120.	96.27	1435	0.10489
543	162	-18.302	-120.	95.252	1435	0.10488
544	167	-17.726	-120.	97.196	1435	0.1049
544	162	-18.302	-120.	95.252	1435	0.10488
544	155	-18.865	-120.	95.735	1435	0.10489
545	167	-17.726	-120.	97.196	1435	0.1049
545	155	-18.865	-120.	95.735	1435	0.10489
545	153	-19.369	-120.	98.573	1435	0.1049
546	170	-17.191	-120.	94.333	1435	0.10487
546	165	-18.085	-120.	91.387	1435	0.10481
546	178	-15.485	-120.	93.018	1435	0.10484
547	170	-17.191	-120.	94.333	1435	0.10487
547	178	-15.485	-120.	93.018	1435	0.10484
547	176	-16.032	-120.	95.811	1435	0.10489
548	170	-17.191	-120.	94.333	1435	0.10487
548	176	-16.032	-120.	95.811	1435	0.10489
548	172	-16.628	-120.	96.27	1435	0.10489
549	170	-17.191	-120.	94.333	1435	0.10487
549	172	-16.628	-120.	96.27	1435	0.10489
549	162	-18.302	-120.	95.252	1435	0.10488
550	170	-17.191	-120.	94.333	1435	0.10487
550	162	-18.302	-120.	95.252	1435	0.10488
550	161	-18.611	-120.	94.262	1435	0.10487
551	170	-17.191	-120.	94.333	1435	0.10487
551	161	-18.611	-120.	94.262	1435	0.10487
551	165	-18.085	-120.	91.387	1435	0.10481
552	162	-18.302	-120.	95.252	1435	0.10488
552	161	-18.611	-120.	94.262	1435	0.10487
552	155	-18.865	-120.	95.735	1435	0.10489
553	183	-14.413	-120.	89.13	1437	0.10474
553	165	-18.085	-120.	91.387	1437	0.10481
553	178	-15.485	-120.	93.018	1437	0.10484
554	272	-0.59171	-120.	88.013	1449	0.10467
554	290	2.2612	-120.	87.855	1449	0.10466
554	285	1.3031	-120.	89.681	1449	0.10474
555	282	0.78947	-120.	85.044	1449	0.10454
555	298	3.7317	-120.	85.064	1449	0.10455
555	292	2.7559	-120.	86.903	1449	0.10462
556	280	0.51125	-120.	86.679	1449	0.10461
556	282	0.78947	-120.	85.044	1449	0.10454
556	292	2.7559	-120.	86.903	1449	0.10462
557	280	0.51125	-120.	86.679	1449	0.10461
557	292	2.7559	-120.	86.903	1449	0.10462
557	290	2.2612	-120.	87.855	1449	0.10466
558	280	0.51125	-120.	86.679	1449	0.10461
558	290	2.2612	-120.	87.855	1449	0.10466
558	272	-0.59171	-120.	88.013	1449	0.10467
559	280	0.51125	-120.	86.679	1449	0.10461
559	272	-0.59171	-120.	88.013	1449	0.10467
559	264	-1.5709	-120.	87.142	1449	0.10463
560	280	0.51125	-120.	86.679	1449	0.10461
560	264	-1.5709	-120.	87.142	1449	0.10463
560	273	-0.57654	-120.	85.119	1449	0.10455
561	280	0.51125	-120.	86.679	1449	0.10461
561	273	-0.57654	-120.	85.119	1449	0.10455
561	282	0.78947	-120.	85.044	1449	0.10454
562	253	-3.4987	-120.	85.463	1449	0.10456
562	273	-0.57654	-120.	85.119	1449	0.10455
562	264	-1.5709	-120.	87.142	1449	0.10463
563	327	9.1417	-120.	90.688	1451	0.10476
563	322	8.4091	-120.	90.519	1451	0.10476
563	329	9.39	-120.	91.764	1451	0.10479
564	325	8.6798	-120.	88.651	1451	0.10469
564	321	8.0152	-120.	85.538	1451	0.10458
564	313	6.5826	-120.	88.167	1451	0.10468
565	325	8.6798	-120.	88.651	1451	0.10469
565	313	6.5826	-120.	88.167	1451	0.10468
565	322	8.4091	-120.	90.519	1451	0.10476
566	325	8.6798	-120.	88.651	1451	0.10469
566	322	8.4091	-120.	90.519	1451	0.10476
566	327	9.1417	-120.	90.688	1451	0.10476
567	325	8.6798	-120.	88.651	1451	0.10469
567	327	9.1417	-120.	90.688	1451	0.10476
567	333	10.073	-120.	89.023	1451	0.10471
568	325	8.6798	-120.	88.651	1451	0.10469
568	333	10.073	-120.	89.023	1451	0.10471
568	330	9.8569	-120.	87.974	1451	0.10467
569	325	8.6798	-120.	88.651	1451	0.10469
569	330	9.8569	-120.	87.974	1451	0.10467
569	321	8.0152	-120.	85.538	1451	0.10458
570	337	10.526	-120.	91.072	1451	0.10477
570	353	12.589	-120.	91.638	1451	0.10478
570	343	11.174	-120.	94.093	1451	0.10484
571	337	10.526	-120.	91.072	1451	0.10477
571	343	11.174	-120.	94.093	1451	0.10484
571	329	9.39	-120.	91.764	1451	0.10479
572	337	10.526	-120.	91.072	1451	0.10477
572	329	9.39	-120.	91.764	1451	0.10479
572	327	9.1417	-120.	90.688	1451	0.10476
573	337	10.526	-120.	91.072	1451	0.10477
573	327	9.1417	-120.	90.688	1451	0.10476
573	333	10.073	-120.	89.023	1451	0.10471
574	337	10.526	-120.	91.072	1451	0.10477
574	333	10.073	-120.	89.023	1451	0.10471
574	339	10.786	-120.	89.228	1451	0.10471
575	337	10.526	-120.	91.072	1451	0.10477
575	339	10.786	-120.	89.228	1451	0.10471
575	353	12.589	-120.	91.638	1451	0.10478
576	333	10.073	-120.	89.023	1451	0.10471
576	339	10.786	-120.	89.228	1451	0.10471
576	330	9.8569	-120.	87.974	1451	0.10467
577	516	31.257	-120.	118.83	1455	0.10399
577	537	32.231	-120.	118.57	1455	0.104
577	533	32.19	-120.	117.81	1455	0.10403
578	559	34.106	-120.	119.51	1455	0.10396
578	560	34.106	-120.	120.25	1455	0.10392
578	568	35.062	-120.	119.27	1455	0.10397
579	558	34.076	-120.	118.07	1455	0.10402
579	533	32.19	-120.	117.81	1455	0.10403
579	555	33.96	-120.	115.92	1455	0.10412
580	558	34.076	-120.	118.07	1455	0.10402
580	555	33.96	-120.	115.92	1455	0.10412
580	575	36.909	-120.	117.34	1455	0.10406
581	558	34.076	-120.	118.07	1455	0.10402
581	575	36.909	-120.	117.34	1455	0.10406
581	568	35.062	-120.	119.27	1455	0.10397
582	558	34.076	-120.	118.07	1455	0.10402
582	568	35.062	-120.	119.27	1455	0.10397
582	559	34.106	-120.	119.51	1455	0.10396
583	558	34.076	-120.	118.07	1455	0.10402
583	559	34.106	-120.	119.51	1455	0.10396
583	537	32.231	-120.	118.57	1455	0.104
584	558	34.076	-120.	118.07	1455	0.10402
584	537	32.231	-120.	118.57	1455	0.104
584	533	32.19	-120.	117.81	1455	0.10403
585	538	32.245	-120.	120.	1455	0.10393
585	560	34.106	-120.	120.25	1455	0.10392
585	539	32.274	-120.	122.15	1455	0.10384
586	538	32.245	-120.	120.	1455	0.10393
586	539	32.274	-120.	122.15	1455	0.10384
586	491	29.497	-120.	120.69	1455	0.1039
587	538	32.245	-120.	120.	1455	0.10393
587	491	29.497	-120.	120.69	1455	0.1039
587	516	31.257	-120.	118.83	1455	0.10399
588	538	32.245	-120.	120.	1455	0.10393
588	516	31.257	-120.	118.83	1455	0.10399
588	537	32.231	-120.	118.57	1455	0.104
589	538	32.245	-120.	120.	1455	0.10393
589	537	32.231	-120.	118.57	1455	0.104
589	559	34.106	-120.	119.51	1455	0.10396
590	538	32.245	-120.	120.	1455	0.10393
590	559	34.106	-120.	119.51	1455	0.10396
590	560	34.106	-120.	120.25	1455	0.10392
591	523	31.753	-120.	114.26	1519	0.1042
591	507	30.803	-120.	114.51	1519	0.10419
591	528	31.894	-120.	115.	1519	0.10417
592	518	31.423	-120.	112.87	1519	0.10427
592	511	30.932	-120.	110.76	1519	0.10436
592	477	28.754	-120.	113.62	1519	0.10423
593	518	31.423	-120.	112.87	1519	0.10427
593	477	28.754	-120.	113.62	1519	0.10423
593	507	30.803	-120.	114.51	1519	0.10419
594	518	31.423	-120.	112.87	1519	0.10427
594	507	30.803	-120.	114.51	1519	0.10419
594	523	31.753	-120.	114.26	1519	0.1042
595	518	31.423	-120.	112.87	1519	0.10427
595	523	31.753	-120.	114.26	1519	0.1042
595	548	33.238	-120.	112.39	1519	0.10429
596	518	31.423	-120.	112.87	1519	0.10427
596	548	33.238	-120.	112.39	1519	0.10429
596	545	33.06	-120.	111.67	1519	0.10432
597	518	31.423	-120.	112.87	1519	0.10427
597	545	33.06	-120.	111.67	1519	0.10432
597	511	30.932	-120.	110.76	1519	0.10436
598	551	33.555	-120.	113.8	1519	0.10422
598	573	36.317	-120.	113.07	1519	0.10425
598	555	33.96	-120.	115.92	1519	0.10412
599	551	33.555	-120.	113.8	1519	0.10422
599	555	33.96	-120.	115.92	1519	0.10412
599	528	31.894	-120.	115.	1519	0.10417
600	551	33.555	-120.	113.8	1519	0.10422
600	528	31.894	-120.	115.	1519	0.10417
600	523	31.753	-120.	114.26	1519	0.1042
601	551	33.555	-120.	113.8	1519	0.10422
601	523	31.753	-120.	114.26	1519	0.1042
601	548	33.238	-120.	112.39	1519	0.10429
602	551	33.555	-120.	113.8	1519	0.10422
602	548	33.238	-120.	112.39	1519	0.10429
602	563	34.168	-120.	112.14	1519	0.1043
603	551	33.555	-120.	113.8	1519	0.10422
603	563	34.168	-120.	112.14	1519	0.1043
603	573	36.317	-120.	113.07	1519	0.10425
604	548	33.238	-120.	112.39	1519	0.10429
604	563	34.168	-120.	112.14	1519	0.1043
604	545	33.06	-120.	111.67	1519	0.10432
605	544	33.06	-120.	111.67	1521	0.10432
605	511	30.932	-120.	110.76	1521	0.10436
605	535	32.207	-120.	108.95	1521	0.10444
606	553	33.855	-120.	109.98	1521	0.10439
606	544	33.06	-120.	111.67	1521	0.10432
606	535	32.207	-120.	108.95	1521	0.10444
607	553	33.855	-120.	109.98	1521	0.10439
607	535	32.207	-120.	108.95	1521	0.10444
607	543	32.875	-120.	108.	1521	0.10448
608	553	33.855	-120.	109.98	1521	0.10439
608	543	32.875	-120.	108.	1521	0.10448
608	569	35.206	-120.	108.91	1521	0.10444
609	553	33.855	-120.	109.98	1521	0.10439
609	569	35.206	-120.	108.91	1521	0.10444
609	571	35.614	-120.	110.21	1521	0.10438
610	553	33.855	-120.	109.98	1521	0.10439
610	571	35.614	-120.	110.21	1521	0.10438
610	562	34.168	-120.	112.14	1521	0.1043
611	553	33.855	-120.	109.98	1521	0.10439
611	562	34.168	-120.	112.14	1521	0.1043
611	544	33.06	-120.	111.67	1521	0.10432
612	569	35.206	-120.	108.91	1521	0.10444
612	543	32.875	-120.	108.	1521	0.10448
612	561	34.155	-120.	106.16	1521	0.10455
613	571	35.614	-120.	110.21	1521	0.10438
613	573	36.317	-120.	113.07	1521	0.10425
613	562	34.168	-120.	112.14	1521	0.1043
614	461	27.302	-120.	105.87	1528	0.10457
614	464	27.85	-120.	104.3	1528	0.10462
614	482	29.263	-120.	106.75	1528	0.10453
615	461	27.302	-120.	105.87	1528	0.10457
615	482	29.263	-120.	106.75	1528	0.10453
615	475	28.622	-120.	107.7	1528	0.10449
616	461	27.302	-120.	105.87	1528	0.10457
616	475	28.622	-120.	107.7	1528	0.10449
616	448	26.217	-120.	106.97	1528	0.10452
617	461	27.302	-120.	105.87	1528	0.10457
617	448	26.217	-120.	106.97	1528	0.10452
617	443	25.406	-120.	105.57	1528	0.10458
618	461	27.302	-120.	105.87	1528	0.10457
618	443	25.406	-120.	105.57	1528	0.10458
618	451	26.451	-120.	103.94	1528	0.10464
619	461	27.302	-120.	105.87	1528	0.10457
619	451	26.451	-120.	103.94	1528	0.10464
619	464	27.85	-120.	104.3	1528	0.10462
620	448	26.217	-120.	106.97	1528	0.10452
620	475	28.622	-120.	107.7	1528	0.10449
620	462	27.402	-120.	109.46	1528	0.10442
621	464	27.85	-120.	104.3	1528	0.10462
621	499	30.485	-120.	104.97	1528	0.1046
621	482	29.263	-120.	106.75	1528	0.10453
622	451	26.451	-120.	103.94	1528	0.10464
622	443	25.406	-120.	105.57	1528	0.10458
622	432	23.847	-120.	103.3	1528	0.10466
623	353	12.589	-120.	91.638	1530	0.10478
623	340	10.786	-120.	89.228	1530	0.10471
623	357	13.535	-120.	90.005	1530	0.10474
624	321	8.0152	-120.	85.538	1530	0.10458
624	341	10.891	-120.	86.162	1530	0.10462
624	331	9.8569	-120.	87.974	1530	0.10467
625	364	14.983	-120.	87.508	1530	0.10468
625	360	14.027	-120.	89.153	1530	0.10472
625	350	12.207	-120.	86.534	1530	0.10464
626	348	11.884	-120.	88.176	1530	0.10468
626	357	13.535	-120.	90.005	1530	0.10474
626	340	10.786	-120.	89.228	1530	0.10471
627	348	11.884	-120.	88.176	1530	0.10468
627	340	10.786	-120.	89.228	1530	0.10471
627	331	9.8569	-120.	87.974	1530	0.10467
628	348	11.884	-120.	88.176	1530	0.10468
628	331	9.8569	-120.	87.974	1530	0.10467
628	341	10.891	-120.	86.162	1530	0.10462
629	348	11.884	-120.	88.176	1530	0.10468
629	341	10.891	-120.	86.162	1530	0.10462
629	350	12.207	-120.	86.534	1530	0.10464
630	348	11.884	-120.	88.176	1530	0.10468
630	350	12.207	-120.	86.534	1530	0.10464
630	360	14.027	-120.	89.153	1530	0.10472
631	348	11.884	-120.	88.176	1530	0.10468
631	360	14.027	-120.	89.153	1530	0.10472
631	357	13.535	-120.	90.005	1530	0.10474
632	371	15.86	-120.	93.118	1531	0.1048
632	374	16.06	-120.	94.294	1531	0.10481
632	378	16.533	-120.	93.457	1531	0.1048
633	363	14.571	-120.	92.538	1531	0.10479
633	353	12.589	-120.	91.638	1531	0.10478
633	365	15.169	-120.	95.872	1531	0.10483
634	363	14.571	-120.	92.538	1531	0.10479
634	365	15.169	-120.	95.872	1531	0.10483
634	374	16.06	-120.	94.294	1531	0.10481
635	363	14.571	-120.	92.538	1531	0.10479
635	374	16.06	-120.	94.294	1531	0.10481
635	371	15.86	-120.	93.118	1531	0.1048
636	363	14.571	-120.	92.538	1531	0.10479
636	371	15.86	-120.	93.118	1531	0.1048
636	361	14.21	-120.	90.302	1531	0.10475
637	363	14.571	-120.	92.538	1531	0.10479
637	361	14.21	-120.	90.302	1531	0.10475
637	357	13.535	-120.	90.005	1531	0.10474
638	363	14.571	-120.	92.538	1531	0.10479
638	357	13.535	-120.	90.005	1531	0.10474
638	353	12.589	-120.	91.638	1531	0.10478
639	368	15.507	-120.	90.901	1531	0.10476
639	364	14.983	-120.	87.508	1531	0.10468
639	381	17.43	-120.	91.87	1531	0.10478
640	368	15.507	-120.	90.901	1531	0.10476
640	381	17.43	-120.	91.87	1531	0.10478
640	378	16.533	-120.	93.457	1531	0.1048
641	368	15.507	-120.	90.901	1531	0.10476
641	378	16.533	-120.	93.457	1531	0.1048
641	371	15.86	-120.	93.118	1531	0.1048
642	368	15.507	-120.	90.901	1531	0.10476
642	371	15.86	-120.	93.118	1531	0.1048
642	361	14.21	-120.	90.302	1531	0.10475
643	368	15.507	-120.	90.901	1531	0.10476
643	361	14.21	-120.	90.302	1531	0.10475
643	360	14.027	-120.	89.153	1531	0.10472
644	368	15.507	-120.	90.901	1531	0.10476
644	360	14.027	-120.	89.153	1531	0.10472
644	364	14.983	-120.	87.508	1531	0.10468
645	361	14.21	-120.	90.302	1531	0.10475
645	360	14.027	-120.	89.153	1531	0.10472
645	357	13.535	-120.	90.005	1531	0.10474
646	432	23.847	-120.	103.3	1544	0.10466
646	444	25.409	-120.	100.72	1544	0.10473
646	407	20.921	-120.	100.05	1544	0.10475
647	449	26.403	-120.	99.043	1546	0.10476
647	468	28.095	-120.	101.35	1546	0.10471
647	444	25.409	-120.	100.72	1546	0.10473
648	501	30.617	-120.	99.84	1546	0.10474
648	536	32.209	-120.	102.31	1546	0.10468
648	489	29.49	-120.	101.66	1546	0.1047
649	472	28.556	-120.	99.8	1546	0.10474
649	501	30.617	-120.	99.84	1546	0.10474
649	489	29.49	-120.	101.66	1546	0.1047
650	472	28.556	-120.	99.8	1546	0.10474
650	489	29.49	-120.	101.66	1546	0.1047
650	468	28.095	-120.	101.35	1546	0.10471
651	472	28.556	-120.	99.8	1546	0.10474
651	468	28.095	-120.	101.35	1546	0.10471
651	449	26.403	-120.	99.043	1546	0.10476
652	472	28.556	-120.	99.8	1546	0.10474
652	449	26.403	-120.	99.043	1546	0.10476
652	459	26.924	-120.	98.172	1546	0.10477
653	472	28.556	-120.	99.8	1546	0.10474
653	459	26.924	-120.	98.172	1546	0.10477
653	496	29.807	-120.	98.737	1546	0.10476
654	472	28.556	-120.	99.8	1546	0.10474
654	496	29.807	-120.	98.737	1546	0.10476
654	501	30.617	-120.	99.84	1546	0.10474
655	466	27.921	-120.	96.479	1546	0.1048
655	496	29.807	-120.	98.737	1546	0.10476
655	459	26.924	-120.	98.172	1546	0.10477
656	428	22.931	-120.	98.116	1547	0.10478
656	423	22.388	-120.	97.593	1547	0.10478
656	419	21.882	-120.	98.448	1547	0.10478
657	433	23.908	-120.	99.146	1547	0.10476
657	449	26.403	-120.	99.043	1547	0.10476
657	444	25.409	-120.	100.72	1547	0.10473
658	433	23.908	-120.	99.146	1547	0.10476
658	444	25.409	-120.	100.72	1547	0.10473
658	407	20.921	-120.	100.05	1547	0.10475
659	433	23.908	-120.	99.146	1547	0.10476
659	407	20.921	-120.	100.05	1547	0.10475
659	419	21.882	-120.	98.448	1547	0.10478
660	433	23.908	-120.	99.146	1547	0.10476
660	419	21.882	-120.	98.448	1547	0.10478
660	428	22.931	-120.	98.116	1547	0.10478
661	433	23.908	-120.	99.146	1547	0.10476
661	428	22.931	-120.	98.116	1547	0.10478
661	447	25.899	-120.	98.502	1547	0.10477
662	433	23.908	-120.	99.146	1547	0.10476
662	447	25.899	-120.	98.502	1547	0.10477
662	449	26.403	-120.	99.043	1547	0.10476
663	459	26.924	-120.	98.172	1547	0.10477
663	447	25.899	-120.	98.502	1547	0.10477
663	449	26.403	-120.	99.043	1547	0.10476
664	442	24.902	-120.	97.473	1547	0.10478
664	466	27.921	-120.	96.479	1547	0.1048
664	431	23.352	-120.	95.976	1547	0.1048
665	442	24.902	-120.	97.473	1547	0.10478
665	431	23.352	-120.	95.976	1547	0.1048
665	423	22.388	-120.	97.593	1547	0.10478
666	442	24.902	-120.	97.473	1547	0.10478
666	423	22.388	-120.	97.593	1547	0.10478
666	428	22.931	-120.	98.116	1547	0.10478
667	442	24.902	-120.	97.473	1547	0.10478
667	428	22.931	-120.	98.116	1547	0.10478
667	447	25.899	-120.	98.502	1547	0.10477
668	442	24.902	-120.	97.473	1547	0.10478
668	447	25.899	-120.	98.502	1547	0.10477
668	459	26.924	-120.	98.172	1547	0.10477
669	442	24.902	-120.	97.473	1547	0.10478
669	459	26.924	-120.	98.172	1547	0.10477
669	466	27.921	-120.	96.479	1547	0.1048
670	395	19.847	-120.	97.24	1566	0.1048
670	418	21.882	-120.	98.448	1566	0.10478
670	391	18.828	-120.	98.263	1566	0.10479
671	395	19.847	-120.	97.24	1566	0.1048
671	391	18.828	-120.	98.263	1566	0.10479
671	382	17.516	-120.	97.31	1566	0.10481
672	395	19.847	-120.	97.24	1566	0.1048
672	382	17.516	-120.	97.31	1566	0.10481
672	389	18.369	-120.	95.895	1566	0.10481
673	395	19.847	-120.	97.24	1566	0.1048
673	389	18.369	-120.	95.895	1566	0.10481
673	402	20.101	-120.	95.931	1566	0.1048
674	395	19.847	-120.	97.24	1566	0.1048
674	402	20.101	-120.	95.931	1566	0.1048
674	422	22.388	-120.	97.593	1566	0.10478
675	395	19.847	-120.	97.24	1566	0.1048
675	422	22.388	-120.	97.593	1566	0.10478
675	418	21.882	-120.	98.448	1566	0.10478
676	389	18.369	-120.	95.895	1566	0.10481
676	382	17.516	-120.	97.31	1566	0.10481
676	365	15.169	-120.	95.872	1566	0.10483
677	418	21.882	-120.	98.448	1566	0.10478
677	407	20.921	-120.	100.05	1566	0.10475
677	391	18.828	-120.	98.263	1566	0.10479
678	422	22.388	-120.	97.593	1566	0.10478
678	402	20.101	-120.	95.931	1566	0.1048
678	431	23.352	-120.	95.976	1566	0.1048
679	439	24.656	-120.	135.59	1581	0.1034
679	479	29.242	-120.	133.19	1581	0.10345
679	456	26.843	-120.	131.8	1581	0.10349
680	460	27.061	-120.	136.97	1582	0.10339
680	479	29.242	-120.	133.19	1582	0.10345
680	439	24.656	-120.	135.59	1582	0.1034
681	539	32.274	-120.	122.15	1583	0.10384
681	491	29.497	-120.	120.69	1583	0.1039
681	478	29.04	-120.	125.04	1583	0.10372
682	556	34.028	-120.	123.11	1585	0.1038
682	539	32.274	-120.	122.15	1585	0.10384
682	560	34.106	-120.	120.25	1585	0.10392
683	570	35.354	-120.	121.36	1585	0.10387
683	556	34.028	-120.	123.11	1585	0.1038
683	560	34.106	-120.	120.25	1585	0.10392
684	570	35.354	-120.	121.36	1585	0.10387
684	560	34.106	-120.	120.25	1585	0.10392
684	568	35.062	-120.	119.27	1585	0.10397
685	570	35.354	-120.	121.36	1585	0.10387
685	568	35.062	-120.	119.27	1585	0.10397
685	577	37.01	-120.	120.28	1585	0.10392
686	570	35.354	-120.	121.36	1585	0.10387
686	577	37.01	-120.	120.28	1585	0.10392
686	576	36.972	-120.	121.65	1585	0.10386
687	570	35.354	-120.	121.36	1585	0.10387
687	576	36.972	-120.	121.65	1585	0.10386
687	566	34.943	-120.	123.6	1585	0.10378
688	570	35.354	-120.	121.36	1585	0.10387
688	566	34.943	-120.	123.6	1585	0.10378
688	556	34.028	-120.	123.11	1585	0.1038
689	577	37.01	-120.	120.28	1585	0.10392
689	568	35.062	-120.	119.27	1585	0.10397
689	575	36.909	-120.	117.34	1585	0.10406
690	576	36.972	-120.	121.65	1585	0.10386
690	574	36.709	-120.	124.58	1585	0.10374
690	566	34.943	-120.	123.6	1585	0.10378
691	524	31.758	-120.	125.71	1588	0.10369
691	503	30.725	-120.	125.95	1588	0.10368
691	519	31.619	-120.	126.45	1588	0.10366
692	552	33.712	-120.	125.26	1588	0.10371
692	565	34.943	-120.	123.6	1588	0.10378
692	574	36.709	-120.	124.58	1588	0.10374
693	552	33.712	-120.	125.26	1588	0.10371
693	574	36.709	-120.	124.58	1588	0.10374
693	549	33.314	-120.	127.38	1588	0.10363
694	552	33.712	-120.	125.26	1588	0.10371
694	549	33.314	-120.	127.38	1588	0.10363
694	519	31.619	-120.	126.45	1588	0.10366
695	552	33.712	-120.	125.26	1588	0.10371
695	519	31.619	-120.	126.45	1588	0.10366
695	524	31.758	-120.	125.71	1588	0.10369
696	552	33.712	-120.	125.26	1588	0.10371
696	524	31.758	-120.	125.71	1588	0.10369
696	554	33.93	-120.	123.84	1588	0.10377
697	552	33.712	-120.	125.26	1588	0.10371
697	554	33.93	-120.	123.84	1588	0.10377
697	565	34.943	-120.	123.6	1588	0.10378
698	557	34.028	-120.	123.11	1588	0.1038
698	554	33.93	-120.	123.84	1588	0.10377
698	565	34.943	-120.	123.6	1588	0.10378
699	530	31.959	-120.	124.3	1588	0.10375
699	539	32.274	-120.	122.15	1588	0.10384
699	478	29.04	-120.	125.04	1588	0.10372
700	530	31.959	-120.	124.3	1588	0.10375
700	478	29.04	-120.	125.04	1588	0.10372
700	503	30.725	-120.	125.95	1588	0.10368
701	530	31.959	-120.	124.3	1588	0.10375
701	503	30.725	-120.	125.95	1588	0.10368
701	524	31.758	-120.	125.71	1588	0.10369
702	530	31.959	-120.	124.3	1588	0.10375
702	524	31.758	-120.	125.71	1588	0.10369
702	554	33.93	-120.	123.84	1588	0.10377
703	530	31.959	-120.	124.3	1588	0.10375
703	554	33.93	-120.	123.84	1588	0.10377
703	557	34.028	-120.	123.11	1588	0.1038
704	530	31.959	-120.	124.3	1588	0.10375
704	557	34.028	-120.	123.11	1588	0.1038
704	539	32.274	-120.	122.15	1588	0.10384
705	549	33.314	-120.	127.38	1589	0.10363
705	572	35.883	-120.	128.81	1589	0.10358
705	574	36.709	-120.	124.58	1589	0.10374
706	495	29.794	-120.	128.1	1591	0.1036
706	470	28.397	-120.	127.71	1591	0.10362
706	502	30.725	-120.	125.95	1591	0.10368
707	495	29.794	-120.	128.1	1591	0.1036
707	502	30.725	-120.	125.95	1591	0.10368
707	520	31.619	-120.	126.45	1591	0.10366
708	495	29.794	-120.	128.1	1591	0.1036
708	520	31.619	-120.	126.45	1591	0.10366
708	505	30.745	-120.	129.14	1591	0.10357
709	495	29.794	-120.	128.1	1591	0.1036
709	505	30.745	-120.	129.14	1591	0.10357
709	485	29.384	-120.	130.08	1591	0.10354
710	495	29.794	-120.	128.1	1591	0.1036
710	485	29.384	-120.	130.08	1591	0.10354
710	465	27.896	-120.	129.26	1591	0.10357
711	495	29.794	-120.	128.1	1591	0.1036
711	465	27.896	-120.	129.26	1591	0.10357
711	470	28.397	-120.	127.71	1591	0.10362
712	505	30.745	-120.	129.14	1591	0.10357
712	520	31.619	-120.	126.45	1591	0.10366
712	549	33.314	-120.	127.38	1591	0.10363
713	470	28.397	-120.	127.71	1591	0.10362
713	478	29.04	-120.	125.04	1591	0.10372
713	502	30.725	-120.	125.95	1591	0.10368
714	465	27.896	-120.	129.26	1591	0.10357
714	485	29.384	-120.	130.08	1591	0.10354
714	456	26.843	-120.	131.8	1591	0.10349
715	500	30.508	-120.	129.85	1592	0.10354
715	504	30.745	-120.	129.14	1592	0.10357
715	484	29.384	-120.	130.08	1592	0.10354
716	540	32.636	-120.	129.42	1592	0.10356
716	572	35.883	-120.	128.81	1592	0.10358
716	549	33.314	-120.	127.38	1592	0.10363
717	540	32.636	-120.	129.42	1592	0.10356
717	549	33.314	-120.	127.38	1592	0.10363
717	504	30.745	-120.	129.14	1592	0.10357
718	540	32.636	-120.	129.42	1592	0.10356
718	504	30.745	-120.	129.14	1592	0.10357
718	500	30.508	-120.	129.85	1592	0.10354
719	540	32.636	-120.	129.42	1592	0.10356
719	500	30.508	-120.	129.85	1592	0.10354
719	531	32.136	-120.	130.77	1592	0.10352
720	540	32.636	-120.	129.42	1592	0.10356
720	531	32.136	-120.	130.77	1592	0.10352
720	547	33.229	-120.	130.57	1592	0.10353
721	540	32.636	-120.	129.42	1592	0.10356
721	547	33.229	-120.	130.57	1592	0.10353
721	572	35.883	-120.	128.81	1592	0.10358
722	497	29.996	-120.	131.19	1592	0.10351
722	479	29.242	-120.	133.19	1592	0.10345
722	456	26.843	-120.	131.8	1592	0.10349
723	497	29.996	-120.	131.19	1592	0.10351
723	456	26.843	-120.	131.8	1592	0.10349
723	484	29.384	-120.	130.08	1592	0.10354
724	497	29.996	-120.	131.19	1592	0.10351
724	484	29.384	-120.	130.08	1592	0.10354
724	500	30.508	-120.	129.85	1592	0.10354
725	497	29.996	-120.	131.19	1592	0.10351
725	500	30.508	-120.	129.85	1592	0.10354
725	531	32.136	-120.	130.77	1592	0.10352
726	497	29.996	-120.	131.19	1592	0.10351
726	531	32.136	-120.	130.77	1592	0.10352
726	525	31.866	-120.	131.46	1592	0.1035
727	497	29.996	-120.	131.19	1592	0.10351
727	525	31.866	-120.	131.46	1592	0.1035
727	479	29.242	-120.	133.19	1592	0.10345
728	531	32.136	-120.	130.77	1592	0.10352
728	525	31.866	-120.	131.46	1592	0.1035
728	547	33.229	-120.	130.57	1592	0.10353
729	494	29.577	-120.	107.44	1594	0.1045
729	481	29.263	-120.	106.75	1594	0.10453
729	474	28.622	-120.	107.7	1594	0.10449
730	517	31.382	-120.	106.93	1594	0.10452
730	561	34.155	-120.	106.16	1594	0.10455
730	499	30.485	-120.	104.97	1594	0.1046
731	517	31.382	-120.	106.93	1594	0.10452
731	499	30.485	-120.	104.97	1594	0.1046
731	481	29.263	-120.	106.75	1594	0.10453
732	517	31.382	-120.	106.93	1594	0.10452
732	481	29.263	-120.	106.75	1594	0.10453
732	494	29.577	-120.	107.44	1594	0.1045
733	517	31.382	-120.	106.93	1594	0.10452
733	494	29.577	-120.	107.44	1594	0.1045
733	529	31.935	-120.	108.26	1594	0.10447
734	517	31.382	-120.	106.93	1594	0.10452
734	529	31.935	-120.	108.26	1594	0.10447
734	542	32.875	-120.	108.	1594	0.10448
735	517	31.382	-120.	106.93	1594	0.10452
735	542	32.875	-120.	108.	1594	0.10448
735	561	34.155	-120.	106.16	1594	0.10455
736	498	30.113	-120.	108.76	1594	0.10445
736	511	30.932	-120.	110.76	1594	0.10436
736	462	27.402	-120.	109.46	1594	0.10442
737	498	30.113	-120.	108.76	1594	0.10445
737	462	27.402	-120.	109.46	1594	0.10442
737	474	28.622	-120.	107.7	1594	0.10449
738	498	30.113	-120.	108.76	1594	0.10445
738	474	28.622	-120.	107.7	1594	0.10449
738	494	29.577	-120.	107.44	1594	0.1045
739	498	30.113	-120.	108.76	1594	0.10445
739	494	29.577	-120.	107.44	1594	0.1045
739	529	31.935	-120.	108.26	1594	0.10447
740	498	30.113	-120.	108.76	1594	0.10445
740	529	31.935	-120.	108.26	1594	0.10447
740	534	32.207	-120.	108.95	1594	0.10444
741	498	30.113	-120.	108.76	1594	0.10445
741	534	32.207	-120.	108.95	1594	0.10444
741	511	30.932	-120.	110.76	1594	0.10436
742	529	31.935	-120.	108.26	1594	0.10447
742	534	32.207	-120.	108.95	1594	0.10444
742	542	32.875	-120.	108.	1594	0.10448
743	477	28.754	-120.	113.62	1595	0.10423
743	511	30.932	-120.	110.76	1595	0.10436
743	462	27.402	-120.	109.46	1595	0.10442
744	561	34.155	-120.	106.16	1598	0.10455
744	536	32.209	-120.	102.31	1598	0.10468
744	499	30.485	-120.	104.97	1598	0.1046
745	107	-23.785	-120.	100.93	1649	0.10489
745	110	-23.545	-120.	96.143	1649	0.1049
745	73	-26.285	-120.	99.47	1649	0.1049
746	136	-21.358	-120.	102.37	1650	0.10487
746	130	-21.726	-120.	101.28	1650	0.10488
746	123	-22.197	-120.	101.87	1650	0.10488
747	133	-21.51	-120.	98.163	1650	0.1049
747	138	-21.019	-120.	97.611	1650	0.1049
747	125	-21.878	-120.	97.108	1650	0.1049
748	119	-22.44	-120.	99.25	1650	0.1049
748	123	-22.197	-120.	101.87	1650	0.10488
748	107	-23.785	-120.	100.93	1650	0.10489
749	119	-22.44	-120.	99.25	1650	0.1049
749	107	-23.785	-120.	100.93	1650	0.10489
749	110	-23.545	-120.	96.143	1650	0.1049
750	119	-22.44	-120.	99.25	1650	0.1049
750	110	-23.545	-120.	96.143	1650	0.1049
750	125	-21.878	-120.	97.108	1650	0.1049
751	119	-22.44	-120.	99.25	1650	0.1049
751	125	-21.878	-120.	97.108	1650	0.1049
751	133	-21.51	-120.	98.163	1650	0.1049
752	119	-22.44	-120.	99.25	1650	0.1049
752	133	-21.51	-120.	98.163	1650	0.1049
752	130	-21.726	-120.	101.28	1650	0.10488
753	119	-22.44	-120.	99.25	1650	0.1049
753	130	-21.726	-120.	101.28	1650	0.10488
753	123	-22.197	-120.	101.87	1650	0.10488
754	140	-20.794	-120.	100.22	1650	0.1049
754	138	-21.019	-120.	97.611	1650	0.1049
754	153	-19.369	-120.	98.573	1650	0.1049
755	140	-20.794	-120.	100.22	1650	0.1049
755	153	-19.369	-120.	98.573	1650	0.1049
755	151	-19.781	-120.	103.3	1650	0.10486
756	140	-20.794	-120.	100.22	1650	0.1049
756	151	-19.781	-120.	103.3	1650	0.10486
756	136	-21.358	-120.	102.37	1650	0.10487
757	140	-20.794	-120.	100.22	1650	0.1049
757	136	-21.358	-120.	102.37	1650	0.10487
757	130	-21.726	-120.	101.28	1650	0.10488
758	140	-20.794	-120.	100.22	1650	0.1049
758	130	-21.726	-120.	101.28	1650	0.10488
758	133	-21.51	-120.	98.163	1650	0.1049
759	140	-20.794	-120.	100.22	1650	0.1049
759	133	-21.51	-120.	98.163	1650	0.1049
759	138	-21.019	-120.	97.611	1650	0.1049
760	171	-16.855	-120.	100.05	1654	0.10491
760	153	-19.369	-120.	98.573	1654	0.1049
760	151	-19.781	-120.	103.3	1654	0.10486
761	221	-8.7706	-120.	146.81	1667	0.10346
761	229	-7.1945	-120.	148.83	1667	0.1035
761	217	-9.7773	-120.	147.68	1667	0.10348
762	221	-8.7706	-120.	146.81	1667	0.10346
762	217	-9.7773	-120.	147.68	1667	0.10348
762	212	-10.674	-120.	146.2	1667	0.10346
763	221	-8.7706	-120.	146.81	1667	0.10346
763	212	-10.674	-120.	146.2	1667	0.10346
763	215	-9.8754	-120.	144.75	1667	0.10344
764	221	-8.7706	-120.	146.81	1667	0.10346
764	215	-9.8754	-120.	144.75	1667	0.10344
764	224	-8.3944	-120.	145.41	1667	0.10344
765	221	-8.7706	-120.	146.81	1667	0.10346
765	224	-8.3944	-120.	145.41	1667	0.10344
765	233	-6.7075	-120.	147.97	1667	0.10348
766	221	-8.7706	-120.	146.81	1667	0.10346
766	233	-6.7075	-120.	147.97	1667	0.10348
766	229	-7.1945	-120.	148.83	1667	0.1035
767	215	-9.8754	-120.	144.75	1667	0.10344
767	212	-10.674	-120.	146.2	1667	0.10346
767	197	-12.295	-120.	143.44	1667	0.10345
768	229	-7.1945	-120.	148.83	1667	0.1035
768	226	-8.113	-120.	150.47	1667	0.10354
768	217	-9.7773	-120.	147.68	1667	0.10348
769	233	-6.7075	-120.	147.97	1667	0.10348
769	224	-8.3944	-120.	145.41	1667	0.10344
769	240	-5.7995	-120.	146.33	1667	0.10344
770	486	29.388	-120.	135.79	1726	0.10341
770	479	29.242	-120.	133.19	1726	0.10345
770	460	27.061	-120.	136.97	1726	0.10339
771	486	29.388	-120.	135.79	1726	0.10341
771	460	27.061	-120.	136.97	1726	0.10339
771	476	28.693	-120.	137.9	1726	0.10338
772	486	29.388	-120.	135.79	1726	0.10341
772	476	28.693	-120.	137.9	1726	0.10338
772	492	29.517	-120.	137.53	1726	0.10338
773	486	29.388	-120.	135.79	1726	0.10341
773	492	29.517	-120.	137.53	1726	0.10338
773	512	30.952	-120.	135.04	1726	0.10342
774	486	29.388	-120.	135.79	1726	0.10341
774	512	30.952	-120.	135.04	1726	0.10342
774	509	30.864	-120.	134.14	1726	0.10344
775	486	29.388	-120.	135.79	1726	0.10341
775	509	30.864	-120.	134.14	1726	0.10344
775	479	29.242	-120.	133.19	1726	0.10345
776	513	31.043	-120.	136.75	1726	0.10339
776	550	33.344	-120.	135.59	1726	0.10341
776	514	31.189	-120.	139.32	1726	0.10337
777	513	31.043	-120.	136.75	1726	0.10339
777	514	31.189	-120.	139.32	1726	0.10337
777	493	29.543	-120.	138.38	1726	0.10338
778	513	31.043	-120.	136.75	1726	0.10339
778	493	29.543	-120.	138.38	1726	0.10338
778	492	29.517	-120.	137.53	1726	0.10338
779	513	31.043	-120.	136.75	1726	0.10339
779	492	29.517	-120.	137.53	1726	0.10338
779	512	30.952	-120.	135.04	1726	0.10342
780	513	31.043	-120.	136.75	1726	0.10339
780	512	30.952	-120.	135.04	1726	0.10342
780	521	31.71	-120.	134.63	1726	0.10343
781	513	31.043	-120.	136.75	1726	0.10339
781	521	31.71	-120.	134.63	1726	0.10343
781	550	33.344	-120.	135.59	1726	0.10341
782	492	29.517	-120.	137.53	1726	0.10338
782	476	28.693	-120.	137.9	1726	0.10338
782	493	29.543	-120.	138.38	1726	0.10338
783	512	30.952	-120.	135.04	1726	0.10342
783	521	31.71	-120.	134.63	1726	0.10343
783	509	30.864	-120.	134.14	1726	0.10344
784	476	28.693	-120.	137.9	1744	0.10338
784	458	26.876	-120.	140.1	1744	0.10337
784	460	27.061	-120.	136.97	1744	0.10339
785	473	28.593	-120.	142.76	1744	0.10337
785	452	26.586	-120.	144.91	1744	0.10339
785	454	26.788	-120.	141.73	1744	0.10337
786	469	28.326	-120.	140.43	1744	0.10337
786	473	28.593	-120.	142.76	1744	0.10337
786	454	26.788	-120.	141.73	1744	0.10337
787	469	28.326	-120.	140.43	1744	0.10337
787	454	26.788	-120.	141.73	1744	0.10337
787	458	26.876	-120.	140.1	1744	0.10337
788	469	28.326	-120.	140.43	1744	0.10337
788	458	26.876	-120.	140.1	1744	0.10337
788	476	28.693	-120.	137.9	1744	0.10338
789	469	28.326	-120.	140.43	1744	0.10337
789	476	28.693	-120.	137.9	1744	0.10338
789	493	29.543	-120.	138.38	1744	0.10338
790	469	28.326	-120.	140.43	1744	0.10337
790	493	29.543	-120.	138.38	1744	0.10338
790	488	29.463	-120.	141.7	1744	0.10337
791	469	28.326	-120.	140.43	1744	0.10337
791	488	29.463	-120.	141.7	1744	0.10337
791	473	28.593	-120.	142.76	1744	0.10337
792	514	31.189	-120.	139.32	1744	0.10337
792	488	29.463	-120.	141.7	1744	0.10337
792	493	29.543	-120.	138.38	1744	0.10338
793	390	18.671	-120.	94.527	1810	0.1048
793	388	18.369	-120.	95.895	1810	0.10481
793	373	16.06	-120.	94.294	1810	0.10481
794	390	18.671	-120.	94.527	1810	0.1048
794	373	16.06	-120.	94.294	1810	0.10481
794	377	16.533	-120.	93.457	1810	0.1048
795	390	18.671	-120.	94.527	1810	0.1048
795	377	16.533	-120.	93.457	1810	0.1048
795	397	19.897	-120.	93.386	1810	0.10479
796	390	18.671	-120.	94.527	1810	0.1048
796	397	19.897	-120.	93.386	1810	0.10479
796	409	21.067	-120.	94.197	1810	0.1048
797	390	18.671	-120.	94.527	1810	0.1048
797	409	21.067	-120.	94.197	1810	0.1048
797	401	20.101	-120.	95.931	1810	0.1048
798	390	18.671	-120.	94.527	1810	0.1048
798	401	20.101	-120.	95.931	1810	0.1048
798	388	18.369	-120.	95.895	1810	0.10481
799	397	19.897	-120.	93.386	1810	0.10479
799	377	16.533	-120.	93.457	1810	0.1048
799	381	17.43	-120.	91.87	1810	0.10478
800	388	18.369	-120.	95.895	1810	0.10481
800	365	15.169	-120.	95.872	1810	0.10483
800	373	16.06	-120.	94.294	1810	0.10481
801	401	20.101	-120.	95.931	1810	0.1048
801	409	21.067	-120.	94.197	1810	0.1048
801	431	23.352	-120.	95.976	1810	0.1048
802	406	20.74	-120.	93.354	1811	0.10479
802	398	19.897	-120.	93.386	1811	0.10479
802	410	21.067	-120.	94.197	1811	0.1048
803	400	20.015	-120.	91.744	1811	0.10478
803	392	18.881	-120.	89.348	1811	0.10474
803	381	17.43	-120.	91.87	1811	0.10478
804	400	20.015	-120.	91.744	1811	0.10478
804	381	17.43	-120.	91.87	1811	0.10478
804	398	19.897	-120.	93.386	1811	0.10479
805	400	20.015	-120.	91.744	1811	0.10478
805	398	19.897	-120.	93.386	1811	0.10479
805	406	20.74	-120.	93.354	1811	0.10479
806	400	20.015	-120.	91.744	1811	0.10478
806	406	20.74	-120.	93.354	1811	0.10479
806	416	21.743	-120.	91.638	1811	0.10478
807	400	20.015	-120.	91.744	1811	0.10478
807	416	21.743	-120.	91.638	1811	0.10478
807	412	21.398	-120.	90.871	1811	0.10478
808	400	20.015	-120.	91.744	1811	0.10478
808	412	21.398	-120.	90.871	1811	0.10478
808	392	18.881	-120.	89.348	1811	0.10474
809	421	22.376	-120.	93.382	1811	0.1048
809	441	24.832	-120.	93.474	1811	0.1048
809	431	23.352	-120.	95.976	1811	0.1048
810	421	22.376	-120.	93.382	1811	0.1048
810	431	23.352	-120.	95.976	1811	0.1048
810	410	21.067	-120.	94.197	1811	0.1048
811	421	22.376	-120.	93.382	1811	0.1048
811	410	21.067	-120.	94.197	1811	0.1048
811	406	20.74	-120.	93.354	1811	0.10479
812	421	22.376	-120.	93.382	1811	0.1048
812	406	20.74	-120.	93.354	1811	0.10479
812	416	21.743	-120.	91.638	1811	0.10478
813	421	22.376	-120.	93.382	1811	0.1048
813	416	21.743	-120.	91.638	1811	0.10478
813	426	22.522	-120.	91.651	1811	0.10479
814	421	22.376	-120.	93.382	1811	0.1048
814	426	22.522	-120.	91.651	1811	0.10479
814	441	24.832	-120.	93.474	1811	0.1048
815	416	21.743	-120.	91.638	1811	0.10478
815	426	22.522	-120.	91.651	1811	0.10479
815	412	21.398	-120.	90.871	1811	0.10478
