小面	点	X坐标 (mm)	Y坐标 (mm)	Z坐标 (mm)	单元数	定向变形 (mm)
0	135	-5.0197	-90.002	146.51	580	6.2993e-002
0	129	-7.53	-90.002	149.49	580	6.2497e-002
0	149	-2.2115	-90.002	150.32	580	7.0014e-002
1	55	-22.885	-90.002	100.04	647	-2.0482e-003
1	63	-21.217	-90.002	102.2	647	2.07e-003
1	37	-25.28	-90.002	103.92	647	-1.6609e-003
1	39	-25.257	-90.002	101.82	647	-3.5257e-003
2	21	-27.703	-90.002	101.55	647	-6.9546e-003
2	44	-24.757	-90.002	97.566	647	-6.7074e-003
2	55	-22.885	-90.002	100.04	647	-2.0482e-003
2	39	-25.257	-90.002	101.82	647	-3.5257e-003
3	37	-25.28	-90.002	103.92	647	-1.6609e-003
3	10	-30.011	-90.002	105.94	647	-5.9933e-003
3	21	-27.703	-90.002	101.55	647	-6.9546e-003
3	39	-25.257	-90.002	101.82	647	-3.5257e-003
4	32	-26.312	-90.002	123.11	656	1.4394e-002
4	14	-29.112	-90.002	125.85	656	1.327e-002
4	8	-30.546	-90.002	123.5	656	9.2646e-003
4	12	-29.622	-90.002	120.92	656	8.1162e-003
5	4	-31.893	-90.002	128.58	656	1.216e-002
5	14	-29.112	-90.002	125.85	656	1.327e-002
5	8	-30.546	-90.002	123.5	656	9.2646e-003
5	2	-32.767	-90.002	123.7	656	6.5732e-003
6	2	-32.767	-90.002	123.7	656	6.5732e-003
6	0	-32.887	-90.002	118.75	656	1.9054e-003
6	12	-29.622	-90.002	120.92	656	8.1162e-003
6	8	-30.546	-90.002	123.5	656	9.2646e-003
7	165	2.7109	-90.002	153.59	662	7.9214e-002
7	169	3.6719	-90.002	154.9	662	8.1621e-002
7	163	2.0246	-90.002	154.99	662	7.9616e-002
8	48	-23.809	-90.002	110.63	699	6.3101e-003
8	18	-27.981	-90.002	114.05	699	3.9982e-003
8	23	-27.343	-90.002	116.6	699	7.1357e-003
8	40	-25.213	-90.002	116.27	699	9.6029e-003
9	5	-31.752	-90.002	117.17	699	1.9349e-003
9	18	-27.981	-90.002	114.05	699	3.9982e-003
9	23	-27.343	-90.002	116.6	699	7.1357e-003
9	17	-28.584	-90.002	119.37	699	8.0428e-003
10	36	-25.373	-90.002	121.58	699	1.4219e-002
10	40	-25.213	-90.002	116.27	699	9.6029e-003
10	23	-27.343	-90.002	116.6	699	7.1357e-003
10	17	-28.584	-90.002	119.37	699	8.0428e-003
11	310	35.46	-90.002	116.52	839	8.7534e-002
11	314	36.682	-90.002	115.48	839	8.8173e-002
11	315	36.909	-90.002	117.12	839	8.9905e-002
12	129	-7.53	-90.002	149.49	876	6.2497e-002
12	135	-5.0197	-90.002	146.51	876	6.2993e-002
12	130	-6.6575	-90.002	146.08	876	6.0521e-002
13	66	-21.126	-90.002	134.77	880	3.1711e-002
13	59	-22.444	-90.002	134.49	880	2.9761e-002
13	60	-22.067	-90.002	133.15	880	2.9028e-002
14	196	12.174	-90.002	92.983	911	3.702e-002
14	191	10.051	-90.002	89.339	911	3.1051e-002
14	189	9.2434	-90.002	90.571	911	3.1109e-002
14	194	11.136	-90.002	94.105	911	3.6685e-002
15	185	7.8012	-90.002	85.484	911	2.4724e-002
15	191	10.051	-90.002	89.339	911	3.1051e-002
15	189	9.2434	-90.002	90.571	911	3.1109e-002
15	180	7.202	-90.002	86.783	911	2.5107e-002
16	96	-14.944	-90.002	91.296	917	4.3672e-004
16	94	-16.021	-90.002	90.083	917	-2.0509e-003
16	101	-14.615	-90.002	89.219	917	-9.9504e-004
17	159	0.73719	-90.002	90.924	937	2.0454e-002
17	168	3.3289	-90.002	88.209	937	2.1381e-002
17	170	4.8072	-90.002	89.82	937	2.4725e-002
17	164	2.6704	-90.002	92.534	937	2.4388e-002
18	173	6.1614	-90.002	85.302	937	2.2447e-002
18	168	3.3289	-90.002	88.209	937	2.1381e-002
18	170	4.8072	-90.002	89.82	937	2.4725e-002
18	180	7.202	-90.002	86.783	937	2.5107e-002
19	173	6.1614	-90.002	85.302	969	2.2447e-002
19	185	7.8012	-90.002	85.484	969	2.4724e-002
19	180	7.202	-90.002	86.783	969	2.5107e-002
20	255	26.603	-90.002	95.154	990	5.7404e-002
20	266	27.785	-90.002	96.305	990	5.9928e-002
20	252	25.972	-90.002	96.176	990	5.7501e-002
21	251	25.873	-90.002	133.71	1005	9.0608e-002
21	254	26.449	-90.002	134.72	1005	9.2246e-002
21	249	25.239	-90.002	134.65	1005	9.0651e-002
22	97	-14.844	-90.002	142.26	1039	4.6596e-002
22	100	-14.667	-90.002	141.83	1039	4.6436e-002
22	104	-14.262	-90.002	142.14	1039	4.7236e-002
23	60	-22.067	-90.002	133.15	1042	2.9028e-002
23	30	-26.321	-90.002	130.95	1042	2.1521e-002
23	34	-26.16	-90.002	128.54	1042	1.9536e-002
23	46	-24.131	-90.002	128.47	1042	2.2093e-002
24	9	-30.45	-90.002	128.78	1042	1.4207e-002
24	30	-26.321	-90.002	130.95	1042	2.1521e-002
24	34	-26.16	-90.002	128.54	1042	1.9536e-002
24	20	-27.847	-90.002	126.17	1042	1.5195e-002
25	41	-25.207	-90.002	123.54	1042	1.6215e-002
25	46	-24.131	-90.002	128.47	1042	2.2093e-002
25	34	-26.16	-90.002	128.54	1042	1.9536e-002
25	20	-27.847	-90.002	126.17	1042	1.5195e-002
26	45	-24.224	-90.002	110.6	1054	5.7481e-003
26	22	-27.554	-90.002	108.97	1054	-5.6098e-005
26	13	-29.544	-90.002	111.72	1054	-1.4433e-004
26	15	-28.737	-90.002	114.01	1054	2.9756e-003
27	7	-30.589	-90.002	107.48	1054	-5.3472e-003
27	22	-27.554	-90.002	108.97	1054	-5.6098e-005
27	13	-29.544	-90.002	111.72	1054	-1.4433e-004
27	3	-32.083	-90.002	112.2	1054	-3.0066e-003
28	1	-32.842	-90.002	117.1	1054	4.6326e-004
28	15	-28.737	-90.002	114.01	1054	2.9756e-003
28	13	-29.544	-90.002	111.72	1054	-1.4433e-004
28	3	-32.083	-90.002	112.2	1054	-3.0066e-003
29	130	-6.6575	-90.002	146.08	1057	6.0521e-002
29	129	-7.53	-90.002	149.49	1057	6.2497e-002
29	117	-10.195	-90.002	146.17	1057	5.6089e-002
29	116	-10.495	-90.002	144.48	1057	5.4175e-002
30	110	-12.092	-90.002	143.49	1057	5.1232e-002
30	117	-10.195	-90.002	146.17	1057	5.6089e-002
30	116	-10.495	-90.002	144.48	1057	5.4175e-002
31	28	-26.974	-90.002	132.31	1072	2.192e-002
31	59	-22.444	-90.002	134.49	1072	2.9761e-002
31	43	-24.88	-90.002	136.84	1072	2.8753e-002
31	25	-27.225	-90.002	134.67	1072	2.3747e-002
32	11	-29.679	-90.002	134.8	1072	2.07e-002
32	6	-31.401	-90.002	130.16	1072	1.4235e-002
32	28	-26.974	-90.002	132.31	1072	2.192e-002
32	25	-27.225	-90.002	134.67	1072	2.3747e-002
33	43	-24.88	-90.002	136.84	1072	2.8753e-002
33	24	-27.268	-90.002	139.13	1072	2.7767e-002
33	11	-29.679	-90.002	134.8	1072	2.07e-002
33	25	-27.225	-90.002	134.67	1072	2.3747e-002
34	201	13.107	-90.002	149.08	1102	8.8296e-002
34	209	14.791	-90.002	144.3	1102	8.6104e-002
34	199	12.662	-90.002	145.36	1102	8.4373e-002
35	299	32.942	-90.002	112.85	1127	8.1086e-002
35	274	29.405	-90.002	110.41	1127	7.4427e-002
35	291	31.665	-90.002	108.26	1127	7.5408e-002
35	302	33.464	-90.002	110.57	1127	7.9735e-002
36	311	35.749	-90.002	110.62	1127	8.2693e-002
36	314	36.682	-90.002	115.48	1127	8.8173e-002
36	299	32.942	-90.002	112.85	1127	8.1086e-002
36	302	33.464	-90.002	110.57	1127	7.9735e-002
37	291	31.665	-90.002	108.26	1127	7.5408e-002
37	306	34.084	-90.002	105.95	1127	7.6456e-002
37	311	35.749	-90.002	110.62	1127	8.2693e-002
37	302	33.464	-90.002	110.57	1127	7.9735e-002
38	269	28.361	-90.002	112.15	1129	7.4628e-002
38	292	31.755	-90.002	114.24	1129	8.0795e-002
38	300	32.942	-90.002	112.85	1129	8.1086e-002
38	274	29.405	-90.002	110.41	1129	7.4427e-002
39	310	35.46	-90.002	116.52	1129	8.7534e-002
39	292	31.755	-90.002	114.24	1129	8.0795e-002
39	300	32.942	-90.002	112.85	1129	8.1086e-002
39	314	36.682	-90.002	115.48	1129	8.8173e-002
40	249	25.239	-90.002	134.65	1134	9.0651e-002
40	264	27.603	-90.002	136.82	1134	9.5598e-002
40	246	24.829	-90.002	138.5	1134	9.3585e-002
40	236	22.51	-90.002	138.35	1134	9.0513e-002
41	279	29.932	-90.002	138.96	1134	0.10047
41	264	27.603	-90.002	136.82	1134	9.5598e-002
41	246	24.829	-90.002	138.5	1134	9.3585e-002
41	243	24.443	-90.002	140.12	1134	9.4561e-002
42	243	24.443	-90.002	140.12	1134	9.4561e-002
42	224	19.581	-90.002	141.16	1134	8.9332e-002
42	236	22.51	-90.002	138.35	1134	9.0513e-002
42	246	24.829	-90.002	138.5	1134	9.3585e-002
43	134	-5.3286	-90.002	85.842	1172	8.0563e-003
43	144	-3.7187	-90.002	85.481	1172	9.8227e-003
43	141	-4.2919	-90.002	87.196	1172	1.061e-002
44	113	-11.58	-90.002	96.147	1173	9.1609e-003
44	102	-14.602	-90.002	98.106	1173	6.9914e-003
44	105	-14.113	-90.002	95.271	1173	5.0825e-003
44	108	-13.159	-90.002	93.87	1173	5.0668e-003
45	88	-17.169	-90.002	100.34	1173	5.6629e-003
45	99	-14.726	-90.002	98.203	1173	6.917e-003
45	95	-15.545	-90.002	96.249	1173	4.0968e-003
45	93	-16.178	-90.002	96.318	1173	3.3349e-003
46	99	-14.726	-90.002	98.203	1173	6.917e-003
46	102	-14.602	-90.002	98.106	1173	6.9914e-003
46	105	-14.113	-90.002	95.271	1173	5.0825e-003
46	95	-15.545	-90.002	96.249	1173	4.0968e-003
47	98	-14.788	-90.002	94.601	1173	3.6031e-003
47	95	-15.545	-90.002	96.249	1173	4.0968e-003
47	93	-16.178	-90.002	96.318	1173	3.3349e-003
48	98	-14.788	-90.002	94.601	1173	3.6031e-003
48	93	-16.178	-90.002	96.318	1173	3.3349e-003
48	96	-14.944	-90.002	91.296	1173	4.3672e-004
49	98	-14.788	-90.002	94.601	1173	3.6031e-003
49	96	-14.944	-90.002	91.296	1173	4.3672e-004
49	108	-13.159	-90.002	93.87	1173	5.0668e-003
50	98	-14.788	-90.002	94.601	1173	3.6031e-003
50	108	-13.159	-90.002	93.87	1173	5.0668e-003
50	105	-14.113	-90.002	95.271	1173	5.0825e-003
51	98	-14.788	-90.002	94.601	1173	3.6031e-003
51	105	-14.113	-90.002	95.271	1173	5.0825e-003
51	95	-15.545	-90.002	96.249	1173	4.0968e-003
52	45	-24.224	-90.002	110.6	1184	5.7481e-003
52	16	-28.737	-90.002	114.01	1184	2.9756e-003
52	18	-27.981	-90.002	114.05	1184	3.9982e-003
52	48	-23.809	-90.002	110.63	1184	6.3101e-003
53	1	-32.842	-90.002	117.1	1184	4.6326e-004
53	16	-28.737	-90.002	114.01	1184	2.9756e-003
53	18	-27.981	-90.002	114.05	1184	3.9982e-003
53	5	-31.752	-90.002	117.17	1184	1.9349e-003
54	9	-30.45	-90.002	128.78	1185	1.4207e-002
54	6	-31.401	-90.002	130.16	1185	1.4235e-002
54	4	-31.893	-90.002	128.58	1185	1.216e-002
55	155	-4.9186e-002	-90.002	147.42	1212	7.0138e-002
55	156	8.971e-002	-90.002	147.72	1212	7.0586e-002
55	157	0.31472	-90.002	147.43	1212	7.0609e-002
56	165	2.7109	-90.002	153.59	1212	7.9214e-002
56	166	3.0035	-90.002	150.3	1212	7.6609e-002
56	158	0.52758	-90.002	149.32	1212	7.2584e-002
56	151	-1.8452	-90.002	150.57	1212	7.0708e-002
57	162	1.4381	-90.002	148.45	1212	7.2953e-002
57	157	0.31472	-90.002	147.43	1212	7.0609e-002
57	167	3.2552	-90.002	147.47	1212	7.4376e-002
58	162	1.4381	-90.002	148.45	1212	7.2953e-002
58	167	3.2552	-90.002	147.47	1212	7.4376e-002
58	166	3.0035	-90.002	150.3	1212	7.6609e-002
59	162	1.4381	-90.002	148.45	1212	7.2953e-002
59	166	3.0035	-90.002	150.3	1212	7.6609e-002
59	158	0.52758	-90.002	149.32	1212	7.2584e-002
60	162	1.4381	-90.002	148.45	1212	7.2953e-002
60	158	0.52758	-90.002	149.32	1212	7.2584e-002
60	156	8.971e-002	-90.002	147.72	1212	7.0586e-002
61	162	1.4381	-90.002	148.45	1212	7.2953e-002
61	156	8.971e-002	-90.002	147.72	1212	7.0586e-002
61	157	0.31472	-90.002	147.43	1212	7.0609e-002
62	152	-1.4181	-90.002	148.64	1212	6.9505e-002
62	151	-1.8452	-90.002	150.57	1212	7.0708e-002
62	149	-2.2115	-90.002	150.32	1212	7.0014e-002
63	152	-1.4181	-90.002	148.64	1212	6.9505e-002
63	149	-2.2115	-90.002	150.32	1212	7.0014e-002
63	135	-5.0197	-90.002	146.51	1212	6.2993e-002
64	152	-1.4181	-90.002	148.64	1212	6.9505e-002
64	135	-5.0197	-90.002	146.51	1212	6.2993e-002
64	155	-4.9186e-002	-90.002	147.42	1212	7.0138e-002
65	152	-1.4181	-90.002	148.64	1212	6.9505e-002
65	155	-4.9186e-002	-90.002	147.42	1212	7.0138e-002
65	156	8.971e-002	-90.002	147.72	1212	7.0586e-002
66	152	-1.4181	-90.002	148.64	1212	6.9505e-002
66	156	8.971e-002	-90.002	147.72	1212	7.0586e-002
66	158	0.52758	-90.002	149.32	1212	7.2584e-002
67	152	-1.4181	-90.002	148.64	1212	6.9505e-002
67	158	0.52758	-90.002	149.32	1212	7.2584e-002
67	151	-1.8452	-90.002	150.57	1212	7.0708e-002
68	194	11.136	-90.002	94.105	1217	3.6685e-002
68	196	12.174	-90.002	92.983	1217	3.702e-002
68	205	13.598	-90.002	95.081	1217	4.071e-002
69	285	30.96	-90.002	121.77	1218	8.6443e-002
69	305	33.832	-90.002	119.53	1218	8.8115e-002
69	308	34.797	-90.002	121.96	1218	9.1503e-002
69	304	33.548	-90.002	124.29	1218	9.1972e-002
70	315	36.909	-90.002	117.12	1218	8.9905e-002
70	305	33.832	-90.002	119.53	1218	8.8115e-002
70	308	34.797	-90.002	121.96	1218	9.1503e-002
70	316	36.967	-90.002	122.08	1218	9.4368e-002
71	316	36.967	-90.002	122.08	1218	9.4368e-002
71	313	36.271	-90.002	126.98	1218	9.7833e-002
71	304	33.548	-90.002	124.29	1218	9.1972e-002
71	308	34.797	-90.002	121.96	1218	9.1503e-002
72	273	29.3	-90.002	123.37	1222	8.5745e-002
72	268	28.333	-90.002	128.03	1222	8.8662e-002
72	281	30.387	-90.002	128.01	1222	9.1258e-002
72	294	32.017	-90.002	125.63	1222	9.1215e-002
73	253	26.333	-90.002	132.77	1222	9.0354e-002
73	268	28.333	-90.002	128.03	1222	8.8662e-002
73	281	30.387	-90.002	128.01	1222	9.1258e-002
73	282	30.657	-90.002	130.42	1222	9.3749e-002
74	309	34.938	-90.002	128.06	1222	9.71e-002
74	294	32.017	-90.002	125.63	1222	9.1215e-002
74	281	30.387	-90.002	128.01	1222	9.1258e-002
74	282	30.657	-90.002	130.42	1222	9.3749e-002
75	285	30.96	-90.002	121.77	1224	8.6443e-002
75	273	29.3	-90.002	123.37	1224	8.5745e-002
75	275	29.473	-90.002	120.63	1224	8.3537e-002
76	221	18.696	-90.002	89.227	1234	4.2052e-002
76	220	18.184	-90.002	90.246	1234	4.2299e-002
76	234	22.295	-90.002	92.927	1234	4.9932e-002
76	237	22.879	-90.002	91.89	1234	4.9763e-002
77	252	25.972	-90.002	96.176	1234	5.7501e-002
77	234	22.295	-90.002	92.927	1234	4.9932e-002
77	237	22.879	-90.002	91.89	1234	4.9763e-002
77	255	26.603	-90.002	95.154	1234	5.7404e-002
78	9	-30.45	-90.002	128.78	1284	1.4207e-002
78	31	-26.321	-90.002	130.95	1284	2.1521e-002
78	29	-26.974	-90.002	132.31	1284	2.192e-002
78	6	-31.401	-90.002	130.16	1284	1.4235e-002
79	60	-22.067	-90.002	133.15	1284	2.9028e-002
79	31	-26.321	-90.002	130.95	1284	2.1521e-002
79	29	-26.974	-90.002	132.31	1284	2.192e-002
79	59	-22.444	-90.002	134.49	1284	2.9761e-002
80	78	-18.99	-90.002	102.3	1291	5.0603e-003
80	62	-21.397	-90.002	105.6	1291	4.9051e-003
80	58	-22.737	-90.002	105.43	1291	3.0071e-003
80	63	-21.217	-90.002	102.2	1291	2.07e-003
81	51	-23.605	-90.002	110.09	1291	6.088e-003
81	62	-21.397	-90.002	105.6	1291	4.9051e-003
81	58	-22.737	-90.002	105.43	1291	3.0071e-003
81	47	-24.021	-90.002	109.98	1291	5.4461e-003
82	38	-25.28	-90.002	103.92	1292	-1.6609e-003
82	63	-21.217	-90.002	102.2	1292	2.07e-003
82	57	-22.737	-90.002	105.43	1292	3.0071e-003
82	42	-25.037	-90.002	105.63	1292	2.0066e-004
83	27	-27.158	-90.002	107.86	1292	-5.4353e-004
83	10	-30.011	-90.002	105.94	1292	-5.9933e-003
83	38	-25.28	-90.002	103.92	1292	-1.6609e-003
83	42	-25.037	-90.002	105.63	1292	2.0066e-004
84	57	-22.737	-90.002	105.43	1292	3.0071e-003
84	47	-24.021	-90.002	109.98	1292	5.4461e-003
84	27	-27.158	-90.002	107.86	1292	-5.4353e-004
84	42	-25.037	-90.002	105.63	1292	2.0066e-004
85	45	-24.224	-90.002	110.6	1293	5.7481e-003
85	22	-27.554	-90.002	108.97	1293	-5.6098e-005
85	26	-27.158	-90.002	107.86	1293	-5.4353e-004
85	47	-24.021	-90.002	109.98	1293	5.4461e-003
86	7	-30.589	-90.002	107.48	1293	-5.3472e-003
86	22	-27.554	-90.002	108.97	1293	-5.6098e-005
86	26	-27.158	-90.002	107.86	1293	-5.4353e-004
86	10	-30.011	-90.002	105.94	1293	-5.9933e-003
87	4	-31.893	-90.002	128.58	1300	1.216e-002
87	9	-30.45	-90.002	128.78	1300	1.4207e-002
87	19	-27.847	-90.002	126.17	1300	1.5195e-002
87	14	-29.112	-90.002	125.85	1300	1.327e-002
88	41	-25.207	-90.002	123.54	1300	1.6215e-002
88	19	-27.847	-90.002	126.17	1300	1.5195e-002
88	14	-29.112	-90.002	125.85	1300	1.327e-002
88	32	-26.312	-90.002	123.11	1300	1.4394e-002
89	259	27.185	-90.002	133.3	1342	9.1912e-002
89	288	31.581	-90.002	130.94	1342	9.5397e-002
89	293	31.93	-90.002	133.27	1342	9.7923e-002
89	277	29.684	-90.002	135.52	1342	9.7079e-002
90	312	35.955	-90.002	128.6	1342	9.8872e-002
90	288	31.581	-90.002	130.94	1342	9.5397e-002
90	293	31.93	-90.002	133.27	1342	9.7923e-002
90	307	34.4	-90.002	133.31	1342	0.10109
91	307	34.4	-90.002	133.31	1342	0.10109
91	296	32.15	-90.002	137.72	1342	0.10218
91	277	29.684	-90.002	135.52	1342	9.7079e-002
91	293	31.93	-90.002	133.27	1342	9.7923e-002
92	151	-1.8452	-90.002	150.57	1369	7.0708e-002
92	150	-1.9103	-90.002	150.65	1369	7.0697e-002
92	149	-2.2115	-90.002	150.32	1369	7.0014e-002
93	163	2.0246	-90.002	154.99	1369	7.9616e-002
93	150	-1.9103	-90.002	150.65	1369	7.0697e-002
93	151	-1.8452	-90.002	150.57	1369	7.0708e-002
93	165	2.7109	-90.002	153.59	1369	7.9214e-002
94	245	24.765	-90.002	146.54	1372	0.10075
94	241	23.521	-90.002	147.62	1372	0.10015
94	239	23.427	-90.002	146.17	1372	9.8727e-002
95	224	19.581	-90.002	141.16	1415	8.9332e-002
95	230	21.388	-90.002	143.52	1415	9.3746e-002
95	242	24.223	-90.002	142.15	1415	9.6109e-002
95	244	24.443	-90.002	140.12	1415	9.4561e-002
96	239	23.427	-90.002	146.17	1415	9.8727e-002
96	230	21.388	-90.002	143.52	1415	9.3746e-002
96	242	24.223	-90.002	142.15	1415	9.6109e-002
96	256	26.941	-90.002	142.8	1415	0.10014
97	279	29.932	-90.002	138.96	1415	0.10047
97	244	24.443	-90.002	140.12	1415	9.4561e-002
97	242	24.223	-90.002	142.15	1415	9.6109e-002
97	256	26.941	-90.002	142.8	1415	0.10014
98	32	-26.312	-90.002	123.11	1442	1.4394e-002
98	36	-25.373	-90.002	121.58	1442	1.4219e-002
98	41	-25.207	-90.002	123.54	1442	1.6215e-002
99	78	-18.99	-90.002	102.3	1453	5.0603e-003
99	64	-21.156	-90.002	100.07	1453	2.2888e-004
99	56	-22.885	-90.002	100.04	1453	-2.0482e-003
99	63	-21.217	-90.002	102.2	1453	2.07e-003
100	50	-23.617	-90.002	97.533	1453	-5.2541e-003
100	64	-21.156	-90.002	100.07	1453	2.2888e-004
100	56	-22.885	-90.002	100.04	1453	-2.0482e-003
100	44	-24.757	-90.002	97.566	1453	-6.7074e-003
101	50	-23.617	-90.002	97.533	1459	-5.2541e-003
101	44	-24.757	-90.002	97.566	1459	-6.7074e-003
101	49	-23.708	-90.002	96.293	1459	-6.4865e-003
102	50	-23.617	-90.002	97.533	1460	-5.2541e-003
102	49	-23.708	-90.002	96.293	1460	-6.4865e-003
102	61	-22.047	-90.002	96.947	1460	-3.736e-003
103	78	-18.99	-90.002	102.3	1461	5.0603e-003
103	88	-17.169	-90.002	100.34	1461	5.6629e-003
103	76	-19.339	-90.002	98.832	1461	1.4821e-003
103	65	-21.156	-90.002	100.07	1461	2.2888e-004
104	50	-23.617	-90.002	97.533	1461	-5.2541e-003
104	65	-21.156	-90.002	100.07	1461	2.2888e-004
104	76	-19.339	-90.002	98.832	1461	1.4821e-003
104	61	-22.047	-90.002	96.947	1461	-3.736e-003
105	145	-3.2462	-90.002	91.92	1467	1.6188e-002
105	143	-4.0154	-90.002	91.185	1467	1.4535e-002
105	147	-2.3403	-90.002	90.107	1467	1.5741e-002
106	145	-3.2462	-90.002	91.92	1467	1.6188e-002
106	147	-2.3403	-90.002	90.107	1467	1.5741e-002
106	154	-0.62363	-90.002	92.674	1467	2.0258e-002
107	145	-3.2462	-90.002	91.92	1467	1.6188e-002
107	154	-0.62363	-90.002	92.674	1467	2.0258e-002
107	137	-4.6633	-90.002	93.328	1467	1.5612e-002
108	145	-3.2462	-90.002	91.92	1467	1.6188e-002
108	137	-4.6633	-90.002	93.328	1467	1.5612e-002
108	139	-4.5884	-90.002	92.305	1467	1.4793e-002
109	145	-3.2462	-90.002	91.92	1467	1.6188e-002
109	139	-4.5884	-90.002	92.305	1467	1.4793e-002
109	143	-4.0154	-90.002	91.185	1467	1.4535e-002
110	140	-4.4417	-90.002	90.216	1467	1.3115e-002
110	136	-5.0021	-90.002	91.436	1467	1.348e-002
110	132	-6.5589	-90.002	91.154	1467	1.1208e-002
111	140	-4.4417	-90.002	90.216	1467	1.3115e-002
111	132	-6.5589	-90.002	91.154	1467	1.1208e-002
111	141	-4.2919	-90.002	87.196	1467	1.061e-002
112	140	-4.4417	-90.002	90.216	1467	1.3115e-002
112	141	-4.2919	-90.002	87.196	1467	1.061e-002
112	147	-2.3403	-90.002	90.107	1467	1.5741e-002
113	140	-4.4417	-90.002	90.216	1467	1.3115e-002
113	147	-2.3403	-90.002	90.107	1467	1.5741e-002
113	143	-4.0154	-90.002	91.185	1467	1.4535e-002
114	140	-4.4417	-90.002	90.216	1467	1.3115e-002
114	143	-4.0154	-90.002	91.185	1467	1.4535e-002
114	136	-5.0021	-90.002	91.436	1467	1.348e-002
115	133	-5.8744	-90.002	92.576	1467	1.3369e-002
115	139	-4.5884	-90.002	92.305	1467	1.4793e-002
115	137	-4.6633	-90.002	93.328	1467	1.5612e-002
116	133	-5.8744	-90.002	92.576	1467	1.3369e-002
116	137	-4.6633	-90.002	93.328	1467	1.5612e-002
116	125	-8.5594	-90.002	94.656	1467	1.1747e-002
117	133	-5.8744	-90.002	92.576	1467	1.3369e-002
117	125	-8.5594	-90.002	94.656	1467	1.1747e-002
117	132	-6.5589	-90.002	91.154	1467	1.1208e-002
118	133	-5.8744	-90.002	92.576	1467	1.3369e-002
118	132	-6.5589	-90.002	91.154	1467	1.1208e-002
118	136	-5.0021	-90.002	91.436	1467	1.348e-002
119	133	-5.8744	-90.002	92.576	1467	1.3369e-002
119	136	-5.0021	-90.002	91.436	1467	1.348e-002
119	139	-4.5884	-90.002	92.305	1467	1.4793e-002
120	139	-4.5884	-90.002	92.305	1467	1.4793e-002
120	136	-5.0021	-90.002	91.436	1467	1.348e-002
120	143	-4.0154	-90.002	91.185	1467	1.4535e-002
121	101	-14.615	-90.002	89.219	1472	-9.9504e-004
121	109	-12.869	-90.002	90.243	1472	2.1953e-003
121	122	-8.6841	-90.002	88.427	1472	6.0097e-003
121	119	-10.098	-90.002	87.174	1472	3.0514e-003
122	141	-4.2919	-90.002	87.196	1472	1.061e-002
122	122	-8.6841	-90.002	88.427	1472	6.0097e-003
122	119	-10.098	-90.002	87.174	1472	3.0514e-003
122	134	-5.3286	-90.002	85.842	1472	8.0563e-003
123	159	0.73719	-90.002	90.924	1483	2.0454e-002
123	153	-1.3916	-90.002	88.322	1483	1.5375e-002
123	160	1.0489	-90.002	87.174	1483	1.751e-002
123	168	3.3289	-90.002	88.209	1483	2.1381e-002
124	144	-3.7187	-90.002	85.481	1483	9.8227e-003
124	153	-1.3916	-90.002	88.322	1483	1.5375e-002
124	160	1.0489	-90.002	87.174	1483	1.751e-002
124	161	1.2176	-90.002	85.013	1483	1.5801e-002
125	161	1.2176	-90.002	85.013	1483	1.5801e-002
125	173	6.1614	-90.002	85.302	1483	2.2447e-002
125	168	3.3289	-90.002	88.209	1483	2.1381e-002
125	160	1.0489	-90.002	87.174	1483	1.751e-002
126	159	0.73719	-90.002	90.924	1484	2.0454e-002
126	153	-1.3916	-90.002	88.322	1484	1.5375e-002
126	148	-2.3403	-90.002	90.107	1484	1.5741e-002
126	154	-0.62363	-90.002	92.674	1484	2.0258e-002
127	144	-3.7187	-90.002	85.481	1484	9.8227e-003
127	153	-1.3916	-90.002	88.322	1484	1.5375e-002
127	148	-2.3403	-90.002	90.107	1484	1.5741e-002
127	141	-4.2919	-90.002	87.196	1484	1.061e-002
128	188	9.2434	-90.002	90.571	1485	3.1109e-002
128	194	11.136	-90.002	94.105	1485	3.6685e-002
128	178	6.8885	-90.002	92.933	1485	3.018e-002
128	179	6.9717	-90.002	91.088	1485	2.8644e-002
129	171	4.8072	-90.002	89.82	1485	2.4725e-002
129	180	7.202	-90.002	86.783	1485	2.5107e-002
129	188	9.2434	-90.002	90.571	1485	3.1109e-002
129	179	6.9717	-90.002	91.088	1485	2.8644e-002
130	178	6.8885	-90.002	92.933	1485	3.018e-002
130	164	2.6704	-90.002	92.534	1485	2.4388e-002
130	171	4.8072	-90.002	89.82	1485	2.4725e-002
130	179	6.9717	-90.002	91.088	1485	2.8644e-002
131	259	27.185	-90.002	133.3	1511	9.1912e-002
131	254	26.449	-90.002	134.72	1511	9.2246e-002
131	271	28.894	-90.002	136.94	1511	9.7346e-002
131	276	29.684	-90.002	135.52	1511	9.7079e-002
132	296	32.15	-90.002	137.72	1511	0.10218
132	276	29.684	-90.002	135.52	1511	9.7079e-002
132	271	28.894	-90.002	136.94	1511	9.7346e-002
132	287	31.325	-90.002	139.15	1511	0.10242
133	96	-14.944	-90.002	91.296	1536	4.3672e-004
133	94	-16.021	-90.002	90.083	1536	-2.0509e-003
133	73	-20.1	-90.002	92.891	1536	-4.8429e-003
133	79	-18.687	-90.002	93.88	1536	-2.1179e-003
134	49	-23.708	-90.002	96.293	1536	-6.4865e-003
134	61	-22.047	-90.002	96.947	1536	-3.736e-003
134	79	-18.687	-90.002	93.88	1536	-2.1179e-003
134	73	-20.1	-90.002	92.891	1536	-4.8429e-003
135	238	23.04	-90.002	102.31	1553	5.9172e-002
135	262	27.514	-90.002	103.88	1553	6.6262e-002
135	265	27.642	-90.002	105.76	1553	6.8081e-002
135	250	25.563	-90.002	105.77	1553	6.5441e-002
136	298	32.404	-90.002	105.6	1553	7.4012e-002
136	262	27.514	-90.002	103.88	1553	6.6262e-002
136	265	27.642	-90.002	105.76	1553	6.8081e-002
136	278	29.825	-90.002	107.7	1553	7.2573e-002
137	278	29.825	-90.002	107.7	1553	7.2573e-002
137	260	27.455	-90.002	109.62	1553	7.1248e-002
137	250	25.563	-90.002	105.77	1553	6.5441e-002
137	265	27.642	-90.002	105.76	1553	6.8081e-002
138	254	26.449	-90.002	134.72	1560	9.2246e-002
138	249	25.239	-90.002	134.65	1560	9.0651e-002
138	264	27.603	-90.002	136.82	1560	9.5598e-002
138	270	28.894	-90.002	136.94	1560	9.7346e-002
139	287	31.325	-90.002	139.15	1560	0.10242
139	270	28.894	-90.002	136.94	1560	9.7346e-002
139	264	27.603	-90.002	136.82	1560	9.5598e-002
139	279	29.932	-90.002	138.96	1560	0.10047
140	298	32.404	-90.002	105.6	1562	7.4012e-002
140	301	33.339	-90.002	104.48	1562	7.4211e-002
140	284	30.877	-90.002	100.18	1562	6.7288e-002
140	280	30.058	-90.002	101.5	1562	6.7404e-002
141	266	27.785	-90.002	96.305	1562	5.9928e-002
141	258	27.158	-90.002	97.759	1562	6.0411e-002
141	280	30.058	-90.002	101.5	1562	6.7404e-002
141	284	30.877	-90.002	100.18	1562	6.7288e-002
142	196	12.174	-90.002	92.983	1563	3.702e-002
142	207	14.625	-90.002	90.794	1563	3.8223e-002
142	197	12.444	-90.002	88.909	1563	3.3747e-002
142	192	10.051	-90.002	89.339	1563	3.1051e-002
143	215	17.204	-90.002	88.523	1563	3.9515e-002
143	207	14.625	-90.002	90.794	1563	3.8223e-002
143	197	12.444	-90.002	88.909	1563	3.3747e-002
143	198	12.622	-90.002	86.644	1563	3.1964e-002
144	185	7.8012	-90.002	85.484	1563	2.4724e-002
144	192	10.051	-90.002	89.339	1563	3.1051e-002
144	197	12.444	-90.002	88.909	1563	3.3747e-002
144	198	12.622	-90.002	86.644	1563	3.1964e-002
145	228	21.146	-90.002	100.29	1564	5.4979e-002
145	218	17.642	-90.002	97.36	1564	4.7908e-002
145	219	17.763	-90.002	95.17	1564	4.6122e-002
145	226	19.724	-90.002	95.456	1564	4.8883e-002
146	205	13.598	-90.002	95.081	1564	4.071e-002
146	218	17.642	-90.002	97.36	1564	4.7908e-002
146	219	17.763	-90.002	95.17	1564	4.6122e-002
146	212	15.823	-90.002	92.734	1564	4.148e-002
147	212	15.823	-90.002	92.734	1564	4.148e-002
147	220	18.184	-90.002	90.246	1564	4.2299e-002
147	226	19.724	-90.002	95.456	1564	4.8883e-002
147	219	17.763	-90.002	95.17	1564	4.6122e-002
148	228	21.146	-90.002	100.29	1570	5.4979e-002
148	240	23.471	-90.002	98.309	1570	5.6192e-002
148	233	21.844	-90.002	95.571	1570	5.1695e-002
148	227	19.724	-90.002	95.456	1570	4.8883e-002
149	252	25.972	-90.002	96.176	1570	5.7501e-002
149	240	23.471	-90.002	98.309	1570	5.6192e-002
149	233	21.844	-90.002	95.571	1570	5.1695e-002
149	235	22.295	-90.002	92.927	1570	4.9932e-002
150	220	18.184	-90.002	90.246	1570	4.2299e-002
150	227	19.724	-90.002	95.456	1570	4.8883e-002
150	233	21.844	-90.002	95.571	1570	5.1695e-002
150	235	22.295	-90.002	92.927	1570	4.9932e-002
151	285	30.96	-90.002	121.77	1576	8.6443e-002
151	273	29.3	-90.002	123.37	1576	8.5745e-002
151	295	32.017	-90.002	125.63	1576	9.1215e-002
151	303	33.548	-90.002	124.29	1576	9.1972e-002
152	313	36.271	-90.002	126.98	1576	9.7833e-002
152	303	33.548	-90.002	124.29	1576	9.1972e-002
152	295	32.017	-90.002	125.63	1576	9.1215e-002
152	309	34.938	-90.002	128.06	1576	9.71e-002
153	201	13.107	-90.002	149.08	1603	8.8296e-002
153	203	13.174	-90.002	149.2	1603	8.8494e-002
153	202	13.118	-90.002	149.23	1603	8.8445e-002
154	210	14.916	-90.002	152.48	1603	9.3658e-002
154	203	13.174	-90.002	149.2	1603	8.8494e-002
154	202	13.118	-90.002	149.23	1603	8.8445e-002
154	204	13.388	-90.002	153.1	1603	9.2286e-002
155	298	32.404	-90.002	105.6	1607	7.4012e-002
155	301	33.339	-90.002	104.48	1607	7.4211e-002
155	306	34.084	-90.002	105.95	1607	7.6456e-002
156	260	27.455	-90.002	109.62	1612	7.1248e-002
156	278	29.825	-90.002	107.7	1612	7.2573e-002
156	290	31.665	-90.002	108.26	1612	7.5408e-002
156	274	29.405	-90.002	110.41	1612	7.4427e-002
157	298	32.404	-90.002	105.6	1612	7.4012e-002
157	278	29.825	-90.002	107.7	1612	7.2573e-002
157	290	31.665	-90.002	108.26	1612	7.5408e-002
157	306	34.084	-90.002	105.95	1612	7.6456e-002
158	274	29.405	-90.002	110.41	1613	7.4427e-002
158	269	28.361	-90.002	112.15	1613	7.4628e-002
158	260	27.455	-90.002	109.62	1613	7.1248e-002
159	287	31.325	-90.002	139.15	1616	0.10242
159	279	29.932	-90.002	138.96	1616	0.10047
159	257	26.941	-90.002	142.8	1616	0.10014
159	267	28.326	-90.002	143.1	1616	0.10216
160	239	23.427	-90.002	146.17	1616	9.8727e-002
160	257	26.941	-90.002	142.8	1616	0.10014
160	267	28.326	-90.002	143.1	1616	0.10216
160	245	24.765	-90.002	146.54	1616	0.10075
161	47	-24.021	-90.002	109.98	1683	5.4461e-003
161	48	-23.809	-90.002	110.63	1683	6.3101e-003
161	45	-24.224	-90.002	110.6	1683	5.7481e-003
162	51	-23.605	-90.002	110.09	1684	6.088e-003
162	48	-23.809	-90.002	110.63	1684	6.3101e-003
162	47	-24.021	-90.002	109.98	1684	5.4461e-003
163	33	-26.291	-90.002	140.46	1687	3.024e-002
163	24	-27.268	-90.002	139.13	1687	2.7767e-002
163	35	-25.697	-90.002	139.38	1687	3.0015e-002
164	66	-21.126	-90.002	134.77	1688	3.1711e-002
164	52	-23.442	-90.002	137.1	1688	3.0849e-002
164	43	-24.88	-90.002	136.84	1688	2.8753e-002
164	59	-22.444	-90.002	134.49	1688	2.9761e-002
165	35	-25.697	-90.002	139.38	1688	3.0015e-002
165	52	-23.442	-90.002	137.1	1688	3.0849e-002
165	43	-24.88	-90.002	136.84	1688	2.8753e-002
165	24	-27.268	-90.002	139.13	1688	2.7767e-002
166	35	-25.697	-90.002	139.38	1689	3.0015e-002
166	53	-23.442	-90.002	137.1	1689	3.0849e-002
166	69	-20.826	-90.002	138.72	1689	3.5688e-002
166	71	-20.457	-90.002	140.55	1689	3.7833e-002
167	66	-21.126	-90.002	134.77	1689	3.1711e-002
167	53	-23.442	-90.002	137.1	1689	3.0849e-002
167	69	-20.826	-90.002	138.72	1689	3.5688e-002
167	81	-18.349	-90.002	138.46	1689	3.8642e-002
168	100	-14.667	-90.002	141.83	1689	4.6436e-002
168	71	-20.457	-90.002	140.55	1689	3.7833e-002
168	69	-20.826	-90.002	138.72	1689	3.5688e-002
168	81	-18.349	-90.002	138.46	1689	3.8642e-002
169	127	-7.6585	-90.002	149.75	1711	6.2565e-002
169	129	-7.53	-90.002	149.49	1711	6.2497e-002
169	128	-7.5452	-90.002	149.78	1711	6.2737e-002
170	126	-7.7502	-90.002	153.54	1711	6.5886e-002
170	128	-7.5452	-90.002	149.78	1711	6.2737e-002
170	127	-7.6585	-90.002	149.75	1711	6.2565e-002
170	121	-9.3377	-90.002	153.1	1711	6.3456e-002
171	138	-4.6543	-90.002	150.43	1712	6.7003e-002
171	128	-7.5452	-90.002	149.78	1712	6.2737e-002
171	129	-7.53	-90.002	149.49	1712	6.2497e-002
172	138	-4.6543	-90.002	150.43	1712	6.7003e-002
172	129	-7.53	-90.002	149.49	1712	6.2497e-002
172	149	-2.2115	-90.002	150.32	1712	7.0014e-002
173	138	-4.6543	-90.002	150.43	1712	6.7003e-002
173	149	-2.2115	-90.002	150.32	1712	7.0014e-002
173	150	-1.9103	-90.002	150.65	1712	7.0697e-002
174	138	-4.6543	-90.002	150.43	1712	6.7003e-002
174	150	-1.9103	-90.002	150.65	1712	7.0697e-002
174	142	-4.0746	-90.002	151.89	1712	6.9063e-002
175	138	-4.6543	-90.002	150.43	1712	6.7003e-002
175	142	-4.0746	-90.002	151.89	1712	6.9063e-002
175	128	-7.5452	-90.002	149.78	1712	6.2737e-002
176	146	-2.9214	-90.002	154.64	1712	7.3022e-002
176	126	-7.7502	-90.002	153.54	1712	6.5886e-002
176	128	-7.5452	-90.002	149.78	1712	6.2737e-002
176	142	-4.0746	-90.002	151.89	1712	6.9063e-002
177	150	-1.9103	-90.002	150.65	1712	7.0697e-002
177	163	2.0246	-90.002	154.99	1712	7.9616e-002
177	146	-2.9214	-90.002	154.64	1712	7.3022e-002
177	142	-4.0746	-90.002	151.89	1712	6.9063e-002
178	110	-12.092	-90.002	143.49	1748	5.1232e-002
178	103	-14.269	-90.002	142.62	1748	4.7661e-002
178	104	-14.262	-90.002	142.14	1748	4.7236e-002
179	129	-7.53	-90.002	149.49	1749	6.2497e-002
179	127	-7.6585	-90.002	149.75	1749	6.2565e-002
179	120	-10.012	-90.002	147.44	1749	5.7471e-002
179	118	-10.195	-90.002	146.17	1749	5.6089e-002
180	121	-9.3377	-90.002	153.1	1749	6.3456e-002
180	127	-7.6585	-90.002	149.75	1749	6.2565e-002
180	120	-10.012	-90.002	147.44	1749	5.7471e-002
180	111	-11.689	-90.002	148.1	1749	5.5932e-002
181	112	-11.651	-90.002	145.56	1749	5.3679e-002
181	103	-14.269	-90.002	142.62	1749	4.7661e-002
181	110	-12.092	-90.002	143.49	1749	5.1232e-002
182	112	-11.651	-90.002	145.56	1749	5.3679e-002
182	110	-12.092	-90.002	143.49	1749	5.1232e-002
182	118	-10.195	-90.002	146.17	1749	5.6089e-002
183	112	-11.651	-90.002	145.56	1749	5.3679e-002
183	118	-10.195	-90.002	146.17	1749	5.6089e-002
183	120	-10.012	-90.002	147.44	1749	5.7471e-002
184	112	-11.651	-90.002	145.56	1749	5.3679e-002
184	120	-10.012	-90.002	147.44	1749	5.7471e-002
184	111	-11.689	-90.002	148.1	1749	5.5932e-002
185	112	-11.651	-90.002	145.56	1749	5.3679e-002
185	111	-11.689	-90.002	148.1	1749	5.5932e-002
185	103	-14.269	-90.002	142.62	1749	4.7661e-002
186	91	-16.278	-90.002	145.72	1750	4.7898e-002
186	103	-14.269	-90.002	142.62	1750	4.7661e-002
186	111	-11.689	-90.002	148.1	1750	5.5932e-002
186	106	-13.977	-90.002	148.41	1750	5.3286e-002
187	107	-13.902	-90.002	151.16	1750	5.5874e-002
187	83	-18.112	-90.002	148.55	1750	4.8118e-002
187	91	-16.278	-90.002	145.72	1750	4.7898e-002
187	106	-13.977	-90.002	148.41	1750	5.3286e-002
188	111	-11.689	-90.002	148.1	1750	5.5932e-002
188	121	-9.3377	-90.002	153.1	1750	6.3456e-002
188	107	-13.902	-90.002	151.16	1750	5.5874e-002
188	106	-13.977	-90.002	148.41	1750	5.3286e-002
189	193	10.965	-90.002	145.9	1760	8.2711e-002
189	201	13.107	-90.002	149.08	1760	8.8296e-002
189	199	12.662	-90.002	145.36	1760	8.4373e-002
190	165	2.7109	-90.002	153.59	1762	7.9214e-002
190	184	7.3848	-90.002	153.09	1762	8.4684e-002
190	187	8.5958	-90.002	154.38	1762	8.7377e-002
190	169	3.6719	-90.002	154.9	1762	8.1621e-002
191	195	11.943	-90.002	151.95	1762	8.9416e-002
191	184	7.3848	-90.002	153.09	1762	8.4684e-002
191	187	8.5958	-90.002	154.38	1762	8.7377e-002
191	204	13.388	-90.002	153.1	1762	9.2286e-002
192	195	11.943	-90.002	151.95	1763	8.9416e-002
192	204	13.388	-90.002	153.1	1763	9.2286e-002
192	202	13.118	-90.002	149.23	1763	8.8445e-002
192	200	13.063	-90.002	149.19	1763	8.8344e-002
193	201	13.107	-90.002	149.08	1763	8.8296e-002
193	202	13.118	-90.002	149.23	1763	8.8445e-002
193	200	13.063	-90.002	149.19	1763	8.8344e-002
194	259	27.185	-90.002	133.3	1769	9.1912e-002
194	289	31.581	-90.002	130.94	1769	9.5397e-002
194	283	30.657	-90.002	130.42	1769	9.3749e-002
194	253	26.333	-90.002	132.77	1769	9.0354e-002
195	312	35.955	-90.002	128.6	1769	9.8872e-002
195	289	31.581	-90.002	130.94	1769	9.5397e-002
195	283	30.657	-90.002	130.42	1769	9.3749e-002
195	309	34.938	-90.002	128.06	1769	9.71e-002
196	313	36.271	-90.002	126.98	1770	9.7833e-002
196	312	35.955	-90.002	128.6	1770	9.8872e-002
196	309	34.938	-90.002	128.06	1770	9.71e-002
197	159	0.73719	-90.002	90.924	1771	2.0454e-002
197	164	2.6704	-90.002	92.534	1771	2.4388e-002
197	154	-0.62363	-90.002	92.674	1771	2.0258e-002
198	224	19.581	-90.002	141.16	1775	8.9332e-002
198	214	16.311	-90.002	143.48	1775	8.7291e-002
198	213	16.267	-90.002	144.11	1775	8.7803e-002
198	225	19.609	-90.002	143.36	1775	9.1353e-002
199	213	16.267	-90.002	144.11	1775	8.7803e-002
199	209	14.791	-90.002	144.3	1775	8.6104e-002
199	214	16.311	-90.002	143.48	1775	8.7291e-002
200	224	19.581	-90.002	141.16	1776	8.9332e-002
200	229	21.388	-90.002	143.52	1776	9.3746e-002
200	232	21.458	-90.002	145.37	1776	9.5513e-002
200	225	19.609	-90.002	143.36	1776	9.1353e-002
201	239	23.427	-90.002	146.17	1776	9.8727e-002
201	229	21.388	-90.002	143.52	1776	9.3746e-002
201	232	21.458	-90.002	145.37	1776	9.5513e-002
201	241	23.521	-90.002	147.62	1776	0.10015
202	238	23.04	-90.002	102.31	1812	5.9172e-002
202	263	27.514	-90.002	103.88	1812	6.6262e-002
202	261	27.513	-90.002	101.82	1812	6.4449e-002
202	248	25.009	-90.002	100.13	1812	5.9765e-002
203	298	32.404	-90.002	105.6	1812	7.4012e-002
203	263	27.514	-90.002	103.88	1812	6.6262e-002
203	261	27.513	-90.002	101.82	1812	6.4449e-002
203	280	30.058	-90.002	101.5	1812	6.7404e-002
204	258	27.158	-90.002	97.759	1812	6.0411e-002
204	248	25.009	-90.002	100.13	1812	5.9765e-002
204	261	27.513	-90.002	101.82	1812	6.4449e-002
204	280	30.058	-90.002	101.5	1812	6.7404e-002
205	84	-17.717	-90.002	97.835	1816	2.6961e-003
205	77	-19.339	-90.002	98.832	1816	1.4821e-003
205	88	-17.169	-90.002	100.34	1816	5.6629e-003
206	84	-17.717	-90.002	97.835	1816	2.6961e-003
206	88	-17.169	-90.002	100.34	1816	5.6629e-003
206	92	-16.178	-90.002	96.318	1816	3.3349e-003
207	84	-17.717	-90.002	97.835	1816	2.6961e-003
207	92	-16.178	-90.002	96.318	1816	3.3349e-003
207	85	-17.373	-90.002	96.383	1816	1.8389e-003
208	84	-17.717	-90.002	97.835	1816	2.6961e-003
208	85	-17.373	-90.002	96.383	1816	1.8389e-003
208	80	-18.525	-90.002	97.299	1816	1.1636e-003
209	84	-17.717	-90.002	97.835	1816	2.6961e-003
209	80	-18.525	-90.002	97.299	1816	1.1636e-003
209	77	-19.339	-90.002	98.832	1816	1.4821e-003
210	80	-18.525	-90.002	97.299	1816	1.1636e-003
210	82	-18.139	-90.002	96.073	1816	5.6465e-004
210	85	-17.373	-90.002	96.383	1816	1.8389e-003
211	89	-17.064	-90.002	94.79	1816	8.1072e-004
211	79	-18.687	-90.002	93.88	1816	-2.1179e-003
211	96	-14.944	-90.002	91.296	1816	4.3672e-004
212	89	-17.064	-90.002	94.79	1816	8.1072e-004
212	96	-14.944	-90.002	91.296	1816	4.3672e-004
212	92	-16.178	-90.002	96.318	1816	3.3349e-003
213	89	-17.064	-90.002	94.79	1816	8.1072e-004
213	92	-16.178	-90.002	96.318	1816	3.3349e-003
213	85	-17.373	-90.002	96.383	1816	1.8389e-003
214	89	-17.064	-90.002	94.79	1816	8.1072e-004
214	85	-17.373	-90.002	96.383	1816	1.8389e-003
214	82	-18.139	-90.002	96.073	1816	5.6465e-004
215	89	-17.064	-90.002	94.79	1816	8.1072e-004
215	82	-18.139	-90.002	96.073	1816	5.6465e-004
215	79	-18.687	-90.002	93.88	1816	-2.1179e-003
216	75	-19.347	-90.002	96.606	1816	-5.291e-004
216	79	-18.687	-90.002	93.88	1816	-2.1179e-003
216	61	-22.047	-90.002	96.947	1816	-3.736e-003
217	75	-19.347	-90.002	96.606	1816	-5.291e-004
217	61	-22.047	-90.002	96.947	1816	-3.736e-003
217	77	-19.339	-90.002	98.832	1816	1.4821e-003
218	75	-19.347	-90.002	96.606	1816	-5.291e-004
218	77	-19.339	-90.002	98.832	1816	1.4821e-003
218	80	-18.525	-90.002	97.299	1816	1.1636e-003
219	75	-19.347	-90.002	96.606	1816	-5.291e-004
219	80	-18.525	-90.002	97.299	1816	1.1636e-003
219	82	-18.139	-90.002	96.073	1816	5.6465e-004
220	75	-19.347	-90.002	96.606	1816	-5.291e-004
220	82	-18.139	-90.002	96.073	1816	5.6465e-004
220	79	-18.687	-90.002	93.88	1816	-2.1179e-003
221	131	-6.5589	-90.002	91.154	1818	1.1208e-002
221	125	-8.5594	-90.002	94.656	1818	1.1747e-002
221	115	-10.582	-90.002	92.583	1818	7.2641e-003
221	124	-8.6146	-90.002	90.747	1818	8.1757e-003
222	123	-8.6841	-90.002	88.427	1818	6.0097e-003
222	141	-4.2919	-90.002	87.196	1818	1.061e-002
222	131	-6.5589	-90.002	91.154	1818	1.1208e-002
222	124	-8.6146	-90.002	90.747	1818	8.1757e-003
223	115	-10.582	-90.002	92.583	1818	7.2641e-003
223	109	-12.869	-90.002	90.243	1818	2.1953e-003
223	123	-8.6841	-90.002	88.427	1818	6.0097e-003
223	124	-8.6146	-90.002	90.747	1818	8.1757e-003
224	272	29.288	-90.002	116.35	1898	7.9514e-002
224	269	28.361	-90.002	112.15	1898	7.4628e-002
224	292	31.755	-90.002	114.24	1898	8.0795e-002
224	286	31.145	-90.002	116.41	1898	8.1938e-002
225	297	32.337	-90.002	118.67	1898	8.5452e-002
225	275	29.473	-90.002	120.63	1898	8.3537e-002
225	272	29.288	-90.002	116.35	1898	7.9514e-002
225	286	31.145	-90.002	116.41	1898	8.1938e-002
226	292	31.755	-90.002	114.24	1898	8.0795e-002
226	310	35.46	-90.002	116.52	1898	8.7534e-002
226	297	32.337	-90.002	118.67	1898	8.5452e-002
226	286	31.145	-90.002	116.41	1898	8.1938e-002
227	285	30.96	-90.002	121.77	1899	8.6443e-002
227	305	33.832	-90.002	119.53	1899	8.8115e-002
227	297	32.337	-90.002	118.67	1899	8.5452e-002
227	275	29.473	-90.002	120.63	1899	8.3537e-002
228	315	36.909	-90.002	117.12	1899	8.9905e-002
228	305	33.832	-90.002	119.53	1899	8.8115e-002
228	297	32.337	-90.002	118.67	1899	8.5452e-002
228	310	35.46	-90.002	116.52	1899	8.7534e-002
229	113	-11.58	-90.002	96.147	2908	9.1609e-003
229	108	-13.159	-90.002	93.87	2908	5.0668e-003
229	114	-10.582	-90.002	92.583	2908	7.2641e-003
229	125	-8.5594	-90.002	94.656	2908	1.1747e-002
230	96	-14.944	-90.002	91.296	2908	4.3672e-004
230	108	-13.159	-90.002	93.87	2908	5.0668e-003
230	114	-10.582	-90.002	92.583	2908	7.2641e-003
230	109	-12.869	-90.002	90.243	2908	2.1953e-003
231	96	-14.944	-90.002	91.296	2909	4.3672e-004
231	101	-14.615	-90.002	89.219	2909	-9.9504e-004
231	109	-12.869	-90.002	90.243	2909	2.1953e-003
232	0	-32.887	-90.002	118.75	2926	1.9054e-003
232	1	-32.842	-90.002	117.1	2926	4.6326e-004
232	5	-31.752	-90.002	117.17	2926	1.9349e-003
233	36	-25.373	-90.002	121.58	2927	1.4219e-002
233	17	-28.584	-90.002	119.37	2927	8.0428e-003
233	12	-29.622	-90.002	120.92	2927	8.1162e-003
233	32	-26.312	-90.002	123.11	2927	1.4394e-002
234	5	-31.752	-90.002	117.17	2927	1.9349e-003
234	17	-28.584	-90.002	119.37	2927	8.0428e-003
234	12	-29.622	-90.002	120.92	2927	8.1162e-003
234	0	-32.887	-90.002	118.75	2927	1.9054e-003
235	97	-14.844	-90.002	142.26	2943	4.6596e-002
235	67	-20.831	-90.002	141.32	2943	3.8048e-002
235	70	-20.492	-90.002	143.6	2943	4.0561e-002
235	86	-17.264	-90.002	145.06	2943	4.6034e-002
236	33	-26.291	-90.002	140.46	2943	3.024e-002
236	67	-20.831	-90.002	141.32	2943	3.8048e-002
236	70	-20.492	-90.002	143.6	2943	4.0561e-002
236	54	-23.155	-90.002	144.3	2943	3.7771e-002
237	74	-19.468	-90.002	147.61	2943	4.5524e-002
237	86	-17.264	-90.002	145.06	2943	4.6034e-002
237	70	-20.492	-90.002	143.6	2943	4.0561e-002
237	54	-23.155	-90.002	144.3	2943	3.7771e-002
238	97	-14.844	-90.002	142.26	2944	4.6596e-002
238	100	-14.667	-90.002	141.83	2944	4.6436e-002
238	72	-20.457	-90.002	140.55	2944	3.7833e-002
238	68	-20.831	-90.002	141.32	2944	3.8048e-002
239	35	-25.697	-90.002	139.38	2944	3.0015e-002
239	72	-20.457	-90.002	140.55	2944	3.7833e-002
239	68	-20.831	-90.002	141.32	2944	3.8048e-002
239	33	-26.291	-90.002	140.46	2944	3.024e-002
240	259	27.185	-90.002	133.3	2947	9.1912e-002
240	254	26.449	-90.002	134.72	2947	9.2246e-002
240	251	25.873	-90.002	133.71	2947	9.0608e-002
241	251	25.873	-90.002	133.71	2948	9.0608e-002
241	253	26.333	-90.002	132.77	2948	9.0354e-002
241	259	27.185	-90.002	133.3	2948	9.1912e-002
242	215	17.204	-90.002	88.523	2951	3.9515e-002
242	221	18.696	-90.002	89.227	2951	4.2052e-002
242	220	18.184	-90.002	90.246	2951	4.2299e-002
243	196	12.174	-90.002	92.983	2952	3.702e-002
243	205	13.598	-90.002	95.081	2952	4.071e-002
243	212	15.823	-90.002	92.734	2952	4.148e-002
243	208	14.625	-90.002	90.794	2952	3.8223e-002
244	215	17.204	-90.002	88.523	2952	3.9515e-002
244	208	14.625	-90.002	90.794	2952	3.8223e-002
244	212	15.823	-90.002	92.734	2952	4.148e-002
244	220	18.184	-90.002	90.246	2952	4.2299e-002
245	177	6.8003	-90.002	147.48	2953	7.8871e-002
245	176	6.4059	-90.002	147.15	2953	7.8074e-002
245	172	5.9208	-90.002	147.2	2953	7.7506e-002
246	175	6.3378	-90.002	148.05	2953	7.8803e-002
246	172	5.9208	-90.002	147.2	2953	7.7506e-002
246	167	3.2552	-90.002	147.47	2953	7.4376e-002
247	175	6.3378	-90.002	148.05	2953	7.8803e-002
247	167	3.2552	-90.002	147.47	2953	7.4376e-002
247	182	7.2706	-90.002	149.54	2953	8.1327e-002
248	175	6.3378	-90.002	148.05	2953	7.8803e-002
248	182	7.2706	-90.002	149.54	2953	8.1327e-002
248	186	8.4421	-90.002	148.57	2953	8.1934e-002
249	175	6.3378	-90.002	148.05	2953	7.8803e-002
249	186	8.4421	-90.002	148.57	2953	8.1934e-002
249	177	6.8003	-90.002	147.48	2953	7.8871e-002
250	175	6.3378	-90.002	148.05	2953	7.8803e-002
250	177	6.8003	-90.002	147.48	2953	7.8871e-002
250	172	5.9208	-90.002	147.2	2953	7.7506e-002
251	195	11.943	-90.002	151.95	2953	8.9416e-002
251	182	7.2706	-90.002	149.54	2953	8.1327e-002
251	186	8.4421	-90.002	148.57	2953	8.1934e-002
251	200	13.063	-90.002	149.19	2953	8.8344e-002
252	190	9.7973	-90.002	147.89	2953	8.3039e-002
252	201	13.107	-90.002	149.08	2953	8.8296e-002
252	193	10.965	-90.002	145.9	2953	8.2711e-002
253	190	9.7973	-90.002	147.89	2953	8.3039e-002
253	193	10.965	-90.002	145.9	2953	8.2711e-002
253	176	6.4059	-90.002	147.15	2953	7.8074e-002
254	190	9.7973	-90.002	147.89	2953	8.3039e-002
254	176	6.4059	-90.002	147.15	2953	7.8074e-002
254	177	6.8003	-90.002	147.48	2953	7.8871e-002
255	190	9.7973	-90.002	147.89	2953	8.3039e-002
255	177	6.8003	-90.002	147.48	2953	7.8871e-002
255	186	8.4421	-90.002	148.57	2953	8.1934e-002
256	190	9.7973	-90.002	147.89	2953	8.3039e-002
256	186	8.4421	-90.002	148.57	2953	8.1934e-002
256	200	13.063	-90.002	149.19	2953	8.8344e-002
257	190	9.7973	-90.002	147.89	2953	8.3039e-002
257	200	13.063	-90.002	149.19	2953	8.8344e-002
257	201	13.107	-90.002	149.08	2953	8.8296e-002
258	195	11.943	-90.002	151.95	2954	8.9416e-002
258	181	7.2705	-90.002	149.54	2954	8.1327e-002
258	174	6.1728	-90.002	151.39	2954	8.161e-002
258	183	7.3848	-90.002	153.09	2954	8.4684e-002
259	167	3.2552	-90.002	147.47	2954	7.4376e-002
259	181	7.2705	-90.002	149.54	2954	8.1327e-002
259	174	6.1728	-90.002	151.39	2954	8.161e-002
259	166	3.0035	-90.002	150.3	2954	7.6609e-002
260	183	7.3848	-90.002	153.09	2954	8.4684e-002
260	165	2.7109	-90.002	153.59	2954	7.9214e-002
260	166	3.0035	-90.002	150.3	2954	7.6609e-002
260	174	6.1728	-90.002	151.39	2954	8.161e-002
261	104	-14.262	-90.002	142.14	2975	4.7236e-002
261	103	-14.269	-90.002	142.62	2975	4.7661e-002
261	97	-14.844	-90.002	142.26	2975	4.6596e-002
262	103	-14.269	-90.002	142.62	2976	4.7661e-002
262	97	-14.844	-90.002	142.26	2976	4.6596e-002
262	87	-17.264	-90.002	145.06	2976	4.6034e-002
262	90	-16.278	-90.002	145.72	2976	4.7898e-002
263	83	-18.112	-90.002	148.55	2976	4.8118e-002
263	90	-16.278	-90.002	145.72	2976	4.7898e-002
263	87	-17.264	-90.002	145.06	2976	4.6034e-002
263	74	-19.468	-90.002	147.61	2976	4.5524e-002
264	225	19.609	-90.002	143.36	2981	9.1353e-002
264	217	17.408	-90.002	147.7	2981	9.2486e-002
264	223	19.442	-90.002	147.8	2981	9.5155e-002
264	231	21.458	-90.002	145.37	2981	9.5513e-002
265	210	14.916	-90.002	152.48	2981	9.3658e-002
265	217	17.408	-90.002	147.7	2981	9.2486e-002
265	223	19.442	-90.002	147.8	2981	9.5155e-002
265	222	19.402	-90.002	150.38	2981	9.7434e-002
266	241	23.521	-90.002	147.62	2981	0.10015
266	231	21.458	-90.002	145.37	2981	9.5513e-002
266	223	19.442	-90.002	147.8	2981	9.5155e-002
266	222	19.402	-90.002	150.38	2981	9.7434e-002
267	225	19.609	-90.002	143.36	2982	9.1353e-002
267	216	17.408	-90.002	147.7	2982	9.2486e-002
267	211	15.765	-90.002	147.01	2982	8.9787e-002
267	213	16.267	-90.002	144.11	2982	8.7803e-002
268	210	14.916	-90.002	152.48	2982	9.3658e-002
268	216	17.408	-90.002	147.7	2982	9.2486e-002
268	211	15.765	-90.002	147.01	2982	8.9787e-002
268	203	13.174	-90.002	149.2	2982	8.8494e-002
269	206	14.621	-90.002	146.74	2982	8.8096e-002
269	203	13.174	-90.002	149.2	2982	8.8494e-002
269	201	13.107	-90.002	149.08	2982	8.8296e-002
270	206	14.621	-90.002	146.74	2982	8.8096e-002
270	201	13.107	-90.002	149.08	2982	8.8296e-002
270	209	14.791	-90.002	144.3	2982	8.6104e-002
271	206	14.621	-90.002	146.74	2982	8.8096e-002
271	209	14.791	-90.002	144.3	2982	8.6104e-002
271	213	16.267	-90.002	144.11	2982	8.7803e-002
272	206	14.621	-90.002	146.74	2982	8.8096e-002
272	213	16.267	-90.002	144.11	2982	8.7803e-002
272	211	15.765	-90.002	147.01	2982	8.9787e-002
273	206	14.621	-90.002	146.74	2982	8.8096e-002
273	211	15.765	-90.002	147.01	2982	8.9787e-002
273	203	13.174	-90.002	149.2	2982	8.8494e-002
274	238	23.04	-90.002	102.31	3002	5.9172e-002
274	247	25.009	-90.002	100.13	3002	5.9765e-002
274	240	23.471	-90.002	98.309	3002	5.6192e-002
274	228	21.146	-90.002	100.29	3002	5.4979e-002
275	258	27.158	-90.002	97.759	3002	6.0411e-002
275	247	25.009	-90.002	100.13	3002	5.9765e-002
275	240	23.471	-90.002	98.309	3002	5.6192e-002
275	252	25.972	-90.002	96.176	3002	5.7501e-002
276	252	25.972	-90.002	96.176	3003	5.7501e-002
276	266	27.785	-90.002	96.305	3003	5.9928e-002
276	258	27.158	-90.002	97.759	3003	6.0411e-002
