小面	点	X坐标 (mm)	Y坐标 (mm)	Z坐标 (mm)	单元数	定向变形 (mm)
0	256	-2.9777	-120.	149.89	577	0.10556
0	268	-1.0913	-120.	151.9	577	0.10561
0	252	-3.9312	-120.	151.58	577	0.1056
1	288	1.8045	-120.	154.98	577	0.10571
1	267	-1.1343	-120.	154.83	577	0.10569
1	276	-0.11815	-120.	152.95	577	0.10564
2	243	-5.3928	-120.	154.18	577	0.10566
2	248	-4.4252	-120.	152.47	577	0.10562
2	259	-2.4941	-120.	154.68	577	0.10569
3	261	-2.1991	-120.	153.07	577	0.10564
3	252	-3.9312	-120.	151.58	577	0.1056
3	268	-1.0913	-120.	151.9	577	0.10561
4	261	-2.1991	-120.	153.07	577	0.10564
4	268	-1.0913	-120.	151.9	577	0.10561
4	276	-0.11815	-120.	152.95	577	0.10564
5	261	-2.1991	-120.	153.07	577	0.10564
5	276	-0.11815	-120.	152.95	577	0.10564
5	267	-1.1343	-120.	154.83	577	0.10569
6	261	-2.1991	-120.	153.07	577	0.10564
6	267	-1.1343	-120.	154.83	577	0.10569
6	259	-2.4941	-120.	154.68	577	0.10569
7	261	-2.1991	-120.	153.07	577	0.10564
7	259	-2.4941	-120.	154.68	577	0.10569
7	248	-4.4252	-120.	152.47	577	0.10562
8	261	-2.1991	-120.	153.07	577	0.10564
8	248	-4.4252	-120.	152.47	577	0.10562
8	252	-3.9312	-120.	151.58	577	0.1056
9	526	31.866	-120.	131.46	610	0.10543
9	510	30.864	-120.	134.14	610	0.10538
9	479	29.242	-120.	133.19	610	0.10539
10	564	34.544	-120.	132.9	610	0.1054
10	550	33.344	-120.	135.59	610	0.10536
10	522	31.71	-120.	134.63	610	0.10537
11	541	32.873	-120.	132.56	610	0.10541
11	564	34.544	-120.	132.9	610	0.1054
11	522	31.71	-120.	134.63	610	0.10537
12	541	32.873	-120.	132.56	610	0.10541
12	522	31.71	-120.	134.63	610	0.10537
12	510	30.864	-120.	134.14	610	0.10538
13	541	32.873	-120.	132.56	610	0.10541
13	510	30.864	-120.	134.14	610	0.10538
13	526	31.866	-120.	131.46	610	0.10543
14	541	32.873	-120.	132.56	610	0.10541
14	526	31.866	-120.	131.46	610	0.10543
14	546	33.229	-120.	130.57	610	0.10545
15	541	32.873	-120.	132.56	610	0.10541
15	546	33.229	-120.	130.57	610	0.10545
15	567	35.024	-120.	131.62	610	0.10543
16	541	32.873	-120.	132.56	610	0.10541
16	567	35.024	-120.	131.62	610	0.10543
16	564	34.544	-120.	132.9	610	0.1054
17	572	35.883	-120.	128.81	610	0.10551
17	567	35.024	-120.	131.62	610	0.10543
17	546	33.229	-120.	130.57	610	0.10545
18	109	-23.556	-120.	106.6	619	0.107
18	124	-22.151	-120.	106.97	619	0.10699
18	98	-24.934	-120.	108.56	619	0.10695
19	109	-23.556	-120.	106.6	619	0.107
19	98	-24.934	-120.	108.56	619	0.10695
19	83	-25.781	-120.	108.08	619	0.10696
20	109	-23.556	-120.	106.6	619	0.107
20	83	-25.781	-120.	108.08	619	0.10696
20	104	-24.368	-120.	105.63	619	0.10702
21	109	-23.556	-120.	106.6	619	0.107
21	104	-24.368	-120.	105.63	619	0.10702
21	117	-22.763	-120.	104.8	619	0.10704
22	109	-23.556	-120.	106.6	619	0.107
22	117	-22.763	-120.	104.8	619	0.10704
22	137	-21.34	-120.	105.57	619	0.10702
23	109	-23.556	-120.	106.6	619	0.107
23	137	-21.34	-120.	105.57	619	0.10702
23	124	-22.151	-120.	106.97	619	0.10699
24	104	-24.368	-120.	105.63	619	0.10702
24	83	-25.781	-120.	108.08	619	0.10696
24	55	-27.388	-120.	107.17	619	0.10699
25	124	-22.151	-120.	106.97	619	0.10699
25	112	-23.336	-120.	109.46	619	0.10692
25	98	-24.934	-120.	108.56	619	0.10695
26	137	-21.34	-120.	105.57	619	0.10702
26	117	-22.763	-120.	104.8	619	0.10704
26	151	-19.781	-120.	103.3	619	0.10707
27	153	-19.369	-120.	98.573	622	0.10708
27	139	-21.019	-120.	97.611	622	0.10708
27	155	-18.865	-120.	95.735	622	0.10705
28	110	-23.545	-120.	96.143	622	0.10706
28	134	-21.451	-120.	94.077	622	0.10703
28	126	-21.878	-120.	97.108	622	0.10707
29	165	-18.085	-120.	91.387	622	0.10696
29	161	-18.611	-120.	94.262	622	0.10703
29	144	-20.419	-120.	93.178	622	0.10701
30	145	-20.374	-120.	95.329	622	0.10705
30	155	-18.865	-120.	95.735	622	0.10705
30	139	-21.019	-120.	97.611	622	0.10708
31	145	-20.374	-120.	95.329	622	0.10705
31	139	-21.019	-120.	97.611	622	0.10708
31	126	-21.878	-120.	97.108	622	0.10707
32	145	-20.374	-120.	95.329	622	0.10705
32	126	-21.878	-120.	97.108	622	0.10707
32	134	-21.451	-120.	94.077	622	0.10703
33	145	-20.374	-120.	95.329	622	0.10705
33	134	-21.451	-120.	94.077	622	0.10703
33	144	-20.419	-120.	93.178	622	0.10701
34	145	-20.374	-120.	95.329	622	0.10705
34	144	-20.419	-120.	93.178	622	0.10701
34	161	-18.611	-120.	94.262	622	0.10703
35	145	-20.374	-120.	95.329	622	0.10705
35	161	-18.611	-120.	94.262	622	0.10703
35	155	-18.865	-120.	95.735	622	0.10705
36	285	1.3031	-120.	89.681	635	0.10688
36	275	-0.15357	-120.	92.615	635	0.10699
36	300	4.2195	-120.	92.615	635	0.10697
37	80	-26.056	-120.	108.78	712	0.10694
37	97	-24.934	-120.	108.56	712	0.10695
37	82	-25.781	-120.	108.08	712	0.10696
38	43	-28.173	-120.	109.18	712	0.10693
38	23	-29.748	-120.	110.74	712	0.10688
38	7	-31.417	-120.	109.78	712	0.10691
39	43	-28.173	-120.	109.18	712	0.10693
39	7	-31.417	-120.	109.78	712	0.10691
39	55	-27.388	-120.	107.17	712	0.10699
40	43	-28.173	-120.	109.18	712	0.10693
40	55	-27.388	-120.	107.17	712	0.10699
40	82	-25.781	-120.	108.08	712	0.10696
41	43	-28.173	-120.	109.18	712	0.10693
41	82	-25.781	-120.	108.08	712	0.10696
41	80	-26.056	-120.	108.78	712	0.10694
42	43	-28.173	-120.	109.18	712	0.10693
42	80	-26.056	-120.	108.78	712	0.10694
42	36	-28.65	-120.	110.53	712	0.10689
43	43	-28.173	-120.	109.18	712	0.10693
43	36	-28.65	-120.	110.53	712	0.10689
43	23	-29.748	-120.	110.74	712	0.10688
44	32	-28.882	-120.	111.23	712	0.10686
44	36	-28.65	-120.	110.53	712	0.10689
44	23	-29.748	-120.	110.74	712	0.10688
45	68	-26.514	-120.	110.12	712	0.1069
45	61	-27.224	-120.	112.18	712	0.10683
45	112	-23.336	-120.	109.46	712	0.10692
46	68	-26.514	-120.	110.12	712	0.1069
46	112	-23.336	-120.	109.46	712	0.10692
46	97	-24.934	-120.	108.56	712	0.10695
47	68	-26.514	-120.	110.12	712	0.1069
47	97	-24.934	-120.	108.56	712	0.10695
47	80	-26.056	-120.	108.78	712	0.10694
48	68	-26.514	-120.	110.12	712	0.1069
48	80	-26.056	-120.	108.78	712	0.10694
48	36	-28.65	-120.	110.53	712	0.10689
49	68	-26.514	-120.	110.12	712	0.1069
49	36	-28.65	-120.	110.53	712	0.10689
49	32	-28.882	-120.	111.23	712	0.10686
50	68	-26.514	-120.	110.12	712	0.1069
50	32	-28.882	-120.	111.23	712	0.10686
50	61	-27.224	-120.	112.18	712	0.10683
51	241	-5.7764	-120.	90.758	716	0.10692
51	235	-6.5008	-120.	90.968	716	0.10693
51	237	-6.2516	-120.	91.919	716	0.10697
52	225	-8.3372	-120.	89.613	716	0.10688
52	223	-8.5933	-120.	88.683	716	0.10685
52	220	-9.0374	-120.	89.857	716	0.10689
53	227	-7.8565	-120.	91.427	716	0.10695
53	237	-6.2516	-120.	91.919	716	0.10697
53	231	-7.1082	-120.	94.093	716	0.10704
54	227	-7.8565	-120.	91.427	716	0.10695
54	231	-7.1082	-120.	94.093	716	0.10704
54	214	-9.904	-120.	92.112	716	0.10697
55	227	-7.8565	-120.	91.427	716	0.10695
55	214	-9.904	-120.	92.112	716	0.10697
55	220	-9.0374	-120.	89.857	716	0.10689
56	227	-7.8565	-120.	91.427	716	0.10695
56	220	-9.0374	-120.	89.857	716	0.10689
56	225	-8.3372	-120.	89.613	716	0.10688
57	227	-7.8565	-120.	91.427	716	0.10695
57	225	-8.3372	-120.	89.613	716	0.10688
57	235	-6.5008	-120.	90.968	716	0.10693
58	227	-7.8565	-120.	91.427	716	0.10695
58	235	-6.5008	-120.	90.968	716	0.10693
58	237	-6.2516	-120.	91.919	716	0.10697
59	232	-6.9679	-120.	89.165	716	0.10686
59	223	-8.5933	-120.	88.683	716	0.10685
59	228	-7.7041	-120.	86.405	716	0.10676
60	232	-6.9679	-120.	89.165	716	0.10686
60	228	-7.7041	-120.	86.405	716	0.10676
60	245	-4.8957	-120.	88.564	716	0.10684
61	232	-6.9679	-120.	89.165	716	0.10686
61	245	-4.8957	-120.	88.564	716	0.10684
61	241	-5.7764	-120.	90.758	716	0.10692
62	232	-6.9679	-120.	89.165	716	0.10686
62	241	-5.7764	-120.	90.758	716	0.10692
62	235	-6.5008	-120.	90.968	716	0.10693
63	232	-6.9679	-120.	89.165	716	0.10686
63	235	-6.5008	-120.	90.968	716	0.10693
63	225	-8.3372	-120.	89.613	716	0.10688
64	232	-6.9679	-120.	89.165	716	0.10686
64	225	-8.3372	-120.	89.613	716	0.10688
64	223	-8.5933	-120.	88.683	716	0.10685
65	177	-15.833	-120.	140.87	735	0.10561
65	169	-17.251	-120.	143.32	735	0.10557
65	197	-12.295	-120.	143.44	735	0.10555
66	1	-32.805	-120.	116.88	751	0.10664
66	0	-32.924	-120.	121.19	751	0.10644
66	16	-30.093	-120.	118.32	751	0.10658
67	226	-8.113	-120.	150.47	765	0.10557
67	218	-9.54	-120.	153.01	765	0.10561
67	243	-5.3928	-120.	154.18	765	0.10566
68	250	-4.0658	-120.	91.691	802	0.10696
68	263	-2.0045	-120.	91.016	802	0.10693
68	257	-2.8829	-120.	92.974	802	0.10701
69	250	-4.0658	-120.	91.691	802	0.10696
69	257	-2.8829	-120.	92.974	802	0.10701
69	247	-4.4686	-120.	93.311	802	0.10702
70	250	-4.0658	-120.	91.691	802	0.10696
70	247	-4.4686	-120.	93.311	802	0.10702
70	238	-6.2516	-120.	91.919	802	0.10697
71	250	-4.0658	-120.	91.691	802	0.10696
71	238	-6.2516	-120.	91.919	802	0.10697
71	242	-5.7764	-120.	90.758	802	0.10692
72	250	-4.0658	-120.	91.691	802	0.10696
72	242	-5.7764	-120.	90.758	802	0.10692
72	254	-3.011	-120.	90.17	802	0.1069
73	250	-4.0658	-120.	91.691	802	0.10696
73	254	-3.011	-120.	90.17	802	0.1069
73	263	-2.0045	-120.	91.016	802	0.10693
74	238	-6.2516	-120.	91.919	802	0.10697
74	247	-4.4686	-120.	93.311	802	0.10702
74	231	-7.1082	-120.	94.093	802	0.10704
75	263	-2.0045	-120.	91.016	802	0.10693
75	275	-0.15357	-120.	92.615	802	0.10699
75	257	-2.8829	-120.	92.974	802	0.10701
76	254	-3.011	-120.	90.17	802	0.1069
76	242	-5.7764	-120.	90.758	802	0.10692
76	245	-4.8957	-120.	88.564	802	0.10684
77	353	12.589	-120.	91.638	810	0.1069
77	343	11.174	-120.	94.093	810	0.10694
77	365	15.169	-120.	95.872	810	0.10691
78	427	22.928	-120.	139.99	840	0.10534
78	413	21.536	-120.	141.87	840	0.10535
78	420	21.895	-120.	138.97	840	0.10533
79	427	22.928	-120.	139.99	840	0.10534
79	420	21.895	-120.	138.97	840	0.10533
79	429	22.98	-120.	137.77	840	0.10534
80	427	22.928	-120.	139.99	840	0.10534
80	429	22.98	-120.	137.77	840	0.10534
80	437	24.441	-120.	138.64	840	0.10534
81	427	22.928	-120.	139.99	840	0.10534
81	437	24.441	-120.	138.64	840	0.10534
81	435	24.303	-120.	140.3	840	0.10534
82	427	22.928	-120.	139.99	840	0.10534
82	435	24.303	-120.	140.3	840	0.10534
82	424	22.411	-120.	142.4	840	0.10536
83	427	22.928	-120.	139.99	840	0.10534
83	424	22.411	-120.	142.4	840	0.10536
83	413	21.536	-120.	141.87	840	0.10535
84	437	24.441	-120.	138.64	840	0.10534
84	429	22.98	-120.	137.77	840	0.10534
84	439	24.656	-120.	135.59	840	0.10536
85	413	21.536	-120.	141.87	840	0.10535
85	399	19.899	-120.	140.87	840	0.10534
85	420	21.895	-120.	138.97	840	0.10533
86	424	22.411	-120.	142.4	840	0.10536
86	435	24.303	-120.	140.3	840	0.10534
86	434	24.064	-120.	143.4	840	0.10537
87	240	-5.7995	-120.	146.33	842	0.1055
87	256	-2.9777	-120.	149.89	842	0.10556
87	265	-1.522	-120.	147.24	842	0.10549
88	35	-28.656	-120.	129.72	857	0.10603
88	6	-31.929	-120.	128.36	857	0.1061
88	10	-30.643	-120.	132.48	857	0.10592
89	152	-19.63	-120.	147.46	858	0.10553
89	175	-16.089	-120.	149.92	858	0.10555
89	181	-14.63	-120.	147.4	858	0.10554
90	214	-9.904	-120.	92.112	861	0.10697
90	206	-11.103	-120.	95.872	861	0.10707
90	231	-7.1082	-120.	94.093	861	0.10704
91	56	-27.376	-120.	127.13	865	0.10616
91	63	-27.196	-120.	127.86	865	0.10612
91	70	-26.429	-120.	126.87	865	0.10617
92	31	-29.171	-120.	127.62	865	0.10613
92	6	-31.929	-120.	128.36	865	0.1061
92	35	-28.656	-120.	129.72	865	0.10603
93	31	-29.171	-120.	127.62	865	0.10613
93	35	-28.656	-120.	129.72	865	0.10603
93	63	-27.196	-120.	127.86	865	0.10612
94	31	-29.171	-120.	127.62	865	0.10613
94	63	-27.196	-120.	127.86	865	0.10612
94	56	-27.376	-120.	127.13	865	0.10616
95	31	-29.171	-120.	127.62	865	0.10613
95	56	-27.376	-120.	127.13	865	0.10616
95	28	-29.468	-120.	126.21	865	0.1062
96	31	-29.171	-120.	127.62	865	0.10613
96	28	-29.468	-120.	126.21	865	0.1062
96	15	-30.401	-120.	126.46	865	0.10619
97	31	-29.171	-120.	127.62	865	0.10613
97	15	-30.401	-120.	126.46	865	0.10619
97	6	-31.929	-120.	128.36	865	0.1061
98	52	-27.657	-120.	125.72	865	0.10622
98	44	-28.087	-120.	123.61	865	0.10633
98	96	-24.974	-120.	125.04	865	0.10626
99	52	-27.657	-120.	125.72	865	0.10622
99	96	-24.974	-120.	125.04	865	0.10626
99	70	-26.429	-120.	126.87	865	0.10617
100	52	-27.657	-120.	125.72	865	0.10622
100	70	-26.429	-120.	126.87	865	0.10617
100	56	-27.376	-120.	127.13	865	0.10616
101	52	-27.657	-120.	125.72	865	0.10622
101	56	-27.376	-120.	127.13	865	0.10616
101	28	-29.468	-120.	126.21	865	0.1062
102	52	-27.657	-120.	125.72	865	0.10622
102	28	-29.468	-120.	126.21	865	0.1062
102	25	-29.607	-120.	125.48	865	0.10624
103	52	-27.657	-120.	125.72	865	0.10622
103	25	-29.607	-120.	125.48	865	0.10624
103	44	-28.087	-120.	123.61	865	0.10633
104	28	-29.468	-120.	126.21	865	0.1062
104	25	-29.607	-120.	125.48	865	0.10624
104	15	-30.401	-120.	126.46	865	0.10619
105	44	-28.087	-120.	123.61	867	0.10633
105	24	-29.607	-120.	125.48	867	0.10624
105	19	-29.999	-120.	122.65	867	0.10637
106	6	-31.929	-120.	128.36	867	0.1061
106	3	-32.513	-120.	125.48	867	0.10624
106	14	-30.401	-120.	126.46	867	0.10619
107	0	-32.924	-120.	121.19	867	0.10644
107	9	-30.996	-120.	122.16	867	0.1064
107	2	-32.701	-120.	124.13	867	0.1063
108	8	-31.036	-120.	124.39	867	0.10629
108	19	-29.999	-120.	122.65	867	0.10637
108	24	-29.607	-120.	125.48	867	0.10624
109	8	-31.036	-120.	124.39	867	0.10629
109	24	-29.607	-120.	125.48	867	0.10624
109	14	-30.401	-120.	126.46	867	0.10619
110	8	-31.036	-120.	124.39	867	0.10629
110	14	-30.401	-120.	126.46	867	0.10619
110	3	-32.513	-120.	125.48	867	0.10624
111	8	-31.036	-120.	124.39	867	0.10629
111	3	-32.513	-120.	125.48	867	0.10624
111	2	-32.701	-120.	124.13	867	0.1063
112	8	-31.036	-120.	124.39	867	0.10629
112	2	-32.701	-120.	124.13	867	0.1063
112	9	-30.996	-120.	122.16	867	0.1064
113	8	-31.036	-120.	124.39	867	0.10629
113	9	-30.996	-120.	122.16	867	0.1064
113	19	-29.999	-120.	122.65	867	0.10637
114	204	-11.69	-120.	149.52	879	0.10556
114	208	-10.796	-120.	149.39	879	0.10556
114	199	-12.084	-120.	148.78	879	0.10555
115	207	-10.848	-120.	150.93	879	0.10557
115	218	-9.54	-120.	153.01	879	0.10561
115	226	-8.113	-120.	150.47	879	0.10557
116	207	-10.848	-120.	150.93	879	0.10557
116	226	-8.113	-120.	150.47	879	0.10557
116	208	-10.796	-120.	149.39	879	0.10556
117	207	-10.848	-120.	150.93	879	0.10557
117	208	-10.796	-120.	149.39	879	0.10556
117	204	-11.69	-120.	149.52	879	0.10556
118	207	-10.848	-120.	150.93	879	0.10557
118	204	-11.69	-120.	149.52	879	0.10556
118	194	-12.675	-120.	151.25	879	0.10557
119	207	-10.848	-120.	150.93	879	0.10557
119	194	-12.675	-120.	151.25	879	0.10557
119	198	-12.273	-120.	151.92	879	0.10558
120	207	-10.848	-120.	150.93	879	0.10557
120	198	-12.273	-120.	151.92	879	0.10558
120	218	-9.54	-120.	153.01	879	0.10561
121	190	-13.446	-120.	149.7	879	0.10556
121	175	-16.089	-120.	149.92	879	0.10555
121	181	-14.63	-120.	147.4	879	0.10554
122	190	-13.446	-120.	149.7	879	0.10556
122	181	-14.63	-120.	147.4	879	0.10554
122	199	-12.084	-120.	148.78	879	0.10555
123	190	-13.446	-120.	149.7	879	0.10556
123	199	-12.084	-120.	148.78	879	0.10555
123	204	-11.69	-120.	149.52	879	0.10556
124	190	-13.446	-120.	149.7	879	0.10556
124	204	-11.69	-120.	149.52	879	0.10556
124	194	-12.675	-120.	151.25	879	0.10557
125	190	-13.446	-120.	149.7	879	0.10556
125	194	-12.675	-120.	151.25	879	0.10557
125	188	-13.511	-120.	151.33	879	0.10557
126	190	-13.446	-120.	149.7	879	0.10556
126	188	-13.511	-120.	151.33	879	0.10557
126	175	-16.089	-120.	149.92	879	0.10555
127	194	-12.675	-120.	151.25	879	0.10557
127	188	-13.511	-120.	151.33	879	0.10557
127	198	-12.273	-120.	151.92	879	0.10558
128	463	27.448	-120.	103.66	890	0.10664
128	451	26.451	-120.	103.94	890	0.10663
128	464	27.85	-120.	104.3	890	0.10662
129	453	26.629	-120.	102.49	890	0.10669
129	444	25.409	-120.	100.72	890	0.10675
129	432	23.847	-120.	103.3	890	0.10666
130	453	26.629	-120.	102.49	890	0.10669
130	432	23.847	-120.	103.3	890	0.10666
130	451	26.451	-120.	103.94	890	0.10663
131	453	26.629	-120.	102.49	890	0.10669
131	451	26.451	-120.	103.94	890	0.10663
131	463	27.448	-120.	103.66	890	0.10664
132	453	26.629	-120.	102.49	890	0.10669
132	463	27.448	-120.	103.66	890	0.10664
132	471	28.524	-120.	101.95	890	0.10671
133	453	26.629	-120.	102.49	890	0.10669
133	471	28.524	-120.	101.95	890	0.10671
133	467	28.095	-120.	101.35	890	0.10673
134	453	26.629	-120.	102.49	890	0.10669
134	467	28.095	-120.	101.35	890	0.10673
134	444	25.409	-120.	100.72	890	0.10675
135	483	29.334	-120.	103.14	890	0.10666
135	536	32.209	-120.	102.31	890	0.10669
135	499	30.485	-120.	104.97	890	0.10658
136	483	29.334	-120.	103.14	890	0.10666
136	499	30.485	-120.	104.97	890	0.10658
136	464	27.85	-120.	104.3	890	0.10662
137	483	29.334	-120.	103.14	890	0.10666
137	464	27.85	-120.	104.3	890	0.10662
137	463	27.448	-120.	103.66	890	0.10664
138	483	29.334	-120.	103.14	890	0.10666
138	463	27.448	-120.	103.66	890	0.10664
138	471	28.524	-120.	101.95	890	0.10671
139	483	29.334	-120.	103.14	890	0.10666
139	471	28.524	-120.	101.95	890	0.10671
139	490	29.49	-120.	101.66	890	0.10672
140	483	29.334	-120.	103.14	890	0.10666
140	490	29.49	-120.	101.66	890	0.10672
140	536	32.209	-120.	102.31	890	0.10669
141	471	28.524	-120.	101.95	890	0.10671
141	490	29.49	-120.	101.66	890	0.10672
141	467	28.095	-120.	101.35	890	0.10673
142	50	-27.848	-120.	115.7	894	0.10669
142	45	-27.948	-120.	116.45	894	0.10666
142	65	-26.814	-120.	115.45	894	0.1067
143	53	-27.595	-120.	114.29	894	0.10675
143	29	-29.43	-120.	114.03	894	0.10676
143	61	-27.224	-120.	112.18	894	0.10683
144	53	-27.595	-120.	114.29	894	0.10675
144	61	-27.224	-120.	112.18	894	0.10683
144	100	-24.688	-120.	113.62	894	0.10678
145	53	-27.595	-120.	114.29	894	0.10675
145	100	-24.688	-120.	113.62	894	0.10678
145	65	-26.814	-120.	115.45	894	0.1067
146	53	-27.595	-120.	114.29	894	0.10675
146	65	-26.814	-120.	115.45	894	0.1067
146	50	-27.848	-120.	115.7	894	0.10669
147	53	-27.595	-120.	114.29	894	0.10675
147	50	-27.848	-120.	115.7	894	0.10669
147	26	-29.567	-120.	114.76	894	0.10673
148	53	-27.595	-120.	114.29	894	0.10675
148	26	-29.567	-120.	114.76	894	0.10673
148	29	-29.43	-120.	114.03	894	0.10676
149	12	-30.578	-120.	114.99	894	0.10672
149	26	-29.567	-120.	114.76	894	0.10673
149	29	-29.43	-120.	114.03	894	0.10676
150	21	-29.807	-120.	116.19	894	0.10667
150	1	-32.805	-120.	116.88	894	0.10664
150	16	-30.093	-120.	118.32	894	0.10658
151	21	-29.807	-120.	116.19	894	0.10667
151	16	-30.093	-120.	118.32	894	0.10658
151	45	-27.948	-120.	116.45	894	0.10666
152	21	-29.807	-120.	116.19	894	0.10667
152	45	-27.948	-120.	116.45	894	0.10666
152	50	-27.848	-120.	115.7	894	0.10669
153	21	-29.807	-120.	116.19	894	0.10667
153	50	-27.848	-120.	115.7	894	0.10669
153	26	-29.567	-120.	114.76	894	0.10673
154	21	-29.807	-120.	116.19	894	0.10667
154	26	-29.567	-120.	114.76	894	0.10673
154	12	-30.578	-120.	114.99	894	0.10672
155	21	-29.807	-120.	116.19	894	0.10667
155	12	-30.578	-120.	114.99	894	0.10672
155	1	-32.805	-120.	116.88	894	0.10664
156	40	-28.243	-120.	120.02	900	0.1065
156	59	-27.268	-120.	119.76	900	0.10651
156	38	-28.244	-120.	119.26	900	0.10653
157	42	-28.178	-120.	121.44	900	0.10643
157	44	-28.087	-120.	123.61	900	0.10633
157	88	-25.431	-120.	120.69	900	0.10646
158	42	-28.178	-120.	121.44	900	0.10643
158	88	-25.431	-120.	120.69	900	0.10646
158	59	-27.268	-120.	119.76	900	0.10651
159	42	-28.178	-120.	121.44	900	0.10643
159	59	-27.268	-120.	119.76	900	0.10651
159	40	-28.243	-120.	120.02	900	0.1065
160	42	-28.178	-120.	121.44	900	0.10643
160	40	-28.243	-120.	120.02	900	0.1065
160	18	-30.04	-120.	121.91	900	0.10641
161	42	-28.178	-120.	121.44	900	0.10643
161	18	-30.04	-120.	121.91	900	0.10641
161	19	-29.999	-120.	122.65	900	0.10637
162	42	-28.178	-120.	121.44	900	0.10643
162	19	-29.999	-120.	122.65	900	0.10637
162	44	-28.087	-120.	123.61	900	0.10633
163	17	-30.09	-120.	120.48	900	0.10648
163	0	-32.924	-120.	121.19	900	0.10644
163	16	-30.093	-120.	118.32	900	0.10658
164	17	-30.09	-120.	120.48	900	0.10648
164	16	-30.093	-120.	118.32	900	0.10658
164	38	-28.244	-120.	119.26	900	0.10653
165	17	-30.09	-120.	120.48	900	0.10648
165	38	-28.244	-120.	119.26	900	0.10653
165	40	-28.243	-120.	120.02	900	0.1065
166	17	-30.09	-120.	120.48	900	0.10648
166	40	-28.243	-120.	120.02	900	0.1065
166	18	-30.04	-120.	121.91	900	0.10641
167	17	-30.09	-120.	120.48	900	0.10648
167	18	-30.04	-120.	121.91	900	0.10641
167	9	-30.996	-120.	122.16	900	0.1064
168	17	-30.09	-120.	120.48	900	0.10648
168	9	-30.996	-120.	122.16	900	0.1064
168	0	-32.924	-120.	121.19	900	0.10644
169	18	-30.04	-120.	121.91	900	0.10641
169	9	-30.996	-120.	122.16	900	0.1064
169	19	-29.999	-120.	122.65	900	0.10637
170	101	-24.589	-120.	134.53	905	0.10583
170	143	-20.59	-120.	135.59	905	0.10578
170	115	-22.777	-120.	131.8	905	0.10594
171	236	-6.4699	-120.	149.04	910	0.10555
171	234	-6.7075	-120.	147.97	910	0.10553
171	230	-7.1945	-120.	148.83	910	0.10555
172	239	-6.0411	-120.	151.07	910	0.10559
172	249	-4.4252	-120.	152.47	910	0.10562
172	243	-5.3928	-120.	154.18	910	0.10566
173	239	-6.0411	-120.	151.07	910	0.10559
173	243	-5.3928	-120.	154.18	910	0.10566
173	226	-8.113	-120.	150.47	910	0.10557
174	239	-6.0411	-120.	151.07	910	0.10559
174	226	-8.113	-120.	150.47	910	0.10557
174	230	-7.1945	-120.	148.83	910	0.10555
175	239	-6.0411	-120.	151.07	910	0.10559
175	230	-7.1945	-120.	148.83	910	0.10555
175	236	-6.4699	-120.	149.04	910	0.10555
176	239	-6.0411	-120.	151.07	910	0.10559
176	236	-6.4699	-120.	149.04	910	0.10555
176	246	-4.6513	-120.	151.42	910	0.10559
177	239	-6.0411	-120.	151.07	910	0.10559
177	246	-4.6513	-120.	151.42	910	0.10559
177	249	-4.4252	-120.	152.47	910	0.10562
178	251	-3.9312	-120.	151.58	910	0.1056
178	246	-4.6513	-120.	151.42	910	0.10559
178	249	-4.4252	-120.	152.47	910	0.10562
179	244	-5.0895	-120.	149.37	910	0.10555
179	256	-2.9777	-120.	149.89	910	0.10556
179	240	-5.7995	-120.	146.33	910	0.1055
180	244	-5.0895	-120.	149.37	910	0.10555
180	240	-5.7995	-120.	146.33	910	0.1055
180	234	-6.7075	-120.	147.97	910	0.10553
181	244	-5.0895	-120.	149.37	910	0.10555
181	234	-6.7075	-120.	147.97	910	0.10553
181	236	-6.4699	-120.	149.04	910	0.10555
182	244	-5.0895	-120.	149.37	910	0.10555
182	236	-6.4699	-120.	149.04	910	0.10555
182	246	-4.6513	-120.	151.42	910	0.10559
183	244	-5.0895	-120.	149.37	910	0.10555
183	246	-4.6513	-120.	151.42	910	0.10559
183	251	-3.9312	-120.	151.58	910	0.1056
184	244	-5.0895	-120.	149.37	910	0.10555
184	251	-3.9312	-120.	151.58	910	0.1056
184	256	-2.9777	-120.	149.89	910	0.10556
185	304	4.9242	-120.	150.14	912	0.10555
185	302	4.6741	-120.	149.18	912	0.10552
185	299	4.1731	-120.	150.21	912	0.10555
186	312	6.3385	-120.	149.94	912	0.10554
186	323	8.4836	-120.	149.65	912	0.10553
186	308	5.588	-120.	147.24	912	0.10545
187	312	6.3385	-120.	149.94	912	0.10554
187	308	5.588	-120.	147.24	912	0.10545
187	302	4.6741	-120.	149.18	912	0.10552
188	312	6.3385	-120.	149.94	912	0.10554
188	302	4.6741	-120.	149.18	912	0.10552
188	304	4.9242	-120.	150.14	912	0.10555
189	312	6.3385	-120.	149.94	912	0.10554
189	304	4.9242	-120.	150.14	912	0.10555
189	314	6.814	-120.	151.77	912	0.10561
190	312	6.3385	-120.	149.94	912	0.10554
190	314	6.814	-120.	151.77	912	0.10561
190	320	7.5469	-120.	151.66	912	0.1056
191	312	6.3385	-120.	149.94	912	0.10554
191	320	7.5469	-120.	151.66	912	0.1056
191	323	8.4836	-120.	149.65	912	0.10553
192	307	5.3872	-120.	151.95	912	0.10561
192	311	6.1077	-120.	154.74	912	0.10571
192	296	3.2389	-120.	152.16	912	0.10562
193	307	5.3872	-120.	151.95	912	0.10561
193	296	3.2389	-120.	152.16	912	0.10562
193	299	4.1731	-120.	150.21	912	0.10555
194	307	5.3872	-120.	151.95	912	0.10561
194	299	4.1731	-120.	150.21	912	0.10555
194	304	4.9242	-120.	150.14	912	0.10555
195	307	5.3872	-120.	151.95	912	0.10561
195	304	4.9242	-120.	150.14	912	0.10555
195	314	6.814	-120.	151.77	912	0.10561
196	307	5.3872	-120.	151.95	912	0.10561
196	314	6.814	-120.	151.77	912	0.10561
196	316	7.065	-120.	152.71	912	0.10564
197	307	5.3872	-120.	151.95	912	0.10561
197	316	7.065	-120.	152.71	912	0.10564
197	311	6.1077	-120.	154.74	912	0.10571
198	314	6.814	-120.	151.77	912	0.10561
198	316	7.065	-120.	152.71	912	0.10564
198	320	7.5469	-120.	151.66	912	0.1056
199	387	18.289	-120.	147.65	935	0.10547
199	393	19.016	-120.	145.11	935	0.10541
199	405	20.723	-120.	146.15	935	0.10543
200	396	19.872	-120.	148.18	935	0.10548
200	387	18.289	-120.	147.65	935	0.10547
200	405	20.723	-120.	146.15	935	0.10543
201	396	19.872	-120.	148.18	935	0.10548
201	405	20.723	-120.	146.15	935	0.10543
201	415	21.609	-120.	146.7	935	0.10544
202	396	19.872	-120.	148.18	935	0.10548
202	415	21.609	-120.	146.7	935	0.10544
202	408	20.929	-120.	149.43	935	0.10551
203	396	19.872	-120.	148.18	935	0.10548
203	408	20.929	-120.	149.43	935	0.10551
203	394	19.764	-120.	150.15	935	0.10554
204	396	19.872	-120.	148.18	935	0.10548
204	394	19.764	-120.	150.15	935	0.10554
204	385	17.918	-120.	148.97	935	0.10551
205	396	19.872	-120.	148.18	935	0.10548
205	385	17.918	-120.	148.97	935	0.10551
205	387	18.289	-120.	147.65	935	0.10547
206	408	20.929	-120.	149.43	935	0.10551
206	415	21.609	-120.	146.7	935	0.10544
206	430	23.336	-120.	147.74	935	0.10546
207	394	19.764	-120.	150.15	935	0.10554
207	380	17.167	-120.	151.53	935	0.10559
207	385	17.918	-120.	148.97	935	0.10551
208	291	2.4319	-120.	148.95	938	0.10552
208	299	4.1731	-120.	150.21	938	0.10555
208	287	1.3459	-120.	150.21	938	0.10556
209	291	2.4319	-120.	148.95	938	0.10552
209	287	1.3459	-120.	150.21	938	0.10556
209	279	0.33219	-120.	149.18	938	0.10553
210	291	2.4319	-120.	148.95	938	0.10552
210	279	0.33219	-120.	149.18	938	0.10553
210	284	1.2224	-120.	147.46	938	0.10548
211	291	2.4319	-120.	148.95	938	0.10552
211	284	1.2224	-120.	147.46	938	0.10548
211	294	2.8435	-120.	147.46	938	0.10547
212	291	2.4319	-120.	148.95	938	0.10552
212	294	2.8435	-120.	147.46	938	0.10547
212	302	4.6741	-120.	149.18	938	0.10552
213	291	2.4319	-120.	148.95	938	0.10552
213	302	4.6741	-120.	149.18	938	0.10552
213	299	4.1731	-120.	150.21	938	0.10555
214	284	1.2224	-120.	147.46	938	0.10548
214	279	0.33219	-120.	149.18	938	0.10553
214	265	-1.522	-120.	147.24	938	0.10549
215	299	4.1731	-120.	150.21	938	0.10555
215	296	3.2389	-120.	152.16	938	0.10562
215	287	1.3459	-120.	150.21	938	0.10556
216	302	4.6741	-120.	149.18	938	0.10552
216	294	2.8435	-120.	147.46	938	0.10547
216	308	5.588	-120.	147.24	938	0.10545
217	335	10.335	-120.	151.03	942	0.10558
217	319	7.5469	-120.	151.66	942	0.1056
217	323	8.4836	-120.	149.65	942	0.10553
218	326	9.0131	-120.	154.27	942	0.10569
218	311	6.1077	-120.	154.74	942	0.10571
218	317	7.065	-120.	152.71	942	0.10564
219	328	9.2669	-120.	152.57	942	0.10564
219	326	9.0131	-120.	154.27	942	0.10569
219	317	7.065	-120.	152.71	942	0.10564
220	328	9.2669	-120.	152.57	942	0.10564
220	317	7.065	-120.	152.71	942	0.10564
220	319	7.5469	-120.	151.66	942	0.1056
221	328	9.2669	-120.	152.57	942	0.10564
221	319	7.5469	-120.	151.66	942	0.1056
221	335	10.335	-120.	151.03	942	0.10558
222	328	9.2669	-120.	152.57	942	0.10564
222	335	10.335	-120.	151.03	942	0.10558
222	344	11.293	-120.	151.76	942	0.10561
223	328	9.2669	-120.	152.57	942	0.10564
223	344	11.293	-120.	151.76	942	0.10561
223	336	10.348	-120.	153.98	942	0.10568
224	328	9.2669	-120.	152.57	942	0.10564
224	336	10.348	-120.	153.98	942	0.10568
224	326	9.0131	-120.	154.27	942	0.10569
225	356	13.174	-120.	153.16	942	0.10565
225	336	10.348	-120.	153.98	942	0.10568
225	344	11.293	-120.	151.76	942	0.10561
226	219	-9.0374	-120.	89.857	965	0.10689
226	214	-9.904	-120.	92.112	965	0.10697
226	205	-11.685	-120.	90.932	965	0.10693
227	210	-10.696	-120.	89.164	965	0.10687
227	219	-9.0374	-120.	89.857	965	0.10689
227	205	-11.685	-120.	90.932	965	0.10693
228	210	-10.696	-120.	89.164	965	0.10687
228	205	-11.685	-120.	90.932	965	0.10693
228	195	-12.608	-120.	90.314	965	0.10691
229	210	-10.696	-120.	89.164	965	0.10687
229	195	-12.608	-120.	90.314	965	0.10691
229	202	-11.761	-120.	87.856	965	0.10682
230	210	-10.696	-120.	89.164	965	0.10687
230	202	-11.761	-120.	87.856	965	0.10682
230	213	-10.493	-120.	87.342	965	0.1068
231	210	-10.696	-120.	89.164	965	0.10687
231	213	-10.493	-120.	87.342	965	0.1068
231	222	-8.5933	-120.	88.683	965	0.10685
232	210	-10.696	-120.	89.164	965	0.10687
232	222	-8.5933	-120.	88.683	965	0.10685
232	219	-9.0374	-120.	89.857	965	0.10689
233	202	-11.761	-120.	87.856	965	0.10682
233	195	-12.608	-120.	90.314	965	0.10691
233	183	-14.413	-120.	89.13	965	0.10688
234	213	-10.493	-120.	87.342	965	0.1068
234	228	-7.7041	-120.	86.405	965	0.10676
234	222	-8.5933	-120.	88.683	965	0.10685
235	193	-12.821	-120.	94.742	966	0.10704
235	192	-13.091	-120.	93.772	966	0.10702
235	185	-13.745	-120.	94.149	966	0.10702
236	196	-12.345	-120.	91.267	966	0.10694
236	205	-11.685	-120.	90.932	966	0.10693
236	195	-12.608	-120.	90.314	966	0.10691
237	187	-13.615	-120.	91.942	966	0.10696
237	185	-13.745	-120.	94.149	966	0.10702
237	178	-15.485	-120.	93.018	966	0.107
238	187	-13.615	-120.	91.942	966	0.10696
238	178	-15.485	-120.	93.018	966	0.107
238	183	-14.413	-120.	89.13	966	0.10688
239	187	-13.615	-120.	91.942	966	0.10696
239	183	-14.413	-120.	89.13	966	0.10688
239	195	-12.608	-120.	90.314	966	0.10691
240	187	-13.615	-120.	91.942	966	0.10696
240	195	-12.608	-120.	90.314	966	0.10691
240	196	-12.345	-120.	91.267	966	0.10694
241	187	-13.615	-120.	91.942	966	0.10696
241	196	-12.345	-120.	91.267	966	0.10694
241	192	-13.091	-120.	93.772	966	0.10702
242	187	-13.615	-120.	91.942	966	0.10696
242	192	-13.091	-120.	93.772	966	0.10702
242	185	-13.745	-120.	94.149	966	0.10702
243	201	-11.825	-120.	93.116	966	0.107
243	205	-11.685	-120.	90.932	966	0.10693
243	214	-9.904	-120.	92.112	966	0.10697
244	201	-11.825	-120.	93.116	966	0.107
244	214	-9.904	-120.	92.112	966	0.10697
244	206	-11.103	-120.	95.872	966	0.10707
245	201	-11.825	-120.	93.116	966	0.107
245	206	-11.103	-120.	95.872	966	0.10707
245	193	-12.821	-120.	94.742	966	0.10704
246	201	-11.825	-120.	93.116	966	0.107
246	193	-12.821	-120.	94.742	966	0.10704
246	192	-13.091	-120.	93.772	966	0.10702
247	201	-11.825	-120.	93.116	966	0.107
247	192	-13.091	-120.	93.772	966	0.10702
247	196	-12.345	-120.	91.267	966	0.10694
248	201	-11.825	-120.	93.116	966	0.107
248	196	-12.345	-120.	91.267	966	0.10694
248	205	-11.685	-120.	90.932	966	0.10693
249	281	0.59341	-120.	150.18	972	0.10556
249	286	1.3459	-120.	150.21	972	0.10556
249	278	0.33219	-120.	149.18	972	0.10553
250	283	1.0853	-120.	152.07	972	0.10562
250	288	1.8045	-120.	154.98	972	0.10571
250	296	3.2389	-120.	152.16	972	0.10562
251	283	1.0853	-120.	152.07	972	0.10562
251	296	3.2389	-120.	152.16	972	0.10562
251	286	1.3459	-120.	150.21	972	0.10556
252	283	1.0853	-120.	152.07	972	0.10562
252	286	1.3459	-120.	150.21	972	0.10556
252	281	0.59341	-120.	150.18	972	0.10556
253	283	1.0853	-120.	152.07	972	0.10562
253	281	0.59341	-120.	150.18	972	0.10556
253	274	-0.353	-120.	151.97	972	0.10561
254	283	1.0853	-120.	152.07	972	0.10562
254	274	-0.353	-120.	151.97	972	0.10561
254	277	-0.11815	-120.	152.95	972	0.10564
255	283	1.0853	-120.	152.07	972	0.10562
255	277	-0.11815	-120.	152.95	972	0.10564
255	288	1.8045	-120.	154.98	972	0.10571
256	271	-0.83641	-120.	150.06	972	0.10556
256	256	-2.9777	-120.	149.89	972	0.10556
256	265	-1.522	-120.	147.24	972	0.10549
257	271	-0.83641	-120.	150.06	972	0.10556
257	265	-1.522	-120.	147.24	972	0.10549
257	278	0.33219	-120.	149.18	972	0.10553
258	271	-0.83641	-120.	150.06	972	0.10556
258	278	0.33219	-120.	149.18	972	0.10553
258	281	0.59341	-120.	150.18	972	0.10556
259	271	-0.83641	-120.	150.06	972	0.10556
259	281	0.59341	-120.	150.18	972	0.10556
259	274	-0.353	-120.	151.97	972	0.10561
260	271	-0.83641	-120.	150.06	972	0.10556
260	274	-0.353	-120.	151.97	972	0.10561
260	269	-1.0913	-120.	151.9	972	0.10561
261	271	-0.83641	-120.	150.06	972	0.10556
261	269	-1.0913	-120.	151.9	972	0.10561
261	256	-2.9777	-120.	149.89	972	0.10556
262	274	-0.353	-120.	151.97	972	0.10561
262	269	-1.0913	-120.	151.9	972	0.10561
262	277	-0.11815	-120.	152.95	972	0.10564
263	57	-27.373	-120.	138.94	975	0.10568
263	99	-24.821	-120.	142.41	975	0.10559
263	113	-23.261	-120.	139.86	975	0.10565
264	318	7.3448	-120.	91.56	976	0.10692
264	329	9.39	-120.	91.764	976	0.10691
264	324	8.5345	-120.	93.311	976	0.10695
265	318	7.3448	-120.	91.56	976	0.10692
265	324	8.5345	-120.	93.311	976	0.10695
265	315	6.9488	-120.	92.974	976	0.10696
266	318	7.3448	-120.	91.56	976	0.10692
266	315	6.9488	-120.	92.974	976	0.10696
266	306	5.1429	-120.	90.861	976	0.10691
267	318	7.3448	-120.	91.56	976	0.10692
267	306	5.1429	-120.	90.861	976	0.10691
267	310	5.6436	-120.	89.931	976	0.10688
268	318	7.3448	-120.	91.56	976	0.10692
268	310	5.6436	-120.	89.931	976	0.10688
268	322	8.4091	-120.	90.519	976	0.10689
269	318	7.3448	-120.	91.56	976	0.10692
269	322	8.4091	-120.	90.519	976	0.10689
269	329	9.39	-120.	91.764	976	0.10691
270	306	5.1429	-120.	90.861	976	0.10691
270	315	6.9488	-120.	92.974	976	0.10696
270	300	4.2195	-120.	92.615	976	0.10697
271	329	9.39	-120.	91.764	976	0.10691
271	343	11.174	-120.	94.093	976	0.10694
271	324	8.5345	-120.	93.311	976	0.10695
272	322	8.4091	-120.	90.519	976	0.10689
272	310	5.6436	-120.	89.931	976	0.10688
272	313	6.5826	-120.	88.167	976	0.10682
273	260	-2.2653	-120.	90.059	979	0.1069
273	255	-3.011	-120.	90.17	979	0.1069
273	262	-2.0045	-120.	91.016	979	0.10693
274	270	-0.84033	-120.	89.911	979	0.10689
274	272	-0.59171	-120.	88.013	979	0.10681
274	285	1.3031	-120.	89.681	979	0.10688
275	270	-0.84033	-120.	89.911	979	0.10689
275	285	1.3031	-120.	89.681	979	0.10688
275	275	-0.15357	-120.	92.615	979	0.10699
276	270	-0.84033	-120.	89.911	979	0.10689
276	275	-0.15357	-120.	92.615	979	0.10699
276	262	-2.0045	-120.	91.016	979	0.10693
277	270	-0.84033	-120.	89.911	979	0.10689
277	262	-2.0045	-120.	91.016	979	0.10693
277	260	-2.2653	-120.	90.059	979	0.1069
278	270	-0.84033	-120.	89.911	979	0.10689
278	260	-2.2653	-120.	90.059	979	0.1069
278	266	-1.3299	-120.	88.083	979	0.10682
279	270	-0.84033	-120.	89.911	979	0.10689
279	266	-1.3299	-120.	88.083	979	0.10682
279	272	-0.59171	-120.	88.013	979	0.10681
280	264	-1.5709	-120.	87.142	979	0.10678
280	266	-1.3299	-120.	88.083	979	0.10682
280	272	-0.59171	-120.	88.013	979	0.10681
281	258	-2.7619	-120.	88.247	979	0.10682
281	253	-3.4987	-120.	85.463	979	0.10671
281	245	-4.8957	-120.	88.564	979	0.10684
282	258	-2.7619	-120.	88.247	979	0.10682
282	245	-4.8957	-120.	88.564	979	0.10684
282	255	-3.011	-120.	90.17	979	0.1069
283	258	-2.7619	-120.	88.247	979	0.10682
283	255	-3.011	-120.	90.17	979	0.1069
283	260	-2.2653	-120.	90.059	979	0.1069
284	258	-2.7619	-120.	88.247	979	0.10682
284	260	-2.2653	-120.	90.059	979	0.1069
284	266	-1.3299	-120.	88.083	979	0.10682
285	258	-2.7619	-120.	88.247	979	0.10682
285	266	-1.3299	-120.	88.083	979	0.10682
285	264	-1.5709	-120.	87.142	979	0.10678
286	258	-2.7619	-120.	88.247	979	0.10682
286	264	-1.5709	-120.	87.142	979	0.10678
286	253	-3.4987	-120.	85.463	979	0.10671
287	309	5.6436	-120.	89.931	984	0.10688
287	303	4.8924	-120.	89.862	984	0.10688
287	305	5.1429	-120.	90.861	984	0.10691
288	295	3.0008	-120.	87.884	984	0.10681
288	293	2.7559	-120.	86.903	984	0.10677
288	289	2.2612	-120.	87.855	984	0.10681
289	297	3.47	-120.	89.793	984	0.10688
289	305	5.1429	-120.	90.861	984	0.10691
289	300	4.2195	-120.	92.615	984	0.10697
290	297	3.47	-120.	89.793	984	0.10688
290	300	4.2195	-120.	92.615	984	0.10697
290	285	1.3031	-120.	89.681	984	0.10688
291	297	3.47	-120.	89.793	984	0.10688
291	285	1.3031	-120.	89.681	984	0.10688
291	289	2.2612	-120.	87.855	984	0.10681
292	297	3.47	-120.	89.793	984	0.10688
292	289	2.2612	-120.	87.855	984	0.10681
292	295	3.0008	-120.	87.884	984	0.10681
293	297	3.47	-120.	89.793	984	0.10688
293	295	3.0008	-120.	87.884	984	0.10681
293	303	4.8924	-120.	89.862	984	0.10688
294	297	3.47	-120.	89.793	984	0.10688
294	303	4.8924	-120.	89.862	984	0.10688
294	305	5.1429	-120.	90.861	984	0.10691
295	301	4.4345	-120.	87.969	984	0.10681
295	293	2.7559	-120.	86.903	984	0.10677
295	298	3.7317	-120.	85.064	984	0.10671
296	301	4.4345	-120.	87.969	984	0.10681
296	298	3.7317	-120.	85.064	984	0.10671
296	313	6.5826	-120.	88.167	984	0.10682
297	301	4.4345	-120.	87.969	984	0.10681
297	313	6.5826	-120.	88.167	984	0.10682
297	309	5.6436	-120.	89.931	984	0.10688
298	301	4.4345	-120.	87.969	984	0.10681
298	309	5.6436	-120.	89.931	984	0.10688
298	303	4.8924	-120.	89.862	984	0.10688
299	301	4.4345	-120.	87.969	984	0.10681
299	303	4.8924	-120.	89.862	984	0.10688
299	295	3.0008	-120.	87.884	984	0.10681
300	301	4.4345	-120.	87.969	984	0.10681
300	295	3.0008	-120.	87.884	984	0.10681
300	293	2.7559	-120.	86.903	984	0.10677
301	182	-14.524	-120.	96.261	995	0.10707
301	176	-16.032	-120.	95.811	995	0.10705
301	185	-13.745	-120.	94.149	995	0.10702
302	182	-14.524	-120.	96.261	995	0.10707
302	185	-13.745	-120.	94.149	995	0.10702
302	193	-12.821	-120.	94.742	995	0.10704
303	182	-14.524	-120.	96.261	995	0.10707
303	193	-12.821	-120.	94.742	995	0.10704
303	189	-13.45	-120.	97.31	995	0.10709
304	182	-14.524	-120.	96.261	995	0.10707
304	189	-13.45	-120.	97.31	995	0.10709
304	180	-14.762	-120.	98.263	995	0.10709
305	182	-14.524	-120.	96.261	995	0.10707
305	180	-14.762	-120.	98.263	995	0.10709
305	174	-16.334	-120.	97.294	995	0.10708
306	182	-14.524	-120.	96.261	995	0.10707
306	174	-16.334	-120.	97.294	995	0.10708
306	176	-16.032	-120.	95.811	995	0.10705
307	189	-13.45	-120.	97.31	995	0.10709
307	193	-12.821	-120.	94.742	995	0.10704
307	206	-11.103	-120.	95.872	995	0.10707
308	176	-16.032	-120.	95.811	995	0.10705
308	178	-15.485	-120.	93.018	995	0.107
308	185	-13.745	-120.	94.149	995	0.10702
309	174	-16.334	-120.	97.294	995	0.10708
309	180	-14.762	-120.	98.263	995	0.10709
309	171	-16.855	-120.	100.05	995	0.10709
310	253	-3.4987	-120.	85.463	996	0.10671
310	228	-7.7041	-120.	86.405	996	0.10676
310	245	-4.8957	-120.	88.564	996	0.10684
311	169	-17.251	-120.	143.32	997	0.10557
311	163	-18.192	-120.	144.96	997	0.10555
311	148	-20.24	-120.	142.97	997	0.10558
312	152	-19.63	-120.	147.46	997	0.10553
312	127	-21.862	-120.	145.54	997	0.10554
312	159	-18.684	-120.	145.81	997	0.10555
313	99	-24.821	-120.	142.41	997	0.10559
313	129	-21.791	-120.	142.79	997	0.10558
313	114	-22.843	-120.	144.59	997	0.10555
314	142	-20.602	-120.	144.44	997	0.10556
314	148	-20.24	-120.	142.97	997	0.10558
314	163	-18.192	-120.	144.96	997	0.10555
315	142	-20.602	-120.	144.44	997	0.10556
315	163	-18.192	-120.	144.96	997	0.10555
315	159	-18.684	-120.	145.81	997	0.10555
316	142	-20.602	-120.	144.44	997	0.10556
316	159	-18.684	-120.	145.81	997	0.10555
316	127	-21.862	-120.	145.54	997	0.10554
317	142	-20.602	-120.	144.44	997	0.10556
317	127	-21.862	-120.	145.54	997	0.10554
317	114	-22.843	-120.	144.59	997	0.10555
318	142	-20.602	-120.	144.44	997	0.10556
318	114	-22.843	-120.	144.59	997	0.10555
318	129	-21.791	-120.	142.79	997	0.10558
319	142	-20.602	-120.	144.44	997	0.10556
319	129	-21.791	-120.	142.79	997	0.10558
319	148	-20.24	-120.	142.97	997	0.10558
320	575	36.909	-120.	117.34	999	0.10598
320	573	36.317	-120.	113.07	999	0.10619
320	555	33.96	-120.	115.92	999	0.10605
321	313	6.5826	-120.	88.167	1004	0.10682
321	321	8.0152	-120.	85.538	1004	0.10674
321	298	3.7317	-120.	85.064	1004	0.10671
322	108	-23.689	-120.	103.77	1024	0.10705
322	103	-24.368	-120.	105.63	1024	0.10702
322	78	-26.081	-120.	104.59	1024	0.10704
323	108	-23.689	-120.	103.77	1024	0.10705
323	78	-26.081	-120.	104.59	1024	0.10704
323	90	-25.369	-120.	103.36	1024	0.10706
324	108	-23.689	-120.	103.77	1024	0.10705
324	90	-25.369	-120.	103.36	1024	0.10706
324	122	-22.197	-120.	101.87	1024	0.10708
325	108	-23.689	-120.	103.77	1024	0.10705
325	122	-22.197	-120.	101.87	1024	0.10708
325	135	-21.358	-120.	102.37	1024	0.10707
326	108	-23.689	-120.	103.77	1024	0.10705
326	135	-21.358	-120.	102.37	1024	0.10707
326	116	-22.763	-120.	104.8	1024	0.10704
327	108	-23.689	-120.	103.77	1024	0.10705
327	116	-22.763	-120.	104.8	1024	0.10704
327	103	-24.368	-120.	105.63	1024	0.10702
328	122	-22.197	-120.	101.87	1024	0.10708
328	90	-25.369	-120.	103.36	1024	0.10706
328	107	-23.785	-120.	100.93	1024	0.10708
329	103	-24.368	-120.	105.63	1024	0.10702
329	55	-27.388	-120.	107.17	1024	0.10699
329	78	-26.081	-120.	104.59	1024	0.10704
330	116	-22.763	-120.	104.8	1024	0.10704
330	135	-21.358	-120.	102.37	1024	0.10707
330	151	-19.781	-120.	103.3	1024	0.10707
331	84	-25.691	-120.	136.27	1035	0.10576
331	64	-26.981	-120.	133.72	1035	0.10586
331	101	-24.589	-120.	134.53	1035	0.10583
332	27	-29.479	-120.	135.18	1035	0.10581
332	10	-30.643	-120.	132.48	1035	0.10592
332	41	-28.225	-120.	133.31	1035	0.10588
333	54	-27.584	-120.	135.34	1035	0.1058
333	27	-29.479	-120.	135.18	1035	0.10581
333	41	-28.225	-120.	133.31	1035	0.10588
334	54	-27.584	-120.	135.34	1035	0.1058
334	41	-28.225	-120.	133.31	1035	0.10588
334	64	-26.981	-120.	133.72	1035	0.10586
335	54	-27.584	-120.	135.34	1035	0.1058
335	64	-26.981	-120.	133.72	1035	0.10586
335	84	-25.691	-120.	136.27	1035	0.10576
336	54	-27.584	-120.	135.34	1035	0.1058
336	84	-25.691	-120.	136.27	1035	0.10576
336	75	-26.268	-120.	137.17	1035	0.10573
337	54	-27.584	-120.	135.34	1035	0.1058
337	75	-26.268	-120.	137.17	1035	0.10573
337	34	-28.862	-120.	136.4	1035	0.10576
338	54	-27.584	-120.	135.34	1035	0.1058
338	34	-28.862	-120.	136.4	1035	0.10576
338	27	-29.479	-120.	135.18	1035	0.10581
339	57	-27.373	-120.	138.94	1035	0.10568
339	34	-28.862	-120.	136.4	1035	0.10576
339	75	-26.268	-120.	137.17	1035	0.10573
340	131	-21.647	-120.	137.26	1036	0.10572
340	118	-22.638	-120.	137.55	1036	0.10572
340	120	-22.202	-120.	138.16	1036	0.1057
341	92	-25.296	-120.	136.9	1036	0.10574
341	85	-25.691	-120.	136.27	1036	0.10576
341	74	-26.268	-120.	137.17	1036	0.10573
342	102	-24.506	-120.	138.1	1036	0.1057
342	120	-22.202	-120.	138.16	1036	0.1057
342	113	-23.261	-120.	139.86	1036	0.10565
343	102	-24.506	-120.	138.1	1036	0.1057
343	113	-23.261	-120.	139.86	1036	0.10565
343	57	-27.373	-120.	138.94	1036	0.10568
344	102	-24.506	-120.	138.1	1036	0.1057
344	57	-27.373	-120.	138.94	1036	0.10568
344	74	-26.268	-120.	137.17	1036	0.10573
345	102	-24.506	-120.	138.1	1036	0.1057
345	74	-26.268	-120.	137.17	1036	0.10573
345	92	-25.296	-120.	136.9	1036	0.10574
346	102	-24.506	-120.	138.1	1036	0.1057
346	92	-25.296	-120.	136.9	1036	0.10574
346	118	-22.638	-120.	137.55	1036	0.10572
347	102	-24.506	-120.	138.1	1036	0.1057
347	118	-22.638	-120.	137.55	1036	0.10572
347	120	-22.202	-120.	138.16	1036	0.1057
348	111	-23.409	-120.	136.35	1036	0.10576
348	85	-25.691	-120.	136.27	1036	0.10576
348	101	-24.589	-120.	134.53	1036	0.10583
349	111	-23.409	-120.	136.35	1036	0.10576
349	101	-24.589	-120.	134.53	1036	0.10583
349	143	-20.59	-120.	135.59	1036	0.10578
350	111	-23.409	-120.	136.35	1036	0.10576
350	143	-20.59	-120.	135.59	1036	0.10578
350	131	-21.647	-120.	137.26	1036	0.10572
351	111	-23.409	-120.	136.35	1036	0.10576
351	131	-21.647	-120.	137.26	1036	0.10572
351	118	-22.638	-120.	137.55	1036	0.10572
352	111	-23.409	-120.	136.35	1036	0.10576
352	118	-22.638	-120.	137.55	1036	0.10572
352	92	-25.296	-120.	136.9	1036	0.10574
353	111	-23.409	-120.	136.35	1036	0.10576
353	92	-25.296	-120.	136.9	1036	0.10574
353	85	-25.691	-120.	136.27	1036	0.10576
354	149	-19.941	-120.	138.82	1037	0.10567
354	166	-17.829	-120.	138.97	1037	0.10566
354	158	-18.742	-120.	140.49	1037	0.10563
355	149	-19.941	-120.	138.82	1037	0.10567
355	158	-18.742	-120.	140.49	1037	0.10563
355	147	-20.31	-120.	140.26	1037	0.10564
356	149	-19.941	-120.	138.82	1037	0.10567
356	147	-20.31	-120.	140.26	1037	0.10564
356	121	-22.202	-120.	138.16	1037	0.1057
357	149	-19.941	-120.	138.82	1037	0.10567
357	121	-22.202	-120.	138.16	1037	0.1057
357	132	-21.647	-120.	137.26	1037	0.10572
358	149	-19.941	-120.	138.82	1037	0.10567
358	132	-21.647	-120.	137.26	1037	0.10572
358	154	-18.914	-120.	137.77	1037	0.1057
359	149	-19.941	-120.	138.82	1037	0.10567
359	154	-18.914	-120.	137.77	1037	0.1057
359	166	-17.829	-120.	138.97	1037	0.10566
360	121	-22.202	-120.	138.16	1037	0.1057
360	147	-20.31	-120.	140.26	1037	0.10564
360	113	-23.261	-120.	139.86	1037	0.10565
361	166	-17.829	-120.	138.97	1037	0.10566
361	177	-15.833	-120.	140.87	1037	0.10561
361	158	-18.742	-120.	140.49	1037	0.10563
362	154	-18.914	-120.	137.77	1037	0.1057
362	132	-21.647	-120.	137.26	1037	0.10572
362	143	-20.59	-120.	135.59	1037	0.10578
363	86	-25.532	-120.	128.87	1041	0.10607
363	71	-26.322	-120.	130.55	1041	0.106
363	62	-27.196	-120.	127.86	1041	0.10612
364	86	-25.532	-120.	128.87	1041	0.10607
364	62	-27.196	-120.	127.86	1041	0.10612
364	69	-26.429	-120.	126.87	1041	0.10617
365	86	-25.532	-120.	128.87	1041	0.10607
365	69	-26.429	-120.	126.87	1041	0.10617
365	105	-24.331	-120.	127.71	1041	0.10613
366	86	-25.532	-120.	128.87	1041	0.10607
366	105	-24.331	-120.	127.71	1041	0.10613
366	106	-23.83	-120.	129.26	1041	0.10606
367	86	-25.532	-120.	128.87	1041	0.10607
367	106	-23.83	-120.	129.26	1041	0.10606
367	95	-25.087	-120.	131.	1041	0.10598
368	86	-25.532	-120.	128.87	1041	0.10607
368	95	-25.087	-120.	131.	1041	0.10598
368	71	-26.322	-120.	130.55	1041	0.106
369	105	-24.331	-120.	127.71	1041	0.10613
369	69	-26.429	-120.	126.87	1041	0.10617
369	96	-24.974	-120.	125.04	1041	0.10626
370	71	-26.322	-120.	130.55	1041	0.106
370	35	-28.656	-120.	129.72	1041	0.10603
370	62	-27.196	-120.	127.86	1041	0.10612
371	95	-25.087	-120.	131.	1041	0.10598
371	106	-23.83	-120.	129.26	1041	0.10606
371	115	-22.777	-120.	131.8	1041	0.10594
372	61	-27.224	-120.	112.18	1056	0.10683
372	100	-24.688	-120.	113.62	1056	0.10678
372	112	-23.336	-120.	109.46	1056	0.10692
373	150	-19.798	-120.	140.81	1065	0.10562
373	157	-18.742	-120.	140.49	1065	0.10563
373	146	-20.31	-120.	140.26	1065	0.10564
374	156	-18.773	-120.	141.82	1065	0.1056
374	169	-17.251	-120.	143.32	1065	0.10557
374	177	-15.833	-120.	140.87	1065	0.10561
375	156	-18.773	-120.	141.82	1065	0.1056
375	177	-15.833	-120.	140.87	1065	0.10561
375	157	-18.742	-120.	140.49	1065	0.10563
376	156	-18.773	-120.	141.82	1065	0.1056
376	157	-18.742	-120.	140.49	1065	0.10563
376	150	-19.798	-120.	140.81	1065	0.10562
377	156	-18.773	-120.	141.82	1065	0.1056
377	150	-19.798	-120.	140.81	1065	0.10562
377	141	-20.774	-120.	142.45	1065	0.10559
378	156	-18.773	-120.	141.82	1065	0.1056
378	141	-20.774	-120.	142.45	1065	0.10559
378	148	-20.24	-120.	142.97	1065	0.10558
379	156	-18.773	-120.	141.82	1065	0.1056
379	148	-20.24	-120.	142.97	1065	0.10558
379	169	-17.251	-120.	143.32	1065	0.10557
380	128	-21.792	-120.	141.43	1065	0.10561
380	99	-24.821	-120.	142.41	1065	0.10559
380	113	-23.261	-120.	139.86	1065	0.10565
381	128	-21.792	-120.	141.43	1065	0.10561
381	113	-23.261	-120.	139.86	1065	0.10565
381	146	-20.31	-120.	140.26	1065	0.10564
382	128	-21.792	-120.	141.43	1065	0.10561
382	146	-20.31	-120.	140.26	1065	0.10564
382	150	-19.798	-120.	140.81	1065	0.10562
383	128	-21.792	-120.	141.43	1065	0.10561
383	150	-19.798	-120.	140.81	1065	0.10562
383	141	-20.774	-120.	142.45	1065	0.10559
384	128	-21.792	-120.	141.43	1065	0.10561
384	141	-20.774	-120.	142.45	1065	0.10559
384	129	-21.791	-120.	142.79	1065	0.10558
385	128	-21.792	-120.	141.43	1065	0.10561
385	129	-21.791	-120.	142.79	1065	0.10558
385	99	-24.821	-120.	142.41	1065	0.10559
386	141	-20.774	-120.	142.45	1065	0.10559
386	129	-21.791	-120.	142.79	1065	0.10558
386	148	-20.24	-120.	142.97	1065	0.10558
387	77	-26.164	-120.	103.72	1069	0.10705
387	79	-26.081	-120.	104.59	1069	0.10704
387	89	-25.369	-120.	103.36	1069	0.10706
388	76	-26.232	-120.	102.02	1069	0.10707
388	47	-27.911	-120.	101.92	1069	0.10707
388	73	-26.285	-120.	99.47	1069	0.10708
389	76	-26.232	-120.	102.02	1069	0.10707
389	73	-26.285	-120.	99.47	1069	0.10708
389	107	-23.785	-120.	100.93	1069	0.10708
390	76	-26.232	-120.	102.02	1069	0.10707
390	107	-23.785	-120.	100.93	1069	0.10708
390	89	-25.369	-120.	103.36	1069	0.10706
391	76	-26.232	-120.	102.02	1069	0.10707
391	89	-25.369	-120.	103.36	1069	0.10706
391	77	-26.164	-120.	103.72	1069	0.10705
392	76	-26.232	-120.	102.02	1069	0.10707
392	77	-26.164	-120.	103.72	1069	0.10705
392	48	-27.878	-120.	102.73	1069	0.10706
393	76	-26.232	-120.	102.02	1069	0.10707
393	48	-27.878	-120.	102.73	1069	0.10706
393	47	-27.911	-120.	101.92	1069	0.10707
394	37	-28.595	-120.	103.11	1069	0.10706
394	48	-27.878	-120.	102.73	1069	0.10706
394	47	-27.911	-120.	101.92	1069	0.10707
395	51	-27.669	-120.	104.51	1069	0.10704
395	20	-29.906	-120.	105.74	1069	0.10701
395	55	-27.388	-120.	107.17	1069	0.10699
396	51	-27.669	-120.	104.51	1069	0.10704
396	55	-27.388	-120.	107.17	1069	0.10699
396	79	-26.081	-120.	104.59	1069	0.10704
397	51	-27.669	-120.	104.51	1069	0.10704
397	79	-26.081	-120.	104.59	1069	0.10704
397	77	-26.164	-120.	103.72	1069	0.10705
398	51	-27.669	-120.	104.51	1069	0.10704
398	77	-26.164	-120.	103.72	1069	0.10705
398	48	-27.878	-120.	102.73	1069	0.10706
399	51	-27.669	-120.	104.51	1069	0.10704
399	48	-27.878	-120.	102.73	1069	0.10706
399	37	-28.595	-120.	103.11	1069	0.10706
400	51	-27.669	-120.	104.51	1069	0.10704
400	37	-28.595	-120.	103.11	1069	0.10706
400	20	-29.906	-120.	105.74	1069	0.10701
401	417	21.839	-120.	142.89	1084	0.10537
401	424	22.411	-120.	142.4	1084	0.10536
401	413	21.536	-120.	141.87	1084	0.10535
402	425	22.428	-120.	144.8	1084	0.1054
402	430	23.336	-120.	147.74	1084	0.10546
402	434	24.064	-120.	143.4	1084	0.10537
403	425	22.428	-120.	144.8	1084	0.1054
403	434	24.064	-120.	143.4	1084	0.10537
403	424	22.411	-120.	142.4	1084	0.10536
404	425	22.428	-120.	144.8	1084	0.1054
404	424	22.411	-120.	142.4	1084	0.10536
404	417	21.839	-120.	142.89	1084	0.10537
405	425	22.428	-120.	144.8	1084	0.1054
405	417	21.839	-120.	142.89	1084	0.10537
405	411	21.309	-120.	145.7	1084	0.10542
406	425	22.428	-120.	144.8	1084	0.1054
406	411	21.309	-120.	145.7	1084	0.10542
406	414	21.609	-120.	146.7	1084	0.10544
407	425	22.428	-120.	144.8	1084	0.1054
407	414	21.609	-120.	146.7	1084	0.10544
407	430	23.336	-120.	147.74	1084	0.10546
408	403	20.72	-120.	143.77	1084	0.10538
408	393	19.016	-120.	145.11	1084	0.10541
408	399	19.899	-120.	140.87	1084	0.10534
409	403	20.72	-120.	143.77	1084	0.10538
409	399	19.899	-120.	140.87	1084	0.10534
409	413	21.536	-120.	141.87	1084	0.10535
410	403	20.72	-120.	143.77	1084	0.10538
410	413	21.536	-120.	141.87	1084	0.10535
410	417	21.839	-120.	142.89	1084	0.10537
411	403	20.72	-120.	143.77	1084	0.10538
411	417	21.839	-120.	142.89	1084	0.10537
411	411	21.309	-120.	145.7	1084	0.10542
412	403	20.72	-120.	143.77	1084	0.10538
412	411	21.309	-120.	145.7	1084	0.10542
412	404	20.723	-120.	146.15	1084	0.10543
413	403	20.72	-120.	143.77	1084	0.10538
413	404	20.723	-120.	146.15	1084	0.10543
413	393	19.016	-120.	145.11	1084	0.10541
414	411	21.309	-120.	145.7	1084	0.10542
414	404	20.723	-120.	146.15	1084	0.10543
414	414	21.609	-120.	146.7	1084	0.10544
415	346	11.663	-120.	147.66	1097	0.10547
415	349	11.922	-120.	148.61	1097	0.1055
415	354	12.635	-120.	148.36	1097	0.10549
416	342	11.047	-120.	150.83	1097	0.10557
416	334	10.335	-120.	151.03	1097	0.10558
416	345	11.293	-120.	151.76	1097	0.10561
417	351	12.422	-120.	150.4	1097	0.10556
417	354	12.635	-120.	148.36	1097	0.10549
417	362	14.46	-120.	149.69	1097	0.10553
418	351	12.422	-120.	150.4	1097	0.10556
418	362	14.46	-120.	149.69	1097	0.10553
418	356	13.174	-120.	153.16	1097	0.10565
419	351	12.422	-120.	150.4	1097	0.10556
419	356	13.174	-120.	153.16	1097	0.10565
419	345	11.293	-120.	151.76	1097	0.10561
420	351	12.422	-120.	150.4	1097	0.10556
420	345	11.293	-120.	151.76	1097	0.10561
420	342	11.047	-120.	150.83	1097	0.10557
421	351	12.422	-120.	150.4	1097	0.10556
421	342	11.047	-120.	150.83	1097	0.10557
421	349	11.922	-120.	148.61	1097	0.1055
422	351	12.422	-120.	150.4	1097	0.10556
422	349	11.922	-120.	148.61	1097	0.1055
422	354	12.635	-120.	148.36	1097	0.10549
423	338	10.553	-120.	149.02	1097	0.10551
423	334	10.335	-120.	151.03	1097	0.10558
423	323	8.4836	-120.	149.65	1097	0.10553
424	338	10.553	-120.	149.02	1097	0.10551
424	323	8.4836	-120.	149.65	1097	0.10553
424	332	9.8655	-120.	146.33	1097	0.10542
425	338	10.553	-120.	149.02	1097	0.10551
425	332	9.8655	-120.	146.33	1097	0.10542
425	346	11.663	-120.	147.66	1097	0.10547
426	338	10.553	-120.	149.02	1097	0.10551
426	346	11.663	-120.	147.66	1097	0.10547
426	349	11.922	-120.	148.61	1097	0.1055
427	338	10.553	-120.	149.02	1097	0.10551
427	349	11.922	-120.	148.61	1097	0.1055
427	342	11.047	-120.	150.83	1097	0.10557
428	338	10.553	-120.	149.02	1097	0.10551
428	342	11.047	-120.	150.83	1097	0.10557
428	334	10.335	-120.	151.03	1097	0.10558
429	393	19.016	-120.	145.11	1104	0.10541
429	399	19.899	-120.	140.87	1104	0.10534
429	375	16.361	-120.	143.44	1104	0.10536
430	436	24.303	-120.	140.3	1108	0.10534
430	440	24.802	-120.	139.73	1108	0.10534
430	438	24.441	-120.	138.64	1108	0.10534
431	450	26.414	-120.	140.68	1108	0.10535
431	455	26.788	-120.	141.73	1108	0.10535
431	457	26.876	-120.	140.1	1108	0.10534
432	446	25.708	-120.	138.62	1108	0.10534
432	438	24.441	-120.	138.64	1108	0.10534
432	439	24.656	-120.	135.59	1108	0.10536
433	446	25.708	-120.	138.62	1108	0.10534
433	439	24.656	-120.	135.59	1108	0.10536
433	460	27.061	-120.	136.97	1108	0.10535
434	446	25.708	-120.	138.62	1108	0.10534
434	460	27.061	-120.	136.97	1108	0.10535
434	457	26.876	-120.	140.1	1108	0.10534
435	446	25.708	-120.	138.62	1108	0.10534
435	457	26.876	-120.	140.1	1108	0.10534
435	450	26.414	-120.	140.68	1108	0.10535
436	446	25.708	-120.	138.62	1108	0.10534
436	450	26.414	-120.	140.68	1108	0.10535
436	440	24.802	-120.	139.73	1108	0.10534
437	446	25.708	-120.	138.62	1108	0.10534
437	440	24.802	-120.	139.73	1108	0.10534
437	438	24.441	-120.	138.64	1108	0.10534
438	445	25.493	-120.	141.79	1108	0.10535
438	455	26.788	-120.	141.73	1108	0.10535
438	452	26.586	-120.	144.91	1108	0.1054
439	445	25.493	-120.	141.79	1108	0.10535
439	452	26.586	-120.	144.91	1108	0.1054
439	434	24.064	-120.	143.4	1108	0.10537
440	445	25.493	-120.	141.79	1108	0.10535
440	434	24.064	-120.	143.4	1108	0.10537
440	436	24.303	-120.	140.3	1108	0.10534
441	445	25.493	-120.	141.79	1108	0.10535
441	436	24.303	-120.	140.3	1108	0.10534
441	440	24.802	-120.	139.73	1108	0.10534
442	445	25.493	-120.	141.79	1108	0.10535
442	440	24.802	-120.	139.73	1108	0.10534
442	450	26.414	-120.	140.68	1108	0.10535
443	445	25.493	-120.	141.79	1108	0.10535
443	450	26.414	-120.	140.68	1108	0.10535
443	455	26.788	-120.	141.73	1108	0.10535
444	88	-25.431	-120.	120.69	1109	0.10646
444	44	-28.087	-120.	123.61	1109	0.10633
444	96	-24.974	-120.	125.04	1109	0.10626
445	362	14.46	-120.	149.69	1115	0.10553
445	356	13.174	-120.	153.16	1115	0.10565
445	380	17.167	-120.	151.53	1115	0.10559
446	308	5.588	-120.	147.24	1140	0.10545
446	323	8.4836	-120.	149.65	1140	0.10553
446	332	9.8655	-120.	146.33	1140	0.10542
447	508	30.804	-120.	116.74	1153	0.10601
447	480	29.255	-120.	116.32	1153	0.10603
447	506	30.803	-120.	114.51	1153	0.10612
448	508	30.804	-120.	116.74	1153	0.10601
448	506	30.803	-120.	114.51	1153	0.10612
448	527	31.894	-120.	115.	1153	0.10609
449	508	30.804	-120.	116.74	1153	0.10601
449	527	31.894	-120.	115.	1153	0.10609
449	532	32.19	-120.	117.81	1153	0.10595
450	508	30.804	-120.	116.74	1153	0.10601
450	532	32.19	-120.	117.81	1153	0.10595
450	515	31.257	-120.	118.83	1153	0.1059
451	508	30.804	-120.	116.74	1153	0.10601
451	515	31.257	-120.	118.83	1153	0.1059
451	487	29.425	-120.	117.94	1153	0.10595
452	508	30.804	-120.	116.74	1153	0.10601
452	487	29.425	-120.	117.94	1153	0.10595
452	480	29.255	-120.	116.32	1153	0.10603
453	532	32.19	-120.	117.81	1153	0.10595
453	527	31.894	-120.	115.	1153	0.10609
453	555	33.96	-120.	115.92	1153	0.10605
454	480	29.255	-120.	116.32	1153	0.10603
454	477	28.754	-120.	113.62	1153	0.10616
454	506	30.803	-120.	114.51	1153	0.10612
455	487	29.425	-120.	117.94	1153	0.10595
455	515	31.257	-120.	118.83	1153	0.1059
455	491	29.497	-120.	120.69	1153	0.10582
456	466	27.921	-120.	96.479	1215	0.10687
456	441	24.832	-120.	93.474	1215	0.1069
456	431	23.352	-120.	95.976	1215	0.10687
457	67	-26.804	-120.	117.53	1253	0.10661
457	66	-26.814	-120.	115.45	1253	0.1067
457	93	-25.189	-120.	116.32	1253	0.10666
458	67	-26.804	-120.	117.53	1253	0.10661
458	93	-25.189	-120.	116.32	1253	0.10666
458	91	-25.359	-120.	117.94	1253	0.10659
459	67	-26.804	-120.	117.53	1253	0.10661
459	91	-25.359	-120.	117.94	1253	0.10659
459	60	-27.268	-120.	119.76	1253	0.10651
460	67	-26.804	-120.	117.53	1253	0.10661
460	60	-27.268	-120.	119.76	1253	0.10651
460	39	-28.244	-120.	119.26	1253	0.10653
461	67	-26.804	-120.	117.53	1253	0.10661
461	39	-28.244	-120.	119.26	1253	0.10653
461	46	-27.948	-120.	116.45	1253	0.10666
462	67	-26.804	-120.	117.53	1253	0.10661
462	46	-27.948	-120.	116.45	1253	0.10666
462	66	-26.814	-120.	115.45	1253	0.1067
463	60	-27.268	-120.	119.76	1253	0.10651
463	91	-25.359	-120.	117.94	1253	0.10659
463	88	-25.431	-120.	120.69	1253	0.10646
464	66	-26.814	-120.	115.45	1253	0.1067
464	100	-24.688	-120.	113.62	1253	0.10678
464	93	-25.189	-120.	116.32	1253	0.10666
465	46	-27.948	-120.	116.45	1253	0.10666
465	39	-28.244	-120.	119.26	1253	0.10653
465	16	-30.093	-120.	118.32	1253	0.10658
466	33	-28.882	-120.	111.23	1255	0.10686
466	61	-27.224	-120.	112.18	1255	0.10683
466	30	-29.43	-120.	114.03	1255	0.10676
467	13	-30.536	-120.	112.93	1255	0.1068
467	33	-28.882	-120.	111.23	1255	0.10686
467	30	-29.43	-120.	114.03	1255	0.10676
468	13	-30.536	-120.	112.93	1255	0.1068
468	30	-29.43	-120.	114.03	1255	0.10676
468	11	-30.578	-120.	114.99	1255	0.10672
469	13	-30.536	-120.	112.93	1255	0.1068
469	11	-30.578	-120.	114.99	1255	0.10672
469	4	-32.421	-120.	113.97	1255	0.10676
470	13	-30.536	-120.	112.93	1255	0.1068
470	4	-32.421	-120.	113.97	1255	0.10676
470	5	-32.159	-120.	112.62	1255	0.10681
471	13	-30.536	-120.	112.93	1255	0.1068
471	5	-32.159	-120.	112.62	1255	0.10681
471	22	-29.748	-120.	110.74	1255	0.10688
472	13	-30.536	-120.	112.93	1255	0.1068
472	22	-29.748	-120.	110.74	1255	0.10688
472	33	-28.882	-120.	111.23	1255	0.10686
473	4	-32.421	-120.	113.97	1255	0.10676
473	11	-30.578	-120.	114.99	1255	0.10672
473	1	-32.805	-120.	116.88	1255	0.10664
474	5	-32.159	-120.	112.62	1255	0.10681
474	7	-31.417	-120.	109.78	1255	0.10691
474	22	-29.748	-120.	110.74	1255	0.10688
475	381	17.43	-120.	91.87	1256	0.1069
475	392	18.881	-120.	89.348	1256	0.10688
475	364	14.983	-120.	87.508	1256	0.10683
476	81	-26.046	-120.	131.25	1264	0.10596
476	94	-25.087	-120.	131.	1264	0.10598
476	72	-26.322	-120.	130.55	1264	0.106
477	49	-27.864	-120.	131.72	1264	0.10594
477	41	-28.225	-120.	133.31	1264	0.10588
477	10	-30.643	-120.	132.48	1264	0.10592
478	49	-27.864	-120.	131.72	1264	0.10594
478	10	-30.643	-120.	132.48	1264	0.10592
478	35	-28.656	-120.	129.72	1264	0.10603
479	49	-27.864	-120.	131.72	1264	0.10594
479	35	-28.656	-120.	129.72	1264	0.10603
479	72	-26.322	-120.	130.55	1264	0.106
480	49	-27.864	-120.	131.72	1264	0.10594
480	72	-26.322	-120.	130.55	1264	0.106
480	81	-26.046	-120.	131.25	1264	0.10596
481	49	-27.864	-120.	131.72	1264	0.10594
481	81	-26.046	-120.	131.25	1264	0.10596
481	58	-27.289	-120.	133.05	1264	0.10589
482	49	-27.864	-120.	131.72	1264	0.10594
482	58	-27.289	-120.	133.05	1264	0.10589
482	41	-28.225	-120.	133.31	1264	0.10588
483	64	-26.981	-120.	133.72	1264	0.10586
483	58	-27.289	-120.	133.05	1264	0.10589
483	41	-28.225	-120.	133.31	1264	0.10588
484	87	-25.462	-120.	132.56	1264	0.10591
484	101	-24.589	-120.	134.53	1264	0.10583
484	115	-22.777	-120.	131.8	1264	0.10594
485	87	-25.462	-120.	132.56	1264	0.10591
485	115	-22.777	-120.	131.8	1264	0.10594
485	94	-25.087	-120.	131.	1264	0.10598
486	87	-25.462	-120.	132.56	1264	0.10591
486	94	-25.087	-120.	131.	1264	0.10598
486	81	-26.046	-120.	131.25	1264	0.10596
487	87	-25.462	-120.	132.56	1264	0.10591
487	81	-26.046	-120.	131.25	1264	0.10596
487	58	-27.289	-120.	133.05	1264	0.10589
488	87	-25.462	-120.	132.56	1264	0.10591
488	58	-27.289	-120.	133.05	1264	0.10589
488	64	-26.981	-120.	133.72	1264	0.10586
489	87	-25.462	-120.	132.56	1264	0.10591
489	64	-26.981	-120.	133.72	1264	0.10586
489	101	-24.589	-120.	134.53	1264	0.10583
490	184	-14.334	-120.	145.42	1276	0.10555
490	186	-13.704	-120.	145.83	1276	0.10554
490	191	-13.215	-120.	145.	1276	0.10554
491	173	-16.43	-120.	146.22	1276	0.10555
491	152	-19.63	-120.	147.46	1276	0.10553
491	181	-14.63	-120.	147.4	1276	0.10554
492	173	-16.43	-120.	146.22	1276	0.10555
492	181	-14.63	-120.	147.4	1276	0.10554
492	186	-13.704	-120.	145.83	1276	0.10554
493	173	-16.43	-120.	146.22	1276	0.10555
493	186	-13.704	-120.	145.83	1276	0.10554
493	184	-14.334	-120.	145.42	1276	0.10555
494	173	-16.43	-120.	146.22	1276	0.10555
494	184	-14.334	-120.	145.42	1276	0.10555
494	168	-17.598	-120.	145.4	1276	0.10555
495	173	-16.43	-120.	146.22	1276	0.10555
495	168	-17.598	-120.	145.4	1276	0.10555
495	160	-18.684	-120.	145.81	1276	0.10555
496	173	-16.43	-120.	146.22	1276	0.10555
496	160	-18.684	-120.	145.81	1276	0.10555
496	152	-19.63	-120.	147.46	1276	0.10553
497	179	-15.481	-120.	144.59	1276	0.10555
497	169	-17.251	-120.	143.32	1276	0.10557
497	197	-12.295	-120.	143.44	1276	0.10555
498	179	-15.481	-120.	144.59	1276	0.10555
498	197	-12.295	-120.	143.44	1276	0.10555
498	191	-13.215	-120.	145.	1276	0.10554
499	179	-15.481	-120.	144.59	1276	0.10555
499	191	-13.215	-120.	145.	1276	0.10554
499	184	-14.334	-120.	145.42	1276	0.10555
500	179	-15.481	-120.	144.59	1276	0.10555
500	184	-14.334	-120.	145.42	1276	0.10555
500	168	-17.598	-120.	145.4	1276	0.10555
501	179	-15.481	-120.	144.59	1276	0.10555
501	168	-17.598	-120.	145.4	1276	0.10555
501	164	-18.192	-120.	144.96	1276	0.10555
502	179	-15.481	-120.	144.59	1276	0.10555
502	164	-18.192	-120.	144.96	1276	0.10555
502	169	-17.251	-120.	143.32	1276	0.10557
503	168	-17.598	-120.	145.4	1276	0.10555
503	164	-18.192	-120.	144.96	1276	0.10555
503	160	-18.684	-120.	145.81	1276	0.10555
504	20	-29.906	-120.	105.74	1287	0.10701
504	7	-31.417	-120.	109.78	1287	0.10691
504	55	-27.388	-120.	107.17	1287	0.10699
505	203	-11.708	-120.	147.15	1310	0.10554
505	191	-13.215	-120.	145.	1310	0.10554
505	211	-10.674	-120.	146.2	1310	0.10554
506	203	-11.708	-120.	147.15	1310	0.10554
506	211	-10.674	-120.	146.2	1310	0.10554
506	216	-9.7773	-120.	147.68	1310	0.10554
507	203	-11.708	-120.	147.15	1310	0.10554
507	216	-9.7773	-120.	147.68	1310	0.10554
507	209	-10.796	-120.	149.39	1310	0.10556
508	203	-11.708	-120.	147.15	1310	0.10554
508	209	-10.796	-120.	149.39	1310	0.10556
508	200	-12.084	-120.	148.78	1310	0.10555
509	203	-11.708	-120.	147.15	1310	0.10554
509	200	-12.084	-120.	148.78	1310	0.10555
509	186	-13.704	-120.	145.83	1310	0.10554
510	203	-11.708	-120.	147.15	1310	0.10554
510	186	-13.704	-120.	145.83	1310	0.10554
510	191	-13.215	-120.	145.	1310	0.10554
511	209	-10.796	-120.	149.39	1310	0.10556
511	216	-9.7773	-120.	147.68	1310	0.10554
511	226	-8.113	-120.	150.47	1310	0.10557
512	191	-13.215	-120.	145.	1310	0.10554
512	197	-12.295	-120.	143.44	1310	0.10555
512	211	-10.674	-120.	146.2	1310	0.10554
513	186	-13.704	-120.	145.83	1310	0.10554
513	200	-12.084	-120.	148.78	1310	0.10555
513	181	-14.63	-120.	147.4	1310	0.10554
514	288	1.8045	-120.	154.98	1350	0.10571
514	311	6.1077	-120.	154.74	1350	0.10571
514	296	3.2389	-120.	152.16	1350	0.10562
515	430	23.336	-120.	147.74	1355	0.10546
515	452	26.586	-120.	144.91	1355	0.1054
515	434	24.064	-120.	143.4	1355	0.10537
516	372	15.89	-120.	146.87	1362	0.10545
516	369	15.629	-120.	145.89	1362	0.10542
516	366	15.218	-120.	147.21	1362	0.10546
517	379	17.139	-120.	146.16	1362	0.10543
517	393	19.016	-120.	145.11	1362	0.10541
517	375	16.361	-120.	143.44	1362	0.10536
518	379	17.139	-120.	146.16	1362	0.10543
518	375	16.361	-120.	143.44	1362	0.10536
518	369	15.629	-120.	145.89	1362	0.10542
519	379	17.139	-120.	146.16	1362	0.10543
519	369	15.629	-120.	145.89	1362	0.10542
519	372	15.89	-120.	146.87	1362	0.10545
520	379	17.139	-120.	146.16	1362	0.10543
520	372	15.89	-120.	146.87	1362	0.10545
520	383	17.646	-120.	148.02	1362	0.10548
521	379	17.139	-120.	146.16	1362	0.10543
521	383	17.646	-120.	148.02	1362	0.10548
521	386	18.289	-120.	147.65	1362	0.10547
522	379	17.139	-120.	146.16	1362	0.10543
522	386	18.289	-120.	147.65	1362	0.10547
522	393	19.016	-120.	145.11	1362	0.10541
523	376	16.383	-120.	148.72	1362	0.1055
523	380	17.167	-120.	151.53	1362	0.10559
523	362	14.46	-120.	149.69	1362	0.10553
524	376	16.383	-120.	148.72	1362	0.1055
524	362	14.46	-120.	149.69	1362	0.10553
524	366	15.218	-120.	147.21	1362	0.10546
525	376	16.383	-120.	148.72	1362	0.1055
525	366	15.218	-120.	147.21	1362	0.10546
525	372	15.89	-120.	146.87	1362	0.10545
526	376	16.383	-120.	148.72	1362	0.1055
526	372	15.89	-120.	146.87	1362	0.10545
526	383	17.646	-120.	148.02	1362	0.10548
527	376	16.383	-120.	148.72	1362	0.1055
527	383	17.646	-120.	148.02	1362	0.10548
527	384	17.918	-120.	148.97	1362	0.10551
528	376	16.383	-120.	148.72	1362	0.1055
528	384	17.918	-120.	148.97	1362	0.10551
528	380	17.167	-120.	151.53	1362	0.10559
529	383	17.646	-120.	148.02	1362	0.10548
529	384	17.918	-120.	148.97	1362	0.10551
529	386	18.289	-120.	147.65	1362	0.10547
530	358	13.591	-120.	146.55	1363	0.10543
530	359	13.941	-120.	144.75	1363	0.10538
530	370	15.629	-120.	145.89	1363	0.10542
531	358	13.591	-120.	146.55	1363	0.10543
531	370	15.629	-120.	145.89	1363	0.10542
531	367	15.218	-120.	147.21	1363	0.10546
532	358	13.591	-120.	146.55	1363	0.10543
532	367	15.218	-120.	147.21	1363	0.10546
532	355	12.635	-120.	148.36	1363	0.10549
533	358	13.591	-120.	146.55	1363	0.10543
533	355	12.635	-120.	148.36	1363	0.10549
533	347	11.663	-120.	147.66	1363	0.10547
534	358	13.591	-120.	146.55	1363	0.10543
534	347	11.663	-120.	147.66	1363	0.10547
534	352	12.46	-120.	145.41	1363	0.1054
535	358	13.591	-120.	146.55	1363	0.10543
535	352	12.46	-120.	145.41	1363	0.1054
535	359	13.941	-120.	144.75	1363	0.10538
536	355	12.635	-120.	148.36	1363	0.10549
536	367	15.218	-120.	147.21	1363	0.10546
536	362	14.46	-120.	149.69	1363	0.10553
537	359	13.941	-120.	144.75	1363	0.10538
537	375	16.361	-120.	143.44	1363	0.10536
537	370	15.629	-120.	145.89	1363	0.10542
538	352	12.46	-120.	145.41	1363	0.1054
538	347	11.663	-120.	147.66	1363	0.10547
538	332	9.8655	-120.	146.33	1363	0.10542
539	172	-16.628	-120.	96.27	1435	0.10706
539	174	-16.334	-120.	97.294	1435	0.10708
539	176	-16.032	-120.	95.811	1435	0.10705
540	167	-17.726	-120.	97.196	1435	0.10707
540	153	-19.369	-120.	98.573	1435	0.10708
540	171	-16.855	-120.	100.05	1435	0.10709
541	167	-17.726	-120.	97.196	1435	0.10707
541	171	-16.855	-120.	100.05	1435	0.10709
541	174	-16.334	-120.	97.294	1435	0.10708
542	167	-17.726	-120.	97.196	1435	0.10707
542	174	-16.334	-120.	97.294	1435	0.10708
542	172	-16.628	-120.	96.27	1435	0.10706
543	167	-17.726	-120.	97.196	1435	0.10707
543	172	-16.628	-120.	96.27	1435	0.10706
543	162	-18.302	-120.	95.252	1435	0.10704
544	167	-17.726	-120.	97.196	1435	0.10707
544	162	-18.302	-120.	95.252	1435	0.10704
544	155	-18.865	-120.	95.735	1435	0.10705
545	167	-17.726	-120.	97.196	1435	0.10707
545	155	-18.865	-120.	95.735	1435	0.10705
545	153	-19.369	-120.	98.573	1435	0.10708
546	170	-17.191	-120.	94.333	1435	0.10703
546	165	-18.085	-120.	91.387	1435	0.10696
546	178	-15.485	-120.	93.018	1435	0.107
547	170	-17.191	-120.	94.333	1435	0.10703
547	178	-15.485	-120.	93.018	1435	0.107
547	176	-16.032	-120.	95.811	1435	0.10705
548	170	-17.191	-120.	94.333	1435	0.10703
548	176	-16.032	-120.	95.811	1435	0.10705
548	172	-16.628	-120.	96.27	1435	0.10706
549	170	-17.191	-120.	94.333	1435	0.10703
549	172	-16.628	-120.	96.27	1435	0.10706
549	162	-18.302	-120.	95.252	1435	0.10704
550	170	-17.191	-120.	94.333	1435	0.10703
550	162	-18.302	-120.	95.252	1435	0.10704
550	161	-18.611	-120.	94.262	1435	0.10703
551	170	-17.191	-120.	94.333	1435	0.10703
551	161	-18.611	-120.	94.262	1435	0.10703
551	165	-18.085	-120.	91.387	1435	0.10696
552	162	-18.302	-120.	95.252	1435	0.10704
552	161	-18.611	-120.	94.262	1435	0.10703
552	155	-18.865	-120.	95.735	1435	0.10705
553	183	-14.413	-120.	89.13	1437	0.10688
553	165	-18.085	-120.	91.387	1437	0.10696
553	178	-15.485	-120.	93.018	1437	0.107
554	272	-0.59171	-120.	88.013	1449	0.10681
554	290	2.2612	-120.	87.855	1449	0.10681
554	285	1.3031	-120.	89.681	1449	0.10688
555	282	0.78947	-120.	85.044	1449	0.1067
555	298	3.7317	-120.	85.064	1449	0.10671
555	292	2.7559	-120.	86.903	1449	0.10677
556	280	0.51125	-120.	86.679	1449	0.10676
556	282	0.78947	-120.	85.044	1449	0.1067
556	292	2.7559	-120.	86.903	1449	0.10677
557	280	0.51125	-120.	86.679	1449	0.10676
557	292	2.7559	-120.	86.903	1449	0.10677
557	290	2.2612	-120.	87.855	1449	0.10681
558	280	0.51125	-120.	86.679	1449	0.10676
558	290	2.2612	-120.	87.855	1449	0.10681
558	272	-0.59171	-120.	88.013	1449	0.10681
559	280	0.51125	-120.	86.679	1449	0.10676
559	272	-0.59171	-120.	88.013	1449	0.10681
559	264	-1.5709	-120.	87.142	1449	0.10678
560	280	0.51125	-120.	86.679	1449	0.10676
560	264	-1.5709	-120.	87.142	1449	0.10678
560	273	-0.57654	-120.	85.119	1449	0.1067
561	280	0.51125	-120.	86.679	1449	0.10676
561	273	-0.57654	-120.	85.119	1449	0.1067
561	282	0.78947	-120.	85.044	1449	0.1067
562	253	-3.4987	-120.	85.463	1449	0.10671
562	273	-0.57654	-120.	85.119	1449	0.1067
562	264	-1.5709	-120.	87.142	1449	0.10678
563	327	9.1417	-120.	90.688	1451	0.10689
563	322	8.4091	-120.	90.519	1451	0.10689
563	329	9.39	-120.	91.764	1451	0.10691
564	325	8.6798	-120.	88.651	1451	0.10684
564	321	8.0152	-120.	85.538	1451	0.10674
564	313	6.5826	-120.	88.167	1451	0.10682
565	325	8.6798	-120.	88.651	1451	0.10684
565	313	6.5826	-120.	88.167	1451	0.10682
565	322	8.4091	-120.	90.519	1451	0.10689
566	325	8.6798	-120.	88.651	1451	0.10684
566	322	8.4091	-120.	90.519	1451	0.10689
566	327	9.1417	-120.	90.688	1451	0.10689
567	325	8.6798	-120.	88.651	1451	0.10684
567	327	9.1417	-120.	90.688	1451	0.10689
567	333	10.073	-120.	89.023	1451	0.10685
568	325	8.6798	-120.	88.651	1451	0.10684
568	333	10.073	-120.	89.023	1451	0.10685
568	330	9.8569	-120.	87.974	1451	0.10682
569	325	8.6798	-120.	88.651	1451	0.10684
569	330	9.8569	-120.	87.974	1451	0.10682
569	321	8.0152	-120.	85.538	1451	0.10674
570	337	10.526	-120.	91.072	1451	0.10689
570	353	12.589	-120.	91.638	1451	0.1069
570	343	11.174	-120.	94.093	1451	0.10694
571	337	10.526	-120.	91.072	1451	0.10689
571	343	11.174	-120.	94.093	1451	0.10694
571	329	9.39	-120.	91.764	1451	0.10691
572	337	10.526	-120.	91.072	1451	0.10689
572	329	9.39	-120.	91.764	1451	0.10691
572	327	9.1417	-120.	90.688	1451	0.10689
573	337	10.526	-120.	91.072	1451	0.10689
573	327	9.1417	-120.	90.688	1451	0.10689
573	333	10.073	-120.	89.023	1451	0.10685
574	337	10.526	-120.	91.072	1451	0.10689
574	333	10.073	-120.	89.023	1451	0.10685
574	339	10.786	-120.	89.228	1451	0.10685
575	337	10.526	-120.	91.072	1451	0.10689
575	339	10.786	-120.	89.228	1451	0.10685
575	353	12.589	-120.	91.638	1451	0.1069
576	333	10.073	-120.	89.023	1451	0.10685
576	339	10.786	-120.	89.228	1451	0.10685
576	330	9.8569	-120.	87.974	1451	0.10682
577	516	31.257	-120.	118.83	1455	0.1059
577	537	32.231	-120.	118.57	1455	0.10591
577	533	32.19	-120.	117.81	1455	0.10595
578	559	34.106	-120.	119.51	1455	0.10587
578	560	34.106	-120.	120.25	1455	0.10583
578	568	35.062	-120.	119.27	1455	0.10588
579	558	34.076	-120.	118.07	1455	0.10594
579	533	32.19	-120.	117.81	1455	0.10595
579	555	33.96	-120.	115.92	1455	0.10605
580	558	34.076	-120.	118.07	1455	0.10594
580	555	33.96	-120.	115.92	1455	0.10605
580	575	36.909	-120.	117.34	1455	0.10598
581	558	34.076	-120.	118.07	1455	0.10594
581	575	36.909	-120.	117.34	1455	0.10598
581	568	35.062	-120.	119.27	1455	0.10588
582	558	34.076	-120.	118.07	1455	0.10594
582	568	35.062	-120.	119.27	1455	0.10588
582	559	34.106	-120.	119.51	1455	0.10587
583	558	34.076	-120.	118.07	1455	0.10594
583	559	34.106	-120.	119.51	1455	0.10587
583	537	32.231	-120.	118.57	1455	0.10591
584	558	34.076	-120.	118.07	1455	0.10594
584	537	32.231	-120.	118.57	1455	0.10591
584	533	32.19	-120.	117.81	1455	0.10595
585	538	32.245	-120.	120.	1455	0.10585
585	560	34.106	-120.	120.25	1455	0.10583
585	539	32.274	-120.	122.15	1455	0.10575
586	538	32.245	-120.	120.	1455	0.10585
586	539	32.274	-120.	122.15	1455	0.10575
586	491	29.497	-120.	120.69	1455	0.10582
587	538	32.245	-120.	120.	1455	0.10585
587	491	29.497	-120.	120.69	1455	0.10582
587	516	31.257	-120.	118.83	1455	0.1059
588	538	32.245	-120.	120.	1455	0.10585
588	516	31.257	-120.	118.83	1455	0.1059
588	537	32.231	-120.	118.57	1455	0.10591
589	538	32.245	-120.	120.	1455	0.10585
589	537	32.231	-120.	118.57	1455	0.10591
589	559	34.106	-120.	119.51	1455	0.10587
590	538	32.245	-120.	120.	1455	0.10585
590	559	34.106	-120.	119.51	1455	0.10587
590	560	34.106	-120.	120.25	1455	0.10583
591	523	31.753	-120.	114.26	1519	0.10613
591	507	30.803	-120.	114.51	1519	0.10612
591	528	31.894	-120.	115.	1519	0.10609
592	518	31.423	-120.	112.87	1519	0.1062
592	511	30.932	-120.	110.76	1519	0.10631
592	477	28.754	-120.	113.62	1519	0.10616
593	518	31.423	-120.	112.87	1519	0.1062
593	477	28.754	-120.	113.62	1519	0.10616
593	507	30.803	-120.	114.51	1519	0.10612
594	518	31.423	-120.	112.87	1519	0.1062
594	507	30.803	-120.	114.51	1519	0.10612
594	523	31.753	-120.	114.26	1519	0.10613
595	518	31.423	-120.	112.87	1519	0.1062
595	523	31.753	-120.	114.26	1519	0.10613
595	548	33.238	-120.	112.39	1519	0.10622
596	518	31.423	-120.	112.87	1519	0.1062
596	548	33.238	-120.	112.39	1519	0.10622
596	545	33.06	-120.	111.67	1519	0.10626
597	518	31.423	-120.	112.87	1519	0.1062
597	545	33.06	-120.	111.67	1519	0.10626
597	511	30.932	-120.	110.76	1519	0.10631
598	551	33.555	-120.	113.8	1519	0.10615
598	573	36.317	-120.	113.07	1519	0.10619
598	555	33.96	-120.	115.92	1519	0.10605
599	551	33.555	-120.	113.8	1519	0.10615
599	555	33.96	-120.	115.92	1519	0.10605
599	528	31.894	-120.	115.	1519	0.10609
600	551	33.555	-120.	113.8	1519	0.10615
600	528	31.894	-120.	115.	1519	0.10609
600	523	31.753	-120.	114.26	1519	0.10613
601	551	33.555	-120.	113.8	1519	0.10615
601	523	31.753	-120.	114.26	1519	0.10613
601	548	33.238	-120.	112.39	1519	0.10622
602	551	33.555	-120.	113.8	1519	0.10615
602	548	33.238	-120.	112.39	1519	0.10622
602	563	34.168	-120.	112.14	1519	0.10624
603	551	33.555	-120.	113.8	1519	0.10615
603	563	34.168	-120.	112.14	1519	0.10624
603	573	36.317	-120.	113.07	1519	0.10619
604	548	33.238	-120.	112.39	1519	0.10622
604	563	34.168	-120.	112.14	1519	0.10624
604	545	33.06	-120.	111.67	1519	0.10626
605	544	33.06	-120.	111.67	1521	0.10626
605	511	30.932	-120.	110.76	1521	0.10631
605	535	32.207	-120.	108.95	1521	0.1064
606	553	33.855	-120.	109.98	1521	0.10635
606	544	33.06	-120.	111.67	1521	0.10626
606	535	32.207	-120.	108.95	1521	0.1064
607	553	33.855	-120.	109.98	1521	0.10635
607	535	32.207	-120.	108.95	1521	0.1064
607	543	32.875	-120.	108.	1521	0.10644
608	553	33.855	-120.	109.98	1521	0.10635
608	543	32.875	-120.	108.	1521	0.10644
608	569	35.206	-120.	108.91	1521	0.1064
609	553	33.855	-120.	109.98	1521	0.10635
609	569	35.206	-120.	108.91	1521	0.1064
609	571	35.614	-120.	110.21	1521	0.10633
610	553	33.855	-120.	109.98	1521	0.10635
610	571	35.614	-120.	110.21	1521	0.10633
610	562	34.168	-120.	112.14	1521	0.10624
611	553	33.855	-120.	109.98	1521	0.10635
611	562	34.168	-120.	112.14	1521	0.10624
611	544	33.06	-120.	111.67	1521	0.10626
612	569	35.206	-120.	108.91	1521	0.1064
612	543	32.875	-120.	108.	1521	0.10644
612	561	34.155	-120.	106.16	1521	0.10653
613	571	35.614	-120.	110.21	1521	0.10633
613	573	36.317	-120.	113.07	1521	0.10619
613	562	34.168	-120.	112.14	1521	0.10624
614	461	27.302	-120.	105.87	1528	0.10655
614	464	27.85	-120.	104.3	1528	0.10662
614	482	29.263	-120.	106.75	1528	0.1065
615	461	27.302	-120.	105.87	1528	0.10655
615	482	29.263	-120.	106.75	1528	0.1065
615	475	28.622	-120.	107.7	1528	0.10646
616	461	27.302	-120.	105.87	1528	0.10655
616	475	28.622	-120.	107.7	1528	0.10646
616	448	26.217	-120.	106.97	1528	0.1065
617	461	27.302	-120.	105.87	1528	0.10655
617	448	26.217	-120.	106.97	1528	0.1065
617	443	25.406	-120.	105.57	1528	0.10656
618	461	27.302	-120.	105.87	1528	0.10655
618	443	25.406	-120.	105.57	1528	0.10656
618	451	26.451	-120.	103.94	1528	0.10663
619	461	27.302	-120.	105.87	1528	0.10655
619	451	26.451	-120.	103.94	1528	0.10663
619	464	27.85	-120.	104.3	1528	0.10662
620	448	26.217	-120.	106.97	1528	0.1065
620	475	28.622	-120.	107.7	1528	0.10646
620	462	27.402	-120.	109.46	1528	0.10638
621	464	27.85	-120.	104.3	1528	0.10662
621	499	30.485	-120.	104.97	1528	0.10658
621	482	29.263	-120.	106.75	1528	0.1065
622	451	26.451	-120.	103.94	1528	0.10663
622	443	25.406	-120.	105.57	1528	0.10656
622	432	23.847	-120.	103.3	1528	0.10666
623	353	12.589	-120.	91.638	1530	0.1069
623	340	10.786	-120.	89.228	1530	0.10685
623	357	13.535	-120.	90.005	1530	0.10687
624	321	8.0152	-120.	85.538	1530	0.10674
624	341	10.891	-120.	86.162	1530	0.10678
624	331	9.8569	-120.	87.974	1530	0.10682
625	364	14.983	-120.	87.508	1530	0.10683
625	360	14.027	-120.	89.153	1530	0.10686
625	350	12.207	-120.	86.534	1530	0.1068
626	348	11.884	-120.	88.176	1530	0.10683
626	357	13.535	-120.	90.005	1530	0.10687
626	340	10.786	-120.	89.228	1530	0.10685
627	348	11.884	-120.	88.176	1530	0.10683
627	340	10.786	-120.	89.228	1530	0.10685
627	331	9.8569	-120.	87.974	1530	0.10682
628	348	11.884	-120.	88.176	1530	0.10683
628	331	9.8569	-120.	87.974	1530	0.10682
628	341	10.891	-120.	86.162	1530	0.10678
629	348	11.884	-120.	88.176	1530	0.10683
629	341	10.891	-120.	86.162	1530	0.10678
629	350	12.207	-120.	86.534	1530	0.1068
630	348	11.884	-120.	88.176	1530	0.10683
630	350	12.207	-120.	86.534	1530	0.1068
630	360	14.027	-120.	89.153	1530	0.10686
631	348	11.884	-120.	88.176	1530	0.10683
631	360	14.027	-120.	89.153	1530	0.10686
631	357	13.535	-120.	90.005	1530	0.10687
632	371	15.86	-120.	93.118	1531	0.1069
632	374	16.06	-120.	94.294	1531	0.1069
632	378	16.533	-120.	93.457	1531	0.1069
633	363	14.571	-120.	92.538	1531	0.1069
633	353	12.589	-120.	91.638	1531	0.1069
633	365	15.169	-120.	95.872	1531	0.10691
634	363	14.571	-120.	92.538	1531	0.1069
634	365	15.169	-120.	95.872	1531	0.10691
634	374	16.06	-120.	94.294	1531	0.1069
635	363	14.571	-120.	92.538	1531	0.1069
635	374	16.06	-120.	94.294	1531	0.1069
635	371	15.86	-120.	93.118	1531	0.1069
636	363	14.571	-120.	92.538	1531	0.1069
636	371	15.86	-120.	93.118	1531	0.1069
636	361	14.21	-120.	90.302	1531	0.10688
637	363	14.571	-120.	92.538	1531	0.1069
637	361	14.21	-120.	90.302	1531	0.10688
637	357	13.535	-120.	90.005	1531	0.10687
638	363	14.571	-120.	92.538	1531	0.1069
638	357	13.535	-120.	90.005	1531	0.10687
638	353	12.589	-120.	91.638	1531	0.1069
639	368	15.507	-120.	90.901	1531	0.10689
639	364	14.983	-120.	87.508	1531	0.10683
639	381	17.43	-120.	91.87	1531	0.1069
640	368	15.507	-120.	90.901	1531	0.10689
640	381	17.43	-120.	91.87	1531	0.1069
640	378	16.533	-120.	93.457	1531	0.1069
641	368	15.507	-120.	90.901	1531	0.10689
641	378	16.533	-120.	93.457	1531	0.1069
641	371	15.86	-120.	93.118	1531	0.1069
642	368	15.507	-120.	90.901	1531	0.10689
642	371	15.86	-120.	93.118	1531	0.1069
642	361	14.21	-120.	90.302	1531	0.10688
643	368	15.507	-120.	90.901	1531	0.10689
643	361	14.21	-120.	90.302	1531	0.10688
643	360	14.027	-120.	89.153	1531	0.10686
644	368	15.507	-120.	90.901	1531	0.10689
644	360	14.027	-120.	89.153	1531	0.10686
644	364	14.983	-120.	87.508	1531	0.10683
645	361	14.21	-120.	90.302	1531	0.10688
645	360	14.027	-120.	89.153	1531	0.10686
645	357	13.535	-120.	90.005	1531	0.10687
646	432	23.847	-120.	103.3	1544	0.10666
646	444	25.409	-120.	100.72	1544	0.10675
646	407	20.921	-120.	100.05	1544	0.10679
647	449	26.403	-120.	99.043	1546	0.1068
647	468	28.095	-120.	101.35	1546	0.10673
647	444	25.409	-120.	100.72	1546	0.10675
648	501	30.617	-120.	99.84	1546	0.10678
648	536	32.209	-120.	102.31	1546	0.10669
648	489	29.49	-120.	101.66	1546	0.10672
649	472	28.556	-120.	99.8	1546	0.10678
649	501	30.617	-120.	99.84	1546	0.10678
649	489	29.49	-120.	101.66	1546	0.10672
650	472	28.556	-120.	99.8	1546	0.10678
650	489	29.49	-120.	101.66	1546	0.10672
650	468	28.095	-120.	101.35	1546	0.10673
651	472	28.556	-120.	99.8	1546	0.10678
651	468	28.095	-120.	101.35	1546	0.10673
651	449	26.403	-120.	99.043	1546	0.1068
652	472	28.556	-120.	99.8	1546	0.10678
652	449	26.403	-120.	99.043	1546	0.1068
652	459	26.924	-120.	98.172	1546	0.10683
653	472	28.556	-120.	99.8	1546	0.10678
653	459	26.924	-120.	98.172	1546	0.10683
653	496	29.807	-120.	98.737	1546	0.10681
654	472	28.556	-120.	99.8	1546	0.10678
654	496	29.807	-120.	98.737	1546	0.10681
654	501	30.617	-120.	99.84	1546	0.10678
655	466	27.921	-120.	96.479	1546	0.10687
655	496	29.807	-120.	98.737	1546	0.10681
655	459	26.924	-120.	98.172	1546	0.10683
656	428	22.931	-120.	98.116	1547	0.10683
656	423	22.388	-120.	97.593	1547	0.10684
656	419	21.882	-120.	98.448	1547	0.10683
657	433	23.908	-120.	99.146	1547	0.1068
657	449	26.403	-120.	99.043	1547	0.1068
657	444	25.409	-120.	100.72	1547	0.10675
658	433	23.908	-120.	99.146	1547	0.1068
658	444	25.409	-120.	100.72	1547	0.10675
658	407	20.921	-120.	100.05	1547	0.10679
659	433	23.908	-120.	99.146	1547	0.1068
659	407	20.921	-120.	100.05	1547	0.10679
659	419	21.882	-120.	98.448	1547	0.10683
660	433	23.908	-120.	99.146	1547	0.1068
660	419	21.882	-120.	98.448	1547	0.10683
660	428	22.931	-120.	98.116	1547	0.10683
661	433	23.908	-120.	99.146	1547	0.1068
661	428	22.931	-120.	98.116	1547	0.10683
661	447	25.899	-120.	98.502	1547	0.10682
662	433	23.908	-120.	99.146	1547	0.1068
662	447	25.899	-120.	98.502	1547	0.10682
662	449	26.403	-120.	99.043	1547	0.1068
663	459	26.924	-120.	98.172	1547	0.10683
663	447	25.899	-120.	98.502	1547	0.10682
663	449	26.403	-120.	99.043	1547	0.1068
664	442	24.902	-120.	97.473	1547	0.10684
664	466	27.921	-120.	96.479	1547	0.10687
664	431	23.352	-120.	95.976	1547	0.10687
665	442	24.902	-120.	97.473	1547	0.10684
665	431	23.352	-120.	95.976	1547	0.10687
665	423	22.388	-120.	97.593	1547	0.10684
666	442	24.902	-120.	97.473	1547	0.10684
666	423	22.388	-120.	97.593	1547	0.10684
666	428	22.931	-120.	98.116	1547	0.10683
667	442	24.902	-120.	97.473	1547	0.10684
667	428	22.931	-120.	98.116	1547	0.10683
667	447	25.899	-120.	98.502	1547	0.10682
668	442	24.902	-120.	97.473	1547	0.10684
668	447	25.899	-120.	98.502	1547	0.10682
668	459	26.924	-120.	98.172	1547	0.10683
669	442	24.902	-120.	97.473	1547	0.10684
669	459	26.924	-120.	98.172	1547	0.10683
669	466	27.921	-120.	96.479	1547	0.10687
670	395	19.847	-120.	97.24	1566	0.10686
670	418	21.882	-120.	98.448	1566	0.10683
670	391	18.828	-120.	98.263	1566	0.10685
671	395	19.847	-120.	97.24	1566	0.10686
671	391	18.828	-120.	98.263	1566	0.10685
671	382	17.516	-120.	97.31	1566	0.10687
672	395	19.847	-120.	97.24	1566	0.10686
672	382	17.516	-120.	97.31	1566	0.10687
672	389	18.369	-120.	95.895	1566	0.10689
673	395	19.847	-120.	97.24	1566	0.10686
673	389	18.369	-120.	95.895	1566	0.10689
673	402	20.101	-120.	95.931	1566	0.10688
674	395	19.847	-120.	97.24	1566	0.10686
674	402	20.101	-120.	95.931	1566	0.10688
674	422	22.388	-120.	97.593	1566	0.10684
675	395	19.847	-120.	97.24	1566	0.10686
675	422	22.388	-120.	97.593	1566	0.10684
675	418	21.882	-120.	98.448	1566	0.10683
676	389	18.369	-120.	95.895	1566	0.10689
676	382	17.516	-120.	97.31	1566	0.10687
676	365	15.169	-120.	95.872	1566	0.10691
677	418	21.882	-120.	98.448	1566	0.10683
677	407	20.921	-120.	100.05	1566	0.10679
677	391	18.828	-120.	98.263	1566	0.10685
678	422	22.388	-120.	97.593	1566	0.10684
678	402	20.101	-120.	95.931	1566	0.10688
678	431	23.352	-120.	95.976	1566	0.10687
679	439	24.656	-120.	135.59	1581	0.10536
679	479	29.242	-120.	133.19	1581	0.10539
679	456	26.843	-120.	131.8	1581	0.10542
680	460	27.061	-120.	136.97	1582	0.10535
680	479	29.242	-120.	133.19	1582	0.10539
680	439	24.656	-120.	135.59	1582	0.10536
681	539	32.274	-120.	122.15	1583	0.10575
681	491	29.497	-120.	120.69	1583	0.10582
681	478	29.04	-120.	125.04	1583	0.10563
682	556	34.028	-120.	123.11	1585	0.10571
682	539	32.274	-120.	122.15	1585	0.10575
682	560	34.106	-120.	120.25	1585	0.10583
683	570	35.354	-120.	121.36	1585	0.10579
683	556	34.028	-120.	123.11	1585	0.10571
683	560	34.106	-120.	120.25	1585	0.10583
684	570	35.354	-120.	121.36	1585	0.10579
684	560	34.106	-120.	120.25	1585	0.10583
684	568	35.062	-120.	119.27	1585	0.10588
685	570	35.354	-120.	121.36	1585	0.10579
685	568	35.062	-120.	119.27	1585	0.10588
685	577	37.01	-120.	120.28	1585	0.10584
686	570	35.354	-120.	121.36	1585	0.10579
686	577	37.01	-120.	120.28	1585	0.10584
686	576	36.972	-120.	121.65	1585	0.10578
687	570	35.354	-120.	121.36	1585	0.10579
687	576	36.972	-120.	121.65	1585	0.10578
687	566	34.943	-120.	123.6	1585	0.10569
688	570	35.354	-120.	121.36	1585	0.10579
688	566	34.943	-120.	123.6	1585	0.10569
688	556	34.028	-120.	123.11	1585	0.10571
689	577	37.01	-120.	120.28	1585	0.10584
689	568	35.062	-120.	119.27	1585	0.10588
689	575	36.909	-120.	117.34	1585	0.10598
690	576	36.972	-120.	121.65	1585	0.10578
690	574	36.709	-120.	124.58	1585	0.10565
690	566	34.943	-120.	123.6	1585	0.10569
691	524	31.758	-120.	125.71	1588	0.1056
691	503	30.725	-120.	125.95	1588	0.1056
691	519	31.619	-120.	126.45	1588	0.10558
692	552	33.712	-120.	125.26	1588	0.10562
692	565	34.943	-120.	123.6	1588	0.10569
692	574	36.709	-120.	124.58	1588	0.10565
693	552	33.712	-120.	125.26	1588	0.10562
693	574	36.709	-120.	124.58	1588	0.10565
693	549	33.314	-120.	127.38	1588	0.10555
694	552	33.712	-120.	125.26	1588	0.10562
694	549	33.314	-120.	127.38	1588	0.10555
694	519	31.619	-120.	126.45	1588	0.10558
695	552	33.712	-120.	125.26	1588	0.10562
695	519	31.619	-120.	126.45	1588	0.10558
695	524	31.758	-120.	125.71	1588	0.1056
696	552	33.712	-120.	125.26	1588	0.10562
696	524	31.758	-120.	125.71	1588	0.1056
696	554	33.93	-120.	123.84	1588	0.10568
697	552	33.712	-120.	125.26	1588	0.10562
697	554	33.93	-120.	123.84	1588	0.10568
697	565	34.943	-120.	123.6	1588	0.10569
698	557	34.028	-120.	123.11	1588	0.10571
698	554	33.93	-120.	123.84	1588	0.10568
698	565	34.943	-120.	123.6	1588	0.10569
699	530	31.959	-120.	124.3	1588	0.10566
699	539	32.274	-120.	122.15	1588	0.10575
699	478	29.04	-120.	125.04	1588	0.10563
700	530	31.959	-120.	124.3	1588	0.10566
700	478	29.04	-120.	125.04	1588	0.10563
700	503	30.725	-120.	125.95	1588	0.1056
701	530	31.959	-120.	124.3	1588	0.10566
701	503	30.725	-120.	125.95	1588	0.1056
701	524	31.758	-120.	125.71	1588	0.1056
702	530	31.959	-120.	124.3	1588	0.10566
702	524	31.758	-120.	125.71	1588	0.1056
702	554	33.93	-120.	123.84	1588	0.10568
703	530	31.959	-120.	124.3	1588	0.10566
703	554	33.93	-120.	123.84	1588	0.10568
703	557	34.028	-120.	123.11	1588	0.10571
704	530	31.959	-120.	124.3	1588	0.10566
704	557	34.028	-120.	123.11	1588	0.10571
704	539	32.274	-120.	122.15	1588	0.10575
705	549	33.314	-120.	127.38	1589	0.10555
705	572	35.883	-120.	128.81	1589	0.10551
705	574	36.709	-120.	124.58	1589	0.10565
706	495	29.794	-120.	128.1	1591	0.10552
706	470	28.397	-120.	127.71	1591	0.10554
706	502	30.725	-120.	125.95	1591	0.1056
707	495	29.794	-120.	128.1	1591	0.10552
707	502	30.725	-120.	125.95	1591	0.1056
707	520	31.619	-120.	126.45	1591	0.10558
708	495	29.794	-120.	128.1	1591	0.10552
708	520	31.619	-120.	126.45	1591	0.10558
708	505	30.745	-120.	129.14	1591	0.10549
709	495	29.794	-120.	128.1	1591	0.10552
709	505	30.745	-120.	129.14	1591	0.10549
709	485	29.384	-120.	130.08	1591	0.10546
710	495	29.794	-120.	128.1	1591	0.10552
710	485	29.384	-120.	130.08	1591	0.10546
710	465	27.896	-120.	129.26	1591	0.10549
711	495	29.794	-120.	128.1	1591	0.10552
711	465	27.896	-120.	129.26	1591	0.10549
711	470	28.397	-120.	127.71	1591	0.10554
712	505	30.745	-120.	129.14	1591	0.10549
712	520	31.619	-120.	126.45	1591	0.10558
712	549	33.314	-120.	127.38	1591	0.10555
713	470	28.397	-120.	127.71	1591	0.10554
713	478	29.04	-120.	125.04	1591	0.10563
713	502	30.725	-120.	125.95	1591	0.1056
714	465	27.896	-120.	129.26	1591	0.10549
714	485	29.384	-120.	130.08	1591	0.10546
714	456	26.843	-120.	131.8	1591	0.10542
715	500	30.508	-120.	129.85	1592	0.10547
715	504	30.745	-120.	129.14	1592	0.10549
715	484	29.384	-120.	130.08	1592	0.10546
716	540	32.636	-120.	129.42	1592	0.10548
716	572	35.883	-120.	128.81	1592	0.10551
716	549	33.314	-120.	127.38	1592	0.10555
717	540	32.636	-120.	129.42	1592	0.10548
717	549	33.314	-120.	127.38	1592	0.10555
717	504	30.745	-120.	129.14	1592	0.10549
718	540	32.636	-120.	129.42	1592	0.10548
718	504	30.745	-120.	129.14	1592	0.10549
718	500	30.508	-120.	129.85	1592	0.10547
719	540	32.636	-120.	129.42	1592	0.10548
719	500	30.508	-120.	129.85	1592	0.10547
719	531	32.136	-120.	130.77	1592	0.10545
720	540	32.636	-120.	129.42	1592	0.10548
720	531	32.136	-120.	130.77	1592	0.10545
720	547	33.229	-120.	130.57	1592	0.10545
721	540	32.636	-120.	129.42	1592	0.10548
721	547	33.229	-120.	130.57	1592	0.10545
721	572	35.883	-120.	128.81	1592	0.10551
722	497	29.996	-120.	131.19	1592	0.10544
722	479	29.242	-120.	133.19	1592	0.10539
722	456	26.843	-120.	131.8	1592	0.10542
723	497	29.996	-120.	131.19	1592	0.10544
723	456	26.843	-120.	131.8	1592	0.10542
723	484	29.384	-120.	130.08	1592	0.10546
724	497	29.996	-120.	131.19	1592	0.10544
724	484	29.384	-120.	130.08	1592	0.10546
724	500	30.508	-120.	129.85	1592	0.10547
725	497	29.996	-120.	131.19	1592	0.10544
725	500	30.508	-120.	129.85	1592	0.10547
725	531	32.136	-120.	130.77	1592	0.10545
726	497	29.996	-120.	131.19	1592	0.10544
726	531	32.136	-120.	130.77	1592	0.10545
726	525	31.866	-120.	131.46	1592	0.10543
727	497	29.996	-120.	131.19	1592	0.10544
727	525	31.866	-120.	131.46	1592	0.10543
727	479	29.242	-120.	133.19	1592	0.10539
728	531	32.136	-120.	130.77	1592	0.10545
728	525	31.866	-120.	131.46	1592	0.10543
728	547	33.229	-120.	130.57	1592	0.10545
729	494	29.577	-120.	107.44	1594	0.10647
729	481	29.263	-120.	106.75	1594	0.1065
729	474	28.622	-120.	107.7	1594	0.10646
730	517	31.382	-120.	106.93	1594	0.10649
730	561	34.155	-120.	106.16	1594	0.10653
730	499	30.485	-120.	104.97	1594	0.10658
731	517	31.382	-120.	106.93	1594	0.10649
731	499	30.485	-120.	104.97	1594	0.10658
731	481	29.263	-120.	106.75	1594	0.1065
732	517	31.382	-120.	106.93	1594	0.10649
732	481	29.263	-120.	106.75	1594	0.1065
732	494	29.577	-120.	107.44	1594	0.10647
733	517	31.382	-120.	106.93	1594	0.10649
733	494	29.577	-120.	107.44	1594	0.10647
733	529	31.935	-120.	108.26	1594	0.10643
734	517	31.382	-120.	106.93	1594	0.10649
734	529	31.935	-120.	108.26	1594	0.10643
734	542	32.875	-120.	108.	1594	0.10644
735	517	31.382	-120.	106.93	1594	0.10649
735	542	32.875	-120.	108.	1594	0.10644
735	561	34.155	-120.	106.16	1594	0.10653
736	498	30.113	-120.	108.76	1594	0.10641
736	511	30.932	-120.	110.76	1594	0.10631
736	462	27.402	-120.	109.46	1594	0.10638
737	498	30.113	-120.	108.76	1594	0.10641
737	462	27.402	-120.	109.46	1594	0.10638
737	474	28.622	-120.	107.7	1594	0.10646
738	498	30.113	-120.	108.76	1594	0.10641
738	474	28.622	-120.	107.7	1594	0.10646
738	494	29.577	-120.	107.44	1594	0.10647
739	498	30.113	-120.	108.76	1594	0.10641
739	494	29.577	-120.	107.44	1594	0.10647
739	529	31.935	-120.	108.26	1594	0.10643
740	498	30.113	-120.	108.76	1594	0.10641
740	529	31.935	-120.	108.26	1594	0.10643
740	534	32.207	-120.	108.95	1594	0.1064
741	498	30.113	-120.	108.76	1594	0.10641
741	534	32.207	-120.	108.95	1594	0.1064
741	511	30.932	-120.	110.76	1594	0.10631
742	529	31.935	-120.	108.26	1594	0.10643
742	534	32.207	-120.	108.95	1594	0.1064
742	542	32.875	-120.	108.	1594	0.10644
743	477	28.754	-120.	113.62	1595	0.10616
743	511	30.932	-120.	110.76	1595	0.10631
743	462	27.402	-120.	109.46	1595	0.10638
744	561	34.155	-120.	106.16	1598	0.10653
744	536	32.209	-120.	102.31	1598	0.10669
744	499	30.485	-120.	104.97	1598	0.10658
745	107	-23.785	-120.	100.93	1649	0.10708
745	110	-23.545	-120.	96.143	1649	0.10706
745	73	-26.285	-120.	99.47	1649	0.10708
746	136	-21.358	-120.	102.37	1650	0.10707
746	130	-21.726	-120.	101.28	1650	0.10708
746	123	-22.197	-120.	101.87	1650	0.10708
747	133	-21.51	-120.	98.163	1650	0.10708
747	138	-21.019	-120.	97.611	1650	0.10708
747	125	-21.878	-120.	97.108	1650	0.10707
748	119	-22.44	-120.	99.25	1650	0.10708
748	123	-22.197	-120.	101.87	1650	0.10708
748	107	-23.785	-120.	100.93	1650	0.10708
749	119	-22.44	-120.	99.25	1650	0.10708
749	107	-23.785	-120.	100.93	1650	0.10708
749	110	-23.545	-120.	96.143	1650	0.10706
750	119	-22.44	-120.	99.25	1650	0.10708
750	110	-23.545	-120.	96.143	1650	0.10706
750	125	-21.878	-120.	97.108	1650	0.10707
751	119	-22.44	-120.	99.25	1650	0.10708
751	125	-21.878	-120.	97.108	1650	0.10707
751	133	-21.51	-120.	98.163	1650	0.10708
752	119	-22.44	-120.	99.25	1650	0.10708
752	133	-21.51	-120.	98.163	1650	0.10708
752	130	-21.726	-120.	101.28	1650	0.10708
753	119	-22.44	-120.	99.25	1650	0.10708
753	130	-21.726	-120.	101.28	1650	0.10708
753	123	-22.197	-120.	101.87	1650	0.10708
754	140	-20.794	-120.	100.22	1650	0.10708
754	138	-21.019	-120.	97.611	1650	0.10708
754	153	-19.369	-120.	98.573	1650	0.10708
755	140	-20.794	-120.	100.22	1650	0.10708
755	153	-19.369	-120.	98.573	1650	0.10708
755	151	-19.781	-120.	103.3	1650	0.10707
756	140	-20.794	-120.	100.22	1650	0.10708
756	151	-19.781	-120.	103.3	1650	0.10707
756	136	-21.358	-120.	102.37	1650	0.10707
757	140	-20.794	-120.	100.22	1650	0.10708
757	136	-21.358	-120.	102.37	1650	0.10707
757	130	-21.726	-120.	101.28	1650	0.10708
758	140	-20.794	-120.	100.22	1650	0.10708
758	130	-21.726	-120.	101.28	1650	0.10708
758	133	-21.51	-120.	98.163	1650	0.10708
759	140	-20.794	-120.	100.22	1650	0.10708
759	133	-21.51	-120.	98.163	1650	0.10708
759	138	-21.019	-120.	97.611	1650	0.10708
760	171	-16.855	-120.	100.05	1654	0.10709
760	153	-19.369	-120.	98.573	1654	0.10708
760	151	-19.781	-120.	103.3	1654	0.10707
761	221	-8.7706	-120.	146.81	1667	0.10553
761	229	-7.1945	-120.	148.83	1667	0.10555
761	217	-9.7773	-120.	147.68	1667	0.10554
762	221	-8.7706	-120.	146.81	1667	0.10553
762	217	-9.7773	-120.	147.68	1667	0.10554
762	212	-10.674	-120.	146.2	1667	0.10554
763	221	-8.7706	-120.	146.81	1667	0.10553
763	212	-10.674	-120.	146.2	1667	0.10554
763	215	-9.8754	-120.	144.75	1667	0.10552
764	221	-8.7706	-120.	146.81	1667	0.10553
764	215	-9.8754	-120.	144.75	1667	0.10552
764	224	-8.3944	-120.	145.41	1667	0.10551
765	221	-8.7706	-120.	146.81	1667	0.10553
765	224	-8.3944	-120.	145.41	1667	0.10551
765	233	-6.7075	-120.	147.97	1667	0.10553
766	221	-8.7706	-120.	146.81	1667	0.10553
766	233	-6.7075	-120.	147.97	1667	0.10553
766	229	-7.1945	-120.	148.83	1667	0.10555
767	215	-9.8754	-120.	144.75	1667	0.10552
767	212	-10.674	-120.	146.2	1667	0.10554
767	197	-12.295	-120.	143.44	1667	0.10555
768	229	-7.1945	-120.	148.83	1667	0.10555
768	226	-8.113	-120.	150.47	1667	0.10557
768	217	-9.7773	-120.	147.68	1667	0.10554
769	233	-6.7075	-120.	147.97	1667	0.10553
769	224	-8.3944	-120.	145.41	1667	0.10551
769	240	-5.7995	-120.	146.33	1667	0.1055
770	486	29.388	-120.	135.79	1726	0.10536
770	479	29.242	-120.	133.19	1726	0.10539
770	460	27.061	-120.	136.97	1726	0.10535
771	486	29.388	-120.	135.79	1726	0.10536
771	460	27.061	-120.	136.97	1726	0.10535
771	476	28.693	-120.	137.9	1726	0.10534
772	486	29.388	-120.	135.79	1726	0.10536
772	476	28.693	-120.	137.9	1726	0.10534
772	492	29.517	-120.	137.53	1726	0.10534
773	486	29.388	-120.	135.79	1726	0.10536
773	492	29.517	-120.	137.53	1726	0.10534
773	512	30.952	-120.	135.04	1726	0.10537
774	486	29.388	-120.	135.79	1726	0.10536
774	512	30.952	-120.	135.04	1726	0.10537
774	509	30.864	-120.	134.14	1726	0.10538
775	486	29.388	-120.	135.79	1726	0.10536
775	509	30.864	-120.	134.14	1726	0.10538
775	479	29.242	-120.	133.19	1726	0.10539
776	513	31.043	-120.	136.75	1726	0.10535
776	550	33.344	-120.	135.59	1726	0.10536
776	514	31.189	-120.	139.32	1726	0.10534
777	513	31.043	-120.	136.75	1726	0.10535
777	514	31.189	-120.	139.32	1726	0.10534
777	493	29.543	-120.	138.38	1726	0.10534
778	513	31.043	-120.	136.75	1726	0.10535
778	493	29.543	-120.	138.38	1726	0.10534
778	492	29.517	-120.	137.53	1726	0.10534
779	513	31.043	-120.	136.75	1726	0.10535
779	492	29.517	-120.	137.53	1726	0.10534
779	512	30.952	-120.	135.04	1726	0.10537
780	513	31.043	-120.	136.75	1726	0.10535
780	512	30.952	-120.	135.04	1726	0.10537
780	521	31.71	-120.	134.63	1726	0.10537
781	513	31.043	-120.	136.75	1726	0.10535
781	521	31.71	-120.	134.63	1726	0.10537
781	550	33.344	-120.	135.59	1726	0.10536
782	492	29.517	-120.	137.53	1726	0.10534
782	476	28.693	-120.	137.9	1726	0.10534
782	493	29.543	-120.	138.38	1726	0.10534
783	512	30.952	-120.	135.04	1726	0.10537
783	521	31.71	-120.	134.63	1726	0.10537
783	509	30.864	-120.	134.14	1726	0.10538
784	476	28.693	-120.	137.9	1744	0.10534
784	458	26.876	-120.	140.1	1744	0.10534
784	460	27.061	-120.	136.97	1744	0.10535
785	473	28.593	-120.	142.76	1744	0.10536
785	452	26.586	-120.	144.91	1744	0.1054
785	454	26.788	-120.	141.73	1744	0.10535
786	469	28.326	-120.	140.43	1744	0.10534
786	473	28.593	-120.	142.76	1744	0.10536
786	454	26.788	-120.	141.73	1744	0.10535
787	469	28.326	-120.	140.43	1744	0.10534
787	454	26.788	-120.	141.73	1744	0.10535
787	458	26.876	-120.	140.1	1744	0.10534
788	469	28.326	-120.	140.43	1744	0.10534
788	458	26.876	-120.	140.1	1744	0.10534
788	476	28.693	-120.	137.9	1744	0.10534
789	469	28.326	-120.	140.43	1744	0.10534
789	476	28.693	-120.	137.9	1744	0.10534
789	493	29.543	-120.	138.38	1744	0.10534
790	469	28.326	-120.	140.43	1744	0.10534
790	493	29.543	-120.	138.38	1744	0.10534
790	488	29.463	-120.	141.7	1744	0.10535
791	469	28.326	-120.	140.43	1744	0.10534
791	488	29.463	-120.	141.7	1744	0.10535
791	473	28.593	-120.	142.76	1744	0.10536
792	514	31.189	-120.	139.32	1744	0.10534
792	488	29.463	-120.	141.7	1744	0.10535
792	493	29.543	-120.	138.38	1744	0.10534
793	390	18.671	-120.	94.527	1810	0.10689
793	388	18.369	-120.	95.895	1810	0.10689
793	373	16.06	-120.	94.294	1810	0.1069
794	390	18.671	-120.	94.527	1810	0.10689
794	373	16.06	-120.	94.294	1810	0.1069
794	377	16.533	-120.	93.457	1810	0.1069
795	390	18.671	-120.	94.527	1810	0.10689
795	377	16.533	-120.	93.457	1810	0.1069
795	397	19.897	-120.	93.386	1810	0.1069
796	390	18.671	-120.	94.527	1810	0.10689
796	397	19.897	-120.	93.386	1810	0.1069
796	409	21.067	-120.	94.197	1810	0.10689
797	390	18.671	-120.	94.527	1810	0.10689
797	409	21.067	-120.	94.197	1810	0.10689
797	401	20.101	-120.	95.931	1810	0.10688
798	390	18.671	-120.	94.527	1810	0.10689
798	401	20.101	-120.	95.931	1810	0.10688
798	388	18.369	-120.	95.895	1810	0.10689
799	397	19.897	-120.	93.386	1810	0.1069
799	377	16.533	-120.	93.457	1810	0.1069
799	381	17.43	-120.	91.87	1810	0.1069
800	388	18.369	-120.	95.895	1810	0.10689
800	365	15.169	-120.	95.872	1810	0.10691
800	373	16.06	-120.	94.294	1810	0.1069
801	401	20.101	-120.	95.931	1810	0.10688
801	409	21.067	-120.	94.197	1810	0.10689
801	431	23.352	-120.	95.976	1810	0.10687
802	406	20.74	-120.	93.354	1811	0.1069
802	398	19.897	-120.	93.386	1811	0.1069
802	410	21.067	-120.	94.197	1811	0.10689
803	400	20.015	-120.	91.744	1811	0.1069
803	392	18.881	-120.	89.348	1811	0.10688
803	381	17.43	-120.	91.87	1811	0.1069
804	400	20.015	-120.	91.744	1811	0.1069
804	381	17.43	-120.	91.87	1811	0.1069
804	398	19.897	-120.	93.386	1811	0.1069
805	400	20.015	-120.	91.744	1811	0.1069
805	398	19.897	-120.	93.386	1811	0.1069
805	406	20.74	-120.	93.354	1811	0.1069
806	400	20.015	-120.	91.744	1811	0.1069
806	406	20.74	-120.	93.354	1811	0.1069
806	416	21.743	-120.	91.638	1811	0.1069
807	400	20.015	-120.	91.744	1811	0.1069
807	416	21.743	-120.	91.638	1811	0.1069
807	412	21.398	-120.	90.871	1811	0.1069
808	400	20.015	-120.	91.744	1811	0.1069
808	412	21.398	-120.	90.871	1811	0.1069
808	392	18.881	-120.	89.348	1811	0.10688
809	421	22.376	-120.	93.382	1811	0.1069
809	441	24.832	-120.	93.474	1811	0.1069
809	431	23.352	-120.	95.976	1811	0.10687
810	421	22.376	-120.	93.382	1811	0.1069
810	431	23.352	-120.	95.976	1811	0.10687
810	410	21.067	-120.	94.197	1811	0.10689
811	421	22.376	-120.	93.382	1811	0.1069
811	410	21.067	-120.	94.197	1811	0.10689
811	406	20.74	-120.	93.354	1811	0.1069
812	421	22.376	-120.	93.382	1811	0.1069
812	406	20.74	-120.	93.354	1811	0.1069
812	416	21.743	-120.	91.638	1811	0.1069
813	421	22.376	-120.	93.382	1811	0.1069
813	416	21.743	-120.	91.638	1811	0.1069
813	426	22.522	-120.	91.651	1811	0.10691
814	421	22.376	-120.	93.382	1811	0.1069
814	426	22.522	-120.	91.651	1811	0.10691
814	441	24.832	-120.	93.474	1811	0.1069
815	416	21.743	-120.	91.638	1811	0.1069
815	426	22.522	-120.	91.651	1811	0.10691
815	412	21.398	-120.	90.871	1811	0.1069
