小面	点	X坐标 (mm)	Y坐标 (mm)	Z坐标 (mm)	单元数	定向变形 (mm)
0	256	-2.9777	-120.	149.89	577	0.11106
0	268	-1.0913	-120.	151.9	577	0.11135
0	252	-3.9312	-120.	151.58	577	0.11127
1	288	1.8045	-120.	154.98	577	0.11214
1	267	-1.1343	-120.	154.83	577	0.11191
1	276	-0.11815	-120.	152.95	577	0.11157
2	243	-5.3928	-120.	154.18	577	0.11152
2	248	-4.4252	-120.	152.47	577	0.11136
2	259	-2.4941	-120.	154.68	577	0.11179
3	261	-2.1991	-120.	153.07	577	0.11152
3	252	-3.9312	-120.	151.58	577	0.11127
3	268	-1.0913	-120.	151.9	577	0.11135
4	261	-2.1991	-120.	153.07	577	0.11152
4	268	-1.0913	-120.	151.9	577	0.11135
4	276	-0.11815	-120.	152.95	577	0.11157
5	261	-2.1991	-120.	153.07	577	0.11152
5	276	-0.11815	-120.	152.95	577	0.11157
5	267	-1.1343	-120.	154.83	577	0.11191
6	261	-2.1991	-120.	153.07	577	0.11152
6	267	-1.1343	-120.	154.83	577	0.11191
6	259	-2.4941	-120.	154.68	577	0.11179
7	261	-2.1991	-120.	153.07	577	0.11152
7	259	-2.4941	-120.	154.68	577	0.11179
7	248	-4.4252	-120.	152.47	577	0.11136
8	261	-2.1991	-120.	153.07	577	0.11152
8	248	-4.4252	-120.	152.47	577	0.11136
8	252	-3.9312	-120.	151.58	577	0.11127
9	526	31.866	-120.	131.46	610	0.10518
9	510	30.864	-120.	134.14	610	0.1054
9	479	29.242	-120.	133.19	610	0.10529
10	564	34.544	-120.	132.9	610	0.10531
10	550	33.344	-120.	135.59	610	0.10563
10	522	31.71	-120.	134.63	610	0.10547
11	541	32.873	-120.	132.56	610	0.10526
11	564	34.544	-120.	132.9	610	0.10531
11	522	31.71	-120.	134.63	610	0.10547
12	541	32.873	-120.	132.56	610	0.10526
12	522	31.71	-120.	134.63	610	0.10547
12	510	30.864	-120.	134.14	610	0.1054
13	541	32.873	-120.	132.56	610	0.10526
13	510	30.864	-120.	134.14	610	0.1054
13	526	31.866	-120.	131.46	610	0.10518
14	541	32.873	-120.	132.56	610	0.10526
14	526	31.866	-120.	131.46	610	0.10518
14	546	33.229	-120.	130.57	610	0.10517
15	541	32.873	-120.	132.56	610	0.10526
15	546	33.229	-120.	130.57	610	0.10517
15	567	35.024	-120.	131.62	610	0.10524
16	541	32.873	-120.	132.56	610	0.10526
16	567	35.024	-120.	131.62	610	0.10524
16	564	34.544	-120.	132.9	610	0.10531
17	572	35.883	-120.	128.81	610	0.10523
17	567	35.024	-120.	131.62	610	0.10524
17	546	33.229	-120.	130.57	610	0.10517
18	109	-23.556	-120.	106.6	619	0.12365
18	124	-22.151	-120.	106.97	619	0.12366
18	98	-24.934	-120.	108.56	619	0.12377
19	109	-23.556	-120.	106.6	619	0.12365
19	98	-24.934	-120.	108.56	619	0.12377
19	83	-25.781	-120.	108.08	619	0.12376
20	109	-23.556	-120.	106.6	619	0.12365
20	83	-25.781	-120.	108.08	619	0.12376
20	104	-24.368	-120.	105.63	619	0.12355
21	109	-23.556	-120.	106.6	619	0.12365
21	104	-24.368	-120.	105.63	619	0.12355
21	117	-22.763	-120.	104.8	619	0.12345
22	109	-23.556	-120.	106.6	619	0.12365
22	117	-22.763	-120.	104.8	619	0.12345
22	137	-21.34	-120.	105.57	619	0.12354
23	109	-23.556	-120.	106.6	619	0.12365
23	137	-21.34	-120.	105.57	619	0.12354
23	124	-22.151	-120.	106.97	619	0.12366
24	104	-24.368	-120.	105.63	619	0.12355
24	83	-25.781	-120.	108.08	619	0.12376
24	55	-27.388	-120.	107.17	619	0.1237
25	124	-22.151	-120.	106.97	619	0.12366
25	112	-23.336	-120.	109.46	619	0.12375
25	98	-24.934	-120.	108.56	619	0.12377
26	137	-21.34	-120.	105.57	619	0.12354
26	117	-22.763	-120.	104.8	619	0.12345
26	151	-19.781	-120.	103.3	619	0.1232
27	153	-19.369	-120.	98.573	622	0.12191
27	139	-21.019	-120.	97.611	622	0.12159
27	155	-18.865	-120.	95.735	622	0.12086
28	110	-23.545	-120.	96.143	622	0.12108
28	134	-21.451	-120.	94.077	622	0.12023
28	126	-21.878	-120.	97.108	622	0.12141
29	165	-18.085	-120.	91.387	622	0.11901
29	161	-18.611	-120.	94.262	622	0.12027
29	144	-20.419	-120.	93.178	622	0.11984
30	145	-20.374	-120.	95.329	622	0.12072
30	155	-18.865	-120.	95.735	622	0.12086
30	139	-21.019	-120.	97.611	622	0.12159
31	145	-20.374	-120.	95.329	622	0.12072
31	139	-21.019	-120.	97.611	622	0.12159
31	126	-21.878	-120.	97.108	622	0.12141
32	145	-20.374	-120.	95.329	622	0.12072
32	126	-21.878	-120.	97.108	622	0.12141
32	134	-21.451	-120.	94.077	622	0.12023
33	145	-20.374	-120.	95.329	622	0.12072
33	134	-21.451	-120.	94.077	622	0.12023
33	144	-20.419	-120.	93.178	622	0.11984
34	145	-20.374	-120.	95.329	622	0.12072
34	144	-20.419	-120.	93.178	622	0.11984
34	161	-18.611	-120.	94.262	622	0.12027
35	145	-20.374	-120.	95.329	622	0.12072
35	161	-18.611	-120.	94.262	622	0.12027
35	155	-18.865	-120.	95.735	622	0.12086
36	285	1.3031	-120.	89.681	635	0.11799
36	275	-0.15357	-120.	92.615	635	0.11897
36	300	4.2195	-120.	92.615	635	0.11846
37	80	-26.056	-120.	108.78	712	0.12378
37	97	-24.934	-120.	108.56	712	0.12377
37	82	-25.781	-120.	108.08	712	0.12376
38	43	-28.173	-120.	109.18	712	0.12378
38	23	-29.748	-120.	110.74	712	0.12375
38	7	-31.417	-120.	109.78	712	0.12373
39	43	-28.173	-120.	109.18	712	0.12378
39	7	-31.417	-120.	109.78	712	0.12373
39	55	-27.388	-120.	107.17	712	0.1237
40	43	-28.173	-120.	109.18	712	0.12378
40	55	-27.388	-120.	107.17	712	0.1237
40	82	-25.781	-120.	108.08	712	0.12376
41	43	-28.173	-120.	109.18	712	0.12378
41	82	-25.781	-120.	108.08	712	0.12376
41	80	-26.056	-120.	108.78	712	0.12378
42	43	-28.173	-120.	109.18	712	0.12378
42	80	-26.056	-120.	108.78	712	0.12378
42	36	-28.65	-120.	110.53	712	0.12377
43	43	-28.173	-120.	109.18	712	0.12378
43	36	-28.65	-120.	110.53	712	0.12377
43	23	-29.748	-120.	110.74	712	0.12375
44	32	-28.882	-120.	111.23	712	0.12374
44	36	-28.65	-120.	110.53	712	0.12377
44	23	-29.748	-120.	110.74	712	0.12375
45	68	-26.514	-120.	110.12	712	0.12378
45	61	-27.224	-120.	112.18	712	0.12368
45	112	-23.336	-120.	109.46	712	0.12375
46	68	-26.514	-120.	110.12	712	0.12378
46	112	-23.336	-120.	109.46	712	0.12375
46	97	-24.934	-120.	108.56	712	0.12377
47	68	-26.514	-120.	110.12	712	0.12378
47	97	-24.934	-120.	108.56	712	0.12377
47	80	-26.056	-120.	108.78	712	0.12378
48	68	-26.514	-120.	110.12	712	0.12378
48	80	-26.056	-120.	108.78	712	0.12378
48	36	-28.65	-120.	110.53	712	0.12377
49	68	-26.514	-120.	110.12	712	0.12378
49	36	-28.65	-120.	110.53	712	0.12377
49	32	-28.882	-120.	111.23	712	0.12374
50	68	-26.514	-120.	110.12	712	0.12378
50	32	-28.882	-120.	111.23	712	0.12374
50	61	-27.224	-120.	112.18	712	0.12368
51	241	-5.7764	-120.	90.758	716	0.11859
51	235	-6.5008	-120.	90.968	716	0.11869
51	237	-6.2516	-120.	91.919	716	0.11908
52	225	-8.3372	-120.	89.613	716	0.11813
52	223	-8.5933	-120.	88.683	716	0.11773
52	220	-9.0374	-120.	89.857	716	0.11823
53	227	-7.8565	-120.	91.427	716	0.1189
53	237	-6.2516	-120.	91.919	716	0.11908
53	231	-7.1082	-120.	94.093	716	0.12004
54	227	-7.8565	-120.	91.427	716	0.1189
54	231	-7.1082	-120.	94.093	716	0.12004
54	214	-9.904	-120.	92.112	716	0.11924
55	227	-7.8565	-120.	91.427	716	0.1189
55	214	-9.904	-120.	92.112	716	0.11924
55	220	-9.0374	-120.	89.857	716	0.11823
56	227	-7.8565	-120.	91.427	716	0.1189
56	220	-9.0374	-120.	89.857	716	0.11823
56	225	-8.3372	-120.	89.613	716	0.11813
57	227	-7.8565	-120.	91.427	716	0.1189
57	225	-8.3372	-120.	89.613	716	0.11813
57	235	-6.5008	-120.	90.968	716	0.11869
58	227	-7.8565	-120.	91.427	716	0.1189
58	235	-6.5008	-120.	90.968	716	0.11869
58	237	-6.2516	-120.	91.919	716	0.11908
59	232	-6.9679	-120.	89.165	716	0.11794
59	223	-8.5933	-120.	88.683	716	0.11773
59	228	-7.7041	-120.	86.405	716	0.11681
60	232	-6.9679	-120.	89.165	716	0.11794
60	228	-7.7041	-120.	86.405	716	0.11681
60	245	-4.8957	-120.	88.564	716	0.1177
61	232	-6.9679	-120.	89.165	716	0.11794
61	245	-4.8957	-120.	88.564	716	0.1177
61	241	-5.7764	-120.	90.758	716	0.11859
62	232	-6.9679	-120.	89.165	716	0.11794
62	241	-5.7764	-120.	90.758	716	0.11859
62	235	-6.5008	-120.	90.968	716	0.11869
63	232	-6.9679	-120.	89.165	716	0.11794
63	235	-6.5008	-120.	90.968	716	0.11869
63	225	-8.3372	-120.	89.613	716	0.11813
64	232	-6.9679	-120.	89.165	716	0.11794
64	225	-8.3372	-120.	89.613	716	0.11813
64	223	-8.5933	-120.	88.683	716	0.11773
65	177	-15.833	-120.	140.87	735	0.11333
65	169	-17.251	-120.	143.32	735	0.11252
65	197	-12.295	-120.	143.44	735	0.11224
66	1	-32.805	-120.	116.88	751	0.12292
66	0	-32.924	-120.	121.19	751	0.12178
66	16	-30.093	-120.	118.32	751	0.12265
67	226	-8.113	-120.	150.47	765	0.11116
67	218	-9.54	-120.	153.01	765	0.11114
67	243	-5.3928	-120.	154.18	765	0.11152
68	250	-4.0658	-120.	91.691	802	0.11891
68	263	-2.0045	-120.	91.016	802	0.11854
68	257	-2.8829	-120.	92.974	802	0.11933
69	250	-4.0658	-120.	91.691	802	0.11891
69	257	-2.8829	-120.	92.974	802	0.11933
69	247	-4.4686	-120.	93.311	802	0.11958
70	250	-4.0658	-120.	91.691	802	0.11891
70	247	-4.4686	-120.	93.311	802	0.11958
70	238	-6.2516	-120.	91.919	802	0.11908
71	250	-4.0658	-120.	91.691	802	0.11891
71	238	-6.2516	-120.	91.919	802	0.11908
71	242	-5.7764	-120.	90.758	802	0.11859
72	250	-4.0658	-120.	91.691	802	0.11891
72	242	-5.7764	-120.	90.758	802	0.11859
72	254	-3.011	-120.	90.17	802	0.11828
73	250	-4.0658	-120.	91.691	802	0.11891
73	254	-3.011	-120.	90.17	802	0.11828
73	263	-2.0045	-120.	91.016	802	0.11854
74	238	-6.2516	-120.	91.919	802	0.11908
74	247	-4.4686	-120.	93.311	802	0.11958
74	231	-7.1082	-120.	94.093	802	0.12004
75	263	-2.0045	-120.	91.016	802	0.11854
75	275	-0.15357	-120.	92.615	802	0.11897
75	257	-2.8829	-120.	92.974	802	0.11933
76	254	-3.011	-120.	90.17	802	0.11828
76	242	-5.7764	-120.	90.758	802	0.11859
76	245	-4.8957	-120.	88.564	802	0.1177
77	353	12.589	-120.	91.638	810	0.11767
77	343	11.174	-120.	94.093	810	0.11762
77	365	15.169	-120.	95.872	810	0.1169
78	427	22.928	-120.	139.99	840	0.10664
78	413	21.536	-120.	141.87	840	0.10724
78	420	21.895	-120.	138.97	840	0.10633
79	427	22.928	-120.	139.99	840	0.10664
79	420	21.895	-120.	138.97	840	0.10633
79	429	22.98	-120.	137.77	840	0.10604
80	427	22.928	-120.	139.99	840	0.10664
80	429	22.98	-120.	137.77	840	0.10604
80	437	24.441	-120.	138.64	840	0.10628
81	427	22.928	-120.	139.99	840	0.10664
81	437	24.441	-120.	138.64	840	0.10628
81	435	24.303	-120.	140.3	840	0.10674
82	427	22.928	-120.	139.99	840	0.10664
82	435	24.303	-120.	140.3	840	0.10674
82	424	22.411	-120.	142.4	840	0.10743
83	427	22.928	-120.	139.99	840	0.10664
83	424	22.411	-120.	142.4	840	0.10743
83	413	21.536	-120.	141.87	840	0.10724
84	437	24.441	-120.	138.64	840	0.10628
84	429	22.98	-120.	137.77	840	0.10604
84	439	24.656	-120.	135.59	840	0.1056
85	413	21.536	-120.	141.87	840	0.10724
85	399	19.899	-120.	140.87	840	0.10688
85	420	21.895	-120.	138.97	840	0.10633
86	424	22.411	-120.	142.4	840	0.10743
86	435	24.303	-120.	140.3	840	0.10674
86	434	24.064	-120.	143.4	840	0.10779
87	240	-5.7995	-120.	146.33	842	0.1111
87	256	-2.9777	-120.	149.89	842	0.11106
87	265	-1.522	-120.	147.24	842	0.11061
88	35	-28.656	-120.	129.72	857	0.11851
88	6	-31.929	-120.	128.36	857	0.1191
88	10	-30.643	-120.	132.48	857	0.11727
89	152	-19.63	-120.	147.46	858	0.11137
89	175	-16.089	-120.	149.92	858	0.11101
89	181	-14.63	-120.	147.4	858	0.11146
90	214	-9.904	-120.	92.112	861	0.11924
90	206	-11.103	-120.	95.872	861	0.1209
90	231	-7.1082	-120.	94.093	861	0.12004
91	56	-27.376	-120.	127.13	865	0.11963
91	63	-27.196	-120.	127.86	865	0.11932
91	70	-26.429	-120.	126.87	865	0.11972
92	31	-29.171	-120.	127.62	865	0.11943
92	6	-31.929	-120.	128.36	865	0.1191
92	35	-28.656	-120.	129.72	865	0.11851
93	31	-29.171	-120.	127.62	865	0.11943
93	35	-28.656	-120.	129.72	865	0.11851
93	63	-27.196	-120.	127.86	865	0.11932
94	31	-29.171	-120.	127.62	865	0.11943
94	63	-27.196	-120.	127.86	865	0.11932
94	56	-27.376	-120.	127.13	865	0.11963
95	31	-29.171	-120.	127.62	865	0.11943
95	56	-27.376	-120.	127.13	865	0.11963
95	28	-29.468	-120.	126.21	865	0.12001
96	31	-29.171	-120.	127.62	865	0.11943
96	28	-29.468	-120.	126.21	865	0.12001
96	15	-30.401	-120.	126.46	865	0.11991
97	31	-29.171	-120.	127.62	865	0.11943
97	15	-30.401	-120.	126.46	865	0.11991
97	6	-31.929	-120.	128.36	865	0.1191
98	52	-27.657	-120.	125.72	865	0.1202
98	44	-28.087	-120.	123.61	865	0.12101
98	96	-24.974	-120.	125.04	865	0.12043
99	52	-27.657	-120.	125.72	865	0.1202
99	96	-24.974	-120.	125.04	865	0.12043
99	70	-26.429	-120.	126.87	865	0.11972
100	52	-27.657	-120.	125.72	865	0.1202
100	70	-26.429	-120.	126.87	865	0.11972
100	56	-27.376	-120.	127.13	865	0.11963
101	52	-27.657	-120.	125.72	865	0.1202
101	56	-27.376	-120.	127.13	865	0.11963
101	28	-29.468	-120.	126.21	865	0.12001
102	52	-27.657	-120.	125.72	865	0.1202
102	28	-29.468	-120.	126.21	865	0.12001
102	25	-29.607	-120.	125.48	865	0.1203
103	52	-27.657	-120.	125.72	865	0.1202
103	25	-29.607	-120.	125.48	865	0.1203
103	44	-28.087	-120.	123.61	865	0.12101
104	28	-29.468	-120.	126.21	865	0.12001
104	25	-29.607	-120.	125.48	865	0.1203
104	15	-30.401	-120.	126.46	865	0.11991
105	44	-28.087	-120.	123.61	867	0.12101
105	24	-29.607	-120.	125.48	867	0.1203
105	19	-29.999	-120.	122.65	867	0.12135
106	6	-31.929	-120.	128.36	867	0.1191
106	3	-32.513	-120.	125.48	867	0.12028
106	14	-30.401	-120.	126.46	867	0.11991
107	0	-32.924	-120.	121.19	867	0.12178
107	9	-30.996	-120.	122.16	867	0.12151
107	2	-32.701	-120.	124.13	867	0.12078
108	8	-31.036	-120.	124.39	867	0.12071
108	19	-29.999	-120.	122.65	867	0.12135
108	24	-29.607	-120.	125.48	867	0.1203
109	8	-31.036	-120.	124.39	867	0.12071
109	24	-29.607	-120.	125.48	867	0.1203
109	14	-30.401	-120.	126.46	867	0.11991
110	8	-31.036	-120.	124.39	867	0.12071
110	14	-30.401	-120.	126.46	867	0.11991
110	3	-32.513	-120.	125.48	867	0.12028
111	8	-31.036	-120.	124.39	867	0.12071
111	3	-32.513	-120.	125.48	867	0.12028
111	2	-32.701	-120.	124.13	867	0.12078
112	8	-31.036	-120.	124.39	867	0.12071
112	2	-32.701	-120.	124.13	867	0.12078
112	9	-30.996	-120.	122.16	867	0.12151
113	8	-31.036	-120.	124.39	867	0.12071
113	9	-30.996	-120.	122.16	867	0.12151
113	19	-29.999	-120.	122.65	867	0.12135
114	204	-11.69	-120.	149.52	879	0.11118
114	208	-10.796	-120.	149.39	879	0.11119
114	199	-12.084	-120.	148.78	879	0.11125
115	207	-10.848	-120.	150.93	879	0.1111
115	218	-9.54	-120.	153.01	879	0.11114
115	226	-8.113	-120.	150.47	879	0.11116
116	207	-10.848	-120.	150.93	879	0.1111
116	226	-8.113	-120.	150.47	879	0.11116
116	208	-10.796	-120.	149.39	879	0.11119
117	207	-10.848	-120.	150.93	879	0.1111
117	208	-10.796	-120.	149.39	879	0.11119
117	204	-11.69	-120.	149.52	879	0.11118
118	207	-10.848	-120.	150.93	879	0.1111
118	204	-11.69	-120.	149.52	879	0.11118
118	194	-12.675	-120.	151.25	879	0.11102
119	207	-10.848	-120.	150.93	879	0.1111
119	194	-12.675	-120.	151.25	879	0.11102
119	198	-12.273	-120.	151.92	879	0.111
120	207	-10.848	-120.	150.93	879	0.1111
120	198	-12.273	-120.	151.92	879	0.111
120	218	-9.54	-120.	153.01	879	0.11114
121	190	-13.446	-120.	149.7	879	0.11113
121	175	-16.089	-120.	149.92	879	0.11101
121	181	-14.63	-120.	147.4	879	0.11146
122	190	-13.446	-120.	149.7	879	0.11113
122	181	-14.63	-120.	147.4	879	0.11146
122	199	-12.084	-120.	148.78	879	0.11125
123	190	-13.446	-120.	149.7	879	0.11113
123	199	-12.084	-120.	148.78	879	0.11125
123	204	-11.69	-120.	149.52	879	0.11118
124	190	-13.446	-120.	149.7	879	0.11113
124	204	-11.69	-120.	149.52	879	0.11118
124	194	-12.675	-120.	151.25	879	0.11102
125	190	-13.446	-120.	149.7	879	0.11113
125	194	-12.675	-120.	151.25	879	0.11102
125	188	-13.511	-120.	151.33	879	0.11097
126	190	-13.446	-120.	149.7	879	0.11113
126	188	-13.511	-120.	151.33	879	0.11097
126	175	-16.089	-120.	149.92	879	0.11101
127	194	-12.675	-120.	151.25	879	0.11102
127	188	-13.511	-120.	151.33	879	0.11097
127	198	-12.273	-120.	151.92	879	0.111
128	463	27.448	-120.	103.66	890	0.11335
128	451	26.451	-120.	103.94	890	0.11323
128	464	27.85	-120.	104.3	890	0.11305
129	453	26.629	-120.	102.49	890	0.11389
129	444	25.409	-120.	100.72	890	0.11469
129	432	23.847	-120.	103.3	890	0.11357
130	453	26.629	-120.	102.49	890	0.11389
130	432	23.847	-120.	103.3	890	0.11357
130	451	26.451	-120.	103.94	890	0.11323
131	453	26.629	-120.	102.49	890	0.11389
131	451	26.451	-120.	103.94	890	0.11323
131	463	27.448	-120.	103.66	890	0.11335
132	453	26.629	-120.	102.49	890	0.11389
132	463	27.448	-120.	103.66	890	0.11335
132	471	28.524	-120.	101.95	890	0.11411
133	453	26.629	-120.	102.49	890	0.11389
133	471	28.524	-120.	101.95	890	0.11411
133	467	28.095	-120.	101.35	890	0.11438
134	453	26.629	-120.	102.49	890	0.11389
134	467	28.095	-120.	101.35	890	0.11438
134	444	25.409	-120.	100.72	890	0.11469
135	483	29.334	-120.	103.14	890	0.11356
135	536	32.209	-120.	102.31	890	0.11391
135	499	30.485	-120.	104.97	890	0.11271
136	483	29.334	-120.	103.14	890	0.11356
136	499	30.485	-120.	104.97	890	0.11271
136	464	27.85	-120.	104.3	890	0.11305
137	483	29.334	-120.	103.14	890	0.11356
137	464	27.85	-120.	104.3	890	0.11305
137	463	27.448	-120.	103.66	890	0.11335
138	483	29.334	-120.	103.14	890	0.11356
138	463	27.448	-120.	103.66	890	0.11335
138	471	28.524	-120.	101.95	890	0.11411
139	483	29.334	-120.	103.14	890	0.11356
139	471	28.524	-120.	101.95	890	0.11411
139	490	29.49	-120.	101.66	890	0.11422
140	483	29.334	-120.	103.14	890	0.11356
140	490	29.49	-120.	101.66	890	0.11422
140	536	32.209	-120.	102.31	890	0.11391
141	471	28.524	-120.	101.95	890	0.11411
141	490	29.49	-120.	101.66	890	0.11422
141	467	28.095	-120.	101.35	890	0.11438
142	50	-27.848	-120.	115.7	894	0.12322
142	45	-27.948	-120.	116.45	894	0.12307
142	65	-26.814	-120.	115.45	894	0.12325
143	53	-27.595	-120.	114.29	894	0.12344
143	29	-29.43	-120.	114.03	894	0.12348
143	61	-27.224	-120.	112.18	894	0.12368
144	53	-27.595	-120.	114.29	894	0.12344
144	61	-27.224	-120.	112.18	894	0.12368
144	100	-24.688	-120.	113.62	894	0.12348
145	53	-27.595	-120.	114.29	894	0.12344
145	100	-24.688	-120.	113.62	894	0.12348
145	65	-26.814	-120.	115.45	894	0.12325
146	53	-27.595	-120.	114.29	894	0.12344
146	65	-26.814	-120.	115.45	894	0.12325
146	50	-27.848	-120.	115.7	894	0.12322
147	53	-27.595	-120.	114.29	894	0.12344
147	50	-27.848	-120.	115.7	894	0.12322
147	26	-29.567	-120.	114.76	894	0.12337
148	53	-27.595	-120.	114.29	894	0.12344
148	26	-29.567	-120.	114.76	894	0.12337
148	29	-29.43	-120.	114.03	894	0.12348
149	12	-30.578	-120.	114.99	894	0.12332
149	26	-29.567	-120.	114.76	894	0.12337
149	29	-29.43	-120.	114.03	894	0.12348
150	21	-29.807	-120.	116.19	894	0.12312
150	1	-32.805	-120.	116.88	894	0.12292
150	16	-30.093	-120.	118.32	894	0.12265
151	21	-29.807	-120.	116.19	894	0.12312
151	16	-30.093	-120.	118.32	894	0.12265
151	45	-27.948	-120.	116.45	894	0.12307
152	21	-29.807	-120.	116.19	894	0.12312
152	45	-27.948	-120.	116.45	894	0.12307
152	50	-27.848	-120.	115.7	894	0.12322
153	21	-29.807	-120.	116.19	894	0.12312
153	50	-27.848	-120.	115.7	894	0.12322
153	26	-29.567	-120.	114.76	894	0.12337
154	21	-29.807	-120.	116.19	894	0.12312
154	26	-29.567	-120.	114.76	894	0.12337
154	12	-30.578	-120.	114.99	894	0.12332
155	21	-29.807	-120.	116.19	894	0.12312
155	12	-30.578	-120.	114.99	894	0.12332
155	1	-32.805	-120.	116.88	894	0.12292
156	40	-28.243	-120.	120.02	900	0.12219
156	59	-27.268	-120.	119.76	900	0.12225
156	38	-28.244	-120.	119.26	900	0.1224
157	42	-28.178	-120.	121.44	900	0.12176
157	44	-28.087	-120.	123.61	900	0.12101
157	88	-25.431	-120.	120.69	900	0.12193
158	42	-28.178	-120.	121.44	900	0.12176
158	88	-25.431	-120.	120.69	900	0.12193
158	59	-27.268	-120.	119.76	900	0.12225
159	42	-28.178	-120.	121.44	900	0.12176
159	59	-27.268	-120.	119.76	900	0.12225
159	40	-28.243	-120.	120.02	900	0.12219
160	42	-28.178	-120.	121.44	900	0.12176
160	40	-28.243	-120.	120.02	900	0.12219
160	18	-30.04	-120.	121.91	900	0.1216
161	42	-28.178	-120.	121.44	900	0.12176
161	18	-30.04	-120.	121.91	900	0.1216
161	19	-29.999	-120.	122.65	900	0.12135
162	42	-28.178	-120.	121.44	900	0.12176
162	19	-29.999	-120.	122.65	900	0.12135
162	44	-28.087	-120.	123.61	900	0.12101
163	17	-30.09	-120.	120.48	900	0.12206
163	0	-32.924	-120.	121.19	900	0.12178
163	16	-30.093	-120.	118.32	900	0.12265
164	17	-30.09	-120.	120.48	900	0.12206
164	16	-30.093	-120.	118.32	900	0.12265
164	38	-28.244	-120.	119.26	900	0.1224
165	17	-30.09	-120.	120.48	900	0.12206
165	38	-28.244	-120.	119.26	900	0.1224
165	40	-28.243	-120.	120.02	900	0.12219
166	17	-30.09	-120.	120.48	900	0.12206
166	40	-28.243	-120.	120.02	900	0.12219
166	18	-30.04	-120.	121.91	900	0.1216
167	17	-30.09	-120.	120.48	900	0.12206
167	18	-30.04	-120.	121.91	900	0.1216
167	9	-30.996	-120.	122.16	900	0.12151
168	17	-30.09	-120.	120.48	900	0.12206
168	9	-30.996	-120.	122.16	900	0.12151
168	0	-32.924	-120.	121.19	900	0.12178
169	18	-30.04	-120.	121.91	900	0.1216
169	9	-30.996	-120.	122.16	900	0.12151
169	19	-29.999	-120.	122.65	900	0.12135
170	101	-24.589	-120.	134.53	905	0.11628
170	143	-20.59	-120.	135.59	905	0.11575
170	115	-22.777	-120.	131.8	905	0.11752
171	236	-6.4699	-120.	149.04	910	0.11114
171	234	-6.7075	-120.	147.97	910	0.11115
171	230	-7.1945	-120.	148.83	910	0.11116
172	239	-6.0411	-120.	151.07	910	0.1112
172	249	-4.4252	-120.	152.47	910	0.11136
172	243	-5.3928	-120.	154.18	910	0.11152
173	239	-6.0411	-120.	151.07	910	0.1112
173	243	-5.3928	-120.	154.18	910	0.11152
173	226	-8.113	-120.	150.47	910	0.11116
174	239	-6.0411	-120.	151.07	910	0.1112
174	226	-8.113	-120.	150.47	910	0.11116
174	230	-7.1945	-120.	148.83	910	0.11116
175	239	-6.0411	-120.	151.07	910	0.1112
175	230	-7.1945	-120.	148.83	910	0.11116
175	236	-6.4699	-120.	149.04	910	0.11114
176	239	-6.0411	-120.	151.07	910	0.1112
176	236	-6.4699	-120.	149.04	910	0.11114
176	246	-4.6513	-120.	151.42	910	0.11124
177	239	-6.0411	-120.	151.07	910	0.1112
177	246	-4.6513	-120.	151.42	910	0.11124
177	249	-4.4252	-120.	152.47	910	0.11136
178	251	-3.9312	-120.	151.58	910	0.11127
178	246	-4.6513	-120.	151.42	910	0.11124
178	249	-4.4252	-120.	152.47	910	0.11136
179	244	-5.0895	-120.	149.37	910	0.11109
179	256	-2.9777	-120.	149.89	910	0.11106
179	240	-5.7995	-120.	146.33	910	0.1111
180	244	-5.0895	-120.	149.37	910	0.11109
180	240	-5.7995	-120.	146.33	910	0.1111
180	234	-6.7075	-120.	147.97	910	0.11115
181	244	-5.0895	-120.	149.37	910	0.11109
181	234	-6.7075	-120.	147.97	910	0.11115
181	236	-6.4699	-120.	149.04	910	0.11114
182	244	-5.0895	-120.	149.37	910	0.11109
182	236	-6.4699	-120.	149.04	910	0.11114
182	246	-4.6513	-120.	151.42	910	0.11124
183	244	-5.0895	-120.	149.37	910	0.11109
183	246	-4.6513	-120.	151.42	910	0.11124
183	251	-3.9312	-120.	151.58	910	0.11127
184	244	-5.0895	-120.	149.37	910	0.11109
184	251	-3.9312	-120.	151.58	910	0.11127
184	256	-2.9777	-120.	149.89	910	0.11106
185	304	4.9242	-120.	150.14	912	0.11081
185	302	4.6741	-120.	149.18	912	0.11052
185	299	4.1731	-120.	150.21	912	0.11086
186	312	6.3385	-120.	149.94	912	0.11071
186	323	8.4836	-120.	149.65	912	0.11055
186	308	5.588	-120.	147.24	912	0.10982
187	312	6.3385	-120.	149.94	912	0.11071
187	308	5.588	-120.	147.24	912	0.10982
187	302	4.6741	-120.	149.18	912	0.11052
188	312	6.3385	-120.	149.94	912	0.11071
188	302	4.6741	-120.	149.18	912	0.11052
188	304	4.9242	-120.	150.14	912	0.11081
189	312	6.3385	-120.	149.94	912	0.11071
189	304	4.9242	-120.	150.14	912	0.11081
189	314	6.814	-120.	151.77	912	0.11134
190	312	6.3385	-120.	149.94	912	0.11071
190	314	6.814	-120.	151.77	912	0.11134
190	320	7.5469	-120.	151.66	912	0.11131
191	312	6.3385	-120.	149.94	912	0.11071
191	320	7.5469	-120.	151.66	912	0.11131
191	323	8.4836	-120.	149.65	912	0.11055
192	307	5.3872	-120.	151.95	912	0.11139
192	311	6.1077	-120.	154.74	912	0.11231
192	296	3.2389	-120.	152.16	912	0.11144
193	307	5.3872	-120.	151.95	912	0.11139
193	296	3.2389	-120.	152.16	912	0.11144
193	299	4.1731	-120.	150.21	912	0.11086
194	307	5.3872	-120.	151.95	912	0.11139
194	299	4.1731	-120.	150.21	912	0.11086
194	304	4.9242	-120.	150.14	912	0.11081
195	307	5.3872	-120.	151.95	912	0.11139
195	304	4.9242	-120.	150.14	912	0.11081
195	314	6.814	-120.	151.77	912	0.11134
196	307	5.3872	-120.	151.95	912	0.11139
196	314	6.814	-120.	151.77	912	0.11134
196	316	7.065	-120.	152.71	912	0.11167
197	307	5.3872	-120.	151.95	912	0.11139
197	316	7.065	-120.	152.71	912	0.11167
197	311	6.1077	-120.	154.74	912	0.11231
198	314	6.814	-120.	151.77	912	0.11134
198	316	7.065	-120.	152.71	912	0.11167
198	320	7.5469	-120.	151.66	912	0.11131
199	387	18.289	-120.	147.65	935	0.10959
199	393	19.016	-120.	145.11	935	0.1085
199	405	20.723	-120.	146.15	935	0.10893
200	396	19.872	-120.	148.18	935	0.1098
200	387	18.289	-120.	147.65	935	0.10959
200	405	20.723	-120.	146.15	935	0.10893
201	396	19.872	-120.	148.18	935	0.1098
201	405	20.723	-120.	146.15	935	0.10893
201	415	21.609	-120.	146.7	935	0.10915
202	396	19.872	-120.	148.18	935	0.1098
202	415	21.609	-120.	146.7	935	0.10915
202	408	20.929	-120.	149.43	935	0.11033
203	396	19.872	-120.	148.18	935	0.1098
203	408	20.929	-120.	149.43	935	0.11033
203	394	19.764	-120.	150.15	935	0.11065
204	396	19.872	-120.	148.18	935	0.1098
204	394	19.764	-120.	150.15	935	0.11065
204	385	17.918	-120.	148.97	935	0.11016
205	396	19.872	-120.	148.18	935	0.1098
205	385	17.918	-120.	148.97	935	0.11016
205	387	18.289	-120.	147.65	935	0.10959
206	408	20.929	-120.	149.43	935	0.11033
206	415	21.609	-120.	146.7	935	0.10915
206	430	23.336	-120.	147.74	935	0.10957
207	394	19.764	-120.	150.15	935	0.11065
207	380	17.167	-120.	151.53	935	0.11128
207	385	17.918	-120.	148.97	935	0.11016
208	291	2.4319	-120.	148.95	938	0.11058
208	299	4.1731	-120.	150.21	938	0.11086
208	287	1.3459	-120.	150.21	938	0.11096
209	291	2.4319	-120.	148.95	938	0.11058
209	287	1.3459	-120.	150.21	938	0.11096
209	279	0.33219	-120.	149.18	938	0.11079
210	291	2.4319	-120.	148.95	938	0.11058
210	279	0.33219	-120.	149.18	938	0.11079
210	284	1.2224	-120.	147.46	938	0.11033
211	291	2.4319	-120.	148.95	938	0.11058
211	284	1.2224	-120.	147.46	938	0.11033
211	294	2.8435	-120.	147.46	938	0.11015
212	291	2.4319	-120.	148.95	938	0.11058
212	294	2.8435	-120.	147.46	938	0.11015
212	302	4.6741	-120.	149.18	938	0.11052
213	291	2.4319	-120.	148.95	938	0.11058
213	302	4.6741	-120.	149.18	938	0.11052
213	299	4.1731	-120.	150.21	938	0.11086
214	284	1.2224	-120.	147.46	938	0.11033
214	279	0.33219	-120.	149.18	938	0.11079
214	265	-1.522	-120.	147.24	938	0.11061
215	299	4.1731	-120.	150.21	938	0.11086
215	296	3.2389	-120.	152.16	938	0.11144
215	287	1.3459	-120.	150.21	938	0.11096
216	302	4.6741	-120.	149.18	938	0.11052
216	294	2.8435	-120.	147.46	938	0.11015
216	308	5.588	-120.	147.24	938	0.10982
217	335	10.335	-120.	151.03	942	0.11107
217	319	7.5469	-120.	151.66	942	0.11131
217	323	8.4836	-120.	149.65	942	0.11055
218	326	9.0131	-120.	154.27	942	0.11227
218	311	6.1077	-120.	154.74	942	0.11231
218	317	7.065	-120.	152.71	942	0.11167
219	328	9.2669	-120.	152.57	942	0.11166
219	326	9.0131	-120.	154.27	942	0.11227
219	317	7.065	-120.	152.71	942	0.11167
220	328	9.2669	-120.	152.57	942	0.11166
220	317	7.065	-120.	152.71	942	0.11167
220	319	7.5469	-120.	151.66	942	0.11131
221	328	9.2669	-120.	152.57	942	0.11166
221	319	7.5469	-120.	151.66	942	0.11131
221	335	10.335	-120.	151.03	942	0.11107
222	328	9.2669	-120.	152.57	942	0.11166
222	335	10.335	-120.	151.03	942	0.11107
222	344	11.293	-120.	151.76	942	0.11136
223	328	9.2669	-120.	152.57	942	0.11166
223	344	11.293	-120.	151.76	942	0.11136
223	336	10.348	-120.	153.98	942	0.1122
224	328	9.2669	-120.	152.57	942	0.11166
224	336	10.348	-120.	153.98	942	0.1122
224	326	9.0131	-120.	154.27	942	0.11227
225	356	13.174	-120.	153.16	942	0.11194
225	336	10.348	-120.	153.98	942	0.1122
225	344	11.293	-120.	151.76	942	0.11136
226	219	-9.0374	-120.	89.857	965	0.11823
226	214	-9.904	-120.	92.112	965	0.11924
226	205	-11.685	-120.	90.932	965	0.11872
227	210	-10.696	-120.	89.164	965	0.11794
227	219	-9.0374	-120.	89.857	965	0.11823
227	205	-11.685	-120.	90.932	965	0.11872
228	210	-10.696	-120.	89.164	965	0.11794
228	205	-11.685	-120.	90.932	965	0.11872
228	195	-12.608	-120.	90.314	965	0.11846
229	210	-10.696	-120.	89.164	965	0.11794
229	195	-12.608	-120.	90.314	965	0.11846
229	202	-11.761	-120.	87.856	965	0.11738
230	210	-10.696	-120.	89.164	965	0.11794
230	202	-11.761	-120.	87.856	965	0.11738
230	213	-10.493	-120.	87.342	965	0.11716
231	210	-10.696	-120.	89.164	965	0.11794
231	213	-10.493	-120.	87.342	965	0.11716
231	222	-8.5933	-120.	88.683	965	0.11773
232	210	-10.696	-120.	89.164	965	0.11794
232	222	-8.5933	-120.	88.683	965	0.11773
232	219	-9.0374	-120.	89.857	965	0.11823
233	202	-11.761	-120.	87.856	965	0.11738
233	195	-12.608	-120.	90.314	965	0.11846
233	183	-14.413	-120.	89.13	965	0.11795
234	213	-10.493	-120.	87.342	965	0.11716
234	228	-7.7041	-120.	86.405	965	0.11681
234	222	-8.5933	-120.	88.683	965	0.11773
235	193	-12.821	-120.	94.742	966	0.12042
235	192	-13.091	-120.	93.772	966	0.12
235	185	-13.745	-120.	94.149	966	0.12017
236	196	-12.345	-120.	91.267	966	0.11888
236	205	-11.685	-120.	90.932	966	0.11872
236	195	-12.608	-120.	90.314	966	0.11846
237	187	-13.615	-120.	91.942	966	0.1192
237	185	-13.745	-120.	94.149	966	0.12017
237	178	-15.485	-120.	93.018	966	0.11969
238	187	-13.615	-120.	91.942	966	0.1192
238	178	-15.485	-120.	93.018	966	0.11969
238	183	-14.413	-120.	89.13	966	0.11795
239	187	-13.615	-120.	91.942	966	0.1192
239	183	-14.413	-120.	89.13	966	0.11795
239	195	-12.608	-120.	90.314	966	0.11846
240	187	-13.615	-120.	91.942	966	0.1192
240	195	-12.608	-120.	90.314	966	0.11846
240	196	-12.345	-120.	91.267	966	0.11888
241	187	-13.615	-120.	91.942	966	0.1192
241	196	-12.345	-120.	91.267	966	0.11888
241	192	-13.091	-120.	93.772	966	0.12
242	187	-13.615	-120.	91.942	966	0.1192
242	192	-13.091	-120.	93.772	966	0.12
242	185	-13.745	-120.	94.149	966	0.12017
243	201	-11.825	-120.	93.116	966	0.1197
243	205	-11.685	-120.	90.932	966	0.11872
243	214	-9.904	-120.	92.112	966	0.11924
244	201	-11.825	-120.	93.116	966	0.1197
244	214	-9.904	-120.	92.112	966	0.11924
244	206	-11.103	-120.	95.872	966	0.1209
245	201	-11.825	-120.	93.116	966	0.1197
245	206	-11.103	-120.	95.872	966	0.1209
245	193	-12.821	-120.	94.742	966	0.12042
246	201	-11.825	-120.	93.116	966	0.1197
246	193	-12.821	-120.	94.742	966	0.12042
246	192	-13.091	-120.	93.772	966	0.12
247	201	-11.825	-120.	93.116	966	0.1197
247	192	-13.091	-120.	93.772	966	0.12
247	196	-12.345	-120.	91.267	966	0.11888
248	201	-11.825	-120.	93.116	966	0.1197
248	196	-12.345	-120.	91.267	966	0.11888
248	205	-11.685	-120.	90.932	966	0.11872
249	281	0.59341	-120.	150.18	972	0.11099
249	286	1.3459	-120.	150.21	972	0.11096
249	278	0.33219	-120.	149.18	972	0.11079
250	283	1.0853	-120.	152.07	972	0.1114
250	288	1.8045	-120.	154.98	972	0.11214
250	296	3.2389	-120.	152.16	972	0.11144
251	283	1.0853	-120.	152.07	972	0.1114
251	296	3.2389	-120.	152.16	972	0.11144
251	286	1.3459	-120.	150.21	972	0.11096
252	283	1.0853	-120.	152.07	972	0.1114
252	286	1.3459	-120.	150.21	972	0.11096
252	281	0.59341	-120.	150.18	972	0.11099
253	283	1.0853	-120.	152.07	972	0.1114
253	281	0.59341	-120.	150.18	972	0.11099
253	274	-0.353	-120.	151.97	972	0.11136
254	283	1.0853	-120.	152.07	972	0.1114
254	274	-0.353	-120.	151.97	972	0.11136
254	277	-0.11815	-120.	152.95	972	0.11157
255	283	1.0853	-120.	152.07	972	0.1114
255	277	-0.11815	-120.	152.95	972	0.11157
255	288	1.8045	-120.	154.98	972	0.11214
256	271	-0.83641	-120.	150.06	972	0.11102
256	256	-2.9777	-120.	149.89	972	0.11106
256	265	-1.522	-120.	147.24	972	0.11061
257	271	-0.83641	-120.	150.06	972	0.11102
257	265	-1.522	-120.	147.24	972	0.11061
257	278	0.33219	-120.	149.18	972	0.11079
258	271	-0.83641	-120.	150.06	972	0.11102
258	278	0.33219	-120.	149.18	972	0.11079
258	281	0.59341	-120.	150.18	972	0.11099
259	271	-0.83641	-120.	150.06	972	0.11102
259	281	0.59341	-120.	150.18	972	0.11099
259	274	-0.353	-120.	151.97	972	0.11136
260	271	-0.83641	-120.	150.06	972	0.11102
260	274	-0.353	-120.	151.97	972	0.11136
260	269	-1.0913	-120.	151.9	972	0.11135
261	271	-0.83641	-120.	150.06	972	0.11102
261	269	-1.0913	-120.	151.9	972	0.11135
261	256	-2.9777	-120.	149.89	972	0.11106
262	274	-0.353	-120.	151.97	972	0.11136
262	269	-1.0913	-120.	151.9	972	0.11135
262	277	-0.11815	-120.	152.95	972	0.11157
263	57	-27.373	-120.	138.94	975	0.11434
263	99	-24.821	-120.	142.41	975	0.11291
263	113	-23.261	-120.	139.86	975	0.11391
264	318	7.3448	-120.	91.56	976	0.11799
264	329	9.39	-120.	91.764	976	0.11783
264	324	8.5345	-120.	93.311	976	0.11797
265	318	7.3448	-120.	91.56	976	0.11799
265	324	8.5345	-120.	93.311	976	0.11797
265	315	6.9488	-120.	92.974	976	0.11817
266	318	7.3448	-120.	91.56	976	0.11799
266	315	6.9488	-120.	92.974	976	0.11817
266	306	5.1429	-120.	90.861	976	0.11807
267	318	7.3448	-120.	91.56	976	0.11799
267	306	5.1429	-120.	90.861	976	0.11807
267	310	5.6436	-120.	89.931	976	0.11789
268	318	7.3448	-120.	91.56	976	0.11799
268	310	5.6436	-120.	89.931	976	0.11789
268	322	8.4091	-120.	90.519	976	0.11783
269	318	7.3448	-120.	91.56	976	0.11799
269	322	8.4091	-120.	90.519	976	0.11783
269	329	9.39	-120.	91.764	976	0.11783
270	306	5.1429	-120.	90.861	976	0.11807
270	315	6.9488	-120.	92.974	976	0.11817
270	300	4.2195	-120.	92.615	976	0.11846
271	329	9.39	-120.	91.764	976	0.11783
271	343	11.174	-120.	94.093	976	0.11762
271	324	8.5345	-120.	93.311	976	0.11797
272	322	8.4091	-120.	90.519	976	0.11783
272	310	5.6436	-120.	89.931	976	0.11789
272	313	6.5826	-120.	88.167	976	0.1176
273	260	-2.2653	-120.	90.059	979	0.11822
273	255	-3.011	-120.	90.17	979	0.11828
273	262	-2.0045	-120.	91.016	979	0.11854
274	270	-0.84033	-120.	89.911	979	0.11812
274	272	-0.59171	-120.	88.013	979	0.11751
274	285	1.3031	-120.	89.681	979	0.11799
275	270	-0.84033	-120.	89.911	979	0.11812
275	285	1.3031	-120.	89.681	979	0.11799
275	275	-0.15357	-120.	92.615	979	0.11897
276	270	-0.84033	-120.	89.911	979	0.11812
276	275	-0.15357	-120.	92.615	979	0.11897
276	262	-2.0045	-120.	91.016	979	0.11854
277	270	-0.84033	-120.	89.911	979	0.11812
277	262	-2.0045	-120.	91.016	979	0.11854
277	260	-2.2653	-120.	90.059	979	0.11822
278	270	-0.84033	-120.	89.911	979	0.11812
278	260	-2.2653	-120.	90.059	979	0.11822
278	266	-1.3299	-120.	88.083	979	0.11753
279	270	-0.84033	-120.	89.911	979	0.11812
279	266	-1.3299	-120.	88.083	979	0.11753
279	272	-0.59171	-120.	88.013	979	0.11751
280	264	-1.5709	-120.	87.142	979	0.11722
280	266	-1.3299	-120.	88.083	979	0.11753
280	272	-0.59171	-120.	88.013	979	0.11751
281	258	-2.7619	-120.	88.247	979	0.11758
281	253	-3.4987	-120.	85.463	979	0.11658
281	245	-4.8957	-120.	88.564	979	0.1177
282	258	-2.7619	-120.	88.247	979	0.11758
282	245	-4.8957	-120.	88.564	979	0.1177
282	255	-3.011	-120.	90.17	979	0.11828
283	258	-2.7619	-120.	88.247	979	0.11758
283	255	-3.011	-120.	90.17	979	0.11828
283	260	-2.2653	-120.	90.059	979	0.11822
284	258	-2.7619	-120.	88.247	979	0.11758
284	260	-2.2653	-120.	90.059	979	0.11822
284	266	-1.3299	-120.	88.083	979	0.11753
285	258	-2.7619	-120.	88.247	979	0.11758
285	266	-1.3299	-120.	88.083	979	0.11753
285	264	-1.5709	-120.	87.142	979	0.11722
286	258	-2.7619	-120.	88.247	979	0.11758
286	264	-1.5709	-120.	87.142	979	0.11722
286	253	-3.4987	-120.	85.463	979	0.11658
287	309	5.6436	-120.	89.931	984	0.11789
287	303	4.8924	-120.	89.862	984	0.1179
287	305	5.1429	-120.	90.861	984	0.11807
288	295	3.0008	-120.	87.884	984	0.1175
288	293	2.7559	-120.	86.903	984	0.11725
288	289	2.2612	-120.	87.855	984	0.11749
289	297	3.47	-120.	89.793	984	0.11794
289	305	5.1429	-120.	90.861	984	0.11807
289	300	4.2195	-120.	92.615	984	0.11846
290	297	3.47	-120.	89.793	984	0.11794
290	300	4.2195	-120.	92.615	984	0.11846
290	285	1.3031	-120.	89.681	984	0.11799
291	297	3.47	-120.	89.793	984	0.11794
291	285	1.3031	-120.	89.681	984	0.11799
291	289	2.2612	-120.	87.855	984	0.11749
292	297	3.47	-120.	89.793	984	0.11794
292	289	2.2612	-120.	87.855	984	0.11749
292	295	3.0008	-120.	87.884	984	0.1175
293	297	3.47	-120.	89.793	984	0.11794
293	295	3.0008	-120.	87.884	984	0.1175
293	303	4.8924	-120.	89.862	984	0.1179
294	297	3.47	-120.	89.793	984	0.11794
294	303	4.8924	-120.	89.862	984	0.1179
294	305	5.1429	-120.	90.861	984	0.11807
295	301	4.4345	-120.	87.969	984	0.11754
295	293	2.7559	-120.	86.903	984	0.11725
295	298	3.7317	-120.	85.064	984	0.11685
296	301	4.4345	-120.	87.969	984	0.11754
296	298	3.7317	-120.	85.064	984	0.11685
296	313	6.5826	-120.	88.167	984	0.1176
297	301	4.4345	-120.	87.969	984	0.11754
297	313	6.5826	-120.	88.167	984	0.1176
297	309	5.6436	-120.	89.931	984	0.11789
298	301	4.4345	-120.	87.969	984	0.11754
298	309	5.6436	-120.	89.931	984	0.11789
298	303	4.8924	-120.	89.862	984	0.1179
299	301	4.4345	-120.	87.969	984	0.11754
299	303	4.8924	-120.	89.862	984	0.1179
299	295	3.0008	-120.	87.884	984	0.1175
300	301	4.4345	-120.	87.969	984	0.11754
300	295	3.0008	-120.	87.884	984	0.1175
300	293	2.7559	-120.	86.903	984	0.11725
301	182	-14.524	-120.	96.261	995	0.12106
301	176	-16.032	-120.	95.811	995	0.12087
301	185	-13.745	-120.	94.149	995	0.12017
302	182	-14.524	-120.	96.261	995	0.12106
302	185	-13.745	-120.	94.149	995	0.12017
302	193	-12.821	-120.	94.742	995	0.12042
303	182	-14.524	-120.	96.261	995	0.12106
303	193	-12.821	-120.	94.742	995	0.12042
303	189	-13.45	-120.	97.31	995	0.12148
304	182	-14.524	-120.	96.261	995	0.12106
304	189	-13.45	-120.	97.31	995	0.12148
304	180	-14.762	-120.	98.263	995	0.12183
305	182	-14.524	-120.	96.261	995	0.12106
305	180	-14.762	-120.	98.263	995	0.12183
305	174	-16.334	-120.	97.294	995	0.12145
306	182	-14.524	-120.	96.261	995	0.12106
306	174	-16.334	-120.	97.294	995	0.12145
306	176	-16.032	-120.	95.811	995	0.12087
307	189	-13.45	-120.	97.31	995	0.12148
307	193	-12.821	-120.	94.742	995	0.12042
307	206	-11.103	-120.	95.872	995	0.1209
308	176	-16.032	-120.	95.811	995	0.12087
308	178	-15.485	-120.	93.018	995	0.11969
308	185	-13.745	-120.	94.149	995	0.12017
309	174	-16.334	-120.	97.294	995	0.12145
309	180	-14.762	-120.	98.263	995	0.12183
309	171	-16.855	-120.	100.05	995	0.12241
310	253	-3.4987	-120.	85.463	996	0.11658
310	228	-7.7041	-120.	86.405	996	0.11681
310	245	-4.8957	-120.	88.564	996	0.1177
311	169	-17.251	-120.	143.32	997	0.11252
311	163	-18.192	-120.	144.96	997	0.11205
311	148	-20.24	-120.	142.97	997	0.1127
312	152	-19.63	-120.	147.46	997	0.11137
312	127	-21.862	-120.	145.54	997	0.11186
312	159	-18.684	-120.	145.81	997	0.11181
313	99	-24.821	-120.	142.41	997	0.11291
313	129	-21.791	-120.	142.79	997	0.11277
313	114	-22.843	-120.	144.59	997	0.11215
314	142	-20.602	-120.	144.44	997	0.11221
314	148	-20.24	-120.	142.97	997	0.1127
314	163	-18.192	-120.	144.96	997	0.11205
315	142	-20.602	-120.	144.44	997	0.11221
315	163	-18.192	-120.	144.96	997	0.11205
315	159	-18.684	-120.	145.81	997	0.11181
316	142	-20.602	-120.	144.44	997	0.11221
316	159	-18.684	-120.	145.81	997	0.11181
316	127	-21.862	-120.	145.54	997	0.11186
317	142	-20.602	-120.	144.44	997	0.11221
317	127	-21.862	-120.	145.54	997	0.11186
317	114	-22.843	-120.	144.59	997	0.11215
318	142	-20.602	-120.	144.44	997	0.11221
318	114	-22.843	-120.	144.59	997	0.11215
318	129	-21.791	-120.	142.79	997	0.11277
319	142	-20.602	-120.	144.44	997	0.11221
319	129	-21.791	-120.	142.79	997	0.11277
319	148	-20.24	-120.	142.97	997	0.1127
320	575	36.909	-120.	117.34	999	0.10749
320	573	36.317	-120.	113.07	999	0.10908
320	555	33.96	-120.	115.92	999	0.10795
321	313	6.5826	-120.	88.167	1004	0.1176
321	321	8.0152	-120.	85.538	1004	0.11726
321	298	3.7317	-120.	85.064	1004	0.11685
322	108	-23.689	-120.	103.77	1024	0.12326
322	103	-24.368	-120.	105.63	1024	0.12355
322	78	-26.081	-120.	104.59	1024	0.1234
323	108	-23.689	-120.	103.77	1024	0.12326
323	78	-26.081	-120.	104.59	1024	0.1234
323	90	-25.369	-120.	103.36	1024	0.12319
324	108	-23.689	-120.	103.77	1024	0.12326
324	90	-25.369	-120.	103.36	1024	0.12319
324	122	-22.197	-120.	101.87	1024	0.12287
325	108	-23.689	-120.	103.77	1024	0.12326
325	122	-22.197	-120.	101.87	1024	0.12287
325	135	-21.358	-120.	102.37	1024	0.12298
326	108	-23.689	-120.	103.77	1024	0.12326
326	135	-21.358	-120.	102.37	1024	0.12298
326	116	-22.763	-120.	104.8	1024	0.12345
327	108	-23.689	-120.	103.77	1024	0.12326
327	116	-22.763	-120.	104.8	1024	0.12345
327	103	-24.368	-120.	105.63	1024	0.12355
328	122	-22.197	-120.	101.87	1024	0.12287
328	90	-25.369	-120.	103.36	1024	0.12319
328	107	-23.785	-120.	100.93	1024	0.12264
329	103	-24.368	-120.	105.63	1024	0.12355
329	55	-27.388	-120.	107.17	1024	0.1237
329	78	-26.081	-120.	104.59	1024	0.1234
330	116	-22.763	-120.	104.8	1024	0.12345
330	135	-21.358	-120.	102.37	1024	0.12298
330	151	-19.781	-120.	103.3	1024	0.1232
331	84	-25.691	-120.	136.27	1035	0.11549
331	64	-26.981	-120.	133.72	1035	0.11668
331	101	-24.589	-120.	134.53	1035	0.11628
332	27	-29.479	-120.	135.18	1035	0.11603
332	10	-30.643	-120.	132.48	1035	0.11727
332	41	-28.225	-120.	133.31	1035	0.11688
333	54	-27.584	-120.	135.34	1035	0.11594
333	27	-29.479	-120.	135.18	1035	0.11603
333	41	-28.225	-120.	133.31	1035	0.11688
334	54	-27.584	-120.	135.34	1035	0.11594
334	41	-28.225	-120.	133.31	1035	0.11688
334	64	-26.981	-120.	133.72	1035	0.11668
335	54	-27.584	-120.	135.34	1035	0.11594
335	64	-26.981	-120.	133.72	1035	0.11668
335	84	-25.691	-120.	136.27	1035	0.11549
336	54	-27.584	-120.	135.34	1035	0.11594
336	84	-25.691	-120.	136.27	1035	0.11549
336	75	-26.268	-120.	137.17	1035	0.1151
337	54	-27.584	-120.	135.34	1035	0.11594
337	75	-26.268	-120.	137.17	1035	0.1151
337	34	-28.862	-120.	136.4	1035	0.11547
338	54	-27.584	-120.	135.34	1035	0.11594
338	34	-28.862	-120.	136.4	1035	0.11547
338	27	-29.479	-120.	135.18	1035	0.11603
339	57	-27.373	-120.	138.94	1035	0.11434
339	34	-28.862	-120.	136.4	1035	0.11547
339	75	-26.268	-120.	137.17	1035	0.1151
340	131	-21.647	-120.	137.26	1036	0.11501
340	118	-22.638	-120.	137.55	1036	0.1149
340	120	-22.202	-120.	138.16	1036	0.11462
341	92	-25.296	-120.	136.9	1036	0.11521
341	85	-25.691	-120.	136.27	1036	0.11549
341	74	-26.268	-120.	137.17	1036	0.1151
342	102	-24.506	-120.	138.1	1036	0.11468
342	120	-22.202	-120.	138.16	1036	0.11462
342	113	-23.261	-120.	139.86	1036	0.11391
343	102	-24.506	-120.	138.1	1036	0.11468
343	113	-23.261	-120.	139.86	1036	0.11391
343	57	-27.373	-120.	138.94	1036	0.11434
344	102	-24.506	-120.	138.1	1036	0.11468
344	57	-27.373	-120.	138.94	1036	0.11434
344	74	-26.268	-120.	137.17	1036	0.1151
345	102	-24.506	-120.	138.1	1036	0.11468
345	74	-26.268	-120.	137.17	1036	0.1151
345	92	-25.296	-120.	136.9	1036	0.11521
346	102	-24.506	-120.	138.1	1036	0.11468
346	92	-25.296	-120.	136.9	1036	0.11521
346	118	-22.638	-120.	137.55	1036	0.1149
347	102	-24.506	-120.	138.1	1036	0.11468
347	118	-22.638	-120.	137.55	1036	0.1149
347	120	-22.202	-120.	138.16	1036	0.11462
348	111	-23.409	-120.	136.35	1036	0.11544
348	85	-25.691	-120.	136.27	1036	0.11549
348	101	-24.589	-120.	134.53	1036	0.11628
349	111	-23.409	-120.	136.35	1036	0.11544
349	101	-24.589	-120.	134.53	1036	0.11628
349	143	-20.59	-120.	135.59	1036	0.11575
350	111	-23.409	-120.	136.35	1036	0.11544
350	143	-20.59	-120.	135.59	1036	0.11575
350	131	-21.647	-120.	137.26	1036	0.11501
351	111	-23.409	-120.	136.35	1036	0.11544
351	131	-21.647	-120.	137.26	1036	0.11501
351	118	-22.638	-120.	137.55	1036	0.1149
352	111	-23.409	-120.	136.35	1036	0.11544
352	118	-22.638	-120.	137.55	1036	0.1149
352	92	-25.296	-120.	136.9	1036	0.11521
353	111	-23.409	-120.	136.35	1036	0.11544
353	92	-25.296	-120.	136.9	1036	0.11521
353	85	-25.691	-120.	136.27	1036	0.11549
354	149	-19.941	-120.	138.82	1037	0.1143
354	166	-17.829	-120.	138.97	1037	0.11418
354	158	-18.742	-120.	140.49	1037	0.11357
355	149	-19.941	-120.	138.82	1037	0.1143
355	158	-18.742	-120.	140.49	1037	0.11357
355	147	-20.31	-120.	140.26	1037	0.1137
356	149	-19.941	-120.	138.82	1037	0.1143
356	147	-20.31	-120.	140.26	1037	0.1137
356	121	-22.202	-120.	138.16	1037	0.11462
357	149	-19.941	-120.	138.82	1037	0.1143
357	121	-22.202	-120.	138.16	1037	0.11462
357	132	-21.647	-120.	137.26	1037	0.11501
358	149	-19.941	-120.	138.82	1037	0.1143
358	132	-21.647	-120.	137.26	1037	0.11501
358	154	-18.914	-120.	137.77	1037	0.11473
359	149	-19.941	-120.	138.82	1037	0.1143
359	154	-18.914	-120.	137.77	1037	0.11473
359	166	-17.829	-120.	138.97	1037	0.11418
360	121	-22.202	-120.	138.16	1037	0.11462
360	147	-20.31	-120.	140.26	1037	0.1137
360	113	-23.261	-120.	139.86	1037	0.11391
361	166	-17.829	-120.	138.97	1037	0.11418
361	177	-15.833	-120.	140.87	1037	0.11333
361	158	-18.742	-120.	140.49	1037	0.11357
362	154	-18.914	-120.	137.77	1037	0.11473
362	132	-21.647	-120.	137.26	1037	0.11501
362	143	-20.59	-120.	135.59	1037	0.11575
363	86	-25.532	-120.	128.87	1041	0.11886
363	71	-26.322	-120.	130.55	1041	0.11813
363	62	-27.196	-120.	127.86	1041	0.11932
364	86	-25.532	-120.	128.87	1041	0.11886
364	62	-27.196	-120.	127.86	1041	0.11932
364	69	-26.429	-120.	126.87	1041	0.11972
365	86	-25.532	-120.	128.87	1041	0.11886
365	69	-26.429	-120.	126.87	1041	0.11972
365	105	-24.331	-120.	127.71	1041	0.11934
366	86	-25.532	-120.	128.87	1041	0.11886
366	105	-24.331	-120.	127.71	1041	0.11934
366	106	-23.83	-120.	129.26	1041	0.11867
367	86	-25.532	-120.	128.87	1041	0.11886
367	106	-23.83	-120.	129.26	1041	0.11867
367	95	-25.087	-120.	131.	1041	0.11791
368	86	-25.532	-120.	128.87	1041	0.11886
368	95	-25.087	-120.	131.	1041	0.11791
368	71	-26.322	-120.	130.55	1041	0.11813
369	105	-24.331	-120.	127.71	1041	0.11934
369	69	-26.429	-120.	126.87	1041	0.11972
369	96	-24.974	-120.	125.04	1041	0.12043
370	71	-26.322	-120.	130.55	1041	0.11813
370	35	-28.656	-120.	129.72	1041	0.11851
370	62	-27.196	-120.	127.86	1041	0.11932
371	95	-25.087	-120.	131.	1041	0.11791
371	106	-23.83	-120.	129.26	1041	0.11867
371	115	-22.777	-120.	131.8	1041	0.11752
372	61	-27.224	-120.	112.18	1056	0.12368
372	100	-24.688	-120.	113.62	1056	0.12348
372	112	-23.336	-120.	109.46	1056	0.12375
373	150	-19.798	-120.	140.81	1065	0.11347
373	157	-18.742	-120.	140.49	1065	0.11357
373	146	-20.31	-120.	140.26	1065	0.1137
374	156	-18.773	-120.	141.82	1065	0.11308
374	169	-17.251	-120.	143.32	1065	0.11252
374	177	-15.833	-120.	140.87	1065	0.11333
375	156	-18.773	-120.	141.82	1065	0.11308
375	177	-15.833	-120.	140.87	1065	0.11333
375	157	-18.742	-120.	140.49	1065	0.11357
376	156	-18.773	-120.	141.82	1065	0.11308
376	157	-18.742	-120.	140.49	1065	0.11357
376	150	-19.798	-120.	140.81	1065	0.11347
377	156	-18.773	-120.	141.82	1065	0.11308
377	150	-19.798	-120.	140.81	1065	0.11347
377	141	-20.774	-120.	142.45	1065	0.11288
378	156	-18.773	-120.	141.82	1065	0.11308
378	141	-20.774	-120.	142.45	1065	0.11288
378	148	-20.24	-120.	142.97	1065	0.1127
379	156	-18.773	-120.	141.82	1065	0.11308
379	148	-20.24	-120.	142.97	1065	0.1127
379	169	-17.251	-120.	143.32	1065	0.11252
380	128	-21.792	-120.	141.43	1065	0.11327
380	99	-24.821	-120.	142.41	1065	0.11291
380	113	-23.261	-120.	139.86	1065	0.11391
381	128	-21.792	-120.	141.43	1065	0.11327
381	113	-23.261	-120.	139.86	1065	0.11391
381	146	-20.31	-120.	140.26	1065	0.1137
382	128	-21.792	-120.	141.43	1065	0.11327
382	146	-20.31	-120.	140.26	1065	0.1137
382	150	-19.798	-120.	140.81	1065	0.11347
383	128	-21.792	-120.	141.43	1065	0.11327
383	150	-19.798	-120.	140.81	1065	0.11347
383	141	-20.774	-120.	142.45	1065	0.11288
384	128	-21.792	-120.	141.43	1065	0.11327
384	141	-20.774	-120.	142.45	1065	0.11288
384	129	-21.791	-120.	142.79	1065	0.11277
385	128	-21.792	-120.	141.43	1065	0.11327
385	129	-21.791	-120.	142.79	1065	0.11277
385	99	-24.821	-120.	142.41	1065	0.11291
386	141	-20.774	-120.	142.45	1065	0.11288
386	129	-21.791	-120.	142.79	1065	0.11277
386	148	-20.24	-120.	142.97	1065	0.1127
387	77	-26.164	-120.	103.72	1069	0.12325
387	79	-26.081	-120.	104.59	1069	0.1234
387	89	-25.369	-120.	103.36	1069	0.12319
388	76	-26.232	-120.	102.02	1069	0.12291
388	47	-27.911	-120.	101.92	1069	0.12288
388	73	-26.285	-120.	99.47	1069	0.12224
389	76	-26.232	-120.	102.02	1069	0.12291
389	73	-26.285	-120.	99.47	1069	0.12224
389	107	-23.785	-120.	100.93	1069	0.12264
390	76	-26.232	-120.	102.02	1069	0.12291
390	107	-23.785	-120.	100.93	1069	0.12264
390	89	-25.369	-120.	103.36	1069	0.12319
391	76	-26.232	-120.	102.02	1069	0.12291
391	89	-25.369	-120.	103.36	1069	0.12319
391	77	-26.164	-120.	103.72	1069	0.12325
392	76	-26.232	-120.	102.02	1069	0.12291
392	77	-26.164	-120.	103.72	1069	0.12325
392	48	-27.878	-120.	102.73	1069	0.12306
393	76	-26.232	-120.	102.02	1069	0.12291
393	48	-27.878	-120.	102.73	1069	0.12306
393	47	-27.911	-120.	101.92	1069	0.12288
394	37	-28.595	-120.	103.11	1069	0.12313
394	48	-27.878	-120.	102.73	1069	0.12306
394	47	-27.911	-120.	101.92	1069	0.12288
395	51	-27.669	-120.	104.51	1069	0.12338
395	20	-29.906	-120.	105.74	1069	0.12353
395	55	-27.388	-120.	107.17	1069	0.1237
396	51	-27.669	-120.	104.51	1069	0.12338
396	55	-27.388	-120.	107.17	1069	0.1237
396	79	-26.081	-120.	104.59	1069	0.1234
397	51	-27.669	-120.	104.51	1069	0.12338
397	79	-26.081	-120.	104.59	1069	0.1234
397	77	-26.164	-120.	103.72	1069	0.12325
398	51	-27.669	-120.	104.51	1069	0.12338
398	77	-26.164	-120.	103.72	1069	0.12325
398	48	-27.878	-120.	102.73	1069	0.12306
399	51	-27.669	-120.	104.51	1069	0.12338
399	48	-27.878	-120.	102.73	1069	0.12306
399	37	-28.595	-120.	103.11	1069	0.12313
400	51	-27.669	-120.	104.51	1069	0.12338
400	37	-28.595	-120.	103.11	1069	0.12313
400	20	-29.906	-120.	105.74	1069	0.12353
401	417	21.839	-120.	142.89	1084	0.10762
401	424	22.411	-120.	142.4	1084	0.10743
401	413	21.536	-120.	141.87	1084	0.10724
402	425	22.428	-120.	144.8	1084	0.10835
402	430	23.336	-120.	147.74	1084	0.10957
402	434	24.064	-120.	143.4	1084	0.10779
403	425	22.428	-120.	144.8	1084	0.10835
403	434	24.064	-120.	143.4	1084	0.10779
403	424	22.411	-120.	142.4	1084	0.10743
404	425	22.428	-120.	144.8	1084	0.10835
404	424	22.411	-120.	142.4	1084	0.10743
404	417	21.839	-120.	142.89	1084	0.10762
405	425	22.428	-120.	144.8	1084	0.10835
405	417	21.839	-120.	142.89	1084	0.10762
405	411	21.309	-120.	145.7	1084	0.10873
406	425	22.428	-120.	144.8	1084	0.10835
406	411	21.309	-120.	145.7	1084	0.10873
406	414	21.609	-120.	146.7	1084	0.10915
407	425	22.428	-120.	144.8	1084	0.10835
407	414	21.609	-120.	146.7	1084	0.10915
407	430	23.336	-120.	147.74	1084	0.10957
408	403	20.72	-120.	143.77	1084	0.10795
408	393	19.016	-120.	145.11	1084	0.1085
408	399	19.899	-120.	140.87	1084	0.10688
409	403	20.72	-120.	143.77	1084	0.10795
409	399	19.899	-120.	140.87	1084	0.10688
409	413	21.536	-120.	141.87	1084	0.10724
410	403	20.72	-120.	143.77	1084	0.10795
410	413	21.536	-120.	141.87	1084	0.10724
410	417	21.839	-120.	142.89	1084	0.10762
411	403	20.72	-120.	143.77	1084	0.10795
411	417	21.839	-120.	142.89	1084	0.10762
411	411	21.309	-120.	145.7	1084	0.10873
412	403	20.72	-120.	143.77	1084	0.10795
412	411	21.309	-120.	145.7	1084	0.10873
412	404	20.723	-120.	146.15	1084	0.10893
413	403	20.72	-120.	143.77	1084	0.10795
413	404	20.723	-120.	146.15	1084	0.10893
413	393	19.016	-120.	145.11	1084	0.1085
414	411	21.309	-120.	145.7	1084	0.10873
414	404	20.723	-120.	146.15	1084	0.10893
414	414	21.609	-120.	146.7	1084	0.10915
415	346	11.663	-120.	147.66	1097	0.10967
415	349	11.922	-120.	148.61	1097	0.11007
415	354	12.635	-120.	148.36	1097	0.10995
416	342	11.047	-120.	150.83	1097	0.11099
416	334	10.335	-120.	151.03	1097	0.11107
416	345	11.293	-120.	151.76	1097	0.11136
417	351	12.422	-120.	150.4	1097	0.11081
417	354	12.635	-120.	148.36	1097	0.10995
417	362	14.46	-120.	149.69	1097	0.1105
418	351	12.422	-120.	150.4	1097	0.11081
418	362	14.46	-120.	149.69	1097	0.1105
418	356	13.174	-120.	153.16	1097	0.11194
419	351	12.422	-120.	150.4	1097	0.11081
419	356	13.174	-120.	153.16	1097	0.11194
419	345	11.293	-120.	151.76	1097	0.11136
420	351	12.422	-120.	150.4	1097	0.11081
420	345	11.293	-120.	151.76	1097	0.11136
420	342	11.047	-120.	150.83	1097	0.11099
421	351	12.422	-120.	150.4	1097	0.11081
421	342	11.047	-120.	150.83	1097	0.11099
421	349	11.922	-120.	148.61	1097	0.11007
422	351	12.422	-120.	150.4	1097	0.11081
422	349	11.922	-120.	148.61	1097	0.11007
422	354	12.635	-120.	148.36	1097	0.10995
423	338	10.553	-120.	149.02	1097	0.11026
423	334	10.335	-120.	151.03	1097	0.11107
423	323	8.4836	-120.	149.65	1097	0.11055
424	338	10.553	-120.	149.02	1097	0.11026
424	323	8.4836	-120.	149.65	1097	0.11055
424	332	9.8655	-120.	146.33	1097	0.10918
425	338	10.553	-120.	149.02	1097	0.11026
425	332	9.8655	-120.	146.33	1097	0.10918
425	346	11.663	-120.	147.66	1097	0.10967
426	338	10.553	-120.	149.02	1097	0.11026
426	346	11.663	-120.	147.66	1097	0.10967
426	349	11.922	-120.	148.61	1097	0.11007
427	338	10.553	-120.	149.02	1097	0.11026
427	349	11.922	-120.	148.61	1097	0.11007
427	342	11.047	-120.	150.83	1097	0.11099
428	338	10.553	-120.	149.02	1097	0.11026
428	342	11.047	-120.	150.83	1097	0.11099
428	334	10.335	-120.	151.03	1097	0.11107
429	393	19.016	-120.	145.11	1104	0.1085
429	399	19.899	-120.	140.87	1104	0.10688
429	375	16.361	-120.	143.44	1104	0.10781
430	436	24.303	-120.	140.3	1108	0.10674
430	440	24.802	-120.	139.73	1108	0.10658
430	438	24.441	-120.	138.64	1108	0.10628
431	450	26.414	-120.	140.68	1108	0.10685
431	455	26.788	-120.	141.73	1108	0.10717
431	457	26.876	-120.	140.1	1108	0.10667
432	446	25.708	-120.	138.62	1108	0.10627
432	438	24.441	-120.	138.64	1108	0.10628
432	439	24.656	-120.	135.59	1108	0.1056
433	446	25.708	-120.	138.62	1108	0.10627
433	439	24.656	-120.	135.59	1108	0.1056
433	460	27.061	-120.	136.97	1108	0.10588
434	446	25.708	-120.	138.62	1108	0.10627
434	460	27.061	-120.	136.97	1108	0.10588
434	457	26.876	-120.	140.1	1108	0.10667
435	446	25.708	-120.	138.62	1108	0.10627
435	457	26.876	-120.	140.1	1108	0.10667
435	450	26.414	-120.	140.68	1108	0.10685
436	446	25.708	-120.	138.62	1108	0.10627
436	450	26.414	-120.	140.68	1108	0.10685
436	440	24.802	-120.	139.73	1108	0.10658
437	446	25.708	-120.	138.62	1108	0.10627
437	440	24.802	-120.	139.73	1108	0.10658
437	438	24.441	-120.	138.64	1108	0.10628
438	445	25.493	-120.	141.79	1108	0.10721
438	455	26.788	-120.	141.73	1108	0.10717
438	452	26.586	-120.	144.91	1108	0.10834
439	445	25.493	-120.	141.79	1108	0.10721
439	452	26.586	-120.	144.91	1108	0.10834
439	434	24.064	-120.	143.4	1108	0.10779
440	445	25.493	-120.	141.79	1108	0.10721
440	434	24.064	-120.	143.4	1108	0.10779
440	436	24.303	-120.	140.3	1108	0.10674
441	445	25.493	-120.	141.79	1108	0.10721
441	436	24.303	-120.	140.3	1108	0.10674
441	440	24.802	-120.	139.73	1108	0.10658
442	445	25.493	-120.	141.79	1108	0.10721
442	440	24.802	-120.	139.73	1108	0.10658
442	450	26.414	-120.	140.68	1108	0.10685
443	445	25.493	-120.	141.79	1108	0.10721
443	450	26.414	-120.	140.68	1108	0.10685
443	455	26.788	-120.	141.73	1108	0.10717
444	88	-25.431	-120.	120.69	1109	0.12193
444	44	-28.087	-120.	123.61	1109	0.12101
444	96	-24.974	-120.	125.04	1109	0.12043
445	362	14.46	-120.	149.69	1115	0.1105
445	356	13.174	-120.	153.16	1115	0.11194
445	380	17.167	-120.	151.53	1115	0.11128
446	308	5.588	-120.	147.24	1140	0.10982
446	323	8.4836	-120.	149.65	1140	0.11055
446	332	9.8655	-120.	146.33	1140	0.10918
447	508	30.804	-120.	116.74	1153	0.10768
447	480	29.255	-120.	116.32	1153	0.10786
447	506	30.803	-120.	114.51	1153	0.10849
448	508	30.804	-120.	116.74	1153	0.10768
448	506	30.803	-120.	114.51	1153	0.10849
448	527	31.894	-120.	115.	1153	0.10829
449	508	30.804	-120.	116.74	1153	0.10768
449	527	31.894	-120.	115.	1153	0.10829
449	532	32.19	-120.	117.81	1153	0.10729
450	508	30.804	-120.	116.74	1153	0.10768
450	532	32.19	-120.	117.81	1153	0.10729
450	515	31.257	-120.	118.83	1153	0.10698
451	508	30.804	-120.	116.74	1153	0.10768
451	515	31.257	-120.	118.83	1153	0.10698
451	487	29.425	-120.	117.94	1153	0.10732
452	508	30.804	-120.	116.74	1153	0.10768
452	487	29.425	-120.	117.94	1153	0.10732
452	480	29.255	-120.	116.32	1153	0.10786
453	532	32.19	-120.	117.81	1153	0.10729
453	527	31.894	-120.	115.	1153	0.10829
453	555	33.96	-120.	115.92	1153	0.10795
454	480	29.255	-120.	116.32	1153	0.10786
454	477	28.754	-120.	113.62	1153	0.10888
454	506	30.803	-120.	114.51	1153	0.10849
455	487	29.425	-120.	117.94	1153	0.10732
455	515	31.257	-120.	118.83	1153	0.10698
455	491	29.497	-120.	120.69	1153	0.1065
456	466	27.921	-120.	96.479	1215	0.11635
456	441	24.832	-120.	93.474	1215	0.1173
456	431	23.352	-120.	95.976	1215	0.11652
457	67	-26.804	-120.	117.53	1253	0.12281
457	66	-26.814	-120.	115.45	1253	0.12325
457	93	-25.189	-120.	116.32	1253	0.12302
458	67	-26.804	-120.	117.53	1253	0.12281
458	93	-25.189	-120.	116.32	1253	0.12302
458	91	-25.359	-120.	117.94	1253	0.12267
459	67	-26.804	-120.	117.53	1253	0.12281
459	91	-25.359	-120.	117.94	1253	0.12267
459	60	-27.268	-120.	119.76	1253	0.12225
460	67	-26.804	-120.	117.53	1253	0.12281
460	60	-27.268	-120.	119.76	1253	0.12225
460	39	-28.244	-120.	119.26	1253	0.1224
461	67	-26.804	-120.	117.53	1253	0.12281
461	39	-28.244	-120.	119.26	1253	0.1224
461	46	-27.948	-120.	116.45	1253	0.12307
462	67	-26.804	-120.	117.53	1253	0.12281
462	46	-27.948	-120.	116.45	1253	0.12307
462	66	-26.814	-120.	115.45	1253	0.12325
463	60	-27.268	-120.	119.76	1253	0.12225
463	91	-25.359	-120.	117.94	1253	0.12267
463	88	-25.431	-120.	120.69	1253	0.12193
464	66	-26.814	-120.	115.45	1253	0.12325
464	100	-24.688	-120.	113.62	1253	0.12348
464	93	-25.189	-120.	116.32	1253	0.12302
465	46	-27.948	-120.	116.45	1253	0.12307
465	39	-28.244	-120.	119.26	1253	0.1224
465	16	-30.093	-120.	118.32	1253	0.12265
466	33	-28.882	-120.	111.23	1255	0.12374
466	61	-27.224	-120.	112.18	1255	0.12368
466	30	-29.43	-120.	114.03	1255	0.12348
467	13	-30.536	-120.	112.93	1255	0.12359
467	33	-28.882	-120.	111.23	1255	0.12374
467	30	-29.43	-120.	114.03	1255	0.12348
468	13	-30.536	-120.	112.93	1255	0.12359
468	30	-29.43	-120.	114.03	1255	0.12348
468	11	-30.578	-120.	114.99	1255	0.12332
469	13	-30.536	-120.	112.93	1255	0.12359
469	11	-30.578	-120.	114.99	1255	0.12332
469	4	-32.421	-120.	113.97	1255	0.12342
470	13	-30.536	-120.	112.93	1255	0.12359
470	4	-32.421	-120.	113.97	1255	0.12342
470	5	-32.159	-120.	112.62	1255	0.12357
471	13	-30.536	-120.	112.93	1255	0.12359
471	5	-32.159	-120.	112.62	1255	0.12357
471	22	-29.748	-120.	110.74	1255	0.12375
472	13	-30.536	-120.	112.93	1255	0.12359
472	22	-29.748	-120.	110.74	1255	0.12375
472	33	-28.882	-120.	111.23	1255	0.12374
473	4	-32.421	-120.	113.97	1255	0.12342
473	11	-30.578	-120.	114.99	1255	0.12332
473	1	-32.805	-120.	116.88	1255	0.12292
474	5	-32.159	-120.	112.62	1255	0.12357
474	7	-31.417	-120.	109.78	1255	0.12373
474	22	-29.748	-120.	110.74	1255	0.12375
475	381	17.43	-120.	91.87	1256	0.11758
475	392	18.881	-120.	89.348	1256	0.11796
475	364	14.983	-120.	87.508	1256	0.11786
476	81	-26.046	-120.	131.25	1264	0.11781
476	94	-25.087	-120.	131.	1264	0.11791
476	72	-26.322	-120.	130.55	1264	0.11813
477	49	-27.864	-120.	131.72	1264	0.1176
477	41	-28.225	-120.	133.31	1264	0.11688
477	10	-30.643	-120.	132.48	1264	0.11727
478	49	-27.864	-120.	131.72	1264	0.1176
478	10	-30.643	-120.	132.48	1264	0.11727
478	35	-28.656	-120.	129.72	1264	0.11851
479	49	-27.864	-120.	131.72	1264	0.1176
479	35	-28.656	-120.	129.72	1264	0.11851
479	72	-26.322	-120.	130.55	1264	0.11813
480	49	-27.864	-120.	131.72	1264	0.1176
480	72	-26.322	-120.	130.55	1264	0.11813
480	81	-26.046	-120.	131.25	1264	0.11781
481	49	-27.864	-120.	131.72	1264	0.1176
481	81	-26.046	-120.	131.25	1264	0.11781
481	58	-27.289	-120.	133.05	1264	0.11699
482	49	-27.864	-120.	131.72	1264	0.1176
482	58	-27.289	-120.	133.05	1264	0.11699
482	41	-28.225	-120.	133.31	1264	0.11688
483	64	-26.981	-120.	133.72	1264	0.11668
483	58	-27.289	-120.	133.05	1264	0.11699
483	41	-28.225	-120.	133.31	1264	0.11688
484	87	-25.462	-120.	132.56	1264	0.1172
484	101	-24.589	-120.	134.53	1264	0.11628
484	115	-22.777	-120.	131.8	1264	0.11752
485	87	-25.462	-120.	132.56	1264	0.1172
485	115	-22.777	-120.	131.8	1264	0.11752
485	94	-25.087	-120.	131.	1264	0.11791
486	87	-25.462	-120.	132.56	1264	0.1172
486	94	-25.087	-120.	131.	1264	0.11791
486	81	-26.046	-120.	131.25	1264	0.11781
487	87	-25.462	-120.	132.56	1264	0.1172
487	81	-26.046	-120.	131.25	1264	0.11781
487	58	-27.289	-120.	133.05	1264	0.11699
488	87	-25.462	-120.	132.56	1264	0.1172
488	58	-27.289	-120.	133.05	1264	0.11699
488	64	-26.981	-120.	133.72	1264	0.11668
489	87	-25.462	-120.	132.56	1264	0.1172
489	64	-26.981	-120.	133.72	1264	0.11668
489	101	-24.589	-120.	134.53	1264	0.11628
490	184	-14.334	-120.	145.42	1276	0.11186
490	186	-13.704	-120.	145.83	1276	0.11175
490	191	-13.215	-120.	145.	1276	0.11191
491	173	-16.43	-120.	146.22	1276	0.11171
491	152	-19.63	-120.	147.46	1276	0.11137
491	181	-14.63	-120.	147.4	1276	0.11146
492	173	-16.43	-120.	146.22	1276	0.11171
492	181	-14.63	-120.	147.4	1276	0.11146
492	186	-13.704	-120.	145.83	1276	0.11175
493	173	-16.43	-120.	146.22	1276	0.11171
493	186	-13.704	-120.	145.83	1276	0.11175
493	184	-14.334	-120.	145.42	1276	0.11186
494	173	-16.43	-120.	146.22	1276	0.11171
494	184	-14.334	-120.	145.42	1276	0.11186
494	168	-17.598	-120.	145.4	1276	0.11193
495	173	-16.43	-120.	146.22	1276	0.11171
495	168	-17.598	-120.	145.4	1276	0.11193
495	160	-18.684	-120.	145.81	1276	0.11181
496	173	-16.43	-120.	146.22	1276	0.11171
496	160	-18.684	-120.	145.81	1276	0.11181
496	152	-19.63	-120.	147.46	1276	0.11137
497	179	-15.481	-120.	144.59	1276	0.1121
497	169	-17.251	-120.	143.32	1276	0.11252
497	197	-12.295	-120.	143.44	1276	0.11224
498	179	-15.481	-120.	144.59	1276	0.1121
498	197	-12.295	-120.	143.44	1276	0.11224
498	191	-13.215	-120.	145.	1276	0.11191
499	179	-15.481	-120.	144.59	1276	0.1121
499	191	-13.215	-120.	145.	1276	0.11191
499	184	-14.334	-120.	145.42	1276	0.11186
500	179	-15.481	-120.	144.59	1276	0.1121
500	184	-14.334	-120.	145.42	1276	0.11186
500	168	-17.598	-120.	145.4	1276	0.11193
501	179	-15.481	-120.	144.59	1276	0.1121
501	168	-17.598	-120.	145.4	1276	0.11193
501	164	-18.192	-120.	144.96	1276	0.11205
502	179	-15.481	-120.	144.59	1276	0.1121
502	164	-18.192	-120.	144.96	1276	0.11205
502	169	-17.251	-120.	143.32	1276	0.11252
503	168	-17.598	-120.	145.4	1276	0.11193
503	164	-18.192	-120.	144.96	1276	0.11205
503	160	-18.684	-120.	145.81	1276	0.11181
504	20	-29.906	-120.	105.74	1287	0.12353
504	7	-31.417	-120.	109.78	1287	0.12373
504	55	-27.388	-120.	107.17	1287	0.1237
505	203	-11.708	-120.	147.15	1310	0.11146
505	191	-13.215	-120.	145.	1310	0.11191
505	211	-10.674	-120.	146.2	1310	0.11156
506	203	-11.708	-120.	147.15	1310	0.11146
506	211	-10.674	-120.	146.2	1310	0.11156
506	216	-9.7773	-120.	147.68	1310	0.11133
507	203	-11.708	-120.	147.15	1310	0.11146
507	216	-9.7773	-120.	147.68	1310	0.11133
507	209	-10.796	-120.	149.39	1310	0.11119
508	203	-11.708	-120.	147.15	1310	0.11146
508	209	-10.796	-120.	149.39	1310	0.11119
508	200	-12.084	-120.	148.78	1310	0.11125
509	203	-11.708	-120.	147.15	1310	0.11146
509	200	-12.084	-120.	148.78	1310	0.11125
509	186	-13.704	-120.	145.83	1310	0.11175
510	203	-11.708	-120.	147.15	1310	0.11146
510	186	-13.704	-120.	145.83	1310	0.11175
510	191	-13.215	-120.	145.	1310	0.11191
511	209	-10.796	-120.	149.39	1310	0.11119
511	216	-9.7773	-120.	147.68	1310	0.11133
511	226	-8.113	-120.	150.47	1310	0.11116
512	191	-13.215	-120.	145.	1310	0.11191
512	197	-12.295	-120.	143.44	1310	0.11224
512	211	-10.674	-120.	146.2	1310	0.11156
513	186	-13.704	-120.	145.83	1310	0.11175
513	200	-12.084	-120.	148.78	1310	0.11125
513	181	-14.63	-120.	147.4	1310	0.11146
514	288	1.8045	-120.	154.98	1350	0.11214
514	311	6.1077	-120.	154.74	1350	0.11231
514	296	3.2389	-120.	152.16	1350	0.11144
515	430	23.336	-120.	147.74	1355	0.10957
515	452	26.586	-120.	144.91	1355	0.10834
515	434	24.064	-120.	143.4	1355	0.10779
516	372	15.89	-120.	146.87	1362	0.10927
516	369	15.629	-120.	145.89	1362	0.10886
516	366	15.218	-120.	147.21	1362	0.10942
517	379	17.139	-120.	146.16	1362	0.10896
517	393	19.016	-120.	145.11	1362	0.1085
517	375	16.361	-120.	143.44	1362	0.10781
518	379	17.139	-120.	146.16	1362	0.10896
518	375	16.361	-120.	143.44	1362	0.10781
518	369	15.629	-120.	145.89	1362	0.10886
519	379	17.139	-120.	146.16	1362	0.10896
519	369	15.629	-120.	145.89	1362	0.10886
519	372	15.89	-120.	146.87	1362	0.10927
520	379	17.139	-120.	146.16	1362	0.10896
520	372	15.89	-120.	146.87	1362	0.10927
520	383	17.646	-120.	148.02	1362	0.10975
521	379	17.139	-120.	146.16	1362	0.10896
521	383	17.646	-120.	148.02	1362	0.10975
521	386	18.289	-120.	147.65	1362	0.10959
522	379	17.139	-120.	146.16	1362	0.10896
522	386	18.289	-120.	147.65	1362	0.10959
522	393	19.016	-120.	145.11	1362	0.1085
523	376	16.383	-120.	148.72	1362	0.11006
523	380	17.167	-120.	151.53	1362	0.11128
523	362	14.46	-120.	149.69	1362	0.1105
524	376	16.383	-120.	148.72	1362	0.11006
524	362	14.46	-120.	149.69	1362	0.1105
524	366	15.218	-120.	147.21	1362	0.10942
525	376	16.383	-120.	148.72	1362	0.11006
525	366	15.218	-120.	147.21	1362	0.10942
525	372	15.89	-120.	146.87	1362	0.10927
526	376	16.383	-120.	148.72	1362	0.11006
526	372	15.89	-120.	146.87	1362	0.10927
526	383	17.646	-120.	148.02	1362	0.10975
527	376	16.383	-120.	148.72	1362	0.11006
527	383	17.646	-120.	148.02	1362	0.10975
527	384	17.918	-120.	148.97	1362	0.11016
528	376	16.383	-120.	148.72	1362	0.11006
528	384	17.918	-120.	148.97	1362	0.11016
528	380	17.167	-120.	151.53	1362	0.11128
529	383	17.646	-120.	148.02	1362	0.10975
529	384	17.918	-120.	148.97	1362	0.11016
529	386	18.289	-120.	147.65	1362	0.10959
530	358	13.591	-120.	146.55	1363	0.10915
530	359	13.941	-120.	144.75	1363	0.10838
530	370	15.629	-120.	145.89	1363	0.10886
531	358	13.591	-120.	146.55	1363	0.10915
531	370	15.629	-120.	145.89	1363	0.10886
531	367	15.218	-120.	147.21	1363	0.10942
532	358	13.591	-120.	146.55	1363	0.10915
532	367	15.218	-120.	147.21	1363	0.10942
532	355	12.635	-120.	148.36	1363	0.10995
533	358	13.591	-120.	146.55	1363	0.10915
533	355	12.635	-120.	148.36	1363	0.10995
533	347	11.663	-120.	147.66	1363	0.10967
534	358	13.591	-120.	146.55	1363	0.10915
534	347	11.663	-120.	147.66	1363	0.10967
534	352	12.46	-120.	145.41	1363	0.10869
535	358	13.591	-120.	146.55	1363	0.10915
535	352	12.46	-120.	145.41	1363	0.10869
535	359	13.941	-120.	144.75	1363	0.10838
536	355	12.635	-120.	148.36	1363	0.10995
536	367	15.218	-120.	147.21	1363	0.10942
536	362	14.46	-120.	149.69	1363	0.1105
537	359	13.941	-120.	144.75	1363	0.10838
537	375	16.361	-120.	143.44	1363	0.10781
537	370	15.629	-120.	145.89	1363	0.10886
538	352	12.46	-120.	145.41	1363	0.10869
538	347	11.663	-120.	147.66	1363	0.10967
538	332	9.8655	-120.	146.33	1363	0.10918
539	172	-16.628	-120.	96.27	1435	0.12105
539	174	-16.334	-120.	97.294	1435	0.12145
539	176	-16.032	-120.	95.811	1435	0.12087
540	167	-17.726	-120.	97.196	1435	0.12141
540	153	-19.369	-120.	98.573	1435	0.12191
540	171	-16.855	-120.	100.05	1435	0.12241
541	167	-17.726	-120.	97.196	1435	0.12141
541	171	-16.855	-120.	100.05	1435	0.12241
541	174	-16.334	-120.	97.294	1435	0.12145
542	167	-17.726	-120.	97.196	1435	0.12141
542	174	-16.334	-120.	97.294	1435	0.12145
542	172	-16.628	-120.	96.27	1435	0.12105
543	167	-17.726	-120.	97.196	1435	0.12141
543	172	-16.628	-120.	96.27	1435	0.12105
543	162	-18.302	-120.	95.252	1435	0.12066
544	167	-17.726	-120.	97.196	1435	0.12141
544	162	-18.302	-120.	95.252	1435	0.12066
544	155	-18.865	-120.	95.735	1435	0.12086
545	167	-17.726	-120.	97.196	1435	0.12141
545	155	-18.865	-120.	95.735	1435	0.12086
545	153	-19.369	-120.	98.573	1435	0.12191
546	170	-17.191	-120.	94.333	1435	0.12028
546	165	-18.085	-120.	91.387	1435	0.11901
546	178	-15.485	-120.	93.018	1435	0.11969
547	170	-17.191	-120.	94.333	1435	0.12028
547	178	-15.485	-120.	93.018	1435	0.11969
547	176	-16.032	-120.	95.811	1435	0.12087
548	170	-17.191	-120.	94.333	1435	0.12028
548	176	-16.032	-120.	95.811	1435	0.12087
548	172	-16.628	-120.	96.27	1435	0.12105
549	170	-17.191	-120.	94.333	1435	0.12028
549	172	-16.628	-120.	96.27	1435	0.12105
549	162	-18.302	-120.	95.252	1435	0.12066
550	170	-17.191	-120.	94.333	1435	0.12028
550	162	-18.302	-120.	95.252	1435	0.12066
550	161	-18.611	-120.	94.262	1435	0.12027
551	170	-17.191	-120.	94.333	1435	0.12028
551	161	-18.611	-120.	94.262	1435	0.12027
551	165	-18.085	-120.	91.387	1435	0.11901
552	162	-18.302	-120.	95.252	1435	0.12066
552	161	-18.611	-120.	94.262	1435	0.12027
552	155	-18.865	-120.	95.735	1435	0.12086
553	183	-14.413	-120.	89.13	1437	0.11795
553	165	-18.085	-120.	91.387	1437	0.11901
553	178	-15.485	-120.	93.018	1437	0.11969
554	272	-0.59171	-120.	88.013	1449	0.11751
554	290	2.2612	-120.	87.855	1449	0.11749
554	285	1.3031	-120.	89.681	1449	0.11799
555	282	0.78947	-120.	85.044	1449	0.11666
555	298	3.7317	-120.	85.064	1449	0.11685
555	292	2.7559	-120.	86.903	1449	0.11725
556	280	0.51125	-120.	86.679	1449	0.11713
556	282	0.78947	-120.	85.044	1449	0.11666
556	292	2.7559	-120.	86.903	1449	0.11725
557	280	0.51125	-120.	86.679	1449	0.11713
557	292	2.7559	-120.	86.903	1449	0.11725
557	290	2.2612	-120.	87.855	1449	0.11749
558	280	0.51125	-120.	86.679	1449	0.11713
558	290	2.2612	-120.	87.855	1449	0.11749
558	272	-0.59171	-120.	88.013	1449	0.11751
559	280	0.51125	-120.	86.679	1449	0.11713
559	272	-0.59171	-120.	88.013	1449	0.11751
559	264	-1.5709	-120.	87.142	1449	0.11722
560	280	0.51125	-120.	86.679	1449	0.11713
560	264	-1.5709	-120.	87.142	1449	0.11722
560	273	-0.57654	-120.	85.119	1449	0.11661
561	280	0.51125	-120.	86.679	1449	0.11713
561	273	-0.57654	-120.	85.119	1449	0.11661
561	282	0.78947	-120.	85.044	1449	0.11666
562	253	-3.4987	-120.	85.463	1449	0.11658
562	273	-0.57654	-120.	85.119	1449	0.11661
562	264	-1.5709	-120.	87.142	1449	0.11722
563	327	9.1417	-120.	90.688	1451	0.11781
563	322	8.4091	-120.	90.519	1451	0.11783
563	329	9.39	-120.	91.764	1451	0.11783
564	325	8.6798	-120.	88.651	1451	0.11768
564	321	8.0152	-120.	85.538	1451	0.11726
564	313	6.5826	-120.	88.167	1451	0.1176
565	325	8.6798	-120.	88.651	1451	0.11768
565	313	6.5826	-120.	88.167	1451	0.1176
565	322	8.4091	-120.	90.519	1451	0.11783
566	325	8.6798	-120.	88.651	1451	0.11768
566	322	8.4091	-120.	90.519	1451	0.11783
566	327	9.1417	-120.	90.688	1451	0.11781
567	325	8.6798	-120.	88.651	1451	0.11768
567	327	9.1417	-120.	90.688	1451	0.11781
567	333	10.073	-120.	89.023	1451	0.11772
568	325	8.6798	-120.	88.651	1451	0.11768
568	333	10.073	-120.	89.023	1451	0.11772
568	330	9.8569	-120.	87.974	1451	0.11765
569	325	8.6798	-120.	88.651	1451	0.11768
569	330	9.8569	-120.	87.974	1451	0.11765
569	321	8.0152	-120.	85.538	1451	0.11726
570	337	10.526	-120.	91.072	1451	0.11776
570	353	12.589	-120.	91.638	1451	0.11767
570	343	11.174	-120.	94.093	1451	0.11762
571	337	10.526	-120.	91.072	1451	0.11776
571	343	11.174	-120.	94.093	1451	0.11762
571	329	9.39	-120.	91.764	1451	0.11783
572	337	10.526	-120.	91.072	1451	0.11776
572	329	9.39	-120.	91.764	1451	0.11783
572	327	9.1417	-120.	90.688	1451	0.11781
573	337	10.526	-120.	91.072	1451	0.11776
573	327	9.1417	-120.	90.688	1451	0.11781
573	333	10.073	-120.	89.023	1451	0.11772
574	337	10.526	-120.	91.072	1451	0.11776
574	333	10.073	-120.	89.023	1451	0.11772
574	339	10.786	-120.	89.228	1451	0.11773
575	337	10.526	-120.	91.072	1451	0.11776
575	339	10.786	-120.	89.228	1451	0.11773
575	353	12.589	-120.	91.638	1451	0.11767
576	333	10.073	-120.	89.023	1451	0.11772
576	339	10.786	-120.	89.228	1451	0.11773
576	330	9.8569	-120.	87.974	1451	0.11765
577	516	31.257	-120.	118.83	1455	0.10698
577	537	32.231	-120.	118.57	1455	0.10705
577	533	32.19	-120.	117.81	1455	0.10729
578	559	34.106	-120.	119.51	1455	0.10676
578	560	34.106	-120.	120.25	1455	0.10656
578	568	35.062	-120.	119.27	1455	0.10684
579	558	34.076	-120.	118.07	1455	0.1072
579	533	32.19	-120.	117.81	1455	0.10729
579	555	33.96	-120.	115.92	1455	0.10795
580	558	34.076	-120.	118.07	1455	0.1072
580	555	33.96	-120.	115.92	1455	0.10795
580	575	36.909	-120.	117.34	1455	0.10749
581	558	34.076	-120.	118.07	1455	0.1072
581	575	36.909	-120.	117.34	1455	0.10749
581	568	35.062	-120.	119.27	1455	0.10684
582	558	34.076	-120.	118.07	1455	0.1072
582	568	35.062	-120.	119.27	1455	0.10684
582	559	34.106	-120.	119.51	1455	0.10676
583	558	34.076	-120.	118.07	1455	0.1072
583	559	34.106	-120.	119.51	1455	0.10676
583	537	32.231	-120.	118.57	1455	0.10705
584	558	34.076	-120.	118.07	1455	0.1072
584	537	32.231	-120.	118.57	1455	0.10705
584	533	32.19	-120.	117.81	1455	0.10729
585	538	32.245	-120.	120.	1455	0.10663
585	560	34.106	-120.	120.25	1455	0.10656
585	539	32.274	-120.	122.15	1455	0.10608
586	538	32.245	-120.	120.	1455	0.10663
586	539	32.274	-120.	122.15	1455	0.10608
586	491	29.497	-120.	120.69	1455	0.1065
587	538	32.245	-120.	120.	1455	0.10663
587	491	29.497	-120.	120.69	1455	0.1065
587	516	31.257	-120.	118.83	1455	0.10698
588	538	32.245	-120.	120.	1455	0.10663
588	516	31.257	-120.	118.83	1455	0.10698
588	537	32.231	-120.	118.57	1455	0.10705
589	538	32.245	-120.	120.	1455	0.10663
589	537	32.231	-120.	118.57	1455	0.10705
589	559	34.106	-120.	119.51	1455	0.10676
590	538	32.245	-120.	120.	1455	0.10663
590	559	34.106	-120.	119.51	1455	0.10676
590	560	34.106	-120.	120.25	1455	0.10656
591	523	31.753	-120.	114.26	1519	0.10858
591	507	30.803	-120.	114.51	1519	0.10849
591	528	31.894	-120.	115.	1519	0.10829
592	518	31.423	-120.	112.87	1519	0.10915
592	511	30.932	-120.	110.76	1519	0.11005
592	477	28.754	-120.	113.62	1519	0.10888
593	518	31.423	-120.	112.87	1519	0.10915
593	477	28.754	-120.	113.62	1519	0.10888
593	507	30.803	-120.	114.51	1519	0.10849
594	518	31.423	-120.	112.87	1519	0.10915
594	507	30.803	-120.	114.51	1519	0.10849
594	523	31.753	-120.	114.26	1519	0.10858
595	518	31.423	-120.	112.87	1519	0.10915
595	523	31.753	-120.	114.26	1519	0.10858
595	548	33.238	-120.	112.39	1519	0.10934
596	518	31.423	-120.	112.87	1519	0.10915
596	548	33.238	-120.	112.39	1519	0.10934
596	545	33.06	-120.	111.67	1519	0.10964
597	518	31.423	-120.	112.87	1519	0.10915
597	545	33.06	-120.	111.67	1519	0.10964
597	511	30.932	-120.	110.76	1519	0.11005
598	551	33.555	-120.	113.8	1519	0.10876
598	573	36.317	-120.	113.07	1519	0.10908
598	555	33.96	-120.	115.92	1519	0.10795
599	551	33.555	-120.	113.8	1519	0.10876
599	555	33.96	-120.	115.92	1519	0.10795
599	528	31.894	-120.	115.	1519	0.10829
600	551	33.555	-120.	113.8	1519	0.10876
600	528	31.894	-120.	115.	1519	0.10829
600	523	31.753	-120.	114.26	1519	0.10858
601	551	33.555	-120.	113.8	1519	0.10876
601	523	31.753	-120.	114.26	1519	0.10858
601	548	33.238	-120.	112.39	1519	0.10934
602	551	33.555	-120.	113.8	1519	0.10876
602	548	33.238	-120.	112.39	1519	0.10934
602	563	34.168	-120.	112.14	1519	0.10945
603	551	33.555	-120.	113.8	1519	0.10876
603	563	34.168	-120.	112.14	1519	0.10945
603	573	36.317	-120.	113.07	1519	0.10908
604	548	33.238	-120.	112.39	1519	0.10934
604	563	34.168	-120.	112.14	1519	0.10945
604	545	33.06	-120.	111.67	1519	0.10964
605	544	33.06	-120.	111.67	1521	0.10964
605	511	30.932	-120.	110.76	1521	0.11005
605	535	32.207	-120.	108.95	1521	0.11086
606	553	33.855	-120.	109.98	1521	0.11039
606	544	33.06	-120.	111.67	1521	0.10964
606	535	32.207	-120.	108.95	1521	0.11086
607	553	33.855	-120.	109.98	1521	0.11039
607	535	32.207	-120.	108.95	1521	0.11086
607	543	32.875	-120.	108.	1521	0.11129
608	553	33.855	-120.	109.98	1521	0.11039
608	543	32.875	-120.	108.	1521	0.11129
608	569	35.206	-120.	108.91	1521	0.11087
609	553	33.855	-120.	109.98	1521	0.11039
609	569	35.206	-120.	108.91	1521	0.11087
609	571	35.614	-120.	110.21	1521	0.11029
610	553	33.855	-120.	109.98	1521	0.11039
610	571	35.614	-120.	110.21	1521	0.11029
610	562	34.168	-120.	112.14	1521	0.10945
611	553	33.855	-120.	109.98	1521	0.11039
611	562	34.168	-120.	112.14	1521	0.10945
611	544	33.06	-120.	111.67	1521	0.10964
612	569	35.206	-120.	108.91	1521	0.11087
612	543	32.875	-120.	108.	1521	0.11129
612	561	34.155	-120.	106.16	1521	0.11213
613	571	35.614	-120.	110.21	1521	0.11029
613	573	36.317	-120.	113.07	1521	0.10908
613	562	34.168	-120.	112.14	1521	0.10945
614	461	27.302	-120.	105.87	1528	0.11232
614	464	27.85	-120.	104.3	1528	0.11305
614	482	29.263	-120.	106.75	1528	0.11189
615	461	27.302	-120.	105.87	1528	0.11232
615	482	29.263	-120.	106.75	1528	0.11189
615	475	28.622	-120.	107.7	1528	0.11146
616	461	27.302	-120.	105.87	1528	0.11232
616	475	28.622	-120.	107.7	1528	0.11146
616	448	26.217	-120.	106.97	1528	0.11182
617	461	27.302	-120.	105.87	1528	0.11232
617	448	26.217	-120.	106.97	1528	0.11182
617	443	25.406	-120.	105.57	1528	0.11248
618	461	27.302	-120.	105.87	1528	0.11232
618	443	25.406	-120.	105.57	1528	0.11248
618	451	26.451	-120.	103.94	1528	0.11323
619	461	27.302	-120.	105.87	1528	0.11232
619	451	26.451	-120.	103.94	1528	0.11323
619	464	27.85	-120.	104.3	1528	0.11305
620	448	26.217	-120.	106.97	1528	0.11182
620	475	28.622	-120.	107.7	1528	0.11146
620	462	27.402	-120.	109.46	1528	0.11067
621	464	27.85	-120.	104.3	1528	0.11305
621	499	30.485	-120.	104.97	1528	0.11271
621	482	29.263	-120.	106.75	1528	0.11189
622	451	26.451	-120.	103.94	1528	0.11323
622	443	25.406	-120.	105.57	1528	0.11248
622	432	23.847	-120.	103.3	1528	0.11357
623	353	12.589	-120.	91.638	1530	0.11767
623	340	10.786	-120.	89.228	1530	0.11773
623	357	13.535	-120.	90.005	1530	0.11775
624	321	8.0152	-120.	85.538	1530	0.11726
624	341	10.891	-120.	86.162	1530	0.11754
624	331	9.8569	-120.	87.974	1530	0.11765
625	364	14.983	-120.	87.508	1530	0.11786
625	360	14.027	-120.	89.153	1530	0.11779
625	350	12.207	-120.	86.534	1530	0.11766
626	348	11.884	-120.	88.176	1530	0.11772
626	357	13.535	-120.	90.005	1530	0.11775
626	340	10.786	-120.	89.228	1530	0.11773
627	348	11.884	-120.	88.176	1530	0.11772
627	340	10.786	-120.	89.228	1530	0.11773
627	331	9.8569	-120.	87.974	1530	0.11765
628	348	11.884	-120.	88.176	1530	0.11772
628	331	9.8569	-120.	87.974	1530	0.11765
628	341	10.891	-120.	86.162	1530	0.11754
629	348	11.884	-120.	88.176	1530	0.11772
629	341	10.891	-120.	86.162	1530	0.11754
629	350	12.207	-120.	86.534	1530	0.11766
630	348	11.884	-120.	88.176	1530	0.11772
630	350	12.207	-120.	86.534	1530	0.11766
630	360	14.027	-120.	89.153	1530	0.11779
631	348	11.884	-120.	88.176	1530	0.11772
631	360	14.027	-120.	89.153	1530	0.11779
631	357	13.535	-120.	90.005	1530	0.11775
632	371	15.86	-120.	93.118	1531	0.1174
632	374	16.06	-120.	94.294	1531	0.11717
632	378	16.533	-120.	93.457	1531	0.11731
633	363	14.571	-120.	92.538	1531	0.11753
633	353	12.589	-120.	91.638	1531	0.11767
633	365	15.169	-120.	95.872	1531	0.1169
634	363	14.571	-120.	92.538	1531	0.11753
634	365	15.169	-120.	95.872	1531	0.1169
634	374	16.06	-120.	94.294	1531	0.11717
635	363	14.571	-120.	92.538	1531	0.11753
635	374	16.06	-120.	94.294	1531	0.11717
635	371	15.86	-120.	93.118	1531	0.1174
636	363	14.571	-120.	92.538	1531	0.11753
636	371	15.86	-120.	93.118	1531	0.1174
636	361	14.21	-120.	90.302	1531	0.11774
637	363	14.571	-120.	92.538	1531	0.11753
637	361	14.21	-120.	90.302	1531	0.11774
637	357	13.535	-120.	90.005	1531	0.11775
638	363	14.571	-120.	92.538	1531	0.11753
638	357	13.535	-120.	90.005	1531	0.11775
638	353	12.589	-120.	91.638	1531	0.11767
639	368	15.507	-120.	90.901	1531	0.1177
639	364	14.983	-120.	87.508	1531	0.11786
639	381	17.43	-120.	91.87	1531	0.11758
640	368	15.507	-120.	90.901	1531	0.1177
640	381	17.43	-120.	91.87	1531	0.11758
640	378	16.533	-120.	93.457	1531	0.11731
641	368	15.507	-120.	90.901	1531	0.1177
641	378	16.533	-120.	93.457	1531	0.11731
641	371	15.86	-120.	93.118	1531	0.1174
642	368	15.507	-120.	90.901	1531	0.1177
642	371	15.86	-120.	93.118	1531	0.1174
642	361	14.21	-120.	90.302	1531	0.11774
643	368	15.507	-120.	90.901	1531	0.1177
643	361	14.21	-120.	90.302	1531	0.11774
643	360	14.027	-120.	89.153	1531	0.11779
644	368	15.507	-120.	90.901	1531	0.1177
644	360	14.027	-120.	89.153	1531	0.11779
644	364	14.983	-120.	87.508	1531	0.11786
645	361	14.21	-120.	90.302	1531	0.11774
645	360	14.027	-120.	89.153	1531	0.11779
645	357	13.535	-120.	90.005	1531	0.11775
646	432	23.847	-120.	103.3	1544	0.11357
646	444	25.409	-120.	100.72	1544	0.11469
646	407	20.921	-120.	100.05	1544	0.11509
647	449	26.403	-120.	99.043	1546	0.11537
647	468	28.095	-120.	101.35	1546	0.11438
647	444	25.409	-120.	100.72	1546	0.11469
648	501	30.617	-120.	99.84	1546	0.115
648	536	32.209	-120.	102.31	1546	0.11391
648	489	29.49	-120.	101.66	1546	0.11422
649	472	28.556	-120.	99.8	1546	0.11504
649	501	30.617	-120.	99.84	1546	0.115
649	489	29.49	-120.	101.66	1546	0.11422
650	472	28.556	-120.	99.8	1546	0.11504
650	489	29.49	-120.	101.66	1546	0.11422
650	468	28.095	-120.	101.35	1546	0.11438
651	472	28.556	-120.	99.8	1546	0.11504
651	468	28.095	-120.	101.35	1546	0.11438
651	449	26.403	-120.	99.043	1546	0.11537
652	472	28.556	-120.	99.8	1546	0.11504
652	449	26.403	-120.	99.043	1546	0.11537
652	459	26.924	-120.	98.172	1546	0.11571
653	472	28.556	-120.	99.8	1546	0.11504
653	459	26.924	-120.	98.172	1546	0.11571
653	496	29.807	-120.	98.737	1546	0.11546
654	472	28.556	-120.	99.8	1546	0.11504
654	496	29.807	-120.	98.737	1546	0.11546
654	501	30.617	-120.	99.84	1546	0.115
655	466	27.921	-120.	96.479	1546	0.11635
655	496	29.807	-120.	98.737	1546	0.11546
655	459	26.924	-120.	98.172	1546	0.11571
656	428	22.931	-120.	98.116	1547	0.11578
656	423	22.388	-120.	97.593	1547	0.11598
656	419	21.882	-120.	98.448	1547	0.11568
657	433	23.908	-120.	99.146	1547	0.11536
657	449	26.403	-120.	99.043	1547	0.11537
657	444	25.409	-120.	100.72	1547	0.11469
658	433	23.908	-120.	99.146	1547	0.11536
658	444	25.409	-120.	100.72	1547	0.11469
658	407	20.921	-120.	100.05	1547	0.11509
659	433	23.908	-120.	99.146	1547	0.11536
659	407	20.921	-120.	100.05	1547	0.11509
659	419	21.882	-120.	98.448	1547	0.11568
660	433	23.908	-120.	99.146	1547	0.11536
660	419	21.882	-120.	98.448	1547	0.11568
660	428	22.931	-120.	98.116	1547	0.11578
661	433	23.908	-120.	99.146	1547	0.11536
661	428	22.931	-120.	98.116	1547	0.11578
661	447	25.899	-120.	98.502	1547	0.11559
662	433	23.908	-120.	99.146	1547	0.11536
662	447	25.899	-120.	98.502	1547	0.11559
662	449	26.403	-120.	99.043	1547	0.11537
663	459	26.924	-120.	98.172	1547	0.11571
663	447	25.899	-120.	98.502	1547	0.11559
663	449	26.403	-120.	99.043	1547	0.11537
664	442	24.902	-120.	97.473	1547	0.11599
664	466	27.921	-120.	96.479	1547	0.11635
664	431	23.352	-120.	95.976	1547	0.11652
665	442	24.902	-120.	97.473	1547	0.11599
665	431	23.352	-120.	95.976	1547	0.11652
665	423	22.388	-120.	97.593	1547	0.11598
666	442	24.902	-120.	97.473	1547	0.11599
666	423	22.388	-120.	97.593	1547	0.11598
666	428	22.931	-120.	98.116	1547	0.11578
667	442	24.902	-120.	97.473	1547	0.11599
667	428	22.931	-120.	98.116	1547	0.11578
667	447	25.899	-120.	98.502	1547	0.11559
668	442	24.902	-120.	97.473	1547	0.11599
668	447	25.899	-120.	98.502	1547	0.11559
668	459	26.924	-120.	98.172	1547	0.11571
669	442	24.902	-120.	97.473	1547	0.11599
669	459	26.924	-120.	98.172	1547	0.11571
669	466	27.921	-120.	96.479	1547	0.11635
670	395	19.847	-120.	97.24	1566	0.11619
670	418	21.882	-120.	98.448	1566	0.11568
670	391	18.828	-120.	98.263	1566	0.11588
671	395	19.847	-120.	97.24	1566	0.11619
671	391	18.828	-120.	98.263	1566	0.11588
671	382	17.516	-120.	97.31	1566	0.1163
672	395	19.847	-120.	97.24	1566	0.11619
672	382	17.516	-120.	97.31	1566	0.1163
672	389	18.369	-120.	95.895	1566	0.11669
673	395	19.847	-120.	97.24	1566	0.11619
673	389	18.369	-120.	95.895	1566	0.11669
673	402	20.101	-120.	95.931	1566	0.1166
674	395	19.847	-120.	97.24	1566	0.11619
674	402	20.101	-120.	95.931	1566	0.1166
674	422	22.388	-120.	97.593	1566	0.11598
675	395	19.847	-120.	97.24	1566	0.11619
675	422	22.388	-120.	97.593	1566	0.11598
675	418	21.882	-120.	98.448	1566	0.11568
676	389	18.369	-120.	95.895	1566	0.11669
676	382	17.516	-120.	97.31	1566	0.1163
676	365	15.169	-120.	95.872	1566	0.1169
677	418	21.882	-120.	98.448	1566	0.11568
677	407	20.921	-120.	100.05	1566	0.11509
677	391	18.828	-120.	98.263	1566	0.11588
678	422	22.388	-120.	97.593	1566	0.11598
678	402	20.101	-120.	95.931	1566	0.1166
678	431	23.352	-120.	95.976	1566	0.11652
679	439	24.656	-120.	135.59	1581	0.1056
679	479	29.242	-120.	133.19	1581	0.10529
679	456	26.843	-120.	131.8	1581	0.10522
680	460	27.061	-120.	136.97	1582	0.10588
680	479	29.242	-120.	133.19	1582	0.10529
680	439	24.656	-120.	135.59	1582	0.1056
681	539	32.274	-120.	122.15	1583	0.10608
681	491	29.497	-120.	120.69	1583	0.1065
681	478	29.04	-120.	125.04	1583	0.1056
682	556	34.028	-120.	123.11	1585	0.10587
682	539	32.274	-120.	122.15	1585	0.10608
682	560	34.106	-120.	120.25	1585	0.10656
683	570	35.354	-120.	121.36	1585	0.10629
683	556	34.028	-120.	123.11	1585	0.10587
683	560	34.106	-120.	120.25	1585	0.10656
684	570	35.354	-120.	121.36	1585	0.10629
684	560	34.106	-120.	120.25	1585	0.10656
684	568	35.062	-120.	119.27	1585	0.10684
685	570	35.354	-120.	121.36	1585	0.10629
685	568	35.062	-120.	119.27	1585	0.10684
685	577	37.01	-120.	120.28	1585	0.10661
686	570	35.354	-120.	121.36	1585	0.10629
686	577	37.01	-120.	120.28	1585	0.10661
686	576	36.972	-120.	121.65	1585	0.10626
687	570	35.354	-120.	121.36	1585	0.10629
687	576	36.972	-120.	121.65	1585	0.10626
687	566	34.943	-120.	123.6	1585	0.10579
688	570	35.354	-120.	121.36	1585	0.10629
688	566	34.943	-120.	123.6	1585	0.10579
688	556	34.028	-120.	123.11	1585	0.10587
689	577	37.01	-120.	120.28	1585	0.10661
689	568	35.062	-120.	119.27	1585	0.10684
689	575	36.909	-120.	117.34	1585	0.10749
690	576	36.972	-120.	121.65	1585	0.10626
690	574	36.709	-120.	124.58	1585	0.10567
690	566	34.943	-120.	123.6	1585	0.10579
691	524	31.758	-120.	125.71	1588	0.10544
691	503	30.725	-120.	125.95	1588	0.10542
691	519	31.619	-120.	126.45	1588	0.10535
692	552	33.712	-120.	125.26	1588	0.1055
692	565	34.943	-120.	123.6	1588	0.10579
692	574	36.709	-120.	124.58	1588	0.10567
693	552	33.712	-120.	125.26	1588	0.1055
693	574	36.709	-120.	124.58	1588	0.10567
693	549	33.314	-120.	127.38	1588	0.10527
694	552	33.712	-120.	125.26	1588	0.1055
694	549	33.314	-120.	127.38	1588	0.10527
694	519	31.619	-120.	126.45	1588	0.10535
695	552	33.712	-120.	125.26	1588	0.1055
695	519	31.619	-120.	126.45	1588	0.10535
695	524	31.758	-120.	125.71	1588	0.10544
696	552	33.712	-120.	125.26	1588	0.1055
696	524	31.758	-120.	125.71	1588	0.10544
696	554	33.93	-120.	123.84	1588	0.10573
697	552	33.712	-120.	125.26	1588	0.1055
697	554	33.93	-120.	123.84	1588	0.10573
697	565	34.943	-120.	123.6	1588	0.10579
698	557	34.028	-120.	123.11	1588	0.10587
698	554	33.93	-120.	123.84	1588	0.10573
698	565	34.943	-120.	123.6	1588	0.10579
699	530	31.959	-120.	124.3	1588	0.10565
699	539	32.274	-120.	122.15	1588	0.10608
699	478	29.04	-120.	125.04	1588	0.1056
700	530	31.959	-120.	124.3	1588	0.10565
700	478	29.04	-120.	125.04	1588	0.1056
700	503	30.725	-120.	125.95	1588	0.10542
701	530	31.959	-120.	124.3	1588	0.10565
701	503	30.725	-120.	125.95	1588	0.10542
701	524	31.758	-120.	125.71	1588	0.10544
702	530	31.959	-120.	124.3	1588	0.10565
702	524	31.758	-120.	125.71	1588	0.10544
702	554	33.93	-120.	123.84	1588	0.10573
703	530	31.959	-120.	124.3	1588	0.10565
703	554	33.93	-120.	123.84	1588	0.10573
703	557	34.028	-120.	123.11	1588	0.10587
704	530	31.959	-120.	124.3	1588	0.10565
704	557	34.028	-120.	123.11	1588	0.10587
704	539	32.274	-120.	122.15	1588	0.10608
705	549	33.314	-120.	127.38	1589	0.10527
705	572	35.883	-120.	128.81	1589	0.10523
705	574	36.709	-120.	124.58	1589	0.10567
706	495	29.794	-120.	128.1	1591	0.10523
706	470	28.397	-120.	127.71	1591	0.1053
706	502	30.725	-120.	125.95	1591	0.10542
707	495	29.794	-120.	128.1	1591	0.10523
707	502	30.725	-120.	125.95	1591	0.10542
707	520	31.619	-120.	126.45	1591	0.10535
708	495	29.794	-120.	128.1	1591	0.10523
708	520	31.619	-120.	126.45	1591	0.10535
708	505	30.745	-120.	129.14	1591	0.10516
709	495	29.794	-120.	128.1	1591	0.10523
709	505	30.745	-120.	129.14	1591	0.10516
709	485	29.384	-120.	130.08	1591	0.10515
710	495	29.794	-120.	128.1	1591	0.10523
710	485	29.384	-120.	130.08	1591	0.10515
710	465	27.896	-120.	129.26	1591	0.10522
711	495	29.794	-120.	128.1	1591	0.10523
711	465	27.896	-120.	129.26	1591	0.10522
711	470	28.397	-120.	127.71	1591	0.1053
712	505	30.745	-120.	129.14	1591	0.10516
712	520	31.619	-120.	126.45	1591	0.10535
712	549	33.314	-120.	127.38	1591	0.10527
713	470	28.397	-120.	127.71	1591	0.1053
713	478	29.04	-120.	125.04	1591	0.1056
713	502	30.725	-120.	125.95	1591	0.10542
714	465	27.896	-120.	129.26	1591	0.10522
714	485	29.384	-120.	130.08	1591	0.10515
714	456	26.843	-120.	131.8	1591	0.10522
715	500	30.508	-120.	129.85	1592	0.10515
715	504	30.745	-120.	129.14	1592	0.10516
715	484	29.384	-120.	130.08	1592	0.10515
716	540	32.636	-120.	129.42	1592	0.10516
716	572	35.883	-120.	128.81	1592	0.10523
716	549	33.314	-120.	127.38	1592	0.10527
717	540	32.636	-120.	129.42	1592	0.10516
717	549	33.314	-120.	127.38	1592	0.10527
717	504	30.745	-120.	129.14	1592	0.10516
718	540	32.636	-120.	129.42	1592	0.10516
718	504	30.745	-120.	129.14	1592	0.10516
718	500	30.508	-120.	129.85	1592	0.10515
719	540	32.636	-120.	129.42	1592	0.10516
719	500	30.508	-120.	129.85	1592	0.10515
719	531	32.136	-120.	130.77	1592	0.10516
720	540	32.636	-120.	129.42	1592	0.10516
720	531	32.136	-120.	130.77	1592	0.10516
720	547	33.229	-120.	130.57	1592	0.10517
721	540	32.636	-120.	129.42	1592	0.10516
721	547	33.229	-120.	130.57	1592	0.10517
721	572	35.883	-120.	128.81	1592	0.10523
722	497	29.996	-120.	131.19	1592	0.10516
722	479	29.242	-120.	133.19	1592	0.10529
722	456	26.843	-120.	131.8	1592	0.10522
723	497	29.996	-120.	131.19	1592	0.10516
723	456	26.843	-120.	131.8	1592	0.10522
723	484	29.384	-120.	130.08	1592	0.10515
724	497	29.996	-120.	131.19	1592	0.10516
724	484	29.384	-120.	130.08	1592	0.10515
724	500	30.508	-120.	129.85	1592	0.10515
725	497	29.996	-120.	131.19	1592	0.10516
725	500	30.508	-120.	129.85	1592	0.10515
725	531	32.136	-120.	130.77	1592	0.10516
726	497	29.996	-120.	131.19	1592	0.10516
726	531	32.136	-120.	130.77	1592	0.10516
726	525	31.866	-120.	131.46	1592	0.10518
727	497	29.996	-120.	131.19	1592	0.10516
727	525	31.866	-120.	131.46	1592	0.10518
727	479	29.242	-120.	133.19	1592	0.10529
728	531	32.136	-120.	130.77	1592	0.10516
728	525	31.866	-120.	131.46	1592	0.10518
728	547	33.229	-120.	130.57	1592	0.10517
729	494	29.577	-120.	107.44	1594	0.11157
729	481	29.263	-120.	106.75	1594	0.11189
729	474	28.622	-120.	107.7	1594	0.11146
730	517	31.382	-120.	106.93	1594	0.11179
730	561	34.155	-120.	106.16	1594	0.11213
730	499	30.485	-120.	104.97	1594	0.11271
731	517	31.382	-120.	106.93	1594	0.11179
731	499	30.485	-120.	104.97	1594	0.11271
731	481	29.263	-120.	106.75	1594	0.11189
732	517	31.382	-120.	106.93	1594	0.11179
732	481	29.263	-120.	106.75	1594	0.11189
732	494	29.577	-120.	107.44	1594	0.11157
733	517	31.382	-120.	106.93	1594	0.11179
733	494	29.577	-120.	107.44	1594	0.11157
733	529	31.935	-120.	108.26	1594	0.11118
734	517	31.382	-120.	106.93	1594	0.11179
734	529	31.935	-120.	108.26	1594	0.11118
734	542	32.875	-120.	108.	1594	0.11129
735	517	31.382	-120.	106.93	1594	0.11179
735	542	32.875	-120.	108.	1594	0.11129
735	561	34.155	-120.	106.16	1594	0.11213
736	498	30.113	-120.	108.76	1594	0.11096
736	511	30.932	-120.	110.76	1594	0.11005
736	462	27.402	-120.	109.46	1594	0.11067
737	498	30.113	-120.	108.76	1594	0.11096
737	462	27.402	-120.	109.46	1594	0.11067
737	474	28.622	-120.	107.7	1594	0.11146
738	498	30.113	-120.	108.76	1594	0.11096
738	474	28.622	-120.	107.7	1594	0.11146
738	494	29.577	-120.	107.44	1594	0.11157
739	498	30.113	-120.	108.76	1594	0.11096
739	494	29.577	-120.	107.44	1594	0.11157
739	529	31.935	-120.	108.26	1594	0.11118
740	498	30.113	-120.	108.76	1594	0.11096
740	529	31.935	-120.	108.26	1594	0.11118
740	534	32.207	-120.	108.95	1594	0.11086
741	498	30.113	-120.	108.76	1594	0.11096
741	534	32.207	-120.	108.95	1594	0.11086
741	511	30.932	-120.	110.76	1594	0.11005
742	529	31.935	-120.	108.26	1594	0.11118
742	534	32.207	-120.	108.95	1594	0.11086
742	542	32.875	-120.	108.	1594	0.11129
743	477	28.754	-120.	113.62	1595	0.10888
743	511	30.932	-120.	110.76	1595	0.11005
743	462	27.402	-120.	109.46	1595	0.11067
744	561	34.155	-120.	106.16	1598	0.11213
744	536	32.209	-120.	102.31	1598	0.11391
744	499	30.485	-120.	104.97	1598	0.11271
745	107	-23.785	-120.	100.93	1649	0.12264
745	110	-23.545	-120.	96.143	1649	0.12108
745	73	-26.285	-120.	99.47	1649	0.12224
746	136	-21.358	-120.	102.37	1650	0.12298
746	130	-21.726	-120.	101.28	1650	0.12272
746	123	-22.197	-120.	101.87	1650	0.12287
747	133	-21.51	-120.	98.163	1650	0.12178
747	138	-21.019	-120.	97.611	1650	0.12159
747	125	-21.878	-120.	97.108	1650	0.12141
748	119	-22.44	-120.	99.25	1650	0.12215
748	123	-22.197	-120.	101.87	1650	0.12287
748	107	-23.785	-120.	100.93	1650	0.12264
749	119	-22.44	-120.	99.25	1650	0.12215
749	107	-23.785	-120.	100.93	1650	0.12264
749	110	-23.545	-120.	96.143	1650	0.12108
750	119	-22.44	-120.	99.25	1650	0.12215
750	110	-23.545	-120.	96.143	1650	0.12108
750	125	-21.878	-120.	97.108	1650	0.12141
751	119	-22.44	-120.	99.25	1650	0.12215
751	125	-21.878	-120.	97.108	1650	0.12141
751	133	-21.51	-120.	98.163	1650	0.12178
752	119	-22.44	-120.	99.25	1650	0.12215
752	133	-21.51	-120.	98.163	1650	0.12178
752	130	-21.726	-120.	101.28	1650	0.12272
753	119	-22.44	-120.	99.25	1650	0.12215
753	130	-21.726	-120.	101.28	1650	0.12272
753	123	-22.197	-120.	101.87	1650	0.12287
754	140	-20.794	-120.	100.22	1650	0.12243
754	138	-21.019	-120.	97.611	1650	0.12159
754	153	-19.369	-120.	98.573	1650	0.12191
755	140	-20.794	-120.	100.22	1650	0.12243
755	153	-19.369	-120.	98.573	1650	0.12191
755	151	-19.781	-120.	103.3	1650	0.1232
756	140	-20.794	-120.	100.22	1650	0.12243
756	151	-19.781	-120.	103.3	1650	0.1232
756	136	-21.358	-120.	102.37	1650	0.12298
757	140	-20.794	-120.	100.22	1650	0.12243
757	136	-21.358	-120.	102.37	1650	0.12298
757	130	-21.726	-120.	101.28	1650	0.12272
758	140	-20.794	-120.	100.22	1650	0.12243
758	130	-21.726	-120.	101.28	1650	0.12272
758	133	-21.51	-120.	98.163	1650	0.12178
759	140	-20.794	-120.	100.22	1650	0.12243
759	133	-21.51	-120.	98.163	1650	0.12178
759	138	-21.019	-120.	97.611	1650	0.12159
760	171	-16.855	-120.	100.05	1654	0.12241
760	153	-19.369	-120.	98.573	1654	0.12191
760	151	-19.781	-120.	103.3	1654	0.1232
761	221	-8.7706	-120.	146.81	1667	0.11136
761	229	-7.1945	-120.	148.83	1667	0.11116
761	217	-9.7773	-120.	147.68	1667	0.11133
762	221	-8.7706	-120.	146.81	1667	0.11136
762	217	-9.7773	-120.	147.68	1667	0.11133
762	212	-10.674	-120.	146.2	1667	0.11156
763	221	-8.7706	-120.	146.81	1667	0.11136
763	212	-10.674	-120.	146.2	1667	0.11156
763	215	-9.8754	-120.	144.75	1667	0.11173
764	221	-8.7706	-120.	146.81	1667	0.11136
764	215	-9.8754	-120.	144.75	1667	0.11173
764	224	-8.3944	-120.	145.41	1667	0.11147
765	221	-8.7706	-120.	146.81	1667	0.11136
765	224	-8.3944	-120.	145.41	1667	0.11147
765	233	-6.7075	-120.	147.97	1667	0.11115
766	221	-8.7706	-120.	146.81	1667	0.11136
766	233	-6.7075	-120.	147.97	1667	0.11115
766	229	-7.1945	-120.	148.83	1667	0.11116
767	215	-9.8754	-120.	144.75	1667	0.11173
767	212	-10.674	-120.	146.2	1667	0.11156
767	197	-12.295	-120.	143.44	1667	0.11224
768	229	-7.1945	-120.	148.83	1667	0.11116
768	226	-8.113	-120.	150.47	1667	0.11116
768	217	-9.7773	-120.	147.68	1667	0.11133
769	233	-6.7075	-120.	147.97	1667	0.11115
769	224	-8.3944	-120.	145.41	1667	0.11147
769	240	-5.7995	-120.	146.33	1667	0.1111
770	486	29.388	-120.	135.79	1726	0.10565
770	479	29.242	-120.	133.19	1726	0.10529
770	460	27.061	-120.	136.97	1726	0.10588
771	486	29.388	-120.	135.79	1726	0.10565
771	460	27.061	-120.	136.97	1726	0.10588
771	476	28.693	-120.	137.9	1726	0.10608
772	486	29.388	-120.	135.79	1726	0.10565
772	476	28.693	-120.	137.9	1726	0.10608
772	492	29.517	-120.	137.53	1726	0.10599
773	486	29.388	-120.	135.79	1726	0.10565
773	492	29.517	-120.	137.53	1726	0.10599
773	512	30.952	-120.	135.04	1726	0.10553
774	486	29.388	-120.	135.79	1726	0.10565
774	512	30.952	-120.	135.04	1726	0.10553
774	509	30.864	-120.	134.14	1726	0.1054
775	486	29.388	-120.	135.79	1726	0.10565
775	509	30.864	-120.	134.14	1726	0.1054
775	479	29.242	-120.	133.19	1726	0.10529
776	513	31.043	-120.	136.75	1726	0.10582
776	550	33.344	-120.	135.59	1726	0.10563
776	514	31.189	-120.	139.32	1726	0.10643
777	513	31.043	-120.	136.75	1726	0.10582
777	514	31.189	-120.	139.32	1726	0.10643
777	493	29.543	-120.	138.38	1726	0.10619
778	513	31.043	-120.	136.75	1726	0.10582
778	493	29.543	-120.	138.38	1726	0.10619
778	492	29.517	-120.	137.53	1726	0.10599
779	513	31.043	-120.	136.75	1726	0.10582
779	492	29.517	-120.	137.53	1726	0.10599
779	512	30.952	-120.	135.04	1726	0.10553
780	513	31.043	-120.	136.75	1726	0.10582
780	512	30.952	-120.	135.04	1726	0.10553
780	521	31.71	-120.	134.63	1726	0.10547
781	513	31.043	-120.	136.75	1726	0.10582
781	521	31.71	-120.	134.63	1726	0.10547
781	550	33.344	-120.	135.59	1726	0.10563
782	492	29.517	-120.	137.53	1726	0.10599
782	476	28.693	-120.	137.9	1726	0.10608
782	493	29.543	-120.	138.38	1726	0.10619
783	512	30.952	-120.	135.04	1726	0.10553
783	521	31.71	-120.	134.63	1726	0.10547
783	509	30.864	-120.	134.14	1726	0.1054
784	476	28.693	-120.	137.9	1744	0.10608
784	458	26.876	-120.	140.1	1744	0.10667
784	460	27.061	-120.	136.97	1744	0.10588
785	473	28.593	-120.	142.76	1744	0.10751
785	452	26.586	-120.	144.91	1744	0.10834
785	454	26.788	-120.	141.73	1744	0.10717
786	469	28.326	-120.	140.43	1744	0.10676
786	473	28.593	-120.	142.76	1744	0.10751
786	454	26.788	-120.	141.73	1744	0.10717
787	469	28.326	-120.	140.43	1744	0.10676
787	454	26.788	-120.	141.73	1744	0.10717
787	458	26.876	-120.	140.1	1744	0.10667
788	469	28.326	-120.	140.43	1744	0.10676
788	458	26.876	-120.	140.1	1744	0.10667
788	476	28.693	-120.	137.9	1744	0.10608
789	469	28.326	-120.	140.43	1744	0.10676
789	476	28.693	-120.	137.9	1744	0.10608
789	493	29.543	-120.	138.38	1744	0.10619
790	469	28.326	-120.	140.43	1744	0.10676
790	493	29.543	-120.	138.38	1744	0.10619
790	488	29.463	-120.	141.7	1744	0.10715
791	469	28.326	-120.	140.43	1744	0.10676
791	488	29.463	-120.	141.7	1744	0.10715
791	473	28.593	-120.	142.76	1744	0.10751
792	514	31.189	-120.	139.32	1744	0.10643
792	488	29.463	-120.	141.7	1744	0.10715
792	493	29.543	-120.	138.38	1744	0.10619
793	390	18.671	-120.	94.527	1810	0.11702
793	388	18.369	-120.	95.895	1810	0.11669
793	373	16.06	-120.	94.294	1810	0.11717
794	390	18.671	-120.	94.527	1810	0.11702
794	373	16.06	-120.	94.294	1810	0.11717
794	377	16.533	-120.	93.457	1810	0.11731
795	390	18.671	-120.	94.527	1810	0.11702
795	377	16.533	-120.	93.457	1810	0.11731
795	397	19.897	-120.	93.386	1810	0.11728
796	390	18.671	-120.	94.527	1810	0.11702
796	397	19.897	-120.	93.386	1810	0.11728
796	409	21.067	-120.	94.197	1810	0.11707
797	390	18.671	-120.	94.527	1810	0.11702
797	409	21.067	-120.	94.197	1810	0.11707
797	401	20.101	-120.	95.931	1810	0.1166
798	390	18.671	-120.	94.527	1810	0.11702
798	401	20.101	-120.	95.931	1810	0.1166
798	388	18.369	-120.	95.895	1810	0.11669
799	397	19.897	-120.	93.386	1810	0.11728
799	377	16.533	-120.	93.457	1810	0.11731
799	381	17.43	-120.	91.87	1810	0.11758
800	388	18.369	-120.	95.895	1810	0.11669
800	365	15.169	-120.	95.872	1810	0.1169
800	373	16.06	-120.	94.294	1810	0.11717
801	401	20.101	-120.	95.931	1810	0.1166
801	409	21.067	-120.	94.197	1810	0.11707
801	431	23.352	-120.	95.976	1810	0.11652
802	406	20.74	-120.	93.354	1811	0.11728
802	398	19.897	-120.	93.386	1811	0.11728
802	410	21.067	-120.	94.197	1811	0.11707
803	400	20.015	-120.	91.744	1811	0.11762
803	392	18.881	-120.	89.348	1811	0.11796
803	381	17.43	-120.	91.87	1811	0.11758
804	400	20.015	-120.	91.744	1811	0.11762
804	381	17.43	-120.	91.87	1811	0.11758
804	398	19.897	-120.	93.386	1811	0.11728
805	400	20.015	-120.	91.744	1811	0.11762
805	398	19.897	-120.	93.386	1811	0.11728
805	406	20.74	-120.	93.354	1811	0.11728
806	400	20.015	-120.	91.744	1811	0.11762
806	406	20.74	-120.	93.354	1811	0.11728
806	416	21.743	-120.	91.638	1811	0.11768
807	400	20.015	-120.	91.744	1811	0.11762
807	416	21.743	-120.	91.638	1811	0.11768
807	412	21.398	-120.	90.871	1811	0.11782
808	400	20.015	-120.	91.744	1811	0.11762
808	412	21.398	-120.	90.871	1811	0.11782
808	392	18.881	-120.	89.348	1811	0.11796
809	421	22.376	-120.	93.382	1811	0.11728
809	441	24.832	-120.	93.474	1811	0.1173
809	431	23.352	-120.	95.976	1811	0.11652
810	421	22.376	-120.	93.382	1811	0.11728
810	431	23.352	-120.	95.976	1811	0.11652
810	410	21.067	-120.	94.197	1811	0.11707
811	421	22.376	-120.	93.382	1811	0.11728
811	410	21.067	-120.	94.197	1811	0.11707
811	406	20.74	-120.	93.354	1811	0.11728
812	421	22.376	-120.	93.382	1811	0.11728
812	406	20.74	-120.	93.354	1811	0.11728
812	416	21.743	-120.	91.638	1811	0.11768
813	421	22.376	-120.	93.382	1811	0.11728
813	416	21.743	-120.	91.638	1811	0.11768
813	426	22.522	-120.	91.651	1811	0.1177
814	421	22.376	-120.	93.382	1811	0.11728
814	426	22.522	-120.	91.651	1811	0.1177
814	441	24.832	-120.	93.474	1811	0.1173
815	416	21.743	-120.	91.638	1811	0.11768
815	426	22.522	-120.	91.651	1811	0.1177
815	412	21.398	-120.	90.871	1811	0.11782
