小面	点	X坐标 (mm)	Y坐标 (mm)	Z坐标 (mm)	单元数	定向变形 (mm)
0	135	-5.0197	-90.002	146.51	580	7.8893e-002
0	129	-7.53	-90.002	149.49	580	7.7767e-002
0	149	-2.2115	-90.002	150.32	580	8.6472e-002
1	55	-22.885	-90.002	100.04	647	9.6898e-003
1	63	-21.217	-90.002	102.2	647	1.4237e-002
1	37	-25.28	-90.002	103.92	647	8.9648e-003
1	39	-25.257	-90.002	101.82	647	7.2455e-003
2	21	-27.703	-90.002	101.55	647	2.9753e-003
2	44	-24.757	-90.002	97.566	647	4.5609e-003
2	55	-22.885	-90.002	100.04	647	9.6898e-003
2	39	-25.257	-90.002	101.82	647	7.2455e-003
3	37	-25.28	-90.002	103.92	647	8.9648e-003
3	10	-30.011	-90.002	105.94	647	2.8703e-003
3	21	-27.703	-90.002	101.55	647	2.9753e-003
3	39	-25.257	-90.002	101.82	647	7.2455e-003
4	32	-26.312	-90.002	123.11	656	2.4192e-002
4	14	-29.112	-90.002	125.85	656	2.2148e-002
4	8	-30.546	-90.002	123.5	656	1.7633e-002
4	12	-29.622	-90.002	120.92	656	1.6786e-002
5	4	-31.893	-90.002	128.58	656	2.0142e-002
5	14	-29.112	-90.002	125.85	656	2.2148e-002
5	8	-30.546	-90.002	123.5	656	1.7633e-002
5	2	-32.767	-90.002	123.7	656	1.4189e-002
6	2	-32.767	-90.002	123.7	656	1.4189e-002
6	0	-32.887	-90.002	118.75	656	9.4625e-003
6	12	-29.622	-90.002	120.92	656	1.6786e-002
6	8	-30.546	-90.002	123.5	656	1.7633e-002
7	165	2.7109	-90.002	153.59	662	9.6616e-002
7	169	3.6719	-90.002	154.9	662	9.9182e-002
7	163	2.0246	-90.002	154.99	662	9.6853e-002
8	48	-23.809	-90.002	110.63	699	1.7098e-002
8	18	-27.981	-90.002	114.05	699	1.3281e-002
8	23	-27.343	-90.002	116.6	699	1.66e-002
8	40	-25.213	-90.002	116.27	699	1.9795e-002
9	5	-31.752	-90.002	117.17	699	9.8847e-003
9	18	-27.981	-90.002	114.05	699	1.3281e-002
9	23	-27.343	-90.002	116.6	699	1.66e-002
9	17	-28.584	-90.002	119.37	699	1.7065e-002
10	36	-25.373	-90.002	121.58	699	2.4329e-002
10	40	-25.213	-90.002	116.27	699	1.9795e-002
10	23	-27.343	-90.002	116.6	699	1.66e-002
10	17	-28.584	-90.002	119.37	699	1.7065e-002
11	310	35.46	-90.002	116.52	839	0.11372
11	314	36.682	-90.002	115.48	839	0.1148
11	315	36.909	-90.002	117.12	839	0.11634
12	129	-7.53	-90.002	149.49	876	7.7767e-002
12	135	-5.0197	-90.002	146.51	876	7.8893e-002
12	130	-6.6575	-90.002	146.08	876	7.6042e-002
13	66	-21.126	-90.002	134.77	880	4.3281e-002
13	59	-22.444	-90.002	134.49	880	4.0921e-002
13	60	-22.067	-90.002	133.15	880	4.0297e-002
14	196	12.174	-90.002	92.983	911	6.1341e-002
14	191	10.051	-90.002	89.339	911	5.5134e-002
14	189	9.2434	-90.002	90.571	911	5.4849e-002
14	194	11.136	-90.002	94.105	911	6.0622e-002
15	185	7.8012	-90.002	85.484	911	4.8479e-002
15	191	10.051	-90.002	89.339	911	5.5134e-002
15	189	9.2434	-90.002	90.571	911	5.4849e-002
15	180	7.202	-90.002	86.783	911	4.8568e-002
16	96	-14.944	-90.002	91.296	917	1.5834e-002
16	94	-16.021	-90.002	90.083	917	1.307e-002
16	101	-14.615	-90.002	89.219	917	1.4722e-002
17	159	0.73719	-90.002	90.924	937	4.1531e-002
17	168	3.3289	-90.002	88.209	937	4.3513e-002
17	170	4.8072	-90.002	89.82	937	4.7199e-002
17	164	2.6704	-90.002	92.534	937	4.5975e-002
18	173	6.1614	-90.002	85.302	937	4.5712e-002
18	168	3.3289	-90.002	88.209	937	4.3513e-002
18	170	4.8072	-90.002	89.82	937	4.7199e-002
18	180	7.202	-90.002	86.783	937	4.8568e-002
19	173	6.1614	-90.002	85.302	969	4.5712e-002
19	185	7.8012	-90.002	85.484	969	4.8479e-002
19	180	7.202	-90.002	86.783	969	4.8568e-002
20	255	26.603	-90.002	95.154	990	8.5013e-002
20	266	27.785	-90.002	96.305	990	8.7642e-002
20	252	25.972	-90.002	96.176	990	8.4797e-002
21	251	25.873	-90.002	133.71	1005	0.11294
21	254	26.449	-90.002	134.72	1005	0.11462
21	249	25.239	-90.002	134.65	1005	0.1128
22	97	-14.844	-90.002	142.26	1039	6.0041e-002
22	100	-14.667	-90.002	141.83	1039	5.9932e-002
22	104	-14.262	-90.002	142.14	1039	6.0842e-002
23	60	-22.067	-90.002	133.15	1042	4.0297e-002
23	30	-26.321	-90.002	130.95	1042	3.1388e-002
23	34	-26.16	-90.002	128.54	1042	2.9428e-002
23	46	-24.131	-90.002	128.47	1042	3.2653e-002
24	9	-30.45	-90.002	128.78	1042	2.2674e-002
24	30	-26.321	-90.002	130.95	1042	3.1388e-002
24	34	-26.16	-90.002	128.54	1042	2.9428e-002
24	20	-27.847	-90.002	126.17	1042	2.4498e-002
25	41	-25.207	-90.002	123.54	1042	2.6383e-002
25	46	-24.131	-90.002	128.47	1042	3.2653e-002
25	34	-26.16	-90.002	128.54	1042	2.9428e-002
25	20	-27.847	-90.002	126.17	1042	2.4498e-002
26	45	-24.224	-90.002	110.6	1054	1.6398e-002
26	22	-27.554	-90.002	108.97	1054	9.5239e-003
26	13	-29.544	-90.002	111.72	1054	8.6616e-003
26	15	-28.737	-90.002	114.01	1054	1.2005e-002
27	7	-30.589	-90.002	107.48	1054	3.2412e-003
27	22	-27.554	-90.002	108.97	1054	9.5239e-003
27	13	-29.544	-90.002	111.72	1054	8.6616e-003
27	3	-32.083	-90.002	112.2	1054	4.9097e-003
28	1	-32.842	-90.002	117.1	1054	8.0446e-003
28	15	-28.737	-90.002	114.01	1054	1.2005e-002
28	13	-29.544	-90.002	111.72	1054	8.6616e-003
28	3	-32.083	-90.002	112.2	1054	4.9097e-003
29	130	-6.6575	-90.002	146.08	1057	7.6042e-002
29	129	-7.53	-90.002	149.49	1057	7.7767e-002
29	117	-10.195	-90.002	146.17	1057	7.0738e-002
29	116	-10.495	-90.002	144.48	1057	6.8762e-002
30	110	-12.092	-90.002	143.49	1057	6.5412e-002
30	117	-10.195	-90.002	146.17	1057	7.0738e-002
30	116	-10.495	-90.002	144.48	1057	6.8762e-002
31	28	-26.974	-90.002	132.31	1072	3.1594e-002
31	59	-22.444	-90.002	134.49	1072	4.0921e-002
31	43	-24.88	-90.002	136.84	1072	3.9172e-002
31	25	-27.225	-90.002	134.67	1072	3.3377e-002
32	11	-29.679	-90.002	134.8	1072	2.9536e-002
32	6	-31.401	-90.002	130.16	1072	2.2415e-002
32	28	-26.974	-90.002	132.31	1072	3.1594e-002
32	25	-27.225	-90.002	134.67	1072	3.3377e-002
33	43	-24.88	-90.002	136.84	1072	3.9172e-002
33	24	-27.268	-90.002	139.13	1072	3.747e-002
33	11	-29.679	-90.002	134.8	1072	2.9536e-002
33	25	-27.225	-90.002	134.67	1072	3.3377e-002
34	201	13.107	-90.002	149.08	1102	0.10772
34	209	14.791	-90.002	144.3	1102	0.10597
34	199	12.662	-90.002	145.36	1102	0.10384
35	299	32.942	-90.002	112.85	1127	0.10725
35	274	29.405	-90.002	110.41	1127	0.10015
35	291	31.665	-90.002	108.26	1127	0.10202
35	302	33.464	-90.002	110.57	1127	0.10639
36	311	35.749	-90.002	110.62	1127	0.10987
36	314	36.682	-90.002	115.48	1127	0.1148
36	299	32.942	-90.002	112.85	1127	0.10725
36	302	33.464	-90.002	110.57	1127	0.10639
37	291	31.665	-90.002	108.26	1127	0.10202
37	306	34.084	-90.002	105.95	1127	0.10403
37	311	35.749	-90.002	110.62	1127	0.10987
37	302	33.464	-90.002	110.57	1127	0.10639
38	269	28.361	-90.002	112.15	1129	9.9818e-002
38	292	31.755	-90.002	114.24	1129	0.10646
38	300	32.942	-90.002	112.85	1129	0.10725
38	274	29.405	-90.002	110.41	1129	0.10015
39	310	35.46	-90.002	116.52	1129	0.11372
39	292	31.755	-90.002	114.24	1129	0.10646
39	300	32.942	-90.002	112.85	1129	0.10725
39	314	36.682	-90.002	115.48	1129	0.1148
40	249	25.239	-90.002	134.65	1134	0.1128
40	264	27.603	-90.002	136.82	1134	0.11806
40	246	24.829	-90.002	138.5	1134	0.11545
40	236	22.51	-90.002	138.35	1134	0.11197
41	279	29.932	-90.002	138.96	1134	0.12323
41	264	27.603	-90.002	136.82	1134	0.11806
41	246	24.829	-90.002	138.5	1134	0.11545
41	243	24.443	-90.002	140.12	1134	0.11627
42	243	24.443	-90.002	140.12	1134	0.11627
42	224	19.581	-90.002	141.16	1134	0.11015
42	236	22.51	-90.002	138.35	1134	0.11197
42	246	24.829	-90.002	138.5	1134	0.11545
43	134	-5.3286	-90.002	85.842	1172	2.7433e-002
43	144	-3.7187	-90.002	85.481	1172	2.9793e-002
43	141	-4.2919	-90.002	87.196	1172	3.024e-002
44	113	-11.58	-90.002	96.147	1173	2.5337e-002
44	102	-14.602	-90.002	98.106	1173	2.1873e-002
44	105	-14.113	-90.002	95.271	1173	2.0408e-002
44	108	-13.159	-90.002	93.87	1173	2.0877e-002
45	88	-17.169	-90.002	100.34	1173	1.9405e-002
45	99	-14.726	-90.002	98.203	1173	2.1744e-002
45	95	-15.545	-90.002	96.249	1173	1.8805e-002
45	93	-16.178	-90.002	96.318	1173	1.7806e-002
46	99	-14.726	-90.002	98.203	1173	2.1744e-002
46	102	-14.602	-90.002	98.106	1173	2.1873e-002
46	105	-14.113	-90.002	95.271	1173	2.0408e-002
46	95	-15.545	-90.002	96.249	1173	1.8805e-002
47	98	-14.788	-90.002	94.601	1173	1.8744e-002
47	95	-15.545	-90.002	96.249	1173	1.8805e-002
47	93	-16.178	-90.002	96.318	1173	1.7806e-002
48	98	-14.788	-90.002	94.601	1173	1.8744e-002
48	93	-16.178	-90.002	96.318	1173	1.7806e-002
48	96	-14.944	-90.002	91.296	1173	1.5834e-002
49	98	-14.788	-90.002	94.601	1173	1.8744e-002
49	96	-14.944	-90.002	91.296	1173	1.5834e-002
49	108	-13.159	-90.002	93.87	1173	2.0877e-002
50	98	-14.788	-90.002	94.601	1173	1.8744e-002
50	108	-13.159	-90.002	93.87	1173	2.0877e-002
50	105	-14.113	-90.002	95.271	1173	2.0408e-002
51	98	-14.788	-90.002	94.601	1173	1.8744e-002
51	105	-14.113	-90.002	95.271	1173	2.0408e-002
51	95	-15.545	-90.002	96.249	1173	1.8805e-002
52	45	-24.224	-90.002	110.6	1184	1.6398e-002
52	16	-28.737	-90.002	114.01	1184	1.2005e-002
52	18	-27.981	-90.002	114.05	1184	1.3281e-002
52	48	-23.809	-90.002	110.63	1184	1.7098e-002
53	1	-32.842	-90.002	117.1	1184	8.0446e-003
53	16	-28.737	-90.002	114.01	1184	1.2005e-002
53	18	-27.981	-90.002	114.05	1184	1.3281e-002
53	5	-31.752	-90.002	117.17	1184	9.8847e-003
54	9	-30.45	-90.002	128.78	1185	2.2674e-002
54	6	-31.401	-90.002	130.16	1185	2.2415e-002
54	4	-31.893	-90.002	128.58	1185	2.0142e-002
55	155	-4.9186e-002	-90.002	147.42	1212	8.7122e-002
55	156	8.971e-002	-90.002	147.72	1212	8.7592e-002
55	157	0.31472	-90.002	147.43	1212	8.7669e-002
56	165	2.7109	-90.002	153.59	1212	9.6616e-002
56	166	3.0035	-90.002	150.3	1212	9.4144e-002
56	158	0.52758	-90.002	149.32	1212	8.9644e-002
56	151	-1.8452	-90.002	150.57	1212	8.724e-002
57	162	1.4381	-90.002	148.45	1212	9.0221e-002
57	157	0.31472	-90.002	147.43	1212	8.7669e-002
57	167	3.2552	-90.002	147.47	1212	9.2034e-002
58	162	1.4381	-90.002	148.45	1212	9.0221e-002
58	167	3.2552	-90.002	147.47	1212	9.2034e-002
58	166	3.0035	-90.002	150.3	1212	9.4144e-002
59	162	1.4381	-90.002	148.45	1212	9.0221e-002
59	166	3.0035	-90.002	150.3	1212	9.4144e-002
59	158	0.52758	-90.002	149.32	1212	8.9644e-002
60	162	1.4381	-90.002	148.45	1212	9.0221e-002
60	158	0.52758	-90.002	149.32	1212	8.9644e-002
60	156	8.971e-002	-90.002	147.72	1212	8.7592e-002
61	162	1.4381	-90.002	148.45	1212	9.0221e-002
61	156	8.971e-002	-90.002	147.72	1212	8.7592e-002
61	157	0.31472	-90.002	147.43	1212	8.7669e-002
62	152	-1.4181	-90.002	148.64	1212	8.6168e-002
62	151	-1.8452	-90.002	150.57	1212	8.724e-002
62	149	-2.2115	-90.002	150.32	1212	8.6472e-002
63	152	-1.4181	-90.002	148.64	1212	8.6168e-002
63	149	-2.2115	-90.002	150.32	1212	8.6472e-002
63	135	-5.0197	-90.002	146.51	1212	7.8893e-002
64	152	-1.4181	-90.002	148.64	1212	8.6168e-002
64	135	-5.0197	-90.002	146.51	1212	7.8893e-002
64	155	-4.9186e-002	-90.002	147.42	1212	8.7122e-002
65	152	-1.4181	-90.002	148.64	1212	8.6168e-002
65	155	-4.9186e-002	-90.002	147.42	1212	8.7122e-002
65	156	8.971e-002	-90.002	147.72	1212	8.7592e-002
66	152	-1.4181	-90.002	148.64	1212	8.6168e-002
66	156	8.971e-002	-90.002	147.72	1212	8.7592e-002
66	158	0.52758	-90.002	149.32	1212	8.9644e-002
67	152	-1.4181	-90.002	148.64	1212	8.6168e-002
67	158	0.52758	-90.002	149.32	1212	8.9644e-002
67	151	-1.8452	-90.002	150.57	1212	8.724e-002
68	194	11.136	-90.002	94.105	1217	6.0622e-002
68	196	12.174	-90.002	92.983	1217	6.1341e-002
68	205	13.598	-90.002	95.081	1217	6.5171e-002
69	285	30.96	-90.002	121.77	1218	0.1109
69	305	33.832	-90.002	119.53	1218	0.11351
69	308	34.797	-90.002	121.96	1218	0.1168
69	304	33.548	-90.002	124.29	1218	0.11671
70	315	36.909	-90.002	117.12	1218	0.11634
70	305	33.832	-90.002	119.53	1218	0.11351
70	308	34.797	-90.002	121.96	1218	0.1168
70	316	36.967	-90.002	122.08	1218	0.12013
71	316	36.967	-90.002	122.08	1218	0.12013
71	313	36.271	-90.002	126.98	1218	0.12285
71	304	33.548	-90.002	124.29	1218	0.11671
71	308	34.797	-90.002	121.96	1218	0.1168
72	273	29.3	-90.002	123.37	1222	0.10965
72	268	28.333	-90.002	128.03	1222	0.11191
72	281	30.387	-90.002	128.01	1222	0.11494
72	294	32.017	-90.002	125.63	1222	0.11547
73	253	26.333	-90.002	132.77	1222	0.11283
73	268	28.333	-90.002	128.03	1222	0.11191
73	281	30.387	-90.002	128.01	1222	0.11494
73	282	30.657	-90.002	130.42	1222	0.11727
74	309	34.938	-90.002	128.06	1222	0.12172
74	294	32.017	-90.002	125.63	1222	0.11547
74	281	30.387	-90.002	128.01	1222	0.11494
74	282	30.657	-90.002	130.42	1222	0.11727
75	285	30.96	-90.002	121.77	1224	0.1109
75	273	29.3	-90.002	123.37	1224	0.10965
75	275	29.473	-90.002	120.63	1224	0.10779
76	221	18.696	-90.002	89.227	1234	6.8505e-002
76	220	18.184	-90.002	90.246	1234	6.8495e-002
76	234	22.295	-90.002	92.927	1234	7.6814e-002
76	237	22.879	-90.002	91.89	1234	7.6936e-002
77	252	25.972	-90.002	96.176	1234	8.4797e-002
77	234	22.295	-90.002	92.927	1234	7.6814e-002
77	237	22.879	-90.002	91.89	1234	7.6936e-002
77	255	26.603	-90.002	95.154	1234	8.5013e-002
78	9	-30.45	-90.002	128.78	1284	2.2674e-002
78	31	-26.321	-90.002	130.95	1284	3.1388e-002
78	29	-26.974	-90.002	132.31	1284	3.1594e-002
78	6	-31.401	-90.002	130.16	1284	2.2415e-002
79	60	-22.067	-90.002	133.15	1284	4.0297e-002
79	31	-26.321	-90.002	130.95	1284	3.1388e-002
79	29	-26.974	-90.002	132.31	1284	3.1594e-002
79	59	-22.444	-90.002	134.49	1284	4.0921e-002
80	78	-18.99	-90.002	102.3	1291	1.8001e-002
80	62	-21.397	-90.002	105.6	1291	1.6777e-002
80	58	-22.737	-90.002	105.43	1291	1.4429e-002
80	63	-21.217	-90.002	102.2	1291	1.4237e-002
81	51	-23.605	-90.002	110.09	1291	1.6965e-002
81	62	-21.397	-90.002	105.6	1291	1.6777e-002
81	58	-22.737	-90.002	105.43	1291	1.4429e-002
81	47	-24.021	-90.002	109.98	1291	1.6189e-002
82	38	-25.28	-90.002	103.92	1292	8.9648e-003
82	63	-21.217	-90.002	102.2	1292	1.4237e-002
82	57	-22.737	-90.002	105.43	1292	1.4429e-002
82	42	-25.037	-90.002	105.63	1292	1.0812e-002
83	27	-27.158	-90.002	107.86	1292	9.2211e-003
83	10	-30.011	-90.002	105.94	1292	2.8703e-003
83	38	-25.28	-90.002	103.92	1292	8.9648e-003
83	42	-25.037	-90.002	105.63	1292	1.0812e-002
84	57	-22.737	-90.002	105.43	1292	1.4429e-002
84	47	-24.021	-90.002	109.98	1292	1.6189e-002
84	27	-27.158	-90.002	107.86	1292	9.2211e-003
84	42	-25.037	-90.002	105.63	1292	1.0812e-002
85	45	-24.224	-90.002	110.6	1293	1.6398e-002
85	22	-27.554	-90.002	108.97	1293	9.5239e-003
85	26	-27.158	-90.002	107.86	1293	9.2211e-003
85	47	-24.021	-90.002	109.98	1293	1.6189e-002
86	7	-30.589	-90.002	107.48	1293	3.2412e-003
86	22	-27.554	-90.002	108.97	1293	9.5239e-003
86	26	-27.158	-90.002	107.86	1293	9.2211e-003
86	10	-30.011	-90.002	105.94	1293	2.8703e-003
87	4	-31.893	-90.002	128.58	1300	2.0142e-002
87	9	-30.45	-90.002	128.78	1300	2.2674e-002
87	19	-27.847	-90.002	126.17	1300	2.4498e-002
87	14	-29.112	-90.002	125.85	1300	2.2148e-002
88	41	-25.207	-90.002	123.54	1300	2.6383e-002
88	19	-27.847	-90.002	126.17	1300	2.4498e-002
88	14	-29.112	-90.002	125.85	1300	2.2148e-002
88	32	-26.312	-90.002	123.11	1300	2.4192e-002
89	259	27.185	-90.002	133.3	1342	0.11452
89	288	31.581	-90.002	130.94	1342	0.11906
89	293	31.93	-90.002	133.27	1342	0.12146
89	277	29.684	-90.002	135.52	1342	0.12001
90	312	35.955	-90.002	128.6	1342	0.12365
90	288	31.581	-90.002	130.94	1342	0.11906
90	293	31.93	-90.002	133.27	1342	0.12146
90	307	34.4	-90.002	133.31	1342	0.12511
91	307	34.4	-90.002	133.31	1342	0.12511
91	296	32.15	-90.002	137.72	1342	0.12542
91	277	29.684	-90.002	135.52	1342	0.12001
91	293	31.93	-90.002	133.27	1342	0.12146
92	151	-1.8452	-90.002	150.57	1369	8.724e-002
92	150	-1.9103	-90.002	150.65	1369	8.7214e-002
92	149	-2.2115	-90.002	150.32	1369	8.6472e-002
93	163	2.0246	-90.002	154.99	1369	9.6853e-002
93	150	-1.9103	-90.002	150.65	1369	8.7214e-002
93	151	-1.8452	-90.002	150.57	1369	8.724e-002
93	165	2.7109	-90.002	153.59	1369	9.6616e-002
94	245	24.765	-90.002	146.54	1372	0.12222
94	241	23.521	-90.002	147.62	1372	0.12137
94	239	23.427	-90.002	146.17	1372	0.11999
95	224	19.581	-90.002	141.16	1415	0.11015
95	230	21.388	-90.002	143.52	1415	0.11477
95	242	24.223	-90.002	142.15	1415	0.11768
95	244	24.443	-90.002	140.12	1415	0.11627
96	239	23.427	-90.002	146.17	1415	0.11999
96	230	21.388	-90.002	143.52	1415	0.11477
96	242	24.223	-90.002	142.15	1415	0.11768
96	256	26.941	-90.002	142.8	1415	0.12215
97	279	29.932	-90.002	138.96	1415	0.12323
97	244	24.443	-90.002	140.12	1415	0.11627
97	242	24.223	-90.002	142.15	1415	0.11768
97	256	26.941	-90.002	142.8	1415	0.12215
98	32	-26.312	-90.002	123.11	1442	2.4192e-002
98	36	-25.373	-90.002	121.58	1442	2.4329e-002
98	41	-25.207	-90.002	123.54	1442	2.6383e-002
99	78	-18.99	-90.002	102.3	1453	1.8001e-002
99	64	-21.156	-90.002	100.07	1453	1.2574e-002
99	56	-22.885	-90.002	100.04	1453	9.6898e-003
99	63	-21.217	-90.002	102.2	1453	1.4237e-002
100	50	-23.617	-90.002	97.533	1453	6.4213e-003
100	64	-21.156	-90.002	100.07	1453	1.2574e-002
100	56	-22.885	-90.002	100.04	1453	9.6898e-003
100	44	-24.757	-90.002	97.566	1453	4.5609e-003
101	50	-23.617	-90.002	97.533	1459	6.4213e-003
101	44	-24.757	-90.002	97.566	1459	4.5609e-003
101	49	-23.708	-90.002	96.293	1459	5.2699e-003
102	50	-23.617	-90.002	97.533	1460	6.4213e-003
102	49	-23.708	-90.002	96.293	1460	5.2699e-003
102	61	-22.047	-90.002	96.947	1460	8.5578e-003
103	78	-18.99	-90.002	102.3	1461	1.8001e-002
103	88	-17.169	-90.002	100.34	1461	1.9405e-002
103	76	-19.339	-90.002	98.832	1461	1.458e-002
103	65	-21.156	-90.002	100.07	1461	1.2574e-002
104	50	-23.617	-90.002	97.533	1461	6.4213e-003
104	65	-21.156	-90.002	100.07	1461	1.2574e-002
104	76	-19.339	-90.002	98.832	1461	1.458e-002
104	61	-22.047	-90.002	96.947	1461	8.5578e-003
105	145	-3.2462	-90.002	91.92	1467	3.5806e-002
105	143	-4.0154	-90.002	91.185	1467	3.3937e-002
105	147	-2.3403	-90.002	90.107	1467	3.5825e-002
106	145	-3.2462	-90.002	91.92	1467	3.5806e-002
106	147	-2.3403	-90.002	90.107	1467	3.5825e-002
106	154	-0.62363	-90.002	92.674	1467	4.0739e-002
107	145	-3.2462	-90.002	91.92	1467	3.5806e-002
107	154	-0.62363	-90.002	92.674	1467	4.0739e-002
107	137	-4.6633	-90.002	93.328	1467	3.4605e-002
108	145	-3.2462	-90.002	91.92	1467	3.5806e-002
108	137	-4.6633	-90.002	93.328	1467	3.4605e-002
108	139	-4.5884	-90.002	92.305	1467	3.3898e-002
109	145	-3.2462	-90.002	91.92	1467	3.5806e-002
109	139	-4.5884	-90.002	92.305	1467	3.3898e-002
109	143	-4.0154	-90.002	91.185	1467	3.3937e-002
110	140	-4.4417	-90.002	90.216	1467	3.2444e-002
110	136	-5.0021	-90.002	91.436	1467	3.2507e-002
110	132	-6.5589	-90.002	91.154	1467	2.9691e-002
111	140	-4.4417	-90.002	90.216	1467	3.2444e-002
111	132	-6.5589	-90.002	91.154	1467	2.9691e-002
111	141	-4.2919	-90.002	87.196	1467	3.024e-002
112	140	-4.4417	-90.002	90.216	1467	3.2444e-002
112	141	-4.2919	-90.002	87.196	1467	3.024e-002
112	147	-2.3403	-90.002	90.107	1467	3.5825e-002
113	140	-4.4417	-90.002	90.216	1467	3.2444e-002
113	147	-2.3403	-90.002	90.107	1467	3.5825e-002
113	143	-4.0154	-90.002	91.185	1467	3.3937e-002
114	140	-4.4417	-90.002	90.216	1467	3.2444e-002
114	143	-4.0154	-90.002	91.185	1467	3.3937e-002
114	136	-5.0021	-90.002	91.436	1467	3.2507e-002
115	133	-5.8744	-90.002	92.576	1467	3.1983e-002
115	139	-4.5884	-90.002	92.305	1467	3.3898e-002
115	137	-4.6633	-90.002	93.328	1467	3.4605e-002
116	133	-5.8744	-90.002	92.576	1467	3.1983e-002
116	137	-4.6633	-90.002	93.328	1467	3.4605e-002
116	125	-8.5594	-90.002	94.656	1467	2.9186e-002
117	133	-5.8744	-90.002	92.576	1467	3.1983e-002
117	125	-8.5594	-90.002	94.656	1467	2.9186e-002
117	132	-6.5589	-90.002	91.154	1467	2.9691e-002
118	133	-5.8744	-90.002	92.576	1467	3.1983e-002
118	132	-6.5589	-90.002	91.154	1467	2.9691e-002
118	136	-5.0021	-90.002	91.436	1467	3.2507e-002
119	133	-5.8744	-90.002	92.576	1467	3.1983e-002
119	136	-5.0021	-90.002	91.436	1467	3.2507e-002
119	139	-4.5884	-90.002	92.305	1467	3.3898e-002
120	139	-4.5884	-90.002	92.305	1467	3.3898e-002
120	136	-5.0021	-90.002	91.436	1467	3.2507e-002
120	143	-4.0154	-90.002	91.185	1467	3.3937e-002
121	101	-14.615	-90.002	89.219	1472	1.4722e-002
121	109	-12.869	-90.002	90.243	1472	1.8454e-002
121	122	-8.6841	-90.002	88.427	1472	2.396e-002
121	119	-10.098	-90.002	87.174	1472	2.0605e-002
122	141	-4.2919	-90.002	87.196	1472	3.024e-002
122	122	-8.6841	-90.002	88.427	1472	2.396e-002
122	119	-10.098	-90.002	87.174	1472	2.0605e-002
122	134	-5.3286	-90.002	85.842	1472	2.7433e-002
123	159	0.73719	-90.002	90.924	1483	4.1531e-002
123	153	-1.3916	-90.002	88.322	1483	3.5926e-002
123	160	1.0489	-90.002	87.174	1483	3.8975e-002
123	168	3.3289	-90.002	88.209	1483	4.3513e-002
124	144	-3.7187	-90.002	85.481	1483	2.9793e-002
124	153	-1.3916	-90.002	88.322	1483	3.5926e-002
124	160	1.0489	-90.002	87.174	1483	3.8975e-002
124	161	1.2176	-90.002	85.013	1483	3.7496e-002
125	161	1.2176	-90.002	85.013	1483	3.7496e-002
125	173	6.1614	-90.002	85.302	1483	4.5712e-002
125	168	3.3289	-90.002	88.209	1483	4.3513e-002
125	160	1.0489	-90.002	87.174	1483	3.8975e-002
126	159	0.73719	-90.002	90.924	1484	4.1531e-002
126	153	-1.3916	-90.002	88.322	1484	3.5926e-002
126	148	-2.3403	-90.002	90.107	1484	3.5825e-002
126	154	-0.62363	-90.002	92.674	1484	4.0739e-002
127	144	-3.7187	-90.002	85.481	1484	2.9793e-002
127	153	-1.3916	-90.002	88.322	1484	3.5926e-002
127	148	-2.3403	-90.002	90.107	1484	3.5825e-002
127	141	-4.2919	-90.002	87.196	1484	3.024e-002
128	188	9.2434	-90.002	90.571	1485	5.4849e-002
128	194	11.136	-90.002	94.105	1485	6.0622e-002
128	178	6.8885	-90.002	92.933	1485	5.3031e-002
128	179	6.9717	-90.002	91.088	1485	5.1676e-002
129	171	4.8072	-90.002	89.82	1485	4.7199e-002
129	180	7.202	-90.002	86.783	1485	4.8568e-002
129	188	9.2434	-90.002	90.571	1485	5.4849e-002
129	179	6.9717	-90.002	91.088	1485	5.1676e-002
130	178	6.8885	-90.002	92.933	1485	5.3031e-002
130	164	2.6704	-90.002	92.534	1485	4.5975e-002
130	171	4.8072	-90.002	89.82	1485	4.7199e-002
130	179	6.9717	-90.002	91.088	1485	5.1676e-002
131	259	27.185	-90.002	133.3	1511	0.11452
131	254	26.449	-90.002	134.72	1511	0.11462
131	271	28.894	-90.002	136.94	1511	0.12004
131	276	29.684	-90.002	135.52	1511	0.12001
132	296	32.15	-90.002	137.72	1511	0.12542
132	276	29.684	-90.002	135.52	1511	0.12001
132	271	28.894	-90.002	136.94	1511	0.12004
132	287	31.325	-90.002	139.15	1511	0.12541
133	96	-14.944	-90.002	91.296	1536	1.5834e-002
133	94	-16.021	-90.002	90.083	1536	1.307e-002
133	73	-20.1	-90.002	92.891	1536	8.5228e-003
133	79	-18.687	-90.002	93.88	1536	1.1668e-002
134	49	-23.708	-90.002	96.293	1536	5.2699e-003
134	61	-22.047	-90.002	96.947	1536	8.5578e-003
134	79	-18.687	-90.002	93.88	1536	1.1668e-002
134	73	-20.1	-90.002	92.891	1536	8.5228e-003
135	238	23.04	-90.002	102.31	1553	8.4781e-002
135	262	27.514	-90.002	103.88	1553	9.2645e-002
135	265	27.642	-90.002	105.76	1553	9.4169e-002
135	250	25.563	-90.002	105.77	1553	9.1038e-002
136	298	32.404	-90.002	105.6	1553	0.10125
136	262	27.514	-90.002	103.88	1553	9.2645e-002
136	265	27.642	-90.002	105.76	1553	9.4169e-002
136	278	29.825	-90.002	107.7	1553	9.8842e-002
137	278	29.825	-90.002	107.7	1553	9.8842e-002
137	260	27.455	-90.002	109.62	1553	9.6632e-002
137	250	25.563	-90.002	105.77	1553	9.1038e-002
137	265	27.642	-90.002	105.76	1553	9.4169e-002
138	254	26.449	-90.002	134.72	1560	0.11462
138	249	25.239	-90.002	134.65	1560	0.1128
138	264	27.603	-90.002	136.82	1560	0.11806
138	270	28.894	-90.002	136.94	1560	0.12004
139	287	31.325	-90.002	139.15	1560	0.12541
139	270	28.894	-90.002	136.94	1560	0.12004
139	264	27.603	-90.002	136.82	1560	0.11806
139	279	29.932	-90.002	138.96	1560	0.12323
140	298	32.404	-90.002	105.6	1562	0.10125
140	301	33.339	-90.002	104.48	1562	0.10187
140	284	30.877	-90.002	100.18	1562	9.5097e-002
140	280	30.058	-90.002	101.5	1562	9.4796e-002
141	266	27.785	-90.002	96.305	1562	8.7642e-002
141	258	27.158	-90.002	97.759	1562	8.7739e-002
141	280	30.058	-90.002	101.5	1562	9.4796e-002
141	284	30.877	-90.002	100.18	1562	9.5097e-002
142	196	12.174	-90.002	92.983	1563	6.1341e-002
142	207	14.625	-90.002	90.794	1563	6.3425e-002
142	197	12.444	-90.002	88.909	1563	5.8547e-002
142	192	10.051	-90.002	89.339	1563	5.5134e-002
143	215	17.204	-90.002	88.523	1563	6.5655e-002
143	207	14.625	-90.002	90.794	1563	6.3425e-002
143	197	12.444	-90.002	88.909	1563	5.8547e-002
143	198	12.622	-90.002	86.644	1563	5.7037e-002
144	185	7.8012	-90.002	85.484	1563	4.8479e-002
144	192	10.051	-90.002	89.339	1563	5.5134e-002
144	197	12.444	-90.002	88.909	1563	5.8547e-002
144	198	12.622	-90.002	86.644	1563	5.7037e-002
145	228	21.146	-90.002	100.29	1564	8.0494e-002
145	218	17.642	-90.002	97.36	1564	7.305e-002
145	219	17.763	-90.002	95.17	1564	7.1589e-002
145	226	19.724	-90.002	95.456	1564	7.4783e-002
146	205	13.598	-90.002	95.081	1564	6.5171e-002
146	218	17.642	-90.002	97.36	1564	7.305e-002
146	219	17.763	-90.002	95.17	1564	7.1589e-002
146	212	15.823	-90.002	92.734	1564	6.6776e-002
147	212	15.823	-90.002	92.734	1564	6.6776e-002
147	220	18.184	-90.002	90.246	1564	6.8495e-002
147	226	19.724	-90.002	95.456	1564	7.4783e-002
147	219	17.763	-90.002	95.17	1564	7.1589e-002
148	228	21.146	-90.002	100.29	1570	8.0494e-002
148	240	23.471	-90.002	98.309	1570	8.2556e-002
148	233	21.844	-90.002	95.571	1570	7.8089e-002
148	227	19.724	-90.002	95.456	1570	7.4783e-002
149	252	25.972	-90.002	96.176	1570	8.4797e-002
149	240	23.471	-90.002	98.309	1570	8.2556e-002
149	233	21.844	-90.002	95.571	1570	7.8089e-002
149	235	22.295	-90.002	92.927	1570	7.6814e-002
150	220	18.184	-90.002	90.246	1570	6.8495e-002
150	227	19.724	-90.002	95.456	1570	7.4783e-002
150	233	21.844	-90.002	95.571	1570	7.8089e-002
150	235	22.295	-90.002	92.927	1570	7.6814e-002
151	285	30.96	-90.002	121.77	1576	0.1109
151	273	29.3	-90.002	123.37	1576	0.10965
151	295	32.017	-90.002	125.63	1576	0.11547
151	303	33.548	-90.002	124.29	1576	0.11671
152	313	36.271	-90.002	126.98	1576	0.12285
152	303	33.548	-90.002	124.29	1576	0.11671
152	295	32.017	-90.002	125.63	1576	0.11547
152	309	34.938	-90.002	128.06	1576	0.12172
153	201	13.107	-90.002	149.08	1603	0.10772
153	203	13.174	-90.002	149.2	1603	0.10793
153	202	13.118	-90.002	149.23	1603	0.10787
154	210	14.916	-90.002	152.48	1603	0.11329
154	203	13.174	-90.002	149.2	1603	0.10793
154	202	13.118	-90.002	149.23	1603	0.10787
154	204	13.388	-90.002	153.1	1603	0.11164
155	298	32.404	-90.002	105.6	1607	0.10125
155	301	33.339	-90.002	104.48	1607	0.10187
155	306	34.084	-90.002	105.95	1607	0.10403
156	260	27.455	-90.002	109.62	1612	9.6632e-002
156	278	29.825	-90.002	107.7	1612	9.8842e-002
156	290	31.665	-90.002	108.26	1612	0.10202
156	274	29.405	-90.002	110.41	1612	0.10015
157	298	32.404	-90.002	105.6	1612	0.10125
157	278	29.825	-90.002	107.7	1612	9.8842e-002
157	290	31.665	-90.002	108.26	1612	0.10202
157	306	34.084	-90.002	105.95	1612	0.10403
158	274	29.405	-90.002	110.41	1613	0.10015
158	269	28.361	-90.002	112.15	1613	9.9818e-002
158	260	27.455	-90.002	109.62	1613	9.6632e-002
159	287	31.325	-90.002	139.15	1616	0.12541
159	279	29.932	-90.002	138.96	1616	0.12323
159	257	26.941	-90.002	142.8	1616	0.12215
159	267	28.326	-90.002	143.1	1616	0.1244
160	239	23.427	-90.002	146.17	1616	0.11999
160	257	26.941	-90.002	142.8	1616	0.12215
160	267	28.326	-90.002	143.1	1616	0.1244
160	245	24.765	-90.002	146.54	1616	0.12222
161	47	-24.021	-90.002	109.98	1683	1.6189e-002
161	48	-23.809	-90.002	110.63	1683	1.7098e-002
161	45	-24.224	-90.002	110.6	1683	1.6398e-002
162	51	-23.605	-90.002	110.09	1684	1.6965e-002
162	48	-23.809	-90.002	110.63	1684	1.7098e-002
162	47	-24.021	-90.002	109.98	1684	1.6189e-002
163	33	-26.291	-90.002	140.46	1687	4.0281e-002
163	24	-27.268	-90.002	139.13	1687	3.747e-002
163	35	-25.697	-90.002	139.38	1687	4.0219e-002
164	66	-21.126	-90.002	134.77	1688	4.3281e-002
164	52	-23.442	-90.002	137.1	1688	4.1722e-002
164	43	-24.88	-90.002	136.84	1688	3.9172e-002
164	59	-22.444	-90.002	134.49	1688	4.0921e-002
165	35	-25.697	-90.002	139.38	1688	4.0219e-002
165	52	-23.442	-90.002	137.1	1688	4.1722e-002
165	43	-24.88	-90.002	136.84	1688	3.9172e-002
165	24	-27.268	-90.002	139.13	1688	3.747e-002
166	35	-25.697	-90.002	139.38	1689	4.0219e-002
166	53	-23.442	-90.002	137.1	1689	4.1722e-002
166	69	-20.826	-90.002	138.72	1689	4.7379e-002
166	71	-20.457	-90.002	140.55	1689	4.9651e-002
167	66	-21.126	-90.002	134.77	1689	4.3281e-002
167	53	-23.442	-90.002	137.1	1689	4.1722e-002
167	69	-20.826	-90.002	138.72	1689	4.7379e-002
167	81	-18.349	-90.002	138.46	1689	5.1071e-002
168	100	-14.667	-90.002	141.83	1689	5.9932e-002
168	71	-20.457	-90.002	140.55	1689	4.9651e-002
168	69	-20.826	-90.002	138.72	1689	4.7379e-002
168	81	-18.349	-90.002	138.46	1689	5.1071e-002
169	127	-7.6585	-90.002	149.75	1711	7.7801e-002
169	129	-7.53	-90.002	149.49	1711	7.7767e-002
169	128	-7.5452	-90.002	149.78	1711	7.7999e-002
170	126	-7.7502	-90.002	153.54	1711	8.1056e-002
170	128	-7.5452	-90.002	149.78	1711	7.7999e-002
170	127	-7.6585	-90.002	149.75	1711	7.7801e-002
170	121	-9.3377	-90.002	153.1	1711	7.8255e-002
171	138	-4.6543	-90.002	150.43	1712	8.2921e-002
171	128	-7.5452	-90.002	149.78	1712	7.7999e-002
171	129	-7.53	-90.002	149.49	1712	7.7767e-002
172	138	-4.6543	-90.002	150.43	1712	8.2921e-002
172	129	-7.53	-90.002	149.49	1712	7.7767e-002
172	149	-2.2115	-90.002	150.32	1712	8.6472e-002
173	138	-4.6543	-90.002	150.43	1712	8.2921e-002
173	149	-2.2115	-90.002	150.32	1712	8.6472e-002
173	150	-1.9103	-90.002	150.65	1712	8.7214e-002
174	138	-4.6543	-90.002	150.43	1712	8.2921e-002
174	150	-1.9103	-90.002	150.65	1712	8.7214e-002
174	142	-4.0746	-90.002	151.89	1712	8.5087e-002
175	138	-4.6543	-90.002	150.43	1712	8.2921e-002
175	142	-4.0746	-90.002	151.89	1712	8.5087e-002
175	128	-7.5452	-90.002	149.78	1712	7.7999e-002
176	146	-2.9214	-90.002	154.64	1712	8.9252e-002
176	126	-7.7502	-90.002	153.54	1712	8.1056e-002
176	128	-7.5452	-90.002	149.78	1712	7.7999e-002
176	142	-4.0746	-90.002	151.89	1712	8.5087e-002
177	150	-1.9103	-90.002	150.65	1712	8.7214e-002
177	163	2.0246	-90.002	154.99	1712	9.6853e-002
177	146	-2.9214	-90.002	154.64	1712	8.9252e-002
177	142	-4.0746	-90.002	151.89	1712	8.5087e-002
178	110	-12.092	-90.002	143.49	1748	6.5412e-002
178	103	-14.269	-90.002	142.62	1748	6.1264e-002
178	104	-14.262	-90.002	142.14	1748	6.0842e-002
179	129	-7.53	-90.002	149.49	1749	7.7767e-002
179	127	-7.6585	-90.002	149.75	1749	7.7801e-002
179	120	-10.012	-90.002	147.44	1749	7.2156e-002
179	118	-10.195	-90.002	146.17	1749	7.0738e-002
180	121	-9.3377	-90.002	153.1	1749	7.8255e-002
180	127	-7.6585	-90.002	149.75	1749	7.7801e-002
180	120	-10.012	-90.002	147.44	1749	7.2156e-002
180	111	-11.689	-90.002	148.1	1749	7.019e-002
181	112	-11.651	-90.002	145.56	1749	6.7961e-002
181	103	-14.269	-90.002	142.62	1749	6.1264e-002
181	110	-12.092	-90.002	143.49	1749	6.5412e-002
182	112	-11.651	-90.002	145.56	1749	6.7961e-002
182	110	-12.092	-90.002	143.49	1749	6.5412e-002
182	118	-10.195	-90.002	146.17	1749	7.0738e-002
183	112	-11.651	-90.002	145.56	1749	6.7961e-002
183	118	-10.195	-90.002	146.17	1749	7.0738e-002
183	120	-10.012	-90.002	147.44	1749	7.2156e-002
184	112	-11.651	-90.002	145.56	1749	6.7961e-002
184	120	-10.012	-90.002	147.44	1749	7.2156e-002
184	111	-11.689	-90.002	148.1	1749	7.019e-002
185	112	-11.651	-90.002	145.56	1749	6.7961e-002
185	111	-11.689	-90.002	148.1	1749	7.019e-002
185	103	-14.269	-90.002	142.62	1749	6.1264e-002
186	91	-16.278	-90.002	145.72	1750	6.0945e-002
186	103	-14.269	-90.002	142.62	1750	6.1264e-002
186	111	-11.689	-90.002	148.1	1750	7.019e-002
186	106	-13.977	-90.002	148.41	1750	6.695e-002
187	107	-13.902	-90.002	151.16	1750	6.9552e-002
187	83	-18.112	-90.002	148.55	1750	6.0672e-002
187	91	-16.278	-90.002	145.72	1750	6.0945e-002
187	106	-13.977	-90.002	148.41	1750	6.695e-002
188	111	-11.689	-90.002	148.1	1750	7.019e-002
188	121	-9.3377	-90.002	153.1	1750	7.8255e-002
188	107	-13.902	-90.002	151.16	1750	6.9552e-002
188	106	-13.977	-90.002	148.41	1750	6.695e-002
189	193	10.965	-90.002	145.9	1760	0.10185
189	201	13.107	-90.002	149.08	1760	0.10772
189	199	12.662	-90.002	145.36	1760	0.10384
190	165	2.7109	-90.002	153.59	1762	9.6616e-002
190	184	7.3848	-90.002	153.09	1762	0.10298
190	187	8.5958	-90.002	154.38	1762	0.10586
190	169	3.6719	-90.002	154.9	1762	9.9182e-002
191	195	11.943	-90.002	151.95	1762	0.10855
191	184	7.3848	-90.002	153.09	1762	0.10298
191	187	8.5958	-90.002	154.38	1762	0.10586
191	204	13.388	-90.002	153.1	1762	0.11164
192	195	11.943	-90.002	151.95	1763	0.10855
192	204	13.388	-90.002	153.1	1763	0.11164
192	202	13.118	-90.002	149.23	1763	0.10787
192	200	13.063	-90.002	149.19	1763	0.10776
193	201	13.107	-90.002	149.08	1763	0.10772
193	202	13.118	-90.002	149.23	1763	0.10787
193	200	13.063	-90.002	149.19	1763	0.10776
194	259	27.185	-90.002	133.3	1769	0.11452
194	289	31.581	-90.002	130.94	1769	0.11906
194	283	30.657	-90.002	130.42	1769	0.11727
194	253	26.333	-90.002	132.77	1769	0.11283
195	312	35.955	-90.002	128.6	1769	0.12365
195	289	31.581	-90.002	130.94	1769	0.11906
195	283	30.657	-90.002	130.42	1769	0.11727
195	309	34.938	-90.002	128.06	1769	0.12172
196	313	36.271	-90.002	126.98	1770	0.12285
196	312	35.955	-90.002	128.6	1770	0.12365
196	309	34.938	-90.002	128.06	1770	0.12172
197	159	0.73719	-90.002	90.924	1771	4.1531e-002
197	164	2.6704	-90.002	92.534	1771	4.5975e-002
197	154	-0.62363	-90.002	92.674	1771	4.0739e-002
198	224	19.581	-90.002	141.16	1775	0.11015
198	214	16.311	-90.002	143.48	1775	0.10745
198	213	16.267	-90.002	144.11	1775	0.10793
198	225	19.609	-90.002	143.36	1775	0.11209
199	213	16.267	-90.002	144.11	1775	0.10793
199	209	14.791	-90.002	144.3	1775	0.10597
199	214	16.311	-90.002	143.48	1775	0.10745
200	224	19.581	-90.002	141.16	1776	0.11015
200	229	21.388	-90.002	143.52	1776	0.11477
200	232	21.458	-90.002	145.37	1776	0.11648
200	225	19.609	-90.002	143.36	1776	0.11209
201	239	23.427	-90.002	146.17	1776	0.11999
201	229	21.388	-90.002	143.52	1776	0.11477
201	232	21.458	-90.002	145.37	1776	0.11648
201	241	23.521	-90.002	147.62	1776	0.12137
202	238	23.04	-90.002	102.31	1812	8.4781e-002
202	263	27.514	-90.002	103.88	1812	9.2645e-002
202	261	27.513	-90.002	101.82	1812	9.1181e-002
202	248	25.009	-90.002	100.13	1812	8.619e-002
203	298	32.404	-90.002	105.6	1812	0.10125
203	263	27.514	-90.002	103.88	1812	9.2645e-002
203	261	27.513	-90.002	101.82	1812	9.1181e-002
203	280	30.058	-90.002	101.5	1812	9.4796e-002
204	258	27.158	-90.002	97.759	1812	8.7739e-002
204	248	25.009	-90.002	100.13	1812	8.619e-002
204	261	27.513	-90.002	101.82	1812	9.1181e-002
204	280	30.058	-90.002	101.5	1812	9.4796e-002
205	84	-17.717	-90.002	97.835	1816	1.6469e-002
205	77	-19.339	-90.002	98.832	1816	1.458e-002
205	88	-17.169	-90.002	100.34	1816	1.9405e-002
206	84	-17.717	-90.002	97.835	1816	1.6469e-002
206	88	-17.169	-90.002	100.34	1816	1.9405e-002
206	92	-16.178	-90.002	96.318	1816	1.7806e-002
207	84	-17.717	-90.002	97.835	1816	1.6469e-002
207	92	-16.178	-90.002	96.318	1816	1.7806e-002
207	85	-17.373	-90.002	96.383	1816	1.587e-002
208	84	-17.717	-90.002	97.835	1816	1.6469e-002
208	85	-17.373	-90.002	96.383	1816	1.587e-002
208	80	-18.525	-90.002	97.299	1816	1.4694e-002
209	84	-17.717	-90.002	97.835	1816	1.6469e-002
209	80	-18.525	-90.002	97.299	1816	1.4694e-002
209	77	-19.339	-90.002	98.832	1816	1.458e-002
210	80	-18.525	-90.002	97.299	1816	1.4694e-002
210	82	-18.139	-90.002	96.073	1816	1.4347e-002
210	85	-17.373	-90.002	96.383	1816	1.587e-002
211	89	-17.064	-90.002	94.79	1816	1.5102e-002
211	79	-18.687	-90.002	93.88	1816	1.1668e-002
211	96	-14.944	-90.002	91.296	1816	1.5834e-002
212	89	-17.064	-90.002	94.79	1816	1.5102e-002
212	96	-14.944	-90.002	91.296	1816	1.5834e-002
212	92	-16.178	-90.002	96.318	1816	1.7806e-002
213	89	-17.064	-90.002	94.79	1816	1.5102e-002
213	92	-16.178	-90.002	96.318	1816	1.7806e-002
213	85	-17.373	-90.002	96.383	1816	1.587e-002
214	89	-17.064	-90.002	94.79	1816	1.5102e-002
214	85	-17.373	-90.002	96.383	1816	1.587e-002
214	82	-18.139	-90.002	96.073	1816	1.4347e-002
215	89	-17.064	-90.002	94.79	1816	1.5102e-002
215	82	-18.139	-90.002	96.073	1816	1.4347e-002
215	79	-18.687	-90.002	93.88	1816	1.1668e-002
216	75	-19.347	-90.002	96.606	1816	1.2767e-002
216	79	-18.687	-90.002	93.88	1816	1.1668e-002
216	61	-22.047	-90.002	96.947	1816	8.5578e-003
217	75	-19.347	-90.002	96.606	1816	1.2767e-002
217	61	-22.047	-90.002	96.947	1816	8.5578e-003
217	77	-19.339	-90.002	98.832	1816	1.458e-002
218	75	-19.347	-90.002	96.606	1816	1.2767e-002
218	77	-19.339	-90.002	98.832	1816	1.458e-002
218	80	-18.525	-90.002	97.299	1816	1.4694e-002
219	75	-19.347	-90.002	96.606	1816	1.2767e-002
219	80	-18.525	-90.002	97.299	1816	1.4694e-002
219	82	-18.139	-90.002	96.073	1816	1.4347e-002
220	75	-19.347	-90.002	96.606	1816	1.2767e-002
220	82	-18.139	-90.002	96.073	1816	1.4347e-002
220	79	-18.687	-90.002	93.88	1816	1.1668e-002
221	131	-6.5589	-90.002	91.154	1818	2.9691e-002
221	125	-8.5594	-90.002	94.656	1818	2.9186e-002
221	115	-10.582	-90.002	92.583	1818	2.4149e-002
221	124	-8.6146	-90.002	90.747	1818	2.5947e-002
222	123	-8.6841	-90.002	88.427	1818	2.396e-002
222	141	-4.2919	-90.002	87.196	1818	3.024e-002
222	131	-6.5589	-90.002	91.154	1818	2.9691e-002
222	124	-8.6146	-90.002	90.747	1818	2.5947e-002
223	115	-10.582	-90.002	92.583	1818	2.4149e-002
223	109	-12.869	-90.002	90.243	1818	1.8454e-002
223	123	-8.6841	-90.002	88.427	1818	2.396e-002
223	124	-8.6146	-90.002	90.747	1818	2.5947e-002
224	272	29.288	-90.002	116.35	1898	0.10429
224	269	28.361	-90.002	112.15	1898	9.9818e-002
224	292	31.755	-90.002	114.24	1898	0.10646
224	286	31.145	-90.002	116.41	1898	0.10714
225	297	32.337	-90.002	118.67	1898	0.11062
225	275	29.473	-90.002	120.63	1898	0.10779
225	272	29.288	-90.002	116.35	1898	0.10429
225	286	31.145	-90.002	116.41	1898	0.10714
226	292	31.755	-90.002	114.24	1898	0.10646
226	310	35.46	-90.002	116.52	1898	0.11372
226	297	32.337	-90.002	118.67	1898	0.11062
226	286	31.145	-90.002	116.41	1898	0.10714
227	285	30.96	-90.002	121.77	1899	0.1109
227	305	33.832	-90.002	119.53	1899	0.11351
227	297	32.337	-90.002	118.67	1899	0.11062
227	275	29.473	-90.002	120.63	1899	0.10779
228	315	36.909	-90.002	117.12	1899	0.11634
228	305	33.832	-90.002	119.53	1899	0.11351
228	297	32.337	-90.002	118.67	1899	0.11062
228	310	35.46	-90.002	116.52	1899	0.11372
229	113	-11.58	-90.002	96.147	2908	2.5337e-002
229	108	-13.159	-90.002	93.87	2908	2.0877e-002
229	114	-10.582	-90.002	92.583	2908	2.4149e-002
229	125	-8.5594	-90.002	94.656	2908	2.9186e-002
230	96	-14.944	-90.002	91.296	2908	1.5834e-002
230	108	-13.159	-90.002	93.87	2908	2.0877e-002
230	114	-10.582	-90.002	92.583	2908	2.4149e-002
230	109	-12.869	-90.002	90.243	2908	1.8454e-002
231	96	-14.944	-90.002	91.296	2909	1.5834e-002
231	101	-14.615	-90.002	89.219	2909	1.4722e-002
231	109	-12.869	-90.002	90.243	2909	1.8454e-002
232	0	-32.887	-90.002	118.75	2926	9.4625e-003
232	1	-32.842	-90.002	117.1	2926	8.0446e-003
232	5	-31.752	-90.002	117.17	2926	9.8847e-003
233	36	-25.373	-90.002	121.58	2927	2.4329e-002
233	17	-28.584	-90.002	119.37	2927	1.7065e-002
233	12	-29.622	-90.002	120.92	2927	1.6786e-002
233	32	-26.312	-90.002	123.11	2927	2.4192e-002
234	5	-31.752	-90.002	117.17	2927	9.8847e-003
234	17	-28.584	-90.002	119.37	2927	1.7065e-002
234	12	-29.622	-90.002	120.92	2927	1.6786e-002
234	0	-32.887	-90.002	118.75	2927	9.4625e-003
235	97	-14.844	-90.002	142.26	2943	6.0041e-002
235	67	-20.831	-90.002	141.32	2943	4.9762e-002
235	70	-20.492	-90.002	143.6	2943	5.2397e-002
235	86	-17.264	-90.002	145.06	2943	5.8805e-002
236	33	-26.291	-90.002	140.46	2943	4.0281e-002
236	67	-20.831	-90.002	141.32	2943	4.9762e-002
236	70	-20.492	-90.002	143.6	2943	5.2397e-002
236	54	-23.155	-90.002	144.3	2943	4.883e-002
237	74	-19.468	-90.002	147.61	2943	5.7692e-002
237	86	-17.264	-90.002	145.06	2943	5.8805e-002
237	70	-20.492	-90.002	143.6	2943	5.2397e-002
237	54	-23.155	-90.002	144.3	2943	4.883e-002
238	97	-14.844	-90.002	142.26	2944	6.0041e-002
238	100	-14.667	-90.002	141.83	2944	5.9932e-002
238	72	-20.457	-90.002	140.55	2944	4.9651e-002
238	68	-20.831	-90.002	141.32	2944	4.9762e-002
239	35	-25.697	-90.002	139.38	2944	4.0219e-002
239	72	-20.457	-90.002	140.55	2944	4.9651e-002
239	68	-20.831	-90.002	141.32	2944	4.9762e-002
239	33	-26.291	-90.002	140.46	2944	4.0281e-002
240	259	27.185	-90.002	133.3	2947	0.11452
240	254	26.449	-90.002	134.72	2947	0.11462
240	251	25.873	-90.002	133.71	2947	0.11294
241	251	25.873	-90.002	133.71	2948	0.11294
241	253	26.333	-90.002	132.77	2948	0.11283
241	259	27.185	-90.002	133.3	2948	0.11452
242	215	17.204	-90.002	88.523	2951	6.5655e-002
242	221	18.696	-90.002	89.227	2951	6.8505e-002
242	220	18.184	-90.002	90.246	2951	6.8495e-002
243	196	12.174	-90.002	92.983	2952	6.1341e-002
243	205	13.598	-90.002	95.081	2952	6.5171e-002
243	212	15.823	-90.002	92.734	2952	6.6776e-002
243	208	14.625	-90.002	90.794	2952	6.3425e-002
244	215	17.204	-90.002	88.523	2952	6.5655e-002
244	208	14.625	-90.002	90.794	2952	6.3425e-002
244	212	15.823	-90.002	92.734	2952	6.6776e-002
244	220	18.184	-90.002	90.246	2952	6.8495e-002
245	177	6.8003	-90.002	147.48	2953	9.7208e-002
245	176	6.4059	-90.002	147.15	2953	9.6345e-002
245	172	5.9208	-90.002	147.2	2953	9.5685e-002
246	175	6.3378	-90.002	148.05	2953	9.7038e-002
246	172	5.9208	-90.002	147.2	2953	9.5685e-002
246	167	3.2552	-90.002	147.47	2953	9.2034e-002
247	175	6.3378	-90.002	148.05	2953	9.7038e-002
247	167	3.2552	-90.002	147.47	2953	9.2034e-002
247	182	7.2706	-90.002	149.54	2953	9.9695e-002
248	175	6.3378	-90.002	148.05	2953	9.7038e-002
248	182	7.2706	-90.002	149.54	2953	9.9695e-002
248	186	8.4421	-90.002	148.57	2953	0.10055
249	175	6.3378	-90.002	148.05	2953	9.7038e-002
249	186	8.4421	-90.002	148.57	2953	0.10055
249	177	6.8003	-90.002	147.48	2953	9.7208e-002
250	175	6.3378	-90.002	148.05	2953	9.7038e-002
250	177	6.8003	-90.002	147.48	2953	9.7208e-002
250	172	5.9208	-90.002	147.2	2953	9.5685e-002
251	195	11.943	-90.002	151.95	2953	0.10855
251	182	7.2706	-90.002	149.54	2953	9.9695e-002
251	186	8.4421	-90.002	148.57	2953	0.10055
251	200	13.063	-90.002	149.19	2953	0.10776
252	190	9.7973	-90.002	147.89	2953	0.10192
252	201	13.107	-90.002	149.08	2953	0.10772
252	193	10.965	-90.002	145.9	2953	0.10185
253	190	9.7973	-90.002	147.89	2953	0.10192
253	193	10.965	-90.002	145.9	2953	0.10185
253	176	6.4059	-90.002	147.15	2953	9.6345e-002
254	190	9.7973	-90.002	147.89	2953	0.10192
254	176	6.4059	-90.002	147.15	2953	9.6345e-002
254	177	6.8003	-90.002	147.48	2953	9.7208e-002
255	190	9.7973	-90.002	147.89	2953	0.10192
255	177	6.8003	-90.002	147.48	2953	9.7208e-002
255	186	8.4421	-90.002	148.57	2953	0.10055
256	190	9.7973	-90.002	147.89	2953	0.10192
256	186	8.4421	-90.002	148.57	2953	0.10055
256	200	13.063	-90.002	149.19	2953	0.10776
257	190	9.7973	-90.002	147.89	2953	0.10192
257	200	13.063	-90.002	149.19	2953	0.10776
257	201	13.107	-90.002	149.08	2953	0.10772
258	195	11.943	-90.002	151.95	2954	0.10855
258	181	7.2705	-90.002	149.54	2954	9.9695e-002
258	174	6.1728	-90.002	151.39	2954	9.9724e-002
258	183	7.3848	-90.002	153.09	2954	0.10298
259	167	3.2552	-90.002	147.47	2954	9.2034e-002
259	181	7.2705	-90.002	149.54	2954	9.9695e-002
259	174	6.1728	-90.002	151.39	2954	9.9724e-002
259	166	3.0035	-90.002	150.3	2954	9.4144e-002
260	183	7.3848	-90.002	153.09	2954	0.10298
260	165	2.7109	-90.002	153.59	2954	9.6616e-002
260	166	3.0035	-90.002	150.3	2954	9.4144e-002
260	174	6.1728	-90.002	151.39	2954	9.9724e-002
261	104	-14.262	-90.002	142.14	2975	6.0842e-002
261	103	-14.269	-90.002	142.62	2975	6.1264e-002
261	97	-14.844	-90.002	142.26	2975	6.0041e-002
262	103	-14.269	-90.002	142.62	2976	6.1264e-002
262	97	-14.844	-90.002	142.26	2976	6.0041e-002
262	87	-17.264	-90.002	145.06	2976	5.8805e-002
262	90	-16.278	-90.002	145.72	2976	6.0945e-002
263	83	-18.112	-90.002	148.55	2976	6.0672e-002
263	90	-16.278	-90.002	145.72	2976	6.0945e-002
263	87	-17.264	-90.002	145.06	2976	5.8805e-002
263	74	-19.468	-90.002	147.61	2976	5.7692e-002
264	225	19.609	-90.002	143.36	2981	0.11209
264	217	17.408	-90.002	147.7	2981	0.11269
264	223	19.442	-90.002	147.8	2981	0.11569
264	231	21.458	-90.002	145.37	2981	0.11648
265	210	14.916	-90.002	152.48	2981	0.11329
265	217	17.408	-90.002	147.7	2981	0.11269
265	223	19.442	-90.002	147.8	2981	0.11569
265	222	19.402	-90.002	150.38	2981	0.11788
266	241	23.521	-90.002	147.62	2981	0.12137
266	231	21.458	-90.002	145.37	2981	0.11648
266	223	19.442	-90.002	147.8	2981	0.11569
266	222	19.402	-90.002	150.38	2981	0.11788
267	225	19.609	-90.002	143.36	2982	0.11209
267	216	17.408	-90.002	147.7	2982	0.11269
267	211	15.765	-90.002	147.01	2982	0.10973
267	213	16.267	-90.002	144.11	2982	0.10793
268	210	14.916	-90.002	152.48	2982	0.11329
268	216	17.408	-90.002	147.7	2982	0.11269
268	211	15.765	-90.002	147.01	2982	0.10973
268	203	13.174	-90.002	149.2	2982	0.10793
269	206	14.621	-90.002	146.74	2982	0.10785
269	203	13.174	-90.002	149.2	2982	0.10793
269	201	13.107	-90.002	149.08	2982	0.10772
270	206	14.621	-90.002	146.74	2982	0.10785
270	201	13.107	-90.002	149.08	2982	0.10772
270	209	14.791	-90.002	144.3	2982	0.10597
271	206	14.621	-90.002	146.74	2982	0.10785
271	209	14.791	-90.002	144.3	2982	0.10597
271	213	16.267	-90.002	144.11	2982	0.10793
272	206	14.621	-90.002	146.74	2982	0.10785
272	213	16.267	-90.002	144.11	2982	0.10793
272	211	15.765	-90.002	147.01	2982	0.10973
273	206	14.621	-90.002	146.74	2982	0.10785
273	211	15.765	-90.002	147.01	2982	0.10973
273	203	13.174	-90.002	149.2	2982	0.10793
274	238	23.04	-90.002	102.31	3002	8.4781e-002
274	247	25.009	-90.002	100.13	3002	8.619e-002
274	240	23.471	-90.002	98.309	3002	8.2556e-002
274	228	21.146	-90.002	100.29	3002	8.0494e-002
275	258	27.158	-90.002	97.759	3002	8.7739e-002
275	247	25.009	-90.002	100.13	3002	8.619e-002
275	240	23.471	-90.002	98.309	3002	8.2556e-002
275	252	25.972	-90.002	96.176	3002	8.4797e-002
276	252	25.972	-90.002	96.176	3003	8.4797e-002
276	266	27.785	-90.002	96.305	3003	8.7642e-002
276	258	27.158	-90.002	97.759	3003	8.7739e-002
