小面	点	X坐标 (mm)	Y坐标 (mm)	Z坐标 (mm)	单元数	定向变形 (mm)
0	256	-2.9777	-120.	149.89	577	0.10874
0	268	-1.0913	-120.	151.9	577	0.10876
0	252	-3.9312	-120.	151.58	577	0.10875
1	288	1.8045	-120.	154.98	577	0.10882
1	267	-1.1343	-120.	154.83	577	0.1088
1	276	-0.11815	-120.	152.95	577	0.10877
2	243	-5.3928	-120.	154.18	577	0.10877
2	248	-4.4252	-120.	152.47	577	0.10876
2	259	-2.4941	-120.	154.68	577	0.10879
3	261	-2.1991	-120.	153.07	577	0.10877
3	252	-3.9312	-120.	151.58	577	0.10875
3	268	-1.0913	-120.	151.9	577	0.10876
4	261	-2.1991	-120.	153.07	577	0.10877
4	268	-1.0913	-120.	151.9	577	0.10876
4	276	-0.11815	-120.	152.95	577	0.10877
5	261	-2.1991	-120.	153.07	577	0.10877
5	276	-0.11815	-120.	152.95	577	0.10877
5	267	-1.1343	-120.	154.83	577	0.1088
6	261	-2.1991	-120.	153.07	577	0.10877
6	267	-1.1343	-120.	154.83	577	0.1088
6	259	-2.4941	-120.	154.68	577	0.10879
7	261	-2.1991	-120.	153.07	577	0.10877
7	259	-2.4941	-120.	154.68	577	0.10879
7	248	-4.4252	-120.	152.47	577	0.10876
8	261	-2.1991	-120.	153.07	577	0.10877
8	248	-4.4252	-120.	152.47	577	0.10876
8	252	-3.9312	-120.	151.58	577	0.10875
9	526	31.866	-120.	131.46	610	0.10824
9	510	30.864	-120.	134.14	610	0.10826
9	479	29.242	-120.	133.19	610	0.10825
10	564	34.544	-120.	132.9	610	0.10825
10	550	33.344	-120.	135.59	610	0.10829
10	522	31.71	-120.	134.63	610	0.10827
11	541	32.873	-120.	132.56	610	0.10825
11	564	34.544	-120.	132.9	610	0.10825
11	522	31.71	-120.	134.63	610	0.10827
12	541	32.873	-120.	132.56	610	0.10825
12	522	31.71	-120.	134.63	610	0.10827
12	510	30.864	-120.	134.14	610	0.10826
13	541	32.873	-120.	132.56	610	0.10825
13	510	30.864	-120.	134.14	610	0.10826
13	526	31.866	-120.	131.46	610	0.10824
14	541	32.873	-120.	132.56	610	0.10825
14	526	31.866	-120.	131.46	610	0.10824
14	546	33.229	-120.	130.57	610	0.10824
15	541	32.873	-120.	132.56	610	0.10825
15	546	33.229	-120.	130.57	610	0.10824
15	567	35.024	-120.	131.62	610	0.10825
16	541	32.873	-120.	132.56	610	0.10825
16	567	35.024	-120.	131.62	610	0.10825
16	564	34.544	-120.	132.9	610	0.10825
17	572	35.883	-120.	128.81	610	0.10824
17	567	35.024	-120.	131.62	610	0.10825
17	546	33.229	-120.	130.57	610	0.10824
18	109	-23.556	-120.	106.6	619	0.10983
18	124	-22.151	-120.	106.97	619	0.10983
18	98	-24.934	-120.	108.56	619	0.10983
19	109	-23.556	-120.	106.6	619	0.10983
19	98	-24.934	-120.	108.56	619	0.10983
19	83	-25.781	-120.	108.08	619	0.10983
20	109	-23.556	-120.	106.6	619	0.10983
20	83	-25.781	-120.	108.08	619	0.10983
20	104	-24.368	-120.	105.63	619	0.10982
21	109	-23.556	-120.	106.6	619	0.10983
21	104	-24.368	-120.	105.63	619	0.10982
21	117	-22.763	-120.	104.8	619	0.10982
22	109	-23.556	-120.	106.6	619	0.10983
22	117	-22.763	-120.	104.8	619	0.10982
22	137	-21.34	-120.	105.57	619	0.10982
23	109	-23.556	-120.	106.6	619	0.10983
23	137	-21.34	-120.	105.57	619	0.10982
23	124	-22.151	-120.	106.97	619	0.10983
24	104	-24.368	-120.	105.63	619	0.10982
24	83	-25.781	-120.	108.08	619	0.10983
24	55	-27.388	-120.	107.17	619	0.10983
25	124	-22.151	-120.	106.97	619	0.10983
25	112	-23.336	-120.	109.46	619	0.10983
25	98	-24.934	-120.	108.56	619	0.10983
26	137	-21.34	-120.	105.57	619	0.10982
26	117	-22.763	-120.	104.8	619	0.10982
26	151	-19.781	-120.	103.3	619	0.1098
27	153	-19.369	-120.	98.573	622	0.1097
27	139	-21.019	-120.	97.611	622	0.10968
27	155	-18.865	-120.	95.735	622	0.10962
28	110	-23.545	-120.	96.143	622	0.10964
28	134	-21.451	-120.	94.077	622	0.10957
28	126	-21.878	-120.	97.108	622	0.10966
29	165	-18.085	-120.	91.387	622	0.10947
29	161	-18.611	-120.	94.262	622	0.10957
29	144	-20.419	-120.	93.178	622	0.10954
30	145	-20.374	-120.	95.329	622	0.10961
30	155	-18.865	-120.	95.735	622	0.10962
30	139	-21.019	-120.	97.611	622	0.10968
31	145	-20.374	-120.	95.329	622	0.10961
31	139	-21.019	-120.	97.611	622	0.10968
31	126	-21.878	-120.	97.108	622	0.10966
32	145	-20.374	-120.	95.329	622	0.10961
32	126	-21.878	-120.	97.108	622	0.10966
32	134	-21.451	-120.	94.077	622	0.10957
33	145	-20.374	-120.	95.329	622	0.10961
33	134	-21.451	-120.	94.077	622	0.10957
33	144	-20.419	-120.	93.178	622	0.10954
34	145	-20.374	-120.	95.329	622	0.10961
34	144	-20.419	-120.	93.178	622	0.10954
34	161	-18.611	-120.	94.262	622	0.10957
35	145	-20.374	-120.	95.329	622	0.10961
35	161	-18.611	-120.	94.262	622	0.10957
35	155	-18.865	-120.	95.735	622	0.10962
36	285	1.3031	-120.	89.681	635	0.10938
36	275	-0.15357	-120.	92.615	635	0.10946
36	300	4.2195	-120.	92.615	635	0.10942
37	80	-26.056	-120.	108.78	712	0.10983
37	97	-24.934	-120.	108.56	712	0.10983
37	82	-25.781	-120.	108.08	712	0.10983
38	43	-28.173	-120.	109.18	712	0.10983
38	23	-29.748	-120.	110.74	712	0.10982
38	7	-31.417	-120.	109.78	712	0.10983
39	43	-28.173	-120.	109.18	712	0.10983
39	7	-31.417	-120.	109.78	712	0.10983
39	55	-27.388	-120.	107.17	712	0.10983
40	43	-28.173	-120.	109.18	712	0.10983
40	55	-27.388	-120.	107.17	712	0.10983
40	82	-25.781	-120.	108.08	712	0.10983
41	43	-28.173	-120.	109.18	712	0.10983
41	82	-25.781	-120.	108.08	712	0.10983
41	80	-26.056	-120.	108.78	712	0.10983
42	43	-28.173	-120.	109.18	712	0.10983
42	80	-26.056	-120.	108.78	712	0.10983
42	36	-28.65	-120.	110.53	712	0.10983
43	43	-28.173	-120.	109.18	712	0.10983
43	36	-28.65	-120.	110.53	712	0.10983
43	23	-29.748	-120.	110.74	712	0.10982
44	32	-28.882	-120.	111.23	712	0.10982
44	36	-28.65	-120.	110.53	712	0.10983
44	23	-29.748	-120.	110.74	712	0.10982
45	68	-26.514	-120.	110.12	712	0.10983
45	61	-27.224	-120.	112.18	712	0.10982
45	112	-23.336	-120.	109.46	712	0.10983
46	68	-26.514	-120.	110.12	712	0.10983
46	112	-23.336	-120.	109.46	712	0.10983
46	97	-24.934	-120.	108.56	712	0.10983
47	68	-26.514	-120.	110.12	712	0.10983
47	97	-24.934	-120.	108.56	712	0.10983
47	80	-26.056	-120.	108.78	712	0.10983
48	68	-26.514	-120.	110.12	712	0.10983
48	80	-26.056	-120.	108.78	712	0.10983
48	36	-28.65	-120.	110.53	712	0.10983
49	68	-26.514	-120.	110.12	712	0.10983
49	36	-28.65	-120.	110.53	712	0.10983
49	32	-28.882	-120.	111.23	712	0.10982
50	68	-26.514	-120.	110.12	712	0.10983
50	32	-28.882	-120.	111.23	712	0.10982
50	61	-27.224	-120.	112.18	712	0.10982
51	241	-5.7764	-120.	90.758	716	0.10943
51	235	-6.5008	-120.	90.968	716	0.10944
51	237	-6.2516	-120.	91.919	716	0.10947
52	225	-8.3372	-120.	89.613	716	0.10939
52	223	-8.5933	-120.	88.683	716	0.10936
52	220	-9.0374	-120.	89.857	716	0.1094
53	227	-7.8565	-120.	91.427	716	0.10946
53	237	-6.2516	-120.	91.919	716	0.10947
53	231	-7.1082	-120.	94.093	716	0.10956
54	227	-7.8565	-120.	91.427	716	0.10946
54	231	-7.1082	-120.	94.093	716	0.10956
54	214	-9.904	-120.	92.112	716	0.10949
55	227	-7.8565	-120.	91.427	716	0.10946
55	214	-9.904	-120.	92.112	716	0.10949
55	220	-9.0374	-120.	89.857	716	0.1094
56	227	-7.8565	-120.	91.427	716	0.10946
56	220	-9.0374	-120.	89.857	716	0.1094
56	225	-8.3372	-120.	89.613	716	0.10939
57	227	-7.8565	-120.	91.427	716	0.10946
57	225	-8.3372	-120.	89.613	716	0.10939
57	235	-6.5008	-120.	90.968	716	0.10944
58	227	-7.8565	-120.	91.427	716	0.10946
58	235	-6.5008	-120.	90.968	716	0.10944
58	237	-6.2516	-120.	91.919	716	0.10947
59	232	-6.9679	-120.	89.165	716	0.10937
59	223	-8.5933	-120.	88.683	716	0.10936
59	228	-7.7041	-120.	86.405	716	0.10928
60	232	-6.9679	-120.	89.165	716	0.10937
60	228	-7.7041	-120.	86.405	716	0.10928
60	245	-4.8957	-120.	88.564	716	0.10935
61	232	-6.9679	-120.	89.165	716	0.10937
61	245	-4.8957	-120.	88.564	716	0.10935
61	241	-5.7764	-120.	90.758	716	0.10943
62	232	-6.9679	-120.	89.165	716	0.10937
62	241	-5.7764	-120.	90.758	716	0.10943
62	235	-6.5008	-120.	90.968	716	0.10944
63	232	-6.9679	-120.	89.165	716	0.10937
63	235	-6.5008	-120.	90.968	716	0.10944
63	225	-8.3372	-120.	89.613	716	0.10939
64	232	-6.9679	-120.	89.165	716	0.10937
64	225	-8.3372	-120.	89.613	716	0.10939
64	223	-8.5933	-120.	88.683	716	0.10936
65	177	-15.833	-120.	140.87	735	0.10893
65	169	-17.251	-120.	143.32	735	0.10886
65	197	-12.295	-120.	143.44	735	0.10884
66	1	-32.805	-120.	116.88	751	0.10974
66	0	-32.924	-120.	121.19	751	0.10964
66	16	-30.093	-120.	118.32	751	0.10971
67	226	-8.113	-120.	150.47	765	0.10875
67	218	-9.54	-120.	153.01	765	0.10874
67	243	-5.3928	-120.	154.18	765	0.10877
68	250	-4.0658	-120.	91.691	802	0.10946
68	263	-2.0045	-120.	91.016	802	0.10943
68	257	-2.8829	-120.	92.974	802	0.1095
69	250	-4.0658	-120.	91.691	802	0.10946
69	257	-2.8829	-120.	92.974	802	0.1095
69	247	-4.4686	-120.	93.311	802	0.10952
70	250	-4.0658	-120.	91.691	802	0.10946
70	247	-4.4686	-120.	93.311	802	0.10952
70	238	-6.2516	-120.	91.919	802	0.10947
71	250	-4.0658	-120.	91.691	802	0.10946
71	238	-6.2516	-120.	91.919	802	0.10947
71	242	-5.7764	-120.	90.758	802	0.10943
72	250	-4.0658	-120.	91.691	802	0.10946
72	242	-5.7764	-120.	90.758	802	0.10943
72	254	-3.011	-120.	90.17	802	0.1094
73	250	-4.0658	-120.	91.691	802	0.10946
73	254	-3.011	-120.	90.17	802	0.1094
73	263	-2.0045	-120.	91.016	802	0.10943
74	238	-6.2516	-120.	91.919	802	0.10947
74	247	-4.4686	-120.	93.311	802	0.10952
74	231	-7.1082	-120.	94.093	802	0.10956
75	263	-2.0045	-120.	91.016	802	0.10943
75	275	-0.15357	-120.	92.615	802	0.10946
75	257	-2.8829	-120.	92.974	802	0.1095
76	254	-3.011	-120.	90.17	802	0.1094
76	242	-5.7764	-120.	90.758	802	0.10943
76	245	-4.8957	-120.	88.564	802	0.10935
77	353	12.589	-120.	91.638	810	0.10935
77	343	11.174	-120.	94.093	810	0.10934
77	365	15.169	-120.	95.872	810	0.10928
78	427	22.928	-120.	139.99	840	0.10838
78	413	21.536	-120.	141.87	840	0.10843
78	420	21.895	-120.	138.97	840	0.10835
79	427	22.928	-120.	139.99	840	0.10838
79	420	21.895	-120.	138.97	840	0.10835
79	429	22.98	-120.	137.77	840	0.10832
80	427	22.928	-120.	139.99	840	0.10838
80	429	22.98	-120.	137.77	840	0.10832
80	437	24.441	-120.	138.64	840	0.10835
81	427	22.928	-120.	139.99	840	0.10838
81	437	24.441	-120.	138.64	840	0.10835
81	435	24.303	-120.	140.3	840	0.10839
82	427	22.928	-120.	139.99	840	0.10838
82	435	24.303	-120.	140.3	840	0.10839
82	424	22.411	-120.	142.4	840	0.10844
83	427	22.928	-120.	139.99	840	0.10838
83	424	22.411	-120.	142.4	840	0.10844
83	413	21.536	-120.	141.87	840	0.10843
84	437	24.441	-120.	138.64	840	0.10835
84	429	22.98	-120.	137.77	840	0.10832
84	439	24.656	-120.	135.59	840	0.10828
85	413	21.536	-120.	141.87	840	0.10843
85	399	19.899	-120.	140.87	840	0.1084
85	420	21.895	-120.	138.97	840	0.10835
86	424	22.411	-120.	142.4	840	0.10844
86	435	24.303	-120.	140.3	840	0.10839
86	434	24.064	-120.	143.4	840	0.10848
87	240	-5.7995	-120.	146.33	842	0.10875
87	256	-2.9777	-120.	149.89	842	0.10874
87	265	-1.522	-120.	147.24	842	0.10871
88	35	-28.656	-120.	129.72	857	0.10936
88	6	-31.929	-120.	128.36	857	0.10941
88	10	-30.643	-120.	132.48	857	0.10925
89	152	-19.63	-120.	147.46	858	0.10877
89	175	-16.089	-120.	149.92	858	0.10874
89	181	-14.63	-120.	147.4	858	0.10877
90	214	-9.904	-120.	92.112	861	0.10949
90	206	-11.103	-120.	95.872	861	0.10963
90	231	-7.1082	-120.	94.093	861	0.10956
91	56	-27.376	-120.	127.13	865	0.10945
91	63	-27.196	-120.	127.86	865	0.10942
91	70	-26.429	-120.	126.87	865	0.10946
92	31	-29.171	-120.	127.62	865	0.10943
92	6	-31.929	-120.	128.36	865	0.10941
92	35	-28.656	-120.	129.72	865	0.10936
93	31	-29.171	-120.	127.62	865	0.10943
93	35	-28.656	-120.	129.72	865	0.10936
93	63	-27.196	-120.	127.86	865	0.10942
94	31	-29.171	-120.	127.62	865	0.10943
94	63	-27.196	-120.	127.86	865	0.10942
94	56	-27.376	-120.	127.13	865	0.10945
95	31	-29.171	-120.	127.62	865	0.10943
95	56	-27.376	-120.	127.13	865	0.10945
95	28	-29.468	-120.	126.21	865	0.10948
96	31	-29.171	-120.	127.62	865	0.10943
96	28	-29.468	-120.	126.21	865	0.10948
96	15	-30.401	-120.	126.46	865	0.10947
97	31	-29.171	-120.	127.62	865	0.10943
97	15	-30.401	-120.	126.46	865	0.10947
97	6	-31.929	-120.	128.36	865	0.10941
98	52	-27.657	-120.	125.72	865	0.1095
98	44	-28.087	-120.	123.61	865	0.10957
98	96	-24.974	-120.	125.04	865	0.10952
99	52	-27.657	-120.	125.72	865	0.1095
99	96	-24.974	-120.	125.04	865	0.10952
99	70	-26.429	-120.	126.87	865	0.10946
100	52	-27.657	-120.	125.72	865	0.1095
100	70	-26.429	-120.	126.87	865	0.10946
100	56	-27.376	-120.	127.13	865	0.10945
101	52	-27.657	-120.	125.72	865	0.1095
101	56	-27.376	-120.	127.13	865	0.10945
101	28	-29.468	-120.	126.21	865	0.10948
102	52	-27.657	-120.	125.72	865	0.1095
102	28	-29.468	-120.	126.21	865	0.10948
102	25	-29.607	-120.	125.48	865	0.10951
103	52	-27.657	-120.	125.72	865	0.1095
103	25	-29.607	-120.	125.48	865	0.10951
103	44	-28.087	-120.	123.61	865	0.10957
104	28	-29.468	-120.	126.21	865	0.10948
104	25	-29.607	-120.	125.48	865	0.10951
104	15	-30.401	-120.	126.46	865	0.10947
105	44	-28.087	-120.	123.61	867	0.10957
105	24	-29.607	-120.	125.48	867	0.10951
105	19	-29.999	-120.	122.65	867	0.1096
106	6	-31.929	-120.	128.36	867	0.10941
106	3	-32.513	-120.	125.48	867	0.10951
106	14	-30.401	-120.	126.46	867	0.10947
107	0	-32.924	-120.	121.19	867	0.10964
107	9	-30.996	-120.	122.16	867	0.10961
107	2	-32.701	-120.	124.13	867	0.10955
108	8	-31.036	-120.	124.39	867	0.10954
108	19	-29.999	-120.	122.65	867	0.1096
108	24	-29.607	-120.	125.48	867	0.10951
109	8	-31.036	-120.	124.39	867	0.10954
109	24	-29.607	-120.	125.48	867	0.10951
109	14	-30.401	-120.	126.46	867	0.10947
110	8	-31.036	-120.	124.39	867	0.10954
110	14	-30.401	-120.	126.46	867	0.10947
110	3	-32.513	-120.	125.48	867	0.10951
111	8	-31.036	-120.	124.39	867	0.10954
111	3	-32.513	-120.	125.48	867	0.10951
111	2	-32.701	-120.	124.13	867	0.10955
112	8	-31.036	-120.	124.39	867	0.10954
112	2	-32.701	-120.	124.13	867	0.10955
112	9	-30.996	-120.	122.16	867	0.10961
113	8	-31.036	-120.	124.39	867	0.10954
113	9	-30.996	-120.	122.16	867	0.10961
113	19	-29.999	-120.	122.65	867	0.1096
114	204	-11.69	-120.	149.52	879	0.10875
114	208	-10.796	-120.	149.39	879	0.10875
114	199	-12.084	-120.	148.78	879	0.10876
115	207	-10.848	-120.	150.93	879	0.10874
115	218	-9.54	-120.	153.01	879	0.10874
115	226	-8.113	-120.	150.47	879	0.10875
116	207	-10.848	-120.	150.93	879	0.10874
116	226	-8.113	-120.	150.47	879	0.10875
116	208	-10.796	-120.	149.39	879	0.10875
117	207	-10.848	-120.	150.93	879	0.10874
117	208	-10.796	-120.	149.39	879	0.10875
117	204	-11.69	-120.	149.52	879	0.10875
118	207	-10.848	-120.	150.93	879	0.10874
118	204	-11.69	-120.	149.52	879	0.10875
118	194	-12.675	-120.	151.25	879	0.10873
119	207	-10.848	-120.	150.93	879	0.10874
119	194	-12.675	-120.	151.25	879	0.10873
119	198	-12.273	-120.	151.92	879	0.10873
120	207	-10.848	-120.	150.93	879	0.10874
120	198	-12.273	-120.	151.92	879	0.10873
120	218	-9.54	-120.	153.01	879	0.10874
121	190	-13.446	-120.	149.7	879	0.10875
121	175	-16.089	-120.	149.92	879	0.10874
121	181	-14.63	-120.	147.4	879	0.10877
122	190	-13.446	-120.	149.7	879	0.10875
122	181	-14.63	-120.	147.4	879	0.10877
122	199	-12.084	-120.	148.78	879	0.10876
123	190	-13.446	-120.	149.7	879	0.10875
123	199	-12.084	-120.	148.78	879	0.10876
123	204	-11.69	-120.	149.52	879	0.10875
124	190	-13.446	-120.	149.7	879	0.10875
124	204	-11.69	-120.	149.52	879	0.10875
124	194	-12.675	-120.	151.25	879	0.10873
125	190	-13.446	-120.	149.7	879	0.10875
125	194	-12.675	-120.	151.25	879	0.10873
125	188	-13.511	-120.	151.33	879	0.10873
126	190	-13.446	-120.	149.7	879	0.10875
126	188	-13.511	-120.	151.33	879	0.10873
126	175	-16.089	-120.	149.92	879	0.10874
127	194	-12.675	-120.	151.25	879	0.10873
127	188	-13.511	-120.	151.33	879	0.10873
127	198	-12.273	-120.	151.92	879	0.10873
128	463	27.448	-120.	103.66	890	0.10895
128	451	26.451	-120.	103.94	890	0.10894
128	464	27.85	-120.	104.3	890	0.10892
129	453	26.629	-120.	102.49	890	0.109
129	444	25.409	-120.	100.72	890	0.10907
129	432	23.847	-120.	103.3	890	0.10897
130	453	26.629	-120.	102.49	890	0.109
130	432	23.847	-120.	103.3	890	0.10897
130	451	26.451	-120.	103.94	890	0.10894
131	453	26.629	-120.	102.49	890	0.109
131	451	26.451	-120.	103.94	890	0.10894
131	463	27.448	-120.	103.66	890	0.10895
132	453	26.629	-120.	102.49	890	0.109
132	463	27.448	-120.	103.66	890	0.10895
132	471	28.524	-120.	101.95	890	0.10902
133	453	26.629	-120.	102.49	890	0.109
133	471	28.524	-120.	101.95	890	0.10902
133	467	28.095	-120.	101.35	890	0.10904
134	453	26.629	-120.	102.49	890	0.109
134	467	28.095	-120.	101.35	890	0.10904
134	444	25.409	-120.	100.72	890	0.10907
135	483	29.334	-120.	103.14	890	0.10897
135	536	32.209	-120.	102.31	890	0.109
135	499	30.485	-120.	104.97	890	0.10889
136	483	29.334	-120.	103.14	890	0.10897
136	499	30.485	-120.	104.97	890	0.10889
136	464	27.85	-120.	104.3	890	0.10892
137	483	29.334	-120.	103.14	890	0.10897
137	464	27.85	-120.	104.3	890	0.10892
137	463	27.448	-120.	103.66	890	0.10895
138	483	29.334	-120.	103.14	890	0.10897
138	463	27.448	-120.	103.66	890	0.10895
138	471	28.524	-120.	101.95	890	0.10902
139	483	29.334	-120.	103.14	890	0.10897
139	471	28.524	-120.	101.95	890	0.10902
139	490	29.49	-120.	101.66	890	0.10903
140	483	29.334	-120.	103.14	890	0.10897
140	490	29.49	-120.	101.66	890	0.10903
140	536	32.209	-120.	102.31	890	0.109
141	471	28.524	-120.	101.95	890	0.10902
141	490	29.49	-120.	101.66	890	0.10903
141	467	28.095	-120.	101.35	890	0.10904
142	50	-27.848	-120.	115.7	894	0.10977
142	45	-27.948	-120.	116.45	894	0.10975
142	65	-26.814	-120.	115.45	894	0.10977
143	53	-27.595	-120.	114.29	894	0.10979
143	29	-29.43	-120.	114.03	894	0.10979
143	61	-27.224	-120.	112.18	894	0.10982
144	53	-27.595	-120.	114.29	894	0.10979
144	61	-27.224	-120.	112.18	894	0.10982
144	100	-24.688	-120.	113.62	894	0.10979
145	53	-27.595	-120.	114.29	894	0.10979
145	100	-24.688	-120.	113.62	894	0.10979
145	65	-26.814	-120.	115.45	894	0.10977
146	53	-27.595	-120.	114.29	894	0.10979
146	65	-26.814	-120.	115.45	894	0.10977
146	50	-27.848	-120.	115.7	894	0.10977
147	53	-27.595	-120.	114.29	894	0.10979
147	50	-27.848	-120.	115.7	894	0.10977
147	26	-29.567	-120.	114.76	894	0.10978
148	53	-27.595	-120.	114.29	894	0.10979
148	26	-29.567	-120.	114.76	894	0.10978
148	29	-29.43	-120.	114.03	894	0.10979
149	12	-30.578	-120.	114.99	894	0.10978
149	26	-29.567	-120.	114.76	894	0.10978
149	29	-29.43	-120.	114.03	894	0.10979
150	21	-29.807	-120.	116.19	894	0.10976
150	1	-32.805	-120.	116.88	894	0.10974
150	16	-30.093	-120.	118.32	894	0.10971
151	21	-29.807	-120.	116.19	894	0.10976
151	16	-30.093	-120.	118.32	894	0.10971
151	45	-27.948	-120.	116.45	894	0.10975
152	21	-29.807	-120.	116.19	894	0.10976
152	45	-27.948	-120.	116.45	894	0.10975
152	50	-27.848	-120.	115.7	894	0.10977
153	21	-29.807	-120.	116.19	894	0.10976
153	50	-27.848	-120.	115.7	894	0.10977
153	26	-29.567	-120.	114.76	894	0.10978
154	21	-29.807	-120.	116.19	894	0.10976
154	26	-29.567	-120.	114.76	894	0.10978
154	12	-30.578	-120.	114.99	894	0.10978
155	21	-29.807	-120.	116.19	894	0.10976
155	12	-30.578	-120.	114.99	894	0.10978
155	1	-32.805	-120.	116.88	894	0.10974
156	40	-28.243	-120.	120.02	900	0.10967
156	59	-27.268	-120.	119.76	900	0.10968
156	38	-28.244	-120.	119.26	900	0.10969
157	42	-28.178	-120.	121.44	900	0.10963
157	44	-28.087	-120.	123.61	900	0.10957
157	88	-25.431	-120.	120.69	900	0.10965
158	42	-28.178	-120.	121.44	900	0.10963
158	88	-25.431	-120.	120.69	900	0.10965
158	59	-27.268	-120.	119.76	900	0.10968
159	42	-28.178	-120.	121.44	900	0.10963
159	59	-27.268	-120.	119.76	900	0.10968
159	40	-28.243	-120.	120.02	900	0.10967
160	42	-28.178	-120.	121.44	900	0.10963
160	40	-28.243	-120.	120.02	900	0.10967
160	18	-30.04	-120.	121.91	900	0.10962
161	42	-28.178	-120.	121.44	900	0.10963
161	18	-30.04	-120.	121.91	900	0.10962
161	19	-29.999	-120.	122.65	900	0.1096
162	42	-28.178	-120.	121.44	900	0.10963
162	19	-29.999	-120.	122.65	900	0.1096
162	44	-28.087	-120.	123.61	900	0.10957
163	17	-30.09	-120.	120.48	900	0.10966
163	0	-32.924	-120.	121.19	900	0.10964
163	16	-30.093	-120.	118.32	900	0.10971
164	17	-30.09	-120.	120.48	900	0.10966
164	16	-30.093	-120.	118.32	900	0.10971
164	38	-28.244	-120.	119.26	900	0.10969
165	17	-30.09	-120.	120.48	900	0.10966
165	38	-28.244	-120.	119.26	900	0.10969
165	40	-28.243	-120.	120.02	900	0.10967
166	17	-30.09	-120.	120.48	900	0.10966
166	40	-28.243	-120.	120.02	900	0.10967
166	18	-30.04	-120.	121.91	900	0.10962
167	17	-30.09	-120.	120.48	900	0.10966
167	18	-30.04	-120.	121.91	900	0.10962
167	9	-30.996	-120.	122.16	900	0.10961
168	17	-30.09	-120.	120.48	900	0.10966
168	9	-30.996	-120.	122.16	900	0.10961
168	0	-32.924	-120.	121.19	900	0.10964
169	18	-30.04	-120.	121.91	900	0.10962
169	9	-30.996	-120.	122.16	900	0.10961
169	19	-29.999	-120.	122.65	900	0.1096
170	101	-24.589	-120.	134.53	905	0.10917
170	143	-20.59	-120.	135.59	905	0.10913
170	115	-22.777	-120.	131.8	905	0.10927
171	236	-6.4699	-120.	149.04	910	0.10875
171	234	-6.7075	-120.	147.97	910	0.10875
171	230	-7.1945	-120.	148.83	910	0.10875
172	239	-6.0411	-120.	151.07	910	0.10875
172	249	-4.4252	-120.	152.47	910	0.10876
172	243	-5.3928	-120.	154.18	910	0.10877
173	239	-6.0411	-120.	151.07	910	0.10875
173	243	-5.3928	-120.	154.18	910	0.10877
173	226	-8.113	-120.	150.47	910	0.10875
174	239	-6.0411	-120.	151.07	910	0.10875
174	226	-8.113	-120.	150.47	910	0.10875
174	230	-7.1945	-120.	148.83	910	0.10875
175	239	-6.0411	-120.	151.07	910	0.10875
175	230	-7.1945	-120.	148.83	910	0.10875
175	236	-6.4699	-120.	149.04	910	0.10875
176	239	-6.0411	-120.	151.07	910	0.10875
176	236	-6.4699	-120.	149.04	910	0.10875
176	246	-4.6513	-120.	151.42	910	0.10875
177	239	-6.0411	-120.	151.07	910	0.10875
177	246	-4.6513	-120.	151.42	910	0.10875
177	249	-4.4252	-120.	152.47	910	0.10876
178	251	-3.9312	-120.	151.58	910	0.10875
178	246	-4.6513	-120.	151.42	910	0.10875
178	249	-4.4252	-120.	152.47	910	0.10876
179	244	-5.0895	-120.	149.37	910	0.10874
179	256	-2.9777	-120.	149.89	910	0.10874
179	240	-5.7995	-120.	146.33	910	0.10875
180	244	-5.0895	-120.	149.37	910	0.10874
180	240	-5.7995	-120.	146.33	910	0.10875
180	234	-6.7075	-120.	147.97	910	0.10875
181	244	-5.0895	-120.	149.37	910	0.10874
181	234	-6.7075	-120.	147.97	910	0.10875
181	236	-6.4699	-120.	149.04	910	0.10875
182	244	-5.0895	-120.	149.37	910	0.10874
182	236	-6.4699	-120.	149.04	910	0.10875
182	246	-4.6513	-120.	151.42	910	0.10875
183	244	-5.0895	-120.	149.37	910	0.10874
183	246	-4.6513	-120.	151.42	910	0.10875
183	251	-3.9312	-120.	151.58	910	0.10875
184	244	-5.0895	-120.	149.37	910	0.10874
184	251	-3.9312	-120.	151.58	910	0.10875
184	256	-2.9777	-120.	149.89	910	0.10874
185	304	4.9242	-120.	150.14	912	0.10872
185	302	4.6741	-120.	149.18	912	0.1087
185	299	4.1731	-120.	150.21	912	0.10872
186	312	6.3385	-120.	149.94	912	0.10871
186	323	8.4836	-120.	149.65	912	0.1087
186	308	5.588	-120.	147.24	912	0.10864
187	312	6.3385	-120.	149.94	912	0.10871
187	308	5.588	-120.	147.24	912	0.10864
187	302	4.6741	-120.	149.18	912	0.1087
188	312	6.3385	-120.	149.94	912	0.10871
188	302	4.6741	-120.	149.18	912	0.1087
188	304	4.9242	-120.	150.14	912	0.10872
189	312	6.3385	-120.	149.94	912	0.10871
189	304	4.9242	-120.	150.14	912	0.10872
189	314	6.814	-120.	151.77	912	0.10876
190	312	6.3385	-120.	149.94	912	0.10871
190	314	6.814	-120.	151.77	912	0.10876
190	320	7.5469	-120.	151.66	912	0.10876
191	312	6.3385	-120.	149.94	912	0.10871
191	320	7.5469	-120.	151.66	912	0.10876
191	323	8.4836	-120.	149.65	912	0.1087
192	307	5.3872	-120.	151.95	912	0.10876
192	311	6.1077	-120.	154.74	912	0.10883
192	296	3.2389	-120.	152.16	912	0.10877
193	307	5.3872	-120.	151.95	912	0.10876
193	296	3.2389	-120.	152.16	912	0.10877
193	299	4.1731	-120.	150.21	912	0.10872
194	307	5.3872	-120.	151.95	912	0.10876
194	299	4.1731	-120.	150.21	912	0.10872
194	304	4.9242	-120.	150.14	912	0.10872
195	307	5.3872	-120.	151.95	912	0.10876
195	304	4.9242	-120.	150.14	912	0.10872
195	314	6.814	-120.	151.77	912	0.10876
196	307	5.3872	-120.	151.95	912	0.10876
196	314	6.814	-120.	151.77	912	0.10876
196	316	7.065	-120.	152.71	912	0.10878
197	307	5.3872	-120.	151.95	912	0.10876
197	316	7.065	-120.	152.71	912	0.10878
197	311	6.1077	-120.	154.74	912	0.10883
198	314	6.814	-120.	151.77	912	0.10876
198	316	7.065	-120.	152.71	912	0.10878
198	320	7.5469	-120.	151.66	912	0.10876
199	387	18.289	-120.	147.65	935	0.10862
199	393	19.016	-120.	145.11	935	0.10853
199	405	20.723	-120.	146.15	935	0.10857
200	396	19.872	-120.	148.18	935	0.10864
200	387	18.289	-120.	147.65	935	0.10862
200	405	20.723	-120.	146.15	935	0.10857
201	396	19.872	-120.	148.18	935	0.10864
201	405	20.723	-120.	146.15	935	0.10857
201	415	21.609	-120.	146.7	935	0.10859
202	396	19.872	-120.	148.18	935	0.10864
202	415	21.609	-120.	146.7	935	0.10859
202	408	20.929	-120.	149.43	935	0.10868
203	396	19.872	-120.	148.18	935	0.10864
203	408	20.929	-120.	149.43	935	0.10868
203	394	19.764	-120.	150.15	935	0.10871
204	396	19.872	-120.	148.18	935	0.10864
204	394	19.764	-120.	150.15	935	0.10871
204	385	17.918	-120.	148.97	935	0.10867
205	396	19.872	-120.	148.18	935	0.10864
205	385	17.918	-120.	148.97	935	0.10867
205	387	18.289	-120.	147.65	935	0.10862
206	408	20.929	-120.	149.43	935	0.10868
206	415	21.609	-120.	146.7	935	0.10859
206	430	23.336	-120.	147.74	935	0.10862
207	394	19.764	-120.	150.15	935	0.10871
207	380	17.167	-120.	151.53	935	0.10876
207	385	17.918	-120.	148.97	935	0.10867
208	291	2.4319	-120.	148.95	938	0.1087
208	299	4.1731	-120.	150.21	938	0.10872
208	287	1.3459	-120.	150.21	938	0.10873
209	291	2.4319	-120.	148.95	938	0.1087
209	287	1.3459	-120.	150.21	938	0.10873
209	279	0.33219	-120.	149.18	938	0.10872
210	291	2.4319	-120.	148.95	938	0.1087
210	279	0.33219	-120.	149.18	938	0.10872
210	284	1.2224	-120.	147.46	938	0.10869
211	291	2.4319	-120.	148.95	938	0.1087
211	284	1.2224	-120.	147.46	938	0.10869
211	294	2.8435	-120.	147.46	938	0.10867
212	291	2.4319	-120.	148.95	938	0.1087
212	294	2.8435	-120.	147.46	938	0.10867
212	302	4.6741	-120.	149.18	938	0.1087
213	291	2.4319	-120.	148.95	938	0.1087
213	302	4.6741	-120.	149.18	938	0.1087
213	299	4.1731	-120.	150.21	938	0.10872
214	284	1.2224	-120.	147.46	938	0.10869
214	279	0.33219	-120.	149.18	938	0.10872
214	265	-1.522	-120.	147.24	938	0.10871
215	299	4.1731	-120.	150.21	938	0.10872
215	296	3.2389	-120.	152.16	938	0.10877
215	287	1.3459	-120.	150.21	938	0.10873
216	302	4.6741	-120.	149.18	938	0.1087
216	294	2.8435	-120.	147.46	938	0.10867
216	308	5.588	-120.	147.24	938	0.10864
217	335	10.335	-120.	151.03	942	0.10874
217	319	7.5469	-120.	151.66	942	0.10876
217	323	8.4836	-120.	149.65	942	0.1087
218	326	9.0131	-120.	154.27	942	0.10883
218	311	6.1077	-120.	154.74	942	0.10883
218	317	7.065	-120.	152.71	942	0.10878
219	328	9.2669	-120.	152.57	942	0.10878
219	326	9.0131	-120.	154.27	942	0.10883
219	317	7.065	-120.	152.71	942	0.10878
220	328	9.2669	-120.	152.57	942	0.10878
220	317	7.065	-120.	152.71	942	0.10878
220	319	7.5469	-120.	151.66	942	0.10876
221	328	9.2669	-120.	152.57	942	0.10878
221	319	7.5469	-120.	151.66	942	0.10876
221	335	10.335	-120.	151.03	942	0.10874
222	328	9.2669	-120.	152.57	942	0.10878
222	335	10.335	-120.	151.03	942	0.10874
222	344	11.293	-120.	151.76	942	0.10876
223	328	9.2669	-120.	152.57	942	0.10878
223	344	11.293	-120.	151.76	942	0.10876
223	336	10.348	-120.	153.98	942	0.10882
224	328	9.2669	-120.	152.57	942	0.10878
224	336	10.348	-120.	153.98	942	0.10882
224	326	9.0131	-120.	154.27	942	0.10883
225	356	13.174	-120.	153.16	942	0.10881
225	336	10.348	-120.	153.98	942	0.10882
225	344	11.293	-120.	151.76	942	0.10876
226	219	-9.0374	-120.	89.857	965	0.1094
226	214	-9.904	-120.	92.112	965	0.10949
226	205	-11.685	-120.	90.932	965	0.10944
227	210	-10.696	-120.	89.164	965	0.10937
227	219	-9.0374	-120.	89.857	965	0.1094
227	205	-11.685	-120.	90.932	965	0.10944
228	210	-10.696	-120.	89.164	965	0.10937
228	205	-11.685	-120.	90.932	965	0.10944
228	195	-12.608	-120.	90.314	965	0.10942
229	210	-10.696	-120.	89.164	965	0.10937
229	195	-12.608	-120.	90.314	965	0.10942
229	202	-11.761	-120.	87.856	965	0.10933
230	210	-10.696	-120.	89.164	965	0.10937
230	202	-11.761	-120.	87.856	965	0.10933
230	213	-10.493	-120.	87.342	965	0.10931
231	210	-10.696	-120.	89.164	965	0.10937
231	213	-10.493	-120.	87.342	965	0.10931
231	222	-8.5933	-120.	88.683	965	0.10936
232	210	-10.696	-120.	89.164	965	0.10937
232	222	-8.5933	-120.	88.683	965	0.10936
232	219	-9.0374	-120.	89.857	965	0.1094
233	202	-11.761	-120.	87.856	965	0.10933
233	195	-12.608	-120.	90.314	965	0.10942
233	183	-14.413	-120.	89.13	965	0.10938
234	213	-10.493	-120.	87.342	965	0.10931
234	228	-7.7041	-120.	86.405	965	0.10928
234	222	-8.5933	-120.	88.683	965	0.10936
235	193	-12.821	-120.	94.742	966	0.10958
235	192	-13.091	-120.	93.772	966	0.10955
235	185	-13.745	-120.	94.149	966	0.10956
236	196	-12.345	-120.	91.267	966	0.10946
236	205	-11.685	-120.	90.932	966	0.10944
236	195	-12.608	-120.	90.314	966	0.10942
237	187	-13.615	-120.	91.942	966	0.10948
237	185	-13.745	-120.	94.149	966	0.10956
237	178	-15.485	-120.	93.018	966	0.10952
238	187	-13.615	-120.	91.942	966	0.10948
238	178	-15.485	-120.	93.018	966	0.10952
238	183	-14.413	-120.	89.13	966	0.10938
239	187	-13.615	-120.	91.942	966	0.10948
239	183	-14.413	-120.	89.13	966	0.10938
239	195	-12.608	-120.	90.314	966	0.10942
240	187	-13.615	-120.	91.942	966	0.10948
240	195	-12.608	-120.	90.314	966	0.10942
240	196	-12.345	-120.	91.267	966	0.10946
241	187	-13.615	-120.	91.942	966	0.10948
241	196	-12.345	-120.	91.267	966	0.10946
241	192	-13.091	-120.	93.772	966	0.10955
242	187	-13.615	-120.	91.942	966	0.10948
242	192	-13.091	-120.	93.772	966	0.10955
242	185	-13.745	-120.	94.149	966	0.10956
243	201	-11.825	-120.	93.116	966	0.10952
243	205	-11.685	-120.	90.932	966	0.10944
243	214	-9.904	-120.	92.112	966	0.10949
244	201	-11.825	-120.	93.116	966	0.10952
244	214	-9.904	-120.	92.112	966	0.10949
244	206	-11.103	-120.	95.872	966	0.10963
245	201	-11.825	-120.	93.116	966	0.10952
245	206	-11.103	-120.	95.872	966	0.10963
245	193	-12.821	-120.	94.742	966	0.10958
246	201	-11.825	-120.	93.116	966	0.10952
246	193	-12.821	-120.	94.742	966	0.10958
246	192	-13.091	-120.	93.772	966	0.10955
247	201	-11.825	-120.	93.116	966	0.10952
247	192	-13.091	-120.	93.772	966	0.10955
247	196	-12.345	-120.	91.267	966	0.10946
248	201	-11.825	-120.	93.116	966	0.10952
248	196	-12.345	-120.	91.267	966	0.10946
248	205	-11.685	-120.	90.932	966	0.10944
249	281	0.59341	-120.	150.18	972	0.10873
249	286	1.3459	-120.	150.21	972	0.10873
249	278	0.33219	-120.	149.18	972	0.10872
250	283	1.0853	-120.	152.07	972	0.10876
250	288	1.8045	-120.	154.98	972	0.10882
250	296	3.2389	-120.	152.16	972	0.10877
251	283	1.0853	-120.	152.07	972	0.10876
251	296	3.2389	-120.	152.16	972	0.10877
251	286	1.3459	-120.	150.21	972	0.10873
252	283	1.0853	-120.	152.07	972	0.10876
252	286	1.3459	-120.	150.21	972	0.10873
252	281	0.59341	-120.	150.18	972	0.10873
253	283	1.0853	-120.	152.07	972	0.10876
253	281	0.59341	-120.	150.18	972	0.10873
253	274	-0.353	-120.	151.97	972	0.10876
254	283	1.0853	-120.	152.07	972	0.10876
254	274	-0.353	-120.	151.97	972	0.10876
254	277	-0.11815	-120.	152.95	972	0.10877
255	283	1.0853	-120.	152.07	972	0.10876
255	277	-0.11815	-120.	152.95	972	0.10877
255	288	1.8045	-120.	154.98	972	0.10882
256	271	-0.83641	-120.	150.06	972	0.10874
256	256	-2.9777	-120.	149.89	972	0.10874
256	265	-1.522	-120.	147.24	972	0.10871
257	271	-0.83641	-120.	150.06	972	0.10874
257	265	-1.522	-120.	147.24	972	0.10871
257	278	0.33219	-120.	149.18	972	0.10872
258	271	-0.83641	-120.	150.06	972	0.10874
258	278	0.33219	-120.	149.18	972	0.10872
258	281	0.59341	-120.	150.18	972	0.10873
259	271	-0.83641	-120.	150.06	972	0.10874
259	281	0.59341	-120.	150.18	972	0.10873
259	274	-0.353	-120.	151.97	972	0.10876
260	271	-0.83641	-120.	150.06	972	0.10874
260	274	-0.353	-120.	151.97	972	0.10876
260	269	-1.0913	-120.	151.9	972	0.10876
261	271	-0.83641	-120.	150.06	972	0.10874
261	269	-1.0913	-120.	151.9	972	0.10876
261	256	-2.9777	-120.	149.89	972	0.10874
262	274	-0.353	-120.	151.97	972	0.10876
262	269	-1.0913	-120.	151.9	972	0.10876
262	277	-0.11815	-120.	152.95	972	0.10877
263	57	-27.373	-120.	138.94	975	0.10901
263	99	-24.821	-120.	142.41	975	0.1089
263	113	-23.261	-120.	139.86	975	0.10898
264	318	7.3448	-120.	91.56	976	0.10938
264	329	9.39	-120.	91.764	976	0.10936
264	324	8.5345	-120.	93.311	976	0.10938
265	318	7.3448	-120.	91.56	976	0.10938
265	324	8.5345	-120.	93.311	976	0.10938
265	315	6.9488	-120.	92.974	976	0.10939
266	318	7.3448	-120.	91.56	976	0.10938
266	315	6.9488	-120.	92.974	976	0.10939
266	306	5.1429	-120.	90.861	976	0.10939
267	318	7.3448	-120.	91.56	976	0.10938
267	306	5.1429	-120.	90.861	976	0.10939
267	310	5.6436	-120.	89.931	976	0.10937
268	318	7.3448	-120.	91.56	976	0.10938
268	310	5.6436	-120.	89.931	976	0.10937
268	322	8.4091	-120.	90.519	976	0.10936
269	318	7.3448	-120.	91.56	976	0.10938
269	322	8.4091	-120.	90.519	976	0.10936
269	329	9.39	-120.	91.764	976	0.10936
270	306	5.1429	-120.	90.861	976	0.10939
270	315	6.9488	-120.	92.974	976	0.10939
270	300	4.2195	-120.	92.615	976	0.10942
271	329	9.39	-120.	91.764	976	0.10936
271	343	11.174	-120.	94.093	976	0.10934
271	324	8.5345	-120.	93.311	976	0.10938
272	322	8.4091	-120.	90.519	976	0.10936
272	310	5.6436	-120.	89.931	976	0.10937
272	313	6.5826	-120.	88.167	976	0.10934
273	260	-2.2653	-120.	90.059	979	0.1094
273	255	-3.011	-120.	90.17	979	0.1094
273	262	-2.0045	-120.	91.016	979	0.10943
274	270	-0.84033	-120.	89.911	979	0.10939
274	272	-0.59171	-120.	88.013	979	0.10934
274	285	1.3031	-120.	89.681	979	0.10938
275	270	-0.84033	-120.	89.911	979	0.10939
275	285	1.3031	-120.	89.681	979	0.10938
275	275	-0.15357	-120.	92.615	979	0.10946
276	270	-0.84033	-120.	89.911	979	0.10939
276	275	-0.15357	-120.	92.615	979	0.10946
276	262	-2.0045	-120.	91.016	979	0.10943
277	270	-0.84033	-120.	89.911	979	0.10939
277	262	-2.0045	-120.	91.016	979	0.10943
277	260	-2.2653	-120.	90.059	979	0.1094
278	270	-0.84033	-120.	89.911	979	0.10939
278	260	-2.2653	-120.	90.059	979	0.1094
278	266	-1.3299	-120.	88.083	979	0.10934
279	270	-0.84033	-120.	89.911	979	0.10939
279	266	-1.3299	-120.	88.083	979	0.10934
279	272	-0.59171	-120.	88.013	979	0.10934
280	264	-1.5709	-120.	87.142	979	0.10931
280	266	-1.3299	-120.	88.083	979	0.10934
280	272	-0.59171	-120.	88.013	979	0.10934
281	258	-2.7619	-120.	88.247	979	0.10934
281	253	-3.4987	-120.	85.463	979	0.10925
281	245	-4.8957	-120.	88.564	979	0.10935
282	258	-2.7619	-120.	88.247	979	0.10934
282	245	-4.8957	-120.	88.564	979	0.10935
282	255	-3.011	-120.	90.17	979	0.1094
283	258	-2.7619	-120.	88.247	979	0.10934
283	255	-3.011	-120.	90.17	979	0.1094
283	260	-2.2653	-120.	90.059	979	0.1094
284	258	-2.7619	-120.	88.247	979	0.10934
284	260	-2.2653	-120.	90.059	979	0.1094
284	266	-1.3299	-120.	88.083	979	0.10934
285	258	-2.7619	-120.	88.247	979	0.10934
285	266	-1.3299	-120.	88.083	979	0.10934
285	264	-1.5709	-120.	87.142	979	0.10931
286	258	-2.7619	-120.	88.247	979	0.10934
286	264	-1.5709	-120.	87.142	979	0.10931
286	253	-3.4987	-120.	85.463	979	0.10925
287	309	5.6436	-120.	89.931	984	0.10937
287	303	4.8924	-120.	89.862	984	0.10937
287	305	5.1429	-120.	90.861	984	0.10939
288	295	3.0008	-120.	87.884	984	0.10934
288	293	2.7559	-120.	86.903	984	0.10931
288	289	2.2612	-120.	87.855	984	0.10933
289	297	3.47	-120.	89.793	984	0.10937
289	305	5.1429	-120.	90.861	984	0.10939
289	300	4.2195	-120.	92.615	984	0.10942
290	297	3.47	-120.	89.793	984	0.10937
290	300	4.2195	-120.	92.615	984	0.10942
290	285	1.3031	-120.	89.681	984	0.10938
291	297	3.47	-120.	89.793	984	0.10937
291	285	1.3031	-120.	89.681	984	0.10938
291	289	2.2612	-120.	87.855	984	0.10933
292	297	3.47	-120.	89.793	984	0.10937
292	289	2.2612	-120.	87.855	984	0.10933
292	295	3.0008	-120.	87.884	984	0.10934
293	297	3.47	-120.	89.793	984	0.10937
293	295	3.0008	-120.	87.884	984	0.10934
293	303	4.8924	-120.	89.862	984	0.10937
294	297	3.47	-120.	89.793	984	0.10937
294	303	4.8924	-120.	89.862	984	0.10937
294	305	5.1429	-120.	90.861	984	0.10939
295	301	4.4345	-120.	87.969	984	0.10934
295	293	2.7559	-120.	86.903	984	0.10931
295	298	3.7317	-120.	85.064	984	0.10928
296	301	4.4345	-120.	87.969	984	0.10934
296	298	3.7317	-120.	85.064	984	0.10928
296	313	6.5826	-120.	88.167	984	0.10934
297	301	4.4345	-120.	87.969	984	0.10934
297	313	6.5826	-120.	88.167	984	0.10934
297	309	5.6436	-120.	89.931	984	0.10937
298	301	4.4345	-120.	87.969	984	0.10934
298	309	5.6436	-120.	89.931	984	0.10937
298	303	4.8924	-120.	89.862	984	0.10937
299	301	4.4345	-120.	87.969	984	0.10934
299	303	4.8924	-120.	89.862	984	0.10937
299	295	3.0008	-120.	87.884	984	0.10934
300	301	4.4345	-120.	87.969	984	0.10934
300	295	3.0008	-120.	87.884	984	0.10934
300	293	2.7559	-120.	86.903	984	0.10931
301	182	-14.524	-120.	96.261	995	0.10964
301	176	-16.032	-120.	95.811	995	0.10962
301	185	-13.745	-120.	94.149	995	0.10956
302	182	-14.524	-120.	96.261	995	0.10964
302	185	-13.745	-120.	94.149	995	0.10956
302	193	-12.821	-120.	94.742	995	0.10958
303	182	-14.524	-120.	96.261	995	0.10964
303	193	-12.821	-120.	94.742	995	0.10958
303	189	-13.45	-120.	97.31	995	0.10967
304	182	-14.524	-120.	96.261	995	0.10964
304	189	-13.45	-120.	97.31	995	0.10967
304	180	-14.762	-120.	98.263	995	0.1097
305	182	-14.524	-120.	96.261	995	0.10964
305	180	-14.762	-120.	98.263	995	0.1097
305	174	-16.334	-120.	97.294	995	0.10967
306	182	-14.524	-120.	96.261	995	0.10964
306	174	-16.334	-120.	97.294	995	0.10967
306	176	-16.032	-120.	95.811	995	0.10962
307	189	-13.45	-120.	97.31	995	0.10967
307	193	-12.821	-120.	94.742	995	0.10958
307	206	-11.103	-120.	95.872	995	0.10963
308	176	-16.032	-120.	95.811	995	0.10962
308	178	-15.485	-120.	93.018	995	0.10952
308	185	-13.745	-120.	94.149	995	0.10956
309	174	-16.334	-120.	97.294	995	0.10967
309	180	-14.762	-120.	98.263	995	0.1097
309	171	-16.855	-120.	100.05	995	0.10974
310	253	-3.4987	-120.	85.463	996	0.10925
310	228	-7.7041	-120.	86.405	996	0.10928
310	245	-4.8957	-120.	88.564	996	0.10935
311	169	-17.251	-120.	143.32	997	0.10886
311	163	-18.192	-120.	144.96	997	0.10882
311	148	-20.24	-120.	142.97	997	0.10888
312	152	-19.63	-120.	147.46	997	0.10877
312	127	-21.862	-120.	145.54	997	0.10881
312	159	-18.684	-120.	145.81	997	0.1088
313	99	-24.821	-120.	142.41	997	0.1089
313	129	-21.791	-120.	142.79	997	0.10888
313	114	-22.843	-120.	144.59	997	0.10883
314	142	-20.602	-120.	144.44	997	0.10884
314	148	-20.24	-120.	142.97	997	0.10888
314	163	-18.192	-120.	144.96	997	0.10882
315	142	-20.602	-120.	144.44	997	0.10884
315	163	-18.192	-120.	144.96	997	0.10882
315	159	-18.684	-120.	145.81	997	0.1088
316	142	-20.602	-120.	144.44	997	0.10884
316	159	-18.684	-120.	145.81	997	0.1088
316	127	-21.862	-120.	145.54	997	0.10881
317	142	-20.602	-120.	144.44	997	0.10884
317	127	-21.862	-120.	145.54	997	0.10881
317	114	-22.843	-120.	144.59	997	0.10883
318	142	-20.602	-120.	144.44	997	0.10884
318	114	-22.843	-120.	144.59	997	0.10883
318	129	-21.791	-120.	142.79	997	0.10888
319	142	-20.602	-120.	144.44	997	0.10884
319	129	-21.791	-120.	142.79	997	0.10888
319	148	-20.24	-120.	142.97	997	0.10888
320	575	36.909	-120.	117.34	999	0.10843
320	573	36.317	-120.	113.07	999	0.10856
320	555	33.96	-120.	115.92	999	0.10847
321	313	6.5826	-120.	88.167	1004	0.10934
321	321	8.0152	-120.	85.538	1004	0.10931
321	298	3.7317	-120.	85.064	1004	0.10928
322	108	-23.689	-120.	103.77	1024	0.1098
322	103	-24.368	-120.	105.63	1024	0.10982
322	78	-26.081	-120.	104.59	1024	0.10981
323	108	-23.689	-120.	103.77	1024	0.1098
323	78	-26.081	-120.	104.59	1024	0.10981
323	90	-25.369	-120.	103.36	1024	0.1098
324	108	-23.689	-120.	103.77	1024	0.1098
324	90	-25.369	-120.	103.36	1024	0.1098
324	122	-22.197	-120.	101.87	1024	0.10978
325	108	-23.689	-120.	103.77	1024	0.1098
325	122	-22.197	-120.	101.87	1024	0.10978
325	135	-21.358	-120.	102.37	1024	0.10979
326	108	-23.689	-120.	103.77	1024	0.1098
326	135	-21.358	-120.	102.37	1024	0.10979
326	116	-22.763	-120.	104.8	1024	0.10982
327	108	-23.689	-120.	103.77	1024	0.1098
327	116	-22.763	-120.	104.8	1024	0.10982
327	103	-24.368	-120.	105.63	1024	0.10982
328	122	-22.197	-120.	101.87	1024	0.10978
328	90	-25.369	-120.	103.36	1024	0.1098
328	107	-23.785	-120.	100.93	1024	0.10976
329	103	-24.368	-120.	105.63	1024	0.10982
329	55	-27.388	-120.	107.17	1024	0.10983
329	78	-26.081	-120.	104.59	1024	0.10981
330	116	-22.763	-120.	104.8	1024	0.10982
330	135	-21.358	-120.	102.37	1024	0.10979
330	151	-19.781	-120.	103.3	1024	0.1098
331	84	-25.691	-120.	136.27	1035	0.10911
331	64	-26.981	-120.	133.72	1035	0.1092
331	101	-24.589	-120.	134.53	1035	0.10917
332	27	-29.479	-120.	135.18	1035	0.10915
332	10	-30.643	-120.	132.48	1035	0.10925
332	41	-28.225	-120.	133.31	1035	0.10922
333	54	-27.584	-120.	135.34	1035	0.10914
333	27	-29.479	-120.	135.18	1035	0.10915
333	41	-28.225	-120.	133.31	1035	0.10922
334	54	-27.584	-120.	135.34	1035	0.10914
334	41	-28.225	-120.	133.31	1035	0.10922
334	64	-26.981	-120.	133.72	1035	0.1092
335	54	-27.584	-120.	135.34	1035	0.10914
335	64	-26.981	-120.	133.72	1035	0.1092
335	84	-25.691	-120.	136.27	1035	0.10911
336	54	-27.584	-120.	135.34	1035	0.10914
336	84	-25.691	-120.	136.27	1035	0.10911
336	75	-26.268	-120.	137.17	1035	0.10907
337	54	-27.584	-120.	135.34	1035	0.10914
337	75	-26.268	-120.	137.17	1035	0.10907
337	34	-28.862	-120.	136.4	1035	0.10911
338	54	-27.584	-120.	135.34	1035	0.10914
338	34	-28.862	-120.	136.4	1035	0.10911
338	27	-29.479	-120.	135.18	1035	0.10915
339	57	-27.373	-120.	138.94	1035	0.10901
339	34	-28.862	-120.	136.4	1035	0.10911
339	75	-26.268	-120.	137.17	1035	0.10907
340	131	-21.647	-120.	137.26	1036	0.10907
340	118	-22.638	-120.	137.55	1036	0.10906
340	120	-22.202	-120.	138.16	1036	0.10904
341	92	-25.296	-120.	136.9	1036	0.10908
341	85	-25.691	-120.	136.27	1036	0.10911
341	74	-26.268	-120.	137.17	1036	0.10907
342	102	-24.506	-120.	138.1	1036	0.10904
342	120	-22.202	-120.	138.16	1036	0.10904
342	113	-23.261	-120.	139.86	1036	0.10898
343	102	-24.506	-120.	138.1	1036	0.10904
343	113	-23.261	-120.	139.86	1036	0.10898
343	57	-27.373	-120.	138.94	1036	0.10901
344	102	-24.506	-120.	138.1	1036	0.10904
344	57	-27.373	-120.	138.94	1036	0.10901
344	74	-26.268	-120.	137.17	1036	0.10907
345	102	-24.506	-120.	138.1	1036	0.10904
345	74	-26.268	-120.	137.17	1036	0.10907
345	92	-25.296	-120.	136.9	1036	0.10908
346	102	-24.506	-120.	138.1	1036	0.10904
346	92	-25.296	-120.	136.9	1036	0.10908
346	118	-22.638	-120.	137.55	1036	0.10906
347	102	-24.506	-120.	138.1	1036	0.10904
347	118	-22.638	-120.	137.55	1036	0.10906
347	120	-22.202	-120.	138.16	1036	0.10904
348	111	-23.409	-120.	136.35	1036	0.1091
348	85	-25.691	-120.	136.27	1036	0.10911
348	101	-24.589	-120.	134.53	1036	0.10917
349	111	-23.409	-120.	136.35	1036	0.1091
349	101	-24.589	-120.	134.53	1036	0.10917
349	143	-20.59	-120.	135.59	1036	0.10913
350	111	-23.409	-120.	136.35	1036	0.1091
350	143	-20.59	-120.	135.59	1036	0.10913
350	131	-21.647	-120.	137.26	1036	0.10907
351	111	-23.409	-120.	136.35	1036	0.1091
351	131	-21.647	-120.	137.26	1036	0.10907
351	118	-22.638	-120.	137.55	1036	0.10906
352	111	-23.409	-120.	136.35	1036	0.1091
352	118	-22.638	-120.	137.55	1036	0.10906
352	92	-25.296	-120.	136.9	1036	0.10908
353	111	-23.409	-120.	136.35	1036	0.1091
353	92	-25.296	-120.	136.9	1036	0.10908
353	85	-25.691	-120.	136.27	1036	0.10911
354	149	-19.941	-120.	138.82	1037	0.10901
354	166	-17.829	-120.	138.97	1037	0.109
354	158	-18.742	-120.	140.49	1037	0.10895
355	149	-19.941	-120.	138.82	1037	0.10901
355	158	-18.742	-120.	140.49	1037	0.10895
355	147	-20.31	-120.	140.26	1037	0.10896
356	149	-19.941	-120.	138.82	1037	0.10901
356	147	-20.31	-120.	140.26	1037	0.10896
356	121	-22.202	-120.	138.16	1037	0.10904
357	149	-19.941	-120.	138.82	1037	0.10901
357	121	-22.202	-120.	138.16	1037	0.10904
357	132	-21.647	-120.	137.26	1037	0.10907
358	149	-19.941	-120.	138.82	1037	0.10901
358	132	-21.647	-120.	137.26	1037	0.10907
358	154	-18.914	-120.	137.77	1037	0.10904
359	149	-19.941	-120.	138.82	1037	0.10901
359	154	-18.914	-120.	137.77	1037	0.10904
359	166	-17.829	-120.	138.97	1037	0.109
360	121	-22.202	-120.	138.16	1037	0.10904
360	147	-20.31	-120.	140.26	1037	0.10896
360	113	-23.261	-120.	139.86	1037	0.10898
361	166	-17.829	-120.	138.97	1037	0.109
361	177	-15.833	-120.	140.87	1037	0.10893
361	158	-18.742	-120.	140.49	1037	0.10895
362	154	-18.914	-120.	137.77	1037	0.10904
362	132	-21.647	-120.	137.26	1037	0.10907
362	143	-20.59	-120.	135.59	1037	0.10913
363	86	-25.532	-120.	128.87	1041	0.10939
363	71	-26.322	-120.	130.55	1041	0.10932
363	62	-27.196	-120.	127.86	1041	0.10942
364	86	-25.532	-120.	128.87	1041	0.10939
364	62	-27.196	-120.	127.86	1041	0.10942
364	69	-26.429	-120.	126.87	1041	0.10946
365	86	-25.532	-120.	128.87	1041	0.10939
365	69	-26.429	-120.	126.87	1041	0.10946
365	105	-24.331	-120.	127.71	1041	0.10943
366	86	-25.532	-120.	128.87	1041	0.10939
366	105	-24.331	-120.	127.71	1041	0.10943
366	106	-23.83	-120.	129.26	1041	0.10937
367	86	-25.532	-120.	128.87	1041	0.10939
367	106	-23.83	-120.	129.26	1041	0.10937
367	95	-25.087	-120.	131.	1041	0.10931
368	86	-25.532	-120.	128.87	1041	0.10939
368	95	-25.087	-120.	131.	1041	0.10931
368	71	-26.322	-120.	130.55	1041	0.10932
369	105	-24.331	-120.	127.71	1041	0.10943
369	69	-26.429	-120.	126.87	1041	0.10946
369	96	-24.974	-120.	125.04	1041	0.10952
370	71	-26.322	-120.	130.55	1041	0.10932
370	35	-28.656	-120.	129.72	1041	0.10936
370	62	-27.196	-120.	127.86	1041	0.10942
371	95	-25.087	-120.	131.	1041	0.10931
371	106	-23.83	-120.	129.26	1041	0.10937
371	115	-22.777	-120.	131.8	1041	0.10927
372	61	-27.224	-120.	112.18	1056	0.10982
372	100	-24.688	-120.	113.62	1056	0.10979
372	112	-23.336	-120.	109.46	1056	0.10983
373	150	-19.798	-120.	140.81	1065	0.10894
373	157	-18.742	-120.	140.49	1065	0.10895
373	146	-20.31	-120.	140.26	1065	0.10896
374	156	-18.773	-120.	141.82	1065	0.10891
374	169	-17.251	-120.	143.32	1065	0.10886
374	177	-15.833	-120.	140.87	1065	0.10893
375	156	-18.773	-120.	141.82	1065	0.10891
375	177	-15.833	-120.	140.87	1065	0.10893
375	157	-18.742	-120.	140.49	1065	0.10895
376	156	-18.773	-120.	141.82	1065	0.10891
376	157	-18.742	-120.	140.49	1065	0.10895
376	150	-19.798	-120.	140.81	1065	0.10894
377	156	-18.773	-120.	141.82	1065	0.10891
377	150	-19.798	-120.	140.81	1065	0.10894
377	141	-20.774	-120.	142.45	1065	0.10889
378	156	-18.773	-120.	141.82	1065	0.10891
378	141	-20.774	-120.	142.45	1065	0.10889
378	148	-20.24	-120.	142.97	1065	0.10888
379	156	-18.773	-120.	141.82	1065	0.10891
379	148	-20.24	-120.	142.97	1065	0.10888
379	169	-17.251	-120.	143.32	1065	0.10886
380	128	-21.792	-120.	141.43	1065	0.10893
380	99	-24.821	-120.	142.41	1065	0.1089
380	113	-23.261	-120.	139.86	1065	0.10898
381	128	-21.792	-120.	141.43	1065	0.10893
381	113	-23.261	-120.	139.86	1065	0.10898
381	146	-20.31	-120.	140.26	1065	0.10896
382	128	-21.792	-120.	141.43	1065	0.10893
382	146	-20.31	-120.	140.26	1065	0.10896
382	150	-19.798	-120.	140.81	1065	0.10894
383	128	-21.792	-120.	141.43	1065	0.10893
383	150	-19.798	-120.	140.81	1065	0.10894
383	141	-20.774	-120.	142.45	1065	0.10889
384	128	-21.792	-120.	141.43	1065	0.10893
384	141	-20.774	-120.	142.45	1065	0.10889
384	129	-21.791	-120.	142.79	1065	0.10888
385	128	-21.792	-120.	141.43	1065	0.10893
385	129	-21.791	-120.	142.79	1065	0.10888
385	99	-24.821	-120.	142.41	1065	0.1089
386	141	-20.774	-120.	142.45	1065	0.10889
386	129	-21.791	-120.	142.79	1065	0.10888
386	148	-20.24	-120.	142.97	1065	0.10888
387	77	-26.164	-120.	103.72	1069	0.1098
387	79	-26.081	-120.	104.59	1069	0.10981
387	89	-25.369	-120.	103.36	1069	0.1098
388	76	-26.232	-120.	102.02	1069	0.10978
388	47	-27.911	-120.	101.92	1069	0.10978
388	73	-26.285	-120.	99.47	1069	0.10973
389	76	-26.232	-120.	102.02	1069	0.10978
389	73	-26.285	-120.	99.47	1069	0.10973
389	107	-23.785	-120.	100.93	1069	0.10976
390	76	-26.232	-120.	102.02	1069	0.10978
390	107	-23.785	-120.	100.93	1069	0.10976
390	89	-25.369	-120.	103.36	1069	0.1098
391	76	-26.232	-120.	102.02	1069	0.10978
391	89	-25.369	-120.	103.36	1069	0.1098
391	77	-26.164	-120.	103.72	1069	0.1098
392	76	-26.232	-120.	102.02	1069	0.10978
392	77	-26.164	-120.	103.72	1069	0.1098
392	48	-27.878	-120.	102.73	1069	0.10979
393	76	-26.232	-120.	102.02	1069	0.10978
393	48	-27.878	-120.	102.73	1069	0.10979
393	47	-27.911	-120.	101.92	1069	0.10978
394	37	-28.595	-120.	103.11	1069	0.10979
394	48	-27.878	-120.	102.73	1069	0.10979
394	47	-27.911	-120.	101.92	1069	0.10978
395	51	-27.669	-120.	104.51	1069	0.10981
395	20	-29.906	-120.	105.74	1069	0.10982
395	55	-27.388	-120.	107.17	1069	0.10983
396	51	-27.669	-120.	104.51	1069	0.10981
396	55	-27.388	-120.	107.17	1069	0.10983
396	79	-26.081	-120.	104.59	1069	0.10981
397	51	-27.669	-120.	104.51	1069	0.10981
397	79	-26.081	-120.	104.59	1069	0.10981
397	77	-26.164	-120.	103.72	1069	0.1098
398	51	-27.669	-120.	104.51	1069	0.10981
398	77	-26.164	-120.	103.72	1069	0.1098
398	48	-27.878	-120.	102.73	1069	0.10979
399	51	-27.669	-120.	104.51	1069	0.10981
399	48	-27.878	-120.	102.73	1069	0.10979
399	37	-28.595	-120.	103.11	1069	0.10979
400	51	-27.669	-120.	104.51	1069	0.10981
400	37	-28.595	-120.	103.11	1069	0.10979
400	20	-29.906	-120.	105.74	1069	0.10982
401	417	21.839	-120.	142.89	1084	0.10846
401	424	22.411	-120.	142.4	1084	0.10844
401	413	21.536	-120.	141.87	1084	0.10843
402	425	22.428	-120.	144.8	1084	0.10852
402	430	23.336	-120.	147.74	1084	0.10862
402	434	24.064	-120.	143.4	1084	0.10848
403	425	22.428	-120.	144.8	1084	0.10852
403	434	24.064	-120.	143.4	1084	0.10848
403	424	22.411	-120.	142.4	1084	0.10844
404	425	22.428	-120.	144.8	1084	0.10852
404	424	22.411	-120.	142.4	1084	0.10844
404	417	21.839	-120.	142.89	1084	0.10846
405	425	22.428	-120.	144.8	1084	0.10852
405	417	21.839	-120.	142.89	1084	0.10846
405	411	21.309	-120.	145.7	1084	0.10855
406	425	22.428	-120.	144.8	1084	0.10852
406	411	21.309	-120.	145.7	1084	0.10855
406	414	21.609	-120.	146.7	1084	0.10859
407	425	22.428	-120.	144.8	1084	0.10852
407	414	21.609	-120.	146.7	1084	0.10859
407	430	23.336	-120.	147.74	1084	0.10862
408	403	20.72	-120.	143.77	1084	0.10849
408	393	19.016	-120.	145.11	1084	0.10853
408	399	19.899	-120.	140.87	1084	0.1084
409	403	20.72	-120.	143.77	1084	0.10849
409	399	19.899	-120.	140.87	1084	0.1084
409	413	21.536	-120.	141.87	1084	0.10843
410	403	20.72	-120.	143.77	1084	0.10849
410	413	21.536	-120.	141.87	1084	0.10843
410	417	21.839	-120.	142.89	1084	0.10846
411	403	20.72	-120.	143.77	1084	0.10849
411	417	21.839	-120.	142.89	1084	0.10846
411	411	21.309	-120.	145.7	1084	0.10855
412	403	20.72	-120.	143.77	1084	0.10849
412	411	21.309	-120.	145.7	1084	0.10855
412	404	20.723	-120.	146.15	1084	0.10857
413	403	20.72	-120.	143.77	1084	0.10849
413	404	20.723	-120.	146.15	1084	0.10857
413	393	19.016	-120.	145.11	1084	0.10853
414	411	21.309	-120.	145.7	1084	0.10855
414	404	20.723	-120.	146.15	1084	0.10857
414	414	21.609	-120.	146.7	1084	0.10859
415	346	11.663	-120.	147.66	1097	0.10863
415	349	11.922	-120.	148.61	1097	0.10866
415	354	12.635	-120.	148.36	1097	0.10865
416	342	11.047	-120.	150.83	1097	0.10873
416	334	10.335	-120.	151.03	1097	0.10874
416	345	11.293	-120.	151.76	1097	0.10876
417	351	12.422	-120.	150.4	1097	0.10872
417	354	12.635	-120.	148.36	1097	0.10865
417	362	14.46	-120.	149.69	1097	0.10869
418	351	12.422	-120.	150.4	1097	0.10872
418	362	14.46	-120.	149.69	1097	0.10869
418	356	13.174	-120.	153.16	1097	0.10881
419	351	12.422	-120.	150.4	1097	0.10872
419	356	13.174	-120.	153.16	1097	0.10881
419	345	11.293	-120.	151.76	1097	0.10876
420	351	12.422	-120.	150.4	1097	0.10872
420	345	11.293	-120.	151.76	1097	0.10876
420	342	11.047	-120.	150.83	1097	0.10873
421	351	12.422	-120.	150.4	1097	0.10872
421	342	11.047	-120.	150.83	1097	0.10873
421	349	11.922	-120.	148.61	1097	0.10866
422	351	12.422	-120.	150.4	1097	0.10872
422	349	11.922	-120.	148.61	1097	0.10866
422	354	12.635	-120.	148.36	1097	0.10865
423	338	10.553	-120.	149.02	1097	0.10868
423	334	10.335	-120.	151.03	1097	0.10874
423	323	8.4836	-120.	149.65	1097	0.1087
424	338	10.553	-120.	149.02	1097	0.10868
424	323	8.4836	-120.	149.65	1097	0.1087
424	332	9.8655	-120.	146.33	1097	0.10859
425	338	10.553	-120.	149.02	1097	0.10868
425	332	9.8655	-120.	146.33	1097	0.10859
425	346	11.663	-120.	147.66	1097	0.10863
426	338	10.553	-120.	149.02	1097	0.10868
426	346	11.663	-120.	147.66	1097	0.10863
426	349	11.922	-120.	148.61	1097	0.10866
427	338	10.553	-120.	149.02	1097	0.10868
427	349	11.922	-120.	148.61	1097	0.10866
427	342	11.047	-120.	150.83	1097	0.10873
428	338	10.553	-120.	149.02	1097	0.10868
428	342	11.047	-120.	150.83	1097	0.10873
428	334	10.335	-120.	151.03	1097	0.10874
429	393	19.016	-120.	145.11	1104	0.10853
429	399	19.899	-120.	140.87	1104	0.1084
429	375	16.361	-120.	143.44	1104	0.10848
430	436	24.303	-120.	140.3	1108	0.10839
430	440	24.802	-120.	139.73	1108	0.10837
430	438	24.441	-120.	138.64	1108	0.10835
431	450	26.414	-120.	140.68	1108	0.10839
431	455	26.788	-120.	141.73	1108	0.10842
431	457	26.876	-120.	140.1	1108	0.10838
432	446	25.708	-120.	138.62	1108	0.10834
432	438	24.441	-120.	138.64	1108	0.10835
432	439	24.656	-120.	135.59	1108	0.10828
433	446	25.708	-120.	138.62	1108	0.10834
433	439	24.656	-120.	135.59	1108	0.10828
433	460	27.061	-120.	136.97	1108	0.10831
434	446	25.708	-120.	138.62	1108	0.10834
434	460	27.061	-120.	136.97	1108	0.10831
434	457	26.876	-120.	140.1	1108	0.10838
435	446	25.708	-120.	138.62	1108	0.10834
435	457	26.876	-120.	140.1	1108	0.10838
435	450	26.414	-120.	140.68	1108	0.10839
436	446	25.708	-120.	138.62	1108	0.10834
436	450	26.414	-120.	140.68	1108	0.10839
436	440	24.802	-120.	139.73	1108	0.10837
437	446	25.708	-120.	138.62	1108	0.10834
437	440	24.802	-120.	139.73	1108	0.10837
437	438	24.441	-120.	138.64	1108	0.10835
438	445	25.493	-120.	141.79	1108	0.10843
438	455	26.788	-120.	141.73	1108	0.10842
438	452	26.586	-120.	144.91	1108	0.10852
439	445	25.493	-120.	141.79	1108	0.10843
439	452	26.586	-120.	144.91	1108	0.10852
439	434	24.064	-120.	143.4	1108	0.10848
440	445	25.493	-120.	141.79	1108	0.10843
440	434	24.064	-120.	143.4	1108	0.10848
440	436	24.303	-120.	140.3	1108	0.10839
441	445	25.493	-120.	141.79	1108	0.10843
441	436	24.303	-120.	140.3	1108	0.10839
441	440	24.802	-120.	139.73	1108	0.10837
442	445	25.493	-120.	141.79	1108	0.10843
442	440	24.802	-120.	139.73	1108	0.10837
442	450	26.414	-120.	140.68	1108	0.10839
443	445	25.493	-120.	141.79	1108	0.10843
443	450	26.414	-120.	140.68	1108	0.10839
443	455	26.788	-120.	141.73	1108	0.10842
444	88	-25.431	-120.	120.69	1109	0.10965
444	44	-28.087	-120.	123.61	1109	0.10957
444	96	-24.974	-120.	125.04	1109	0.10952
445	362	14.46	-120.	149.69	1115	0.10869
445	356	13.174	-120.	153.16	1115	0.10881
445	380	17.167	-120.	151.53	1115	0.10876
446	308	5.588	-120.	147.24	1140	0.10864
446	323	8.4836	-120.	149.65	1140	0.1087
446	332	9.8655	-120.	146.33	1140	0.10859
447	508	30.804	-120.	116.74	1153	0.10844
447	480	29.255	-120.	116.32	1153	0.10846
447	506	30.803	-120.	114.51	1153	0.10851
448	508	30.804	-120.	116.74	1153	0.10844
448	506	30.803	-120.	114.51	1153	0.10851
448	527	31.894	-120.	115.	1153	0.1085
449	508	30.804	-120.	116.74	1153	0.10844
449	527	31.894	-120.	115.	1153	0.1085
449	532	32.19	-120.	117.81	1153	0.10841
450	508	30.804	-120.	116.74	1153	0.10844
450	532	32.19	-120.	117.81	1153	0.10841
450	515	31.257	-120.	118.83	1153	0.10838
451	508	30.804	-120.	116.74	1153	0.10844
451	515	31.257	-120.	118.83	1153	0.10838
451	487	29.425	-120.	117.94	1153	0.10841
452	508	30.804	-120.	116.74	1153	0.10844
452	487	29.425	-120.	117.94	1153	0.10841
452	480	29.255	-120.	116.32	1153	0.10846
453	532	32.19	-120.	117.81	1153	0.10841
453	527	31.894	-120.	115.	1153	0.1085
453	555	33.96	-120.	115.92	1153	0.10847
454	480	29.255	-120.	116.32	1153	0.10846
454	477	28.754	-120.	113.62	1153	0.10855
454	506	30.803	-120.	114.51	1153	0.10851
455	487	29.425	-120.	117.94	1153	0.10841
455	515	31.257	-120.	118.83	1153	0.10838
455	491	29.497	-120.	120.69	1153	0.10834
456	466	27.921	-120.	96.479	1215	0.10923
456	441	24.832	-120.	93.474	1215	0.10931
456	431	23.352	-120.	95.976	1215	0.10924
457	67	-26.804	-120.	117.53	1253	0.10973
457	66	-26.814	-120.	115.45	1253	0.10977
457	93	-25.189	-120.	116.32	1253	0.10975
458	67	-26.804	-120.	117.53	1253	0.10973
458	93	-25.189	-120.	116.32	1253	0.10975
458	91	-25.359	-120.	117.94	1253	0.10972
459	67	-26.804	-120.	117.53	1253	0.10973
459	91	-25.359	-120.	117.94	1253	0.10972
459	60	-27.268	-120.	119.76	1253	0.10968
460	67	-26.804	-120.	117.53	1253	0.10973
460	60	-27.268	-120.	119.76	1253	0.10968
460	39	-28.244	-120.	119.26	1253	0.10969
461	67	-26.804	-120.	117.53	1253	0.10973
461	39	-28.244	-120.	119.26	1253	0.10969
461	46	-27.948	-120.	116.45	1253	0.10975
462	67	-26.804	-120.	117.53	1253	0.10973
462	46	-27.948	-120.	116.45	1253	0.10975
462	66	-26.814	-120.	115.45	1253	0.10977
463	60	-27.268	-120.	119.76	1253	0.10968
463	91	-25.359	-120.	117.94	1253	0.10972
463	88	-25.431	-120.	120.69	1253	0.10965
464	66	-26.814	-120.	115.45	1253	0.10977
464	100	-24.688	-120.	113.62	1253	0.10979
464	93	-25.189	-120.	116.32	1253	0.10975
465	46	-27.948	-120.	116.45	1253	0.10975
465	39	-28.244	-120.	119.26	1253	0.10969
465	16	-30.093	-120.	118.32	1253	0.10971
466	33	-28.882	-120.	111.23	1255	0.10982
466	61	-27.224	-120.	112.18	1255	0.10982
466	30	-29.43	-120.	114.03	1255	0.10979
467	13	-30.536	-120.	112.93	1255	0.1098
467	33	-28.882	-120.	111.23	1255	0.10982
467	30	-29.43	-120.	114.03	1255	0.10979
468	13	-30.536	-120.	112.93	1255	0.1098
468	30	-29.43	-120.	114.03	1255	0.10979
468	11	-30.578	-120.	114.99	1255	0.10978
469	13	-30.536	-120.	112.93	1255	0.1098
469	11	-30.578	-120.	114.99	1255	0.10978
469	4	-32.421	-120.	113.97	1255	0.10979
470	13	-30.536	-120.	112.93	1255	0.1098
470	4	-32.421	-120.	113.97	1255	0.10979
470	5	-32.159	-120.	112.62	1255	0.1098
471	13	-30.536	-120.	112.93	1255	0.1098
471	5	-32.159	-120.	112.62	1255	0.1098
471	22	-29.748	-120.	110.74	1255	0.10982
472	13	-30.536	-120.	112.93	1255	0.1098
472	22	-29.748	-120.	110.74	1255	0.10982
472	33	-28.882	-120.	111.23	1255	0.10982
473	4	-32.421	-120.	113.97	1255	0.10979
473	11	-30.578	-120.	114.99	1255	0.10978
473	1	-32.805	-120.	116.88	1255	0.10974
474	5	-32.159	-120.	112.62	1255	0.1098
474	7	-31.417	-120.	109.78	1255	0.10983
474	22	-29.748	-120.	110.74	1255	0.10982
475	381	17.43	-120.	91.87	1256	0.10934
475	392	18.881	-120.	89.348	1256	0.10938
475	364	14.983	-120.	87.508	1256	0.10937
476	81	-26.046	-120.	131.25	1264	0.1093
476	94	-25.087	-120.	131.	1264	0.10931
476	72	-26.322	-120.	130.55	1264	0.10932
477	49	-27.864	-120.	131.72	1264	0.10928
477	41	-28.225	-120.	133.31	1264	0.10922
477	10	-30.643	-120.	132.48	1264	0.10925
478	49	-27.864	-120.	131.72	1264	0.10928
478	10	-30.643	-120.	132.48	1264	0.10925
478	35	-28.656	-120.	129.72	1264	0.10936
479	49	-27.864	-120.	131.72	1264	0.10928
479	35	-28.656	-120.	129.72	1264	0.10936
479	72	-26.322	-120.	130.55	1264	0.10932
480	49	-27.864	-120.	131.72	1264	0.10928
480	72	-26.322	-120.	130.55	1264	0.10932
480	81	-26.046	-120.	131.25	1264	0.1093
481	49	-27.864	-120.	131.72	1264	0.10928
481	81	-26.046	-120.	131.25	1264	0.1093
481	58	-27.289	-120.	133.05	1264	0.10923
482	49	-27.864	-120.	131.72	1264	0.10928
482	58	-27.289	-120.	133.05	1264	0.10923
482	41	-28.225	-120.	133.31	1264	0.10922
483	64	-26.981	-120.	133.72	1264	0.1092
483	58	-27.289	-120.	133.05	1264	0.10923
483	41	-28.225	-120.	133.31	1264	0.10922
484	87	-25.462	-120.	132.56	1264	0.10925
484	101	-24.589	-120.	134.53	1264	0.10917
484	115	-22.777	-120.	131.8	1264	0.10927
485	87	-25.462	-120.	132.56	1264	0.10925
485	115	-22.777	-120.	131.8	1264	0.10927
485	94	-25.087	-120.	131.	1264	0.10931
486	87	-25.462	-120.	132.56	1264	0.10925
486	94	-25.087	-120.	131.	1264	0.10931
486	81	-26.046	-120.	131.25	1264	0.1093
487	87	-25.462	-120.	132.56	1264	0.10925
487	81	-26.046	-120.	131.25	1264	0.1093
487	58	-27.289	-120.	133.05	1264	0.10923
488	87	-25.462	-120.	132.56	1264	0.10925
488	58	-27.289	-120.	133.05	1264	0.10923
488	64	-26.981	-120.	133.72	1264	0.1092
489	87	-25.462	-120.	132.56	1264	0.10925
489	64	-26.981	-120.	133.72	1264	0.1092
489	101	-24.589	-120.	134.53	1264	0.10917
490	184	-14.334	-120.	145.42	1276	0.10881
490	186	-13.704	-120.	145.83	1276	0.1088
490	191	-13.215	-120.	145.	1276	0.10881
491	173	-16.43	-120.	146.22	1276	0.1088
491	152	-19.63	-120.	147.46	1276	0.10877
491	181	-14.63	-120.	147.4	1276	0.10877
492	173	-16.43	-120.	146.22	1276	0.1088
492	181	-14.63	-120.	147.4	1276	0.10877
492	186	-13.704	-120.	145.83	1276	0.1088
493	173	-16.43	-120.	146.22	1276	0.1088
493	186	-13.704	-120.	145.83	1276	0.1088
493	184	-14.334	-120.	145.42	1276	0.10881
494	173	-16.43	-120.	146.22	1276	0.1088
494	184	-14.334	-120.	145.42	1276	0.10881
494	168	-17.598	-120.	145.4	1276	0.10881
495	173	-16.43	-120.	146.22	1276	0.1088
495	168	-17.598	-120.	145.4	1276	0.10881
495	160	-18.684	-120.	145.81	1276	0.1088
496	173	-16.43	-120.	146.22	1276	0.1088
496	160	-18.684	-120.	145.81	1276	0.1088
496	152	-19.63	-120.	147.46	1276	0.10877
497	179	-15.481	-120.	144.59	1276	0.10883
497	169	-17.251	-120.	143.32	1276	0.10886
497	197	-12.295	-120.	143.44	1276	0.10884
498	179	-15.481	-120.	144.59	1276	0.10883
498	197	-12.295	-120.	143.44	1276	0.10884
498	191	-13.215	-120.	145.	1276	0.10881
499	179	-15.481	-120.	144.59	1276	0.10883
499	191	-13.215	-120.	145.	1276	0.10881
499	184	-14.334	-120.	145.42	1276	0.10881
500	179	-15.481	-120.	144.59	1276	0.10883
500	184	-14.334	-120.	145.42	1276	0.10881
500	168	-17.598	-120.	145.4	1276	0.10881
501	179	-15.481	-120.	144.59	1276	0.10883
501	168	-17.598	-120.	145.4	1276	0.10881
501	164	-18.192	-120.	144.96	1276	0.10882
502	179	-15.481	-120.	144.59	1276	0.10883
502	164	-18.192	-120.	144.96	1276	0.10882
502	169	-17.251	-120.	143.32	1276	0.10886
503	168	-17.598	-120.	145.4	1276	0.10881
503	164	-18.192	-120.	144.96	1276	0.10882
503	160	-18.684	-120.	145.81	1276	0.1088
504	20	-29.906	-120.	105.74	1287	0.10982
504	7	-31.417	-120.	109.78	1287	0.10983
504	55	-27.388	-120.	107.17	1287	0.10983
505	203	-11.708	-120.	147.15	1310	0.10878
505	191	-13.215	-120.	145.	1310	0.10881
505	211	-10.674	-120.	146.2	1310	0.10878
506	203	-11.708	-120.	147.15	1310	0.10878
506	211	-10.674	-120.	146.2	1310	0.10878
506	216	-9.7773	-120.	147.68	1310	0.10876
507	203	-11.708	-120.	147.15	1310	0.10878
507	216	-9.7773	-120.	147.68	1310	0.10876
507	209	-10.796	-120.	149.39	1310	0.10875
508	203	-11.708	-120.	147.15	1310	0.10878
508	209	-10.796	-120.	149.39	1310	0.10875
508	200	-12.084	-120.	148.78	1310	0.10876
509	203	-11.708	-120.	147.15	1310	0.10878
509	200	-12.084	-120.	148.78	1310	0.10876
509	186	-13.704	-120.	145.83	1310	0.1088
510	203	-11.708	-120.	147.15	1310	0.10878
510	186	-13.704	-120.	145.83	1310	0.1088
510	191	-13.215	-120.	145.	1310	0.10881
511	209	-10.796	-120.	149.39	1310	0.10875
511	216	-9.7773	-120.	147.68	1310	0.10876
511	226	-8.113	-120.	150.47	1310	0.10875
512	191	-13.215	-120.	145.	1310	0.10881
512	197	-12.295	-120.	143.44	1310	0.10884
512	211	-10.674	-120.	146.2	1310	0.10878
513	186	-13.704	-120.	145.83	1310	0.1088
513	200	-12.084	-120.	148.78	1310	0.10876
513	181	-14.63	-120.	147.4	1310	0.10877
514	288	1.8045	-120.	154.98	1350	0.10882
514	311	6.1077	-120.	154.74	1350	0.10883
514	296	3.2389	-120.	152.16	1350	0.10877
515	430	23.336	-120.	147.74	1355	0.10862
515	452	26.586	-120.	144.91	1355	0.10852
515	434	24.064	-120.	143.4	1355	0.10848
516	372	15.89	-120.	146.87	1362	0.1086
516	369	15.629	-120.	145.89	1362	0.10856
516	366	15.218	-120.	147.21	1362	0.10861
517	379	17.139	-120.	146.16	1362	0.10857
517	393	19.016	-120.	145.11	1362	0.10853
517	375	16.361	-120.	143.44	1362	0.10848
518	379	17.139	-120.	146.16	1362	0.10857
518	375	16.361	-120.	143.44	1362	0.10848
518	369	15.629	-120.	145.89	1362	0.10856
519	379	17.139	-120.	146.16	1362	0.10857
519	369	15.629	-120.	145.89	1362	0.10856
519	372	15.89	-120.	146.87	1362	0.1086
520	379	17.139	-120.	146.16	1362	0.10857
520	372	15.89	-120.	146.87	1362	0.1086
520	383	17.646	-120.	148.02	1362	0.10864
521	379	17.139	-120.	146.16	1362	0.10857
521	383	17.646	-120.	148.02	1362	0.10864
521	386	18.289	-120.	147.65	1362	0.10862
522	379	17.139	-120.	146.16	1362	0.10857
522	386	18.289	-120.	147.65	1362	0.10862
522	393	19.016	-120.	145.11	1362	0.10853
523	376	16.383	-120.	148.72	1362	0.10866
523	380	17.167	-120.	151.53	1362	0.10876
523	362	14.46	-120.	149.69	1362	0.10869
524	376	16.383	-120.	148.72	1362	0.10866
524	362	14.46	-120.	149.69	1362	0.10869
524	366	15.218	-120.	147.21	1362	0.10861
525	376	16.383	-120.	148.72	1362	0.10866
525	366	15.218	-120.	147.21	1362	0.10861
525	372	15.89	-120.	146.87	1362	0.1086
526	376	16.383	-120.	148.72	1362	0.10866
526	372	15.89	-120.	146.87	1362	0.1086
526	383	17.646	-120.	148.02	1362	0.10864
527	376	16.383	-120.	148.72	1362	0.10866
527	383	17.646	-120.	148.02	1362	0.10864
527	384	17.918	-120.	148.97	1362	0.10867
528	376	16.383	-120.	148.72	1362	0.10866
528	384	17.918	-120.	148.97	1362	0.10867
528	380	17.167	-120.	151.53	1362	0.10876
529	383	17.646	-120.	148.02	1362	0.10864
529	384	17.918	-120.	148.97	1362	0.10867
529	386	18.289	-120.	147.65	1362	0.10862
530	358	13.591	-120.	146.55	1363	0.10859
530	359	13.941	-120.	144.75	1363	0.10853
530	370	15.629	-120.	145.89	1363	0.10856
531	358	13.591	-120.	146.55	1363	0.10859
531	370	15.629	-120.	145.89	1363	0.10856
531	367	15.218	-120.	147.21	1363	0.10861
532	358	13.591	-120.	146.55	1363	0.10859
532	367	15.218	-120.	147.21	1363	0.10861
532	355	12.635	-120.	148.36	1363	0.10865
533	358	13.591	-120.	146.55	1363	0.10859
533	355	12.635	-120.	148.36	1363	0.10865
533	347	11.663	-120.	147.66	1363	0.10863
534	358	13.591	-120.	146.55	1363	0.10859
534	347	11.663	-120.	147.66	1363	0.10863
534	352	12.46	-120.	145.41	1363	0.10855
535	358	13.591	-120.	146.55	1363	0.10859
535	352	12.46	-120.	145.41	1363	0.10855
535	359	13.941	-120.	144.75	1363	0.10853
536	355	12.635	-120.	148.36	1363	0.10865
536	367	15.218	-120.	147.21	1363	0.10861
536	362	14.46	-120.	149.69	1363	0.10869
537	359	13.941	-120.	144.75	1363	0.10853
537	375	16.361	-120.	143.44	1363	0.10848
537	370	15.629	-120.	145.89	1363	0.10856
538	352	12.46	-120.	145.41	1363	0.10855
538	347	11.663	-120.	147.66	1363	0.10863
538	332	9.8655	-120.	146.33	1363	0.10859
539	172	-16.628	-120.	96.27	1435	0.10964
539	174	-16.334	-120.	97.294	1435	0.10967
539	176	-16.032	-120.	95.811	1435	0.10962
540	167	-17.726	-120.	97.196	1435	0.10966
540	153	-19.369	-120.	98.573	1435	0.1097
540	171	-16.855	-120.	100.05	1435	0.10974
541	167	-17.726	-120.	97.196	1435	0.10966
541	171	-16.855	-120.	100.05	1435	0.10974
541	174	-16.334	-120.	97.294	1435	0.10967
542	167	-17.726	-120.	97.196	1435	0.10966
542	174	-16.334	-120.	97.294	1435	0.10967
542	172	-16.628	-120.	96.27	1435	0.10964
543	167	-17.726	-120.	97.196	1435	0.10966
543	172	-16.628	-120.	96.27	1435	0.10964
543	162	-18.302	-120.	95.252	1435	0.1096
544	167	-17.726	-120.	97.196	1435	0.10966
544	162	-18.302	-120.	95.252	1435	0.1096
544	155	-18.865	-120.	95.735	1435	0.10962
545	167	-17.726	-120.	97.196	1435	0.10966
545	155	-18.865	-120.	95.735	1435	0.10962
545	153	-19.369	-120.	98.573	1435	0.1097
546	170	-17.191	-120.	94.333	1435	0.10957
546	165	-18.085	-120.	91.387	1435	0.10947
546	178	-15.485	-120.	93.018	1435	0.10952
547	170	-17.191	-120.	94.333	1435	0.10957
547	178	-15.485	-120.	93.018	1435	0.10952
547	176	-16.032	-120.	95.811	1435	0.10962
548	170	-17.191	-120.	94.333	1435	0.10957
548	176	-16.032	-120.	95.811	1435	0.10962
548	172	-16.628	-120.	96.27	1435	0.10964
549	170	-17.191	-120.	94.333	1435	0.10957
549	172	-16.628	-120.	96.27	1435	0.10964
549	162	-18.302	-120.	95.252	1435	0.1096
550	170	-17.191	-120.	94.333	1435	0.10957
550	162	-18.302	-120.	95.252	1435	0.1096
550	161	-18.611	-120.	94.262	1435	0.10957
551	170	-17.191	-120.	94.333	1435	0.10957
551	161	-18.611	-120.	94.262	1435	0.10957
551	165	-18.085	-120.	91.387	1435	0.10947
552	162	-18.302	-120.	95.252	1435	0.1096
552	161	-18.611	-120.	94.262	1435	0.10957
552	155	-18.865	-120.	95.735	1435	0.10962
553	183	-14.413	-120.	89.13	1437	0.10938
553	165	-18.085	-120.	91.387	1437	0.10947
553	178	-15.485	-120.	93.018	1437	0.10952
554	272	-0.59171	-120.	88.013	1449	0.10934
554	290	2.2612	-120.	87.855	1449	0.10933
554	285	1.3031	-120.	89.681	1449	0.10938
555	282	0.78947	-120.	85.044	1449	0.10926
555	298	3.7317	-120.	85.064	1449	0.10928
555	292	2.7559	-120.	86.903	1449	0.10931
556	280	0.51125	-120.	86.679	1449	0.1093
556	282	0.78947	-120.	85.044	1449	0.10926
556	292	2.7559	-120.	86.903	1449	0.10931
557	280	0.51125	-120.	86.679	1449	0.1093
557	292	2.7559	-120.	86.903	1449	0.10931
557	290	2.2612	-120.	87.855	1449	0.10933
558	280	0.51125	-120.	86.679	1449	0.1093
558	290	2.2612	-120.	87.855	1449	0.10933
558	272	-0.59171	-120.	88.013	1449	0.10934
559	280	0.51125	-120.	86.679	1449	0.1093
559	272	-0.59171	-120.	88.013	1449	0.10934
559	264	-1.5709	-120.	87.142	1449	0.10931
560	280	0.51125	-120.	86.679	1449	0.1093
560	264	-1.5709	-120.	87.142	1449	0.10931
560	273	-0.57654	-120.	85.119	1449	0.10926
561	280	0.51125	-120.	86.679	1449	0.1093
561	273	-0.57654	-120.	85.119	1449	0.10926
561	282	0.78947	-120.	85.044	1449	0.10926
562	253	-3.4987	-120.	85.463	1449	0.10925
562	273	-0.57654	-120.	85.119	1449	0.10926
562	264	-1.5709	-120.	87.142	1449	0.10931
563	327	9.1417	-120.	90.688	1451	0.10936
563	322	8.4091	-120.	90.519	1451	0.10936
563	329	9.39	-120.	91.764	1451	0.10936
564	325	8.6798	-120.	88.651	1451	0.10935
564	321	8.0152	-120.	85.538	1451	0.10931
564	313	6.5826	-120.	88.167	1451	0.10934
565	325	8.6798	-120.	88.651	1451	0.10935
565	313	6.5826	-120.	88.167	1451	0.10934
565	322	8.4091	-120.	90.519	1451	0.10936
566	325	8.6798	-120.	88.651	1451	0.10935
566	322	8.4091	-120.	90.519	1451	0.10936
566	327	9.1417	-120.	90.688	1451	0.10936
567	325	8.6798	-120.	88.651	1451	0.10935
567	327	9.1417	-120.	90.688	1451	0.10936
567	333	10.073	-120.	89.023	1451	0.10935
568	325	8.6798	-120.	88.651	1451	0.10935
568	333	10.073	-120.	89.023	1451	0.10935
568	330	9.8569	-120.	87.974	1451	0.10935
569	325	8.6798	-120.	88.651	1451	0.10935
569	330	9.8569	-120.	87.974	1451	0.10935
569	321	8.0152	-120.	85.538	1451	0.10931
570	337	10.526	-120.	91.072	1451	0.10936
570	353	12.589	-120.	91.638	1451	0.10935
570	343	11.174	-120.	94.093	1451	0.10934
571	337	10.526	-120.	91.072	1451	0.10936
571	343	11.174	-120.	94.093	1451	0.10934
571	329	9.39	-120.	91.764	1451	0.10936
572	337	10.526	-120.	91.072	1451	0.10936
572	329	9.39	-120.	91.764	1451	0.10936
572	327	9.1417	-120.	90.688	1451	0.10936
573	337	10.526	-120.	91.072	1451	0.10936
573	327	9.1417	-120.	90.688	1451	0.10936
573	333	10.073	-120.	89.023	1451	0.10935
574	337	10.526	-120.	91.072	1451	0.10936
574	333	10.073	-120.	89.023	1451	0.10935
574	339	10.786	-120.	89.228	1451	0.10936
575	337	10.526	-120.	91.072	1451	0.10936
575	339	10.786	-120.	89.228	1451	0.10936
575	353	12.589	-120.	91.638	1451	0.10935
576	333	10.073	-120.	89.023	1451	0.10935
576	339	10.786	-120.	89.228	1451	0.10936
576	330	9.8569	-120.	87.974	1451	0.10935
577	516	31.257	-120.	118.83	1455	0.10838
577	537	32.231	-120.	118.57	1455	0.10839
577	533	32.19	-120.	117.81	1455	0.10841
578	559	34.106	-120.	119.51	1455	0.10836
578	560	34.106	-120.	120.25	1455	0.10835
578	568	35.062	-120.	119.27	1455	0.10837
579	558	34.076	-120.	118.07	1455	0.1084
579	533	32.19	-120.	117.81	1455	0.10841
579	555	33.96	-120.	115.92	1455	0.10847
580	558	34.076	-120.	118.07	1455	0.1084
580	555	33.96	-120.	115.92	1455	0.10847
580	575	36.909	-120.	117.34	1455	0.10843
581	558	34.076	-120.	118.07	1455	0.1084
581	575	36.909	-120.	117.34	1455	0.10843
581	568	35.062	-120.	119.27	1455	0.10837
582	558	34.076	-120.	118.07	1455	0.1084
582	568	35.062	-120.	119.27	1455	0.10837
582	559	34.106	-120.	119.51	1455	0.10836
583	558	34.076	-120.	118.07	1455	0.1084
583	559	34.106	-120.	119.51	1455	0.10836
583	537	32.231	-120.	118.57	1455	0.10839
584	558	34.076	-120.	118.07	1455	0.1084
584	537	32.231	-120.	118.57	1455	0.10839
584	533	32.19	-120.	117.81	1455	0.10841
585	538	32.245	-120.	120.	1455	0.10835
585	560	34.106	-120.	120.25	1455	0.10835
585	539	32.274	-120.	122.15	1455	0.10831
586	538	32.245	-120.	120.	1455	0.10835
586	539	32.274	-120.	122.15	1455	0.10831
586	491	29.497	-120.	120.69	1455	0.10834
587	538	32.245	-120.	120.	1455	0.10835
587	491	29.497	-120.	120.69	1455	0.10834
587	516	31.257	-120.	118.83	1455	0.10838
588	538	32.245	-120.	120.	1455	0.10835
588	516	31.257	-120.	118.83	1455	0.10838
588	537	32.231	-120.	118.57	1455	0.10839
589	538	32.245	-120.	120.	1455	0.10835
589	537	32.231	-120.	118.57	1455	0.10839
589	559	34.106	-120.	119.51	1455	0.10836
590	538	32.245	-120.	120.	1455	0.10835
590	559	34.106	-120.	119.51	1455	0.10836
590	560	34.106	-120.	120.25	1455	0.10835
591	523	31.753	-120.	114.26	1519	0.10852
591	507	30.803	-120.	114.51	1519	0.10851
591	528	31.894	-120.	115.	1519	0.1085
592	518	31.423	-120.	112.87	1519	0.10857
592	511	30.932	-120.	110.76	1519	0.10865
592	477	28.754	-120.	113.62	1519	0.10855
593	518	31.423	-120.	112.87	1519	0.10857
593	477	28.754	-120.	113.62	1519	0.10855
593	507	30.803	-120.	114.51	1519	0.10851
594	518	31.423	-120.	112.87	1519	0.10857
594	507	30.803	-120.	114.51	1519	0.10851
594	523	31.753	-120.	114.26	1519	0.10852
595	518	31.423	-120.	112.87	1519	0.10857
595	523	31.753	-120.	114.26	1519	0.10852
595	548	33.238	-120.	112.39	1519	0.10859
596	518	31.423	-120.	112.87	1519	0.10857
596	548	33.238	-120.	112.39	1519	0.10859
596	545	33.06	-120.	111.67	1519	0.10861
597	518	31.423	-120.	112.87	1519	0.10857
597	545	33.06	-120.	111.67	1519	0.10861
597	511	30.932	-120.	110.76	1519	0.10865
598	551	33.555	-120.	113.8	1519	0.10854
598	573	36.317	-120.	113.07	1519	0.10856
598	555	33.96	-120.	115.92	1519	0.10847
599	551	33.555	-120.	113.8	1519	0.10854
599	555	33.96	-120.	115.92	1519	0.10847
599	528	31.894	-120.	115.	1519	0.1085
600	551	33.555	-120.	113.8	1519	0.10854
600	528	31.894	-120.	115.	1519	0.1085
600	523	31.753	-120.	114.26	1519	0.10852
601	551	33.555	-120.	113.8	1519	0.10854
601	523	31.753	-120.	114.26	1519	0.10852
601	548	33.238	-120.	112.39	1519	0.10859
602	551	33.555	-120.	113.8	1519	0.10854
602	548	33.238	-120.	112.39	1519	0.10859
602	563	34.168	-120.	112.14	1519	0.1086
603	551	33.555	-120.	113.8	1519	0.10854
603	563	34.168	-120.	112.14	1519	0.1086
603	573	36.317	-120.	113.07	1519	0.10856
604	548	33.238	-120.	112.39	1519	0.10859
604	563	34.168	-120.	112.14	1519	0.1086
604	545	33.06	-120.	111.67	1519	0.10861
605	544	33.06	-120.	111.67	1521	0.10861
605	511	30.932	-120.	110.76	1521	0.10865
605	535	32.207	-120.	108.95	1521	0.10872
606	553	33.855	-120.	109.98	1521	0.10868
606	544	33.06	-120.	111.67	1521	0.10861
606	535	32.207	-120.	108.95	1521	0.10872
607	553	33.855	-120.	109.98	1521	0.10868
607	535	32.207	-120.	108.95	1521	0.10872
607	543	32.875	-120.	108.	1521	0.10876
608	553	33.855	-120.	109.98	1521	0.10868
608	543	32.875	-120.	108.	1521	0.10876
608	569	35.206	-120.	108.91	1521	0.10872
609	553	33.855	-120.	109.98	1521	0.10868
609	569	35.206	-120.	108.91	1521	0.10872
609	571	35.614	-120.	110.21	1521	0.10867
610	553	33.855	-120.	109.98	1521	0.10868
610	571	35.614	-120.	110.21	1521	0.10867
610	562	34.168	-120.	112.14	1521	0.1086
611	553	33.855	-120.	109.98	1521	0.10868
611	562	34.168	-120.	112.14	1521	0.1086
611	544	33.06	-120.	111.67	1521	0.10861
612	569	35.206	-120.	108.91	1521	0.10872
612	543	32.875	-120.	108.	1521	0.10876
612	561	34.155	-120.	106.16	1521	0.10884
613	571	35.614	-120.	110.21	1521	0.10867
613	573	36.317	-120.	113.07	1521	0.10856
613	562	34.168	-120.	112.14	1521	0.1086
614	461	27.302	-120.	105.87	1528	0.10886
614	464	27.85	-120.	104.3	1528	0.10892
614	482	29.263	-120.	106.75	1528	0.10882
615	461	27.302	-120.	105.87	1528	0.10886
615	482	29.263	-120.	106.75	1528	0.10882
615	475	28.622	-120.	107.7	1528	0.10878
616	461	27.302	-120.	105.87	1528	0.10886
616	475	28.622	-120.	107.7	1528	0.10878
616	448	26.217	-120.	106.97	1528	0.10881
617	461	27.302	-120.	105.87	1528	0.10886
617	448	26.217	-120.	106.97	1528	0.10881
617	443	25.406	-120.	105.57	1528	0.10887
618	461	27.302	-120.	105.87	1528	0.10886
618	443	25.406	-120.	105.57	1528	0.10887
618	451	26.451	-120.	103.94	1528	0.10894
619	461	27.302	-120.	105.87	1528	0.10886
619	451	26.451	-120.	103.94	1528	0.10894
619	464	27.85	-120.	104.3	1528	0.10892
620	448	26.217	-120.	106.97	1528	0.10881
620	475	28.622	-120.	107.7	1528	0.10878
620	462	27.402	-120.	109.46	1528	0.10871
621	464	27.85	-120.	104.3	1528	0.10892
621	499	30.485	-120.	104.97	1528	0.10889
621	482	29.263	-120.	106.75	1528	0.10882
622	451	26.451	-120.	103.94	1528	0.10894
622	443	25.406	-120.	105.57	1528	0.10887
622	432	23.847	-120.	103.3	1528	0.10897
623	353	12.589	-120.	91.638	1530	0.10935
623	340	10.786	-120.	89.228	1530	0.10936
623	357	13.535	-120.	90.005	1530	0.10936
624	321	8.0152	-120.	85.538	1530	0.10931
624	341	10.891	-120.	86.162	1530	0.10934
624	331	9.8569	-120.	87.974	1530	0.10935
625	364	14.983	-120.	87.508	1530	0.10937
625	360	14.027	-120.	89.153	1530	0.10936
625	350	12.207	-120.	86.534	1530	0.10935
626	348	11.884	-120.	88.176	1530	0.10935
626	357	13.535	-120.	90.005	1530	0.10936
626	340	10.786	-120.	89.228	1530	0.10936
627	348	11.884	-120.	88.176	1530	0.10935
627	340	10.786	-120.	89.228	1530	0.10936
627	331	9.8569	-120.	87.974	1530	0.10935
628	348	11.884	-120.	88.176	1530	0.10935
628	331	9.8569	-120.	87.974	1530	0.10935
628	341	10.891	-120.	86.162	1530	0.10934
629	348	11.884	-120.	88.176	1530	0.10935
629	341	10.891	-120.	86.162	1530	0.10934
629	350	12.207	-120.	86.534	1530	0.10935
630	348	11.884	-120.	88.176	1530	0.10935
630	350	12.207	-120.	86.534	1530	0.10935
630	360	14.027	-120.	89.153	1530	0.10936
631	348	11.884	-120.	88.176	1530	0.10935
631	360	14.027	-120.	89.153	1530	0.10936
631	357	13.535	-120.	90.005	1530	0.10936
632	371	15.86	-120.	93.118	1531	0.10932
632	374	16.06	-120.	94.294	1531	0.1093
632	378	16.533	-120.	93.457	1531	0.10932
633	363	14.571	-120.	92.538	1531	0.10934
633	353	12.589	-120.	91.638	1531	0.10935
633	365	15.169	-120.	95.872	1531	0.10928
634	363	14.571	-120.	92.538	1531	0.10934
634	365	15.169	-120.	95.872	1531	0.10928
634	374	16.06	-120.	94.294	1531	0.1093
635	363	14.571	-120.	92.538	1531	0.10934
635	374	16.06	-120.	94.294	1531	0.1093
635	371	15.86	-120.	93.118	1531	0.10932
636	363	14.571	-120.	92.538	1531	0.10934
636	371	15.86	-120.	93.118	1531	0.10932
636	361	14.21	-120.	90.302	1531	0.10936
637	363	14.571	-120.	92.538	1531	0.10934
637	361	14.21	-120.	90.302	1531	0.10936
637	357	13.535	-120.	90.005	1531	0.10936
638	363	14.571	-120.	92.538	1531	0.10934
638	357	13.535	-120.	90.005	1531	0.10936
638	353	12.589	-120.	91.638	1531	0.10935
639	368	15.507	-120.	90.901	1531	0.10935
639	364	14.983	-120.	87.508	1531	0.10937
639	381	17.43	-120.	91.87	1531	0.10934
640	368	15.507	-120.	90.901	1531	0.10935
640	381	17.43	-120.	91.87	1531	0.10934
640	378	16.533	-120.	93.457	1531	0.10932
641	368	15.507	-120.	90.901	1531	0.10935
641	378	16.533	-120.	93.457	1531	0.10932
641	371	15.86	-120.	93.118	1531	0.10932
642	368	15.507	-120.	90.901	1531	0.10935
642	371	15.86	-120.	93.118	1531	0.10932
642	361	14.21	-120.	90.302	1531	0.10936
643	368	15.507	-120.	90.901	1531	0.10935
643	361	14.21	-120.	90.302	1531	0.10936
643	360	14.027	-120.	89.153	1531	0.10936
644	368	15.507	-120.	90.901	1531	0.10935
644	360	14.027	-120.	89.153	1531	0.10936
644	364	14.983	-120.	87.508	1531	0.10937
645	361	14.21	-120.	90.302	1531	0.10936
645	360	14.027	-120.	89.153	1531	0.10936
645	357	13.535	-120.	90.005	1531	0.10936
646	432	23.847	-120.	103.3	1544	0.10897
646	444	25.409	-120.	100.72	1544	0.10907
646	407	20.921	-120.	100.05	1544	0.10911
647	449	26.403	-120.	99.043	1546	0.10914
647	468	28.095	-120.	101.35	1546	0.10904
647	444	25.409	-120.	100.72	1546	0.10907
648	501	30.617	-120.	99.84	1546	0.1091
648	536	32.209	-120.	102.31	1546	0.109
648	489	29.49	-120.	101.66	1546	0.10903
649	472	28.556	-120.	99.8	1546	0.1091
649	501	30.617	-120.	99.84	1546	0.1091
649	489	29.49	-120.	101.66	1546	0.10903
650	472	28.556	-120.	99.8	1546	0.1091
650	489	29.49	-120.	101.66	1546	0.10903
650	468	28.095	-120.	101.35	1546	0.10904
651	472	28.556	-120.	99.8	1546	0.1091
651	468	28.095	-120.	101.35	1546	0.10904
651	449	26.403	-120.	99.043	1546	0.10914
652	472	28.556	-120.	99.8	1546	0.1091
652	449	26.403	-120.	99.043	1546	0.10914
652	459	26.924	-120.	98.172	1546	0.10917
653	472	28.556	-120.	99.8	1546	0.1091
653	459	26.924	-120.	98.172	1546	0.10917
653	496	29.807	-120.	98.737	1546	0.10914
654	472	28.556	-120.	99.8	1546	0.1091
654	496	29.807	-120.	98.737	1546	0.10914
654	501	30.617	-120.	99.84	1546	0.1091
655	466	27.921	-120.	96.479	1546	0.10923
655	496	29.807	-120.	98.737	1546	0.10914
655	459	26.924	-120.	98.172	1546	0.10917
656	428	22.931	-120.	98.116	1547	0.10917
656	423	22.388	-120.	97.593	1547	0.10919
656	419	21.882	-120.	98.448	1547	0.10916
657	433	23.908	-120.	99.146	1547	0.10914
657	449	26.403	-120.	99.043	1547	0.10914
657	444	25.409	-120.	100.72	1547	0.10907
658	433	23.908	-120.	99.146	1547	0.10914
658	444	25.409	-120.	100.72	1547	0.10907
658	407	20.921	-120.	100.05	1547	0.10911
659	433	23.908	-120.	99.146	1547	0.10914
659	407	20.921	-120.	100.05	1547	0.10911
659	419	21.882	-120.	98.448	1547	0.10916
660	433	23.908	-120.	99.146	1547	0.10914
660	419	21.882	-120.	98.448	1547	0.10916
660	428	22.931	-120.	98.116	1547	0.10917
661	433	23.908	-120.	99.146	1547	0.10914
661	428	22.931	-120.	98.116	1547	0.10917
661	447	25.899	-120.	98.502	1547	0.10916
662	433	23.908	-120.	99.146	1547	0.10914
662	447	25.899	-120.	98.502	1547	0.10916
662	449	26.403	-120.	99.043	1547	0.10914
663	459	26.924	-120.	98.172	1547	0.10917
663	447	25.899	-120.	98.502	1547	0.10916
663	449	26.403	-120.	99.043	1547	0.10914
664	442	24.902	-120.	97.473	1547	0.10919
664	466	27.921	-120.	96.479	1547	0.10923
664	431	23.352	-120.	95.976	1547	0.10924
665	442	24.902	-120.	97.473	1547	0.10919
665	431	23.352	-120.	95.976	1547	0.10924
665	423	22.388	-120.	97.593	1547	0.10919
666	442	24.902	-120.	97.473	1547	0.10919
666	423	22.388	-120.	97.593	1547	0.10919
666	428	22.931	-120.	98.116	1547	0.10917
667	442	24.902	-120.	97.473	1547	0.10919
667	428	22.931	-120.	98.116	1547	0.10917
667	447	25.899	-120.	98.502	1547	0.10916
668	442	24.902	-120.	97.473	1547	0.10919
668	447	25.899	-120.	98.502	1547	0.10916
668	459	26.924	-120.	98.172	1547	0.10917
669	442	24.902	-120.	97.473	1547	0.10919
669	459	26.924	-120.	98.172	1547	0.10917
669	466	27.921	-120.	96.479	1547	0.10923
670	395	19.847	-120.	97.24	1566	0.10921
670	418	21.882	-120.	98.448	1566	0.10916
670	391	18.828	-120.	98.263	1566	0.10918
671	395	19.847	-120.	97.24	1566	0.10921
671	391	18.828	-120.	98.263	1566	0.10918
671	382	17.516	-120.	97.31	1566	0.10922
672	395	19.847	-120.	97.24	1566	0.10921
672	382	17.516	-120.	97.31	1566	0.10922
672	389	18.369	-120.	95.895	1566	0.10926
673	395	19.847	-120.	97.24	1566	0.10921
673	389	18.369	-120.	95.895	1566	0.10926
673	402	20.101	-120.	95.931	1566	0.10925
674	395	19.847	-120.	97.24	1566	0.10921
674	402	20.101	-120.	95.931	1566	0.10925
674	422	22.388	-120.	97.593	1566	0.10919
675	395	19.847	-120.	97.24	1566	0.10921
675	422	22.388	-120.	97.593	1566	0.10919
675	418	21.882	-120.	98.448	1566	0.10916
676	389	18.369	-120.	95.895	1566	0.10926
676	382	17.516	-120.	97.31	1566	0.10922
676	365	15.169	-120.	95.872	1566	0.10928
677	418	21.882	-120.	98.448	1566	0.10916
677	407	20.921	-120.	100.05	1566	0.10911
677	391	18.828	-120.	98.263	1566	0.10918
678	422	22.388	-120.	97.593	1566	0.10919
678	402	20.101	-120.	95.931	1566	0.10925
678	431	23.352	-120.	95.976	1566	0.10924
679	439	24.656	-120.	135.59	1581	0.10828
679	479	29.242	-120.	133.19	1581	0.10825
679	456	26.843	-120.	131.8	1581	0.10825
680	460	27.061	-120.	136.97	1582	0.10831
680	479	29.242	-120.	133.19	1582	0.10825
680	439	24.656	-120.	135.59	1582	0.10828
681	539	32.274	-120.	122.15	1583	0.10831
681	491	29.497	-120.	120.69	1583	0.10834
681	478	29.04	-120.	125.04	1583	0.10827
682	556	34.028	-120.	123.11	1585	0.10829
682	539	32.274	-120.	122.15	1585	0.10831
682	560	34.106	-120.	120.25	1585	0.10835
683	570	35.354	-120.	121.36	1585	0.10832
683	556	34.028	-120.	123.11	1585	0.10829
683	560	34.106	-120.	120.25	1585	0.10835
684	570	35.354	-120.	121.36	1585	0.10832
684	560	34.106	-120.	120.25	1585	0.10835
684	568	35.062	-120.	119.27	1585	0.10837
685	570	35.354	-120.	121.36	1585	0.10832
685	568	35.062	-120.	119.27	1585	0.10837
685	577	37.01	-120.	120.28	1585	0.10835
686	570	35.354	-120.	121.36	1585	0.10832
686	577	37.01	-120.	120.28	1585	0.10835
686	576	36.972	-120.	121.65	1585	0.10832
687	570	35.354	-120.	121.36	1585	0.10832
687	576	36.972	-120.	121.65	1585	0.10832
687	566	34.943	-120.	123.6	1585	0.10828
688	570	35.354	-120.	121.36	1585	0.10832
688	566	34.943	-120.	123.6	1585	0.10828
688	556	34.028	-120.	123.11	1585	0.10829
689	577	37.01	-120.	120.28	1585	0.10835
689	568	35.062	-120.	119.27	1585	0.10837
689	575	36.909	-120.	117.34	1585	0.10843
690	576	36.972	-120.	121.65	1585	0.10832
690	574	36.709	-120.	124.58	1585	0.10827
690	566	34.943	-120.	123.6	1585	0.10828
691	524	31.758	-120.	125.71	1588	0.10825
691	503	30.725	-120.	125.95	1588	0.10825
691	519	31.619	-120.	126.45	1588	0.10825
692	552	33.712	-120.	125.26	1588	0.10826
692	565	34.943	-120.	123.6	1588	0.10828
692	574	36.709	-120.	124.58	1588	0.10827
693	552	33.712	-120.	125.26	1588	0.10826
693	574	36.709	-120.	124.58	1588	0.10827
693	549	33.314	-120.	127.38	1588	0.10824
694	552	33.712	-120.	125.26	1588	0.10826
694	549	33.314	-120.	127.38	1588	0.10824
694	519	31.619	-120.	126.45	1588	0.10825
695	552	33.712	-120.	125.26	1588	0.10826
695	519	31.619	-120.	126.45	1588	0.10825
695	524	31.758	-120.	125.71	1588	0.10825
696	552	33.712	-120.	125.26	1588	0.10826
696	524	31.758	-120.	125.71	1588	0.10825
696	554	33.93	-120.	123.84	1588	0.10828
697	552	33.712	-120.	125.26	1588	0.10826
697	554	33.93	-120.	123.84	1588	0.10828
697	565	34.943	-120.	123.6	1588	0.10828
698	557	34.028	-120.	123.11	1588	0.10829
698	554	33.93	-120.	123.84	1588	0.10828
698	565	34.943	-120.	123.6	1588	0.10828
699	530	31.959	-120.	124.3	1588	0.10827
699	539	32.274	-120.	122.15	1588	0.10831
699	478	29.04	-120.	125.04	1588	0.10827
700	530	31.959	-120.	124.3	1588	0.10827
700	478	29.04	-120.	125.04	1588	0.10827
700	503	30.725	-120.	125.95	1588	0.10825
701	530	31.959	-120.	124.3	1588	0.10827
701	503	30.725	-120.	125.95	1588	0.10825
701	524	31.758	-120.	125.71	1588	0.10825
702	530	31.959	-120.	124.3	1588	0.10827
702	524	31.758	-120.	125.71	1588	0.10825
702	554	33.93	-120.	123.84	1588	0.10828
703	530	31.959	-120.	124.3	1588	0.10827
703	554	33.93	-120.	123.84	1588	0.10828
703	557	34.028	-120.	123.11	1588	0.10829
704	530	31.959	-120.	124.3	1588	0.10827
704	557	34.028	-120.	123.11	1588	0.10829
704	539	32.274	-120.	122.15	1588	0.10831
705	549	33.314	-120.	127.38	1589	0.10824
705	572	35.883	-120.	128.81	1589	0.10824
705	574	36.709	-120.	124.58	1589	0.10827
706	495	29.794	-120.	128.1	1591	0.10824
706	470	28.397	-120.	127.71	1591	0.10825
706	502	30.725	-120.	125.95	1591	0.10825
707	495	29.794	-120.	128.1	1591	0.10824
707	502	30.725	-120.	125.95	1591	0.10825
707	520	31.619	-120.	126.45	1591	0.10825
708	495	29.794	-120.	128.1	1591	0.10824
708	520	31.619	-120.	126.45	1591	0.10825
708	505	30.745	-120.	129.14	1591	0.10824
709	495	29.794	-120.	128.1	1591	0.10824
709	505	30.745	-120.	129.14	1591	0.10824
709	485	29.384	-120.	130.08	1591	0.10824
710	495	29.794	-120.	128.1	1591	0.10824
710	485	29.384	-120.	130.08	1591	0.10824
710	465	27.896	-120.	129.26	1591	0.10824
711	495	29.794	-120.	128.1	1591	0.10824
711	465	27.896	-120.	129.26	1591	0.10824
711	470	28.397	-120.	127.71	1591	0.10825
712	505	30.745	-120.	129.14	1591	0.10824
712	520	31.619	-120.	126.45	1591	0.10825
712	549	33.314	-120.	127.38	1591	0.10824
713	470	28.397	-120.	127.71	1591	0.10825
713	478	29.04	-120.	125.04	1591	0.10827
713	502	30.725	-120.	125.95	1591	0.10825
714	465	27.896	-120.	129.26	1591	0.10824
714	485	29.384	-120.	130.08	1591	0.10824
714	456	26.843	-120.	131.8	1591	0.10825
715	500	30.508	-120.	129.85	1592	0.10824
715	504	30.745	-120.	129.14	1592	0.10824
715	484	29.384	-120.	130.08	1592	0.10824
716	540	32.636	-120.	129.42	1592	0.10824
716	572	35.883	-120.	128.81	1592	0.10824
716	549	33.314	-120.	127.38	1592	0.10824
717	540	32.636	-120.	129.42	1592	0.10824
717	549	33.314	-120.	127.38	1592	0.10824
717	504	30.745	-120.	129.14	1592	0.10824
718	540	32.636	-120.	129.42	1592	0.10824
718	504	30.745	-120.	129.14	1592	0.10824
718	500	30.508	-120.	129.85	1592	0.10824
719	540	32.636	-120.	129.42	1592	0.10824
719	500	30.508	-120.	129.85	1592	0.10824
719	531	32.136	-120.	130.77	1592	0.10824
720	540	32.636	-120.	129.42	1592	0.10824
720	531	32.136	-120.	130.77	1592	0.10824
720	547	33.229	-120.	130.57	1592	0.10824
721	540	32.636	-120.	129.42	1592	0.10824
721	547	33.229	-120.	130.57	1592	0.10824
721	572	35.883	-120.	128.81	1592	0.10824
722	497	29.996	-120.	131.19	1592	0.10824
722	479	29.242	-120.	133.19	1592	0.10825
722	456	26.843	-120.	131.8	1592	0.10825
723	497	29.996	-120.	131.19	1592	0.10824
723	456	26.843	-120.	131.8	1592	0.10825
723	484	29.384	-120.	130.08	1592	0.10824
724	497	29.996	-120.	131.19	1592	0.10824
724	484	29.384	-120.	130.08	1592	0.10824
724	500	30.508	-120.	129.85	1592	0.10824
725	497	29.996	-120.	131.19	1592	0.10824
725	500	30.508	-120.	129.85	1592	0.10824
725	531	32.136	-120.	130.77	1592	0.10824
726	497	29.996	-120.	131.19	1592	0.10824
726	531	32.136	-120.	130.77	1592	0.10824
726	525	31.866	-120.	131.46	1592	0.10824
727	497	29.996	-120.	131.19	1592	0.10824
727	525	31.866	-120.	131.46	1592	0.10824
727	479	29.242	-120.	133.19	1592	0.10825
728	531	32.136	-120.	130.77	1592	0.10824
728	525	31.866	-120.	131.46	1592	0.10824
728	547	33.229	-120.	130.57	1592	0.10824
729	494	29.577	-120.	107.44	1594	0.10879
729	481	29.263	-120.	106.75	1594	0.10882
729	474	28.622	-120.	107.7	1594	0.10878
730	517	31.382	-120.	106.93	1594	0.10881
730	561	34.155	-120.	106.16	1594	0.10884
730	499	30.485	-120.	104.97	1594	0.10889
731	517	31.382	-120.	106.93	1594	0.10881
731	499	30.485	-120.	104.97	1594	0.10889
731	481	29.263	-120.	106.75	1594	0.10882
732	517	31.382	-120.	106.93	1594	0.10881
732	481	29.263	-120.	106.75	1594	0.10882
732	494	29.577	-120.	107.44	1594	0.10879
733	517	31.382	-120.	106.93	1594	0.10881
733	494	29.577	-120.	107.44	1594	0.10879
733	529	31.935	-120.	108.26	1594	0.10875
734	517	31.382	-120.	106.93	1594	0.10881
734	529	31.935	-120.	108.26	1594	0.10875
734	542	32.875	-120.	108.	1594	0.10876
735	517	31.382	-120.	106.93	1594	0.10881
735	542	32.875	-120.	108.	1594	0.10876
735	561	34.155	-120.	106.16	1594	0.10884
736	498	30.113	-120.	108.76	1594	0.10873
736	511	30.932	-120.	110.76	1594	0.10865
736	462	27.402	-120.	109.46	1594	0.10871
737	498	30.113	-120.	108.76	1594	0.10873
737	462	27.402	-120.	109.46	1594	0.10871
737	474	28.622	-120.	107.7	1594	0.10878
738	498	30.113	-120.	108.76	1594	0.10873
738	474	28.622	-120.	107.7	1594	0.10878
738	494	29.577	-120.	107.44	1594	0.10879
739	498	30.113	-120.	108.76	1594	0.10873
739	494	29.577	-120.	107.44	1594	0.10879
739	529	31.935	-120.	108.26	1594	0.10875
740	498	30.113	-120.	108.76	1594	0.10873
740	529	31.935	-120.	108.26	1594	0.10875
740	534	32.207	-120.	108.95	1594	0.10872
741	498	30.113	-120.	108.76	1594	0.10873
741	534	32.207	-120.	108.95	1594	0.10872
741	511	30.932	-120.	110.76	1594	0.10865
742	529	31.935	-120.	108.26	1594	0.10875
742	534	32.207	-120.	108.95	1594	0.10872
742	542	32.875	-120.	108.	1594	0.10876
743	477	28.754	-120.	113.62	1595	0.10855
743	511	30.932	-120.	110.76	1595	0.10865
743	462	27.402	-120.	109.46	1595	0.10871
744	561	34.155	-120.	106.16	1598	0.10884
744	536	32.209	-120.	102.31	1598	0.109
744	499	30.485	-120.	104.97	1598	0.10889
745	107	-23.785	-120.	100.93	1649	0.10976
745	110	-23.545	-120.	96.143	1649	0.10964
745	73	-26.285	-120.	99.47	1649	0.10973
746	136	-21.358	-120.	102.37	1650	0.10979
746	130	-21.726	-120.	101.28	1650	0.10977
746	123	-22.197	-120.	101.87	1650	0.10978
747	133	-21.51	-120.	98.163	1650	0.10969
747	138	-21.019	-120.	97.611	1650	0.10968
747	125	-21.878	-120.	97.108	1650	0.10966
748	119	-22.44	-120.	99.25	1650	0.10972
748	123	-22.197	-120.	101.87	1650	0.10978
748	107	-23.785	-120.	100.93	1650	0.10976
749	119	-22.44	-120.	99.25	1650	0.10972
749	107	-23.785	-120.	100.93	1650	0.10976
749	110	-23.545	-120.	96.143	1650	0.10964
750	119	-22.44	-120.	99.25	1650	0.10972
750	110	-23.545	-120.	96.143	1650	0.10964
750	125	-21.878	-120.	97.108	1650	0.10966
751	119	-22.44	-120.	99.25	1650	0.10972
751	125	-21.878	-120.	97.108	1650	0.10966
751	133	-21.51	-120.	98.163	1650	0.10969
752	119	-22.44	-120.	99.25	1650	0.10972
752	133	-21.51	-120.	98.163	1650	0.10969
752	130	-21.726	-120.	101.28	1650	0.10977
753	119	-22.44	-120.	99.25	1650	0.10972
753	130	-21.726	-120.	101.28	1650	0.10977
753	123	-22.197	-120.	101.87	1650	0.10978
754	140	-20.794	-120.	100.22	1650	0.10974
754	138	-21.019	-120.	97.611	1650	0.10968
754	153	-19.369	-120.	98.573	1650	0.1097
755	140	-20.794	-120.	100.22	1650	0.10974
755	153	-19.369	-120.	98.573	1650	0.1097
755	151	-19.781	-120.	103.3	1650	0.1098
756	140	-20.794	-120.	100.22	1650	0.10974
756	151	-19.781	-120.	103.3	1650	0.1098
756	136	-21.358	-120.	102.37	1650	0.10979
757	140	-20.794	-120.	100.22	1650	0.10974
757	136	-21.358	-120.	102.37	1650	0.10979
757	130	-21.726	-120.	101.28	1650	0.10977
758	140	-20.794	-120.	100.22	1650	0.10974
758	130	-21.726	-120.	101.28	1650	0.10977
758	133	-21.51	-120.	98.163	1650	0.10969
759	140	-20.794	-120.	100.22	1650	0.10974
759	133	-21.51	-120.	98.163	1650	0.10969
759	138	-21.019	-120.	97.611	1650	0.10968
760	171	-16.855	-120.	100.05	1654	0.10974
760	153	-19.369	-120.	98.573	1654	0.1097
760	151	-19.781	-120.	103.3	1654	0.1098
761	221	-8.7706	-120.	146.81	1667	0.10877
761	229	-7.1945	-120.	148.83	1667	0.10875
761	217	-9.7773	-120.	147.68	1667	0.10876
762	221	-8.7706	-120.	146.81	1667	0.10877
762	217	-9.7773	-120.	147.68	1667	0.10876
762	212	-10.674	-120.	146.2	1667	0.10878
763	221	-8.7706	-120.	146.81	1667	0.10877
763	212	-10.674	-120.	146.2	1667	0.10878
763	215	-9.8754	-120.	144.75	1667	0.1088
764	221	-8.7706	-120.	146.81	1667	0.10877
764	215	-9.8754	-120.	144.75	1667	0.1088
764	224	-8.3944	-120.	145.41	1667	0.10878
765	221	-8.7706	-120.	146.81	1667	0.10877
765	224	-8.3944	-120.	145.41	1667	0.10878
765	233	-6.7075	-120.	147.97	1667	0.10875
766	221	-8.7706	-120.	146.81	1667	0.10877
766	233	-6.7075	-120.	147.97	1667	0.10875
766	229	-7.1945	-120.	148.83	1667	0.10875
767	215	-9.8754	-120.	144.75	1667	0.1088
767	212	-10.674	-120.	146.2	1667	0.10878
767	197	-12.295	-120.	143.44	1667	0.10884
768	229	-7.1945	-120.	148.83	1667	0.10875
768	226	-8.113	-120.	150.47	1667	0.10875
768	217	-9.7773	-120.	147.68	1667	0.10876
769	233	-6.7075	-120.	147.97	1667	0.10875
769	224	-8.3944	-120.	145.41	1667	0.10878
769	240	-5.7995	-120.	146.33	1667	0.10875
770	486	29.388	-120.	135.79	1726	0.10829
770	479	29.242	-120.	133.19	1726	0.10825
770	460	27.061	-120.	136.97	1726	0.10831
771	486	29.388	-120.	135.79	1726	0.10829
771	460	27.061	-120.	136.97	1726	0.10831
771	476	28.693	-120.	137.9	1726	0.10833
772	486	29.388	-120.	135.79	1726	0.10829
772	476	28.693	-120.	137.9	1726	0.10833
772	492	29.517	-120.	137.53	1726	0.10832
773	486	29.388	-120.	135.79	1726	0.10829
773	492	29.517	-120.	137.53	1726	0.10832
773	512	30.952	-120.	135.04	1726	0.10828
774	486	29.388	-120.	135.79	1726	0.10829
774	512	30.952	-120.	135.04	1726	0.10828
774	509	30.864	-120.	134.14	1726	0.10826
775	486	29.388	-120.	135.79	1726	0.10829
775	509	30.864	-120.	134.14	1726	0.10826
775	479	29.242	-120.	133.19	1726	0.10825
776	513	31.043	-120.	136.75	1726	0.1083
776	550	33.344	-120.	135.59	1726	0.10829
776	514	31.189	-120.	139.32	1726	0.10836
777	513	31.043	-120.	136.75	1726	0.1083
777	514	31.189	-120.	139.32	1726	0.10836
777	493	29.543	-120.	138.38	1726	0.10834
778	513	31.043	-120.	136.75	1726	0.1083
778	493	29.543	-120.	138.38	1726	0.10834
778	492	29.517	-120.	137.53	1726	0.10832
779	513	31.043	-120.	136.75	1726	0.1083
779	492	29.517	-120.	137.53	1726	0.10832
779	512	30.952	-120.	135.04	1726	0.10828
780	513	31.043	-120.	136.75	1726	0.1083
780	512	30.952	-120.	135.04	1726	0.10828
780	521	31.71	-120.	134.63	1726	0.10827
781	513	31.043	-120.	136.75	1726	0.1083
781	521	31.71	-120.	134.63	1726	0.10827
781	550	33.344	-120.	135.59	1726	0.10829
782	492	29.517	-120.	137.53	1726	0.10832
782	476	28.693	-120.	137.9	1726	0.10833
782	493	29.543	-120.	138.38	1726	0.10834
783	512	30.952	-120.	135.04	1726	0.10828
783	521	31.71	-120.	134.63	1726	0.10827
783	509	30.864	-120.	134.14	1726	0.10826
784	476	28.693	-120.	137.9	1744	0.10833
784	458	26.876	-120.	140.1	1744	0.10838
784	460	27.061	-120.	136.97	1744	0.10831
785	473	28.593	-120.	142.76	1744	0.10845
785	452	26.586	-120.	144.91	1744	0.10852
785	454	26.788	-120.	141.73	1744	0.10842
786	469	28.326	-120.	140.43	1744	0.10839
786	473	28.593	-120.	142.76	1744	0.10845
786	454	26.788	-120.	141.73	1744	0.10842
787	469	28.326	-120.	140.43	1744	0.10839
787	454	26.788	-120.	141.73	1744	0.10842
787	458	26.876	-120.	140.1	1744	0.10838
788	469	28.326	-120.	140.43	1744	0.10839
788	458	26.876	-120.	140.1	1744	0.10838
788	476	28.693	-120.	137.9	1744	0.10833
789	469	28.326	-120.	140.43	1744	0.10839
789	476	28.693	-120.	137.9	1744	0.10833
789	493	29.543	-120.	138.38	1744	0.10834
790	469	28.326	-120.	140.43	1744	0.10839
790	493	29.543	-120.	138.38	1744	0.10834
790	488	29.463	-120.	141.7	1744	0.10842
791	469	28.326	-120.	140.43	1744	0.10839
791	488	29.463	-120.	141.7	1744	0.10842
791	473	28.593	-120.	142.76	1744	0.10845
792	514	31.189	-120.	139.32	1744	0.10836
792	488	29.463	-120.	141.7	1744	0.10842
792	493	29.543	-120.	138.38	1744	0.10834
793	390	18.671	-120.	94.527	1810	0.10929
793	388	18.369	-120.	95.895	1810	0.10926
793	373	16.06	-120.	94.294	1810	0.1093
794	390	18.671	-120.	94.527	1810	0.10929
794	373	16.06	-120.	94.294	1810	0.1093
794	377	16.533	-120.	93.457	1810	0.10932
795	390	18.671	-120.	94.527	1810	0.10929
795	377	16.533	-120.	93.457	1810	0.10932
795	397	19.897	-120.	93.386	1810	0.10931
796	390	18.671	-120.	94.527	1810	0.10929
796	397	19.897	-120.	93.386	1810	0.10931
796	409	21.067	-120.	94.197	1810	0.10929
797	390	18.671	-120.	94.527	1810	0.10929
797	409	21.067	-120.	94.197	1810	0.10929
797	401	20.101	-120.	95.931	1810	0.10925
798	390	18.671	-120.	94.527	1810	0.10929
798	401	20.101	-120.	95.931	1810	0.10925
798	388	18.369	-120.	95.895	1810	0.10926
799	397	19.897	-120.	93.386	1810	0.10931
799	377	16.533	-120.	93.457	1810	0.10932
799	381	17.43	-120.	91.87	1810	0.10934
800	388	18.369	-120.	95.895	1810	0.10926
800	365	15.169	-120.	95.872	1810	0.10928
800	373	16.06	-120.	94.294	1810	0.1093
801	401	20.101	-120.	95.931	1810	0.10925
801	409	21.067	-120.	94.197	1810	0.10929
801	431	23.352	-120.	95.976	1810	0.10924
802	406	20.74	-120.	93.354	1811	0.10931
802	398	19.897	-120.	93.386	1811	0.10931
802	410	21.067	-120.	94.197	1811	0.10929
803	400	20.015	-120.	91.744	1811	0.10935
803	392	18.881	-120.	89.348	1811	0.10938
803	381	17.43	-120.	91.87	1811	0.10934
804	400	20.015	-120.	91.744	1811	0.10935
804	381	17.43	-120.	91.87	1811	0.10934
804	398	19.897	-120.	93.386	1811	0.10931
805	400	20.015	-120.	91.744	1811	0.10935
805	398	19.897	-120.	93.386	1811	0.10931
805	406	20.74	-120.	93.354	1811	0.10931
806	400	20.015	-120.	91.744	1811	0.10935
806	406	20.74	-120.	93.354	1811	0.10931
806	416	21.743	-120.	91.638	1811	0.10935
807	400	20.015	-120.	91.744	1811	0.10935
807	416	21.743	-120.	91.638	1811	0.10935
807	412	21.398	-120.	90.871	1811	0.10936
808	400	20.015	-120.	91.744	1811	0.10935
808	412	21.398	-120.	90.871	1811	0.10936
808	392	18.881	-120.	89.348	1811	0.10938
809	421	22.376	-120.	93.382	1811	0.10931
809	441	24.832	-120.	93.474	1811	0.10931
809	431	23.352	-120.	95.976	1811	0.10924
810	421	22.376	-120.	93.382	1811	0.10931
810	431	23.352	-120.	95.976	1811	0.10924
810	410	21.067	-120.	94.197	1811	0.10929
811	421	22.376	-120.	93.382	1811	0.10931
811	410	21.067	-120.	94.197	1811	0.10929
811	406	20.74	-120.	93.354	1811	0.10931
812	421	22.376	-120.	93.382	1811	0.10931
812	406	20.74	-120.	93.354	1811	0.10931
812	416	21.743	-120.	91.638	1811	0.10935
813	421	22.376	-120.	93.382	1811	0.10931
813	416	21.743	-120.	91.638	1811	0.10935
813	426	22.522	-120.	91.651	1811	0.10935
814	421	22.376	-120.	93.382	1811	0.10931
814	426	22.522	-120.	91.651	1811	0.10935
814	441	24.832	-120.	93.474	1811	0.10931
815	416	21.743	-120.	91.638	1811	0.10935
815	426	22.522	-120.	91.651	1811	0.10935
815	412	21.398	-120.	90.871	1811	0.10936
