小面	点	X坐标 (mm)	Y坐标 (mm)	Z坐标 (mm)	单元数	定向变形 (mm)
0	256	-2.9777	-120.	149.89	577	0.11145
0	268	-1.0913	-120.	151.9	577	0.11187
0	252	-3.9312	-120.	151.58	577	0.11177
1	288	1.8045	-120.	154.98	577	0.11298
1	267	-1.1343	-120.	154.83	577	0.11269
1	276	-0.11815	-120.	152.95	577	0.11219
2	243	-5.3928	-120.	154.18	577	0.11217
2	248	-4.4252	-120.	152.47	577	0.11192
2	259	-2.4941	-120.	154.68	577	0.11253
3	261	-2.1991	-120.	153.07	577	0.11214
3	252	-3.9312	-120.	151.58	577	0.11177
3	268	-1.0913	-120.	151.9	577	0.11187
4	261	-2.1991	-120.	153.07	577	0.11214
4	268	-1.0913	-120.	151.9	577	0.11187
4	276	-0.11815	-120.	152.95	577	0.11219
5	261	-2.1991	-120.	153.07	577	0.11214
5	276	-0.11815	-120.	152.95	577	0.11219
5	267	-1.1343	-120.	154.83	577	0.11269
6	261	-2.1991	-120.	153.07	577	0.11214
6	267	-1.1343	-120.	154.83	577	0.11269
6	259	-2.4941	-120.	154.68	577	0.11253
7	261	-2.1991	-120.	153.07	577	0.11214
7	259	-2.4941	-120.	154.68	577	0.11253
7	248	-4.4252	-120.	152.47	577	0.11192
8	261	-2.1991	-120.	153.07	577	0.11214
8	248	-4.4252	-120.	152.47	577	0.11192
8	252	-3.9312	-120.	151.58	577	0.11177
9	526	31.866	-120.	131.46	610	0.10407
9	510	30.864	-120.	134.14	610	0.1043
9	479	29.242	-120.	133.19	610	0.10418
10	564	34.544	-120.	132.9	610	0.10421
10	550	33.344	-120.	135.59	610	0.10457
10	522	31.71	-120.	134.63	610	0.10439
11	541	32.873	-120.	132.56	610	0.10415
11	564	34.544	-120.	132.9	610	0.10421
11	522	31.71	-120.	134.63	610	0.10439
12	541	32.873	-120.	132.56	610	0.10415
12	522	31.71	-120.	134.63	610	0.10439
12	510	30.864	-120.	134.14	610	0.1043
13	541	32.873	-120.	132.56	610	0.10415
13	510	30.864	-120.	134.14	610	0.1043
13	526	31.866	-120.	131.46	610	0.10407
14	541	32.873	-120.	132.56	610	0.10415
14	526	31.866	-120.	131.46	610	0.10407
14	546	33.229	-120.	130.57	610	0.10407
15	541	32.873	-120.	132.56	610	0.10415
15	546	33.229	-120.	130.57	610	0.10407
15	567	35.024	-120.	131.62	610	0.10414
16	541	32.873	-120.	132.56	610	0.10415
16	567	35.024	-120.	131.62	610	0.10414
16	564	34.544	-120.	132.9	610	0.10421
17	572	35.883	-120.	128.81	610	0.10419
17	567	35.024	-120.	131.62	610	0.10414
17	546	33.229	-120.	130.57	610	0.10407
18	109	-23.556	-120.	106.6	619	0.12853
18	124	-22.151	-120.	106.97	619	0.12853
18	98	-24.934	-120.	108.56	619	0.12863
19	109	-23.556	-120.	106.6	619	0.12853
19	98	-24.934	-120.	108.56	619	0.12863
19	83	-25.781	-120.	108.08	619	0.12863
20	109	-23.556	-120.	106.6	619	0.12853
20	83	-25.781	-120.	108.08	619	0.12863
20	104	-24.368	-120.	105.63	619	0.12842
21	109	-23.556	-120.	106.6	619	0.12853
21	104	-24.368	-120.	105.63	619	0.12842
21	117	-22.763	-120.	104.8	619	0.1283
22	109	-23.556	-120.	106.6	619	0.12853
22	117	-22.763	-120.	104.8	619	0.1283
22	137	-21.34	-120.	105.57	619	0.1284
23	109	-23.556	-120.	106.6	619	0.12853
23	137	-21.34	-120.	105.57	619	0.1284
23	124	-22.151	-120.	106.97	619	0.12853
24	104	-24.368	-120.	105.63	619	0.12842
24	83	-25.781	-120.	108.08	619	0.12863
24	55	-27.388	-120.	107.17	619	0.12858
25	124	-22.151	-120.	106.97	619	0.12853
25	112	-23.336	-120.	109.46	619	0.12858
25	98	-24.934	-120.	108.56	619	0.12863
26	137	-21.34	-120.	105.57	619	0.1284
26	117	-22.763	-120.	104.8	619	0.1283
26	151	-19.781	-120.	103.3	619	0.128
27	153	-19.369	-120.	98.573	622	0.12636
27	139	-21.019	-120.	97.611	622	0.12594
27	155	-18.865	-120.	95.735	622	0.12499
28	110	-23.545	-120.	96.143	622	0.12527
28	134	-21.451	-120.	94.077	622	0.12416
28	126	-21.878	-120.	97.108	622	0.12571
29	165	-18.085	-120.	91.387	622	0.12252
29	161	-18.611	-120.	94.262	622	0.1242
29	144	-20.419	-120.	93.178	622	0.12364
30	145	-20.374	-120.	95.329	622	0.1248
30	155	-18.865	-120.	95.735	622	0.12499
30	139	-21.019	-120.	97.611	622	0.12594
31	145	-20.374	-120.	95.329	622	0.1248
31	139	-21.019	-120.	97.611	622	0.12594
31	126	-21.878	-120.	97.108	622	0.12571
32	145	-20.374	-120.	95.329	622	0.1248
32	126	-21.878	-120.	97.108	622	0.12571
32	134	-21.451	-120.	94.077	622	0.12416
33	145	-20.374	-120.	95.329	622	0.1248
33	134	-21.451	-120.	94.077	622	0.12416
33	144	-20.419	-120.	93.178	622	0.12364
34	145	-20.374	-120.	95.329	622	0.1248
34	144	-20.419	-120.	93.178	622	0.12364
34	161	-18.611	-120.	94.262	622	0.1242
35	145	-20.374	-120.	95.329	622	0.1248
35	161	-18.611	-120.	94.262	622	0.1242
35	155	-18.865	-120.	95.735	622	0.12499
36	285	1.3031	-120.	89.681	635	0.12115
36	275	-0.15357	-120.	92.615	635	0.12249
36	300	4.2195	-120.	92.615	635	0.12182
37	80	-26.056	-120.	108.78	712	0.12864
37	97	-24.934	-120.	108.56	712	0.12863
37	82	-25.781	-120.	108.08	712	0.12863
38	43	-28.173	-120.	109.18	712	0.12863
38	23	-29.748	-120.	110.74	712	0.12855
38	7	-31.417	-120.	109.78	712	0.12855
39	43	-28.173	-120.	109.18	712	0.12863
39	7	-31.417	-120.	109.78	712	0.12855
39	55	-27.388	-120.	107.17	712	0.12858
40	43	-28.173	-120.	109.18	712	0.12863
40	55	-27.388	-120.	107.17	712	0.12858
40	82	-25.781	-120.	108.08	712	0.12863
41	43	-28.173	-120.	109.18	712	0.12863
41	82	-25.781	-120.	108.08	712	0.12863
41	80	-26.056	-120.	108.78	712	0.12864
42	43	-28.173	-120.	109.18	712	0.12863
42	80	-26.056	-120.	108.78	712	0.12864
42	36	-28.65	-120.	110.53	712	0.12858
43	43	-28.173	-120.	109.18	712	0.12863
43	36	-28.65	-120.	110.53	712	0.12858
43	23	-29.748	-120.	110.74	712	0.12855
44	32	-28.882	-120.	111.23	712	0.12852
44	36	-28.65	-120.	110.53	712	0.12858
44	23	-29.748	-120.	110.74	712	0.12855
45	68	-26.514	-120.	110.12	712	0.12861
45	61	-27.224	-120.	112.18	712	0.12841
45	112	-23.336	-120.	109.46	712	0.12858
46	68	-26.514	-120.	110.12	712	0.12861
46	112	-23.336	-120.	109.46	712	0.12858
46	97	-24.934	-120.	108.56	712	0.12863
47	68	-26.514	-120.	110.12	712	0.12861
47	97	-24.934	-120.	108.56	712	0.12863
47	80	-26.056	-120.	108.78	712	0.12864
48	68	-26.514	-120.	110.12	712	0.12861
48	80	-26.056	-120.	108.78	712	0.12864
48	36	-28.65	-120.	110.53	712	0.12858
49	68	-26.514	-120.	110.12	712	0.12861
49	36	-28.65	-120.	110.53	712	0.12858
49	32	-28.882	-120.	111.23	712	0.12852
50	68	-26.514	-120.	110.12	712	0.12861
50	32	-28.882	-120.	111.23	712	0.12852
50	61	-27.224	-120.	112.18	712	0.12841
51	241	-5.7764	-120.	90.758	716	0.12195
51	235	-6.5008	-120.	90.968	716	0.12209
51	237	-6.2516	-120.	91.919	716	0.12262
52	225	-8.3372	-120.	89.613	716	0.12133
52	223	-8.5933	-120.	88.683	716	0.1208
52	220	-9.0374	-120.	89.857	716	0.12147
53	227	-7.8565	-120.	91.427	716	0.12238
53	237	-6.2516	-120.	91.919	716	0.12262
53	231	-7.1082	-120.	94.093	716	0.12392
54	227	-7.8565	-120.	91.427	716	0.12238
54	231	-7.1082	-120.	94.093	716	0.12392
54	214	-9.904	-120.	92.112	716	0.12282
55	227	-7.8565	-120.	91.427	716	0.12238
55	214	-9.904	-120.	92.112	716	0.12282
55	220	-9.0374	-120.	89.857	716	0.12147
56	227	-7.8565	-120.	91.427	716	0.12238
56	220	-9.0374	-120.	89.857	716	0.12147
56	225	-8.3372	-120.	89.613	716	0.12133
57	227	-7.8565	-120.	91.427	716	0.12238
57	225	-8.3372	-120.	89.613	716	0.12133
57	235	-6.5008	-120.	90.968	716	0.12209
58	227	-7.8565	-120.	91.427	716	0.12238
58	235	-6.5008	-120.	90.968	716	0.12209
58	237	-6.2516	-120.	91.919	716	0.12262
59	232	-6.9679	-120.	89.165	716	0.12108
59	223	-8.5933	-120.	88.683	716	0.1208
59	228	-7.7041	-120.	86.405	716	0.11954
60	232	-6.9679	-120.	89.165	716	0.12108
60	228	-7.7041	-120.	86.405	716	0.11954
60	245	-4.8957	-120.	88.564	716	0.12074
61	232	-6.9679	-120.	89.165	716	0.12108
61	245	-4.8957	-120.	88.564	716	0.12074
61	241	-5.7764	-120.	90.758	716	0.12195
62	232	-6.9679	-120.	89.165	716	0.12108
62	241	-5.7764	-120.	90.758	716	0.12195
62	235	-6.5008	-120.	90.968	716	0.12209
63	232	-6.9679	-120.	89.165	716	0.12108
63	235	-6.5008	-120.	90.968	716	0.12209
63	225	-8.3372	-120.	89.613	716	0.12133
64	232	-6.9679	-120.	89.165	716	0.12108
64	225	-8.3372	-120.	89.613	716	0.12133
64	223	-8.5933	-120.	88.683	716	0.1208
65	177	-15.833	-120.	140.87	735	0.11421
65	169	-17.251	-120.	143.32	735	0.1132
65	197	-12.295	-120.	143.44	735	0.11282
66	1	-32.805	-120.	116.88	751	0.12725
66	0	-32.924	-120.	121.19	751	0.12561
66	16	-30.093	-120.	118.32	751	0.12685
67	226	-8.113	-120.	150.47	765	0.1116
67	218	-9.54	-120.	153.01	765	0.11164
67	243	-5.3928	-120.	154.18	765	0.11217
68	250	-4.0658	-120.	91.691	802	0.12239
68	263	-2.0045	-120.	91.016	802	0.1219
68	257	-2.8829	-120.	92.974	802	0.12297
69	250	-4.0658	-120.	91.691	802	0.12239
69	257	-2.8829	-120.	92.974	802	0.12297
69	247	-4.4686	-120.	93.311	802	0.1233
70	250	-4.0658	-120.	91.691	802	0.12239
70	247	-4.4686	-120.	93.311	802	0.1233
70	238	-6.2516	-120.	91.919	802	0.12262
71	250	-4.0658	-120.	91.691	802	0.12239
71	238	-6.2516	-120.	91.919	802	0.12262
71	242	-5.7764	-120.	90.758	802	0.12195
72	250	-4.0658	-120.	91.691	802	0.12239
72	242	-5.7764	-120.	90.758	802	0.12195
72	254	-3.011	-120.	90.17	802	0.12154
73	250	-4.0658	-120.	91.691	802	0.12239
73	254	-3.011	-120.	90.17	802	0.12154
73	263	-2.0045	-120.	91.016	802	0.1219
74	238	-6.2516	-120.	91.919	802	0.12262
74	247	-4.4686	-120.	93.311	802	0.1233
74	231	-7.1082	-120.	94.093	802	0.12392
75	263	-2.0045	-120.	91.016	802	0.1219
75	275	-0.15357	-120.	92.615	802	0.12249
75	257	-2.8829	-120.	92.974	802	0.12297
76	254	-3.011	-120.	90.17	802	0.12154
76	242	-5.7764	-120.	90.758	802	0.12195
76	245	-4.8957	-120.	88.564	802	0.12074
77	353	12.589	-120.	91.638	810	0.12076
77	343	11.174	-120.	94.093	810	0.12072
77	365	15.169	-120.	95.872	810	0.11977
78	427	22.928	-120.	139.99	840	0.10581
78	413	21.536	-120.	141.87	840	0.10656
78	420	21.895	-120.	138.97	840	0.10542
79	427	22.928	-120.	139.99	840	0.10581
79	420	21.895	-120.	138.97	840	0.10542
79	429	22.98	-120.	137.77	840	0.10507
80	427	22.928	-120.	139.99	840	0.10581
80	429	22.98	-120.	137.77	840	0.10507
80	437	24.441	-120.	138.64	840	0.10536
81	427	22.928	-120.	139.99	840	0.10581
81	437	24.441	-120.	138.64	840	0.10536
81	435	24.303	-120.	140.3	840	0.10594
82	427	22.928	-120.	139.99	840	0.10581
82	435	24.303	-120.	140.3	840	0.10594
82	424	22.411	-120.	142.4	840	0.1068
83	427	22.928	-120.	139.99	840	0.10581
83	424	22.411	-120.	142.4	840	0.1068
83	413	21.536	-120.	141.87	840	0.10656
84	437	24.441	-120.	138.64	840	0.10536
84	429	22.98	-120.	137.77	840	0.10507
84	439	24.656	-120.	135.59	840	0.10453
85	413	21.536	-120.	141.87	840	0.10656
85	399	19.899	-120.	140.87	840	0.1061
85	420	21.895	-120.	138.97	840	0.10542
86	424	22.411	-120.	142.4	840	0.1068
86	435	24.303	-120.	140.3	840	0.10594
86	434	24.064	-120.	143.4	840	0.10726
87	240	-5.7995	-120.	146.33	842	0.1114
87	256	-2.9777	-120.	149.89	842	0.11145
87	265	-1.522	-120.	147.24	842	0.11079
88	35	-28.656	-120.	129.72	857	0.12109
88	6	-31.929	-120.	128.36	857	0.12189
88	10	-30.643	-120.	132.48	857	0.11941
89	152	-19.63	-120.	147.46	858	0.11176
89	175	-16.089	-120.	149.92	858	0.11137
89	181	-14.63	-120.	147.4	858	0.11189
90	214	-9.904	-120.	92.112	861	0.12282
90	206	-11.103	-120.	95.872	861	0.12505
90	231	-7.1082	-120.	94.093	861	0.12392
91	56	-27.376	-120.	127.13	865	0.12261
91	63	-27.196	-120.	127.86	865	0.12218
91	70	-26.429	-120.	126.87	865	0.12274
92	31	-29.171	-120.	127.62	865	0.12234
92	6	-31.929	-120.	128.36	865	0.12189
92	35	-28.656	-120.	129.72	865	0.12109
93	31	-29.171	-120.	127.62	865	0.12234
93	35	-28.656	-120.	129.72	865	0.12109
93	63	-27.196	-120.	127.86	865	0.12218
94	31	-29.171	-120.	127.62	865	0.12234
94	63	-27.196	-120.	127.86	865	0.12218
94	56	-27.376	-120.	127.13	865	0.12261
95	31	-29.171	-120.	127.62	865	0.12234
95	56	-27.376	-120.	127.13	865	0.12261
95	28	-29.468	-120.	126.21	865	0.12314
96	31	-29.171	-120.	127.62	865	0.12234
96	28	-29.468	-120.	126.21	865	0.12314
96	15	-30.401	-120.	126.46	865	0.123
97	31	-29.171	-120.	127.62	865	0.12234
97	15	-30.401	-120.	126.46	865	0.123
97	6	-31.929	-120.	128.36	865	0.12189
98	52	-27.657	-120.	125.72	865	0.1234
98	44	-28.087	-120.	123.61	865	0.12453
98	96	-24.974	-120.	125.04	865	0.12372
99	52	-27.657	-120.	125.72	865	0.1234
99	96	-24.974	-120.	125.04	865	0.12372
99	70	-26.429	-120.	126.87	865	0.12274
100	52	-27.657	-120.	125.72	865	0.1234
100	70	-26.429	-120.	126.87	865	0.12274
100	56	-27.376	-120.	127.13	865	0.12261
101	52	-27.657	-120.	125.72	865	0.1234
101	56	-27.376	-120.	127.13	865	0.12261
101	28	-29.468	-120.	126.21	865	0.12314
102	52	-27.657	-120.	125.72	865	0.1234
102	28	-29.468	-120.	126.21	865	0.12314
102	25	-29.607	-120.	125.48	865	0.12354
103	52	-27.657	-120.	125.72	865	0.1234
103	25	-29.607	-120.	125.48	865	0.12354
103	44	-28.087	-120.	123.61	865	0.12453
104	28	-29.468	-120.	126.21	865	0.12314
104	25	-29.607	-120.	125.48	865	0.12354
104	15	-30.401	-120.	126.46	865	0.123
105	44	-28.087	-120.	123.61	867	0.12453
105	24	-29.607	-120.	125.48	867	0.12354
105	19	-29.999	-120.	122.65	867	0.12501
106	6	-31.929	-120.	128.36	867	0.12189
106	3	-32.513	-120.	125.48	867	0.12351
106	14	-30.401	-120.	126.46	867	0.123
107	0	-32.924	-120.	121.19	867	0.12561
107	9	-30.996	-120.	122.16	867	0.12523
107	2	-32.701	-120.	124.13	867	0.12421
108	8	-31.036	-120.	124.39	867	0.12411
108	19	-29.999	-120.	122.65	867	0.12501
108	24	-29.607	-120.	125.48	867	0.12354
109	8	-31.036	-120.	124.39	867	0.12411
109	24	-29.607	-120.	125.48	867	0.12354
109	14	-30.401	-120.	126.46	867	0.123
110	8	-31.036	-120.	124.39	867	0.12411
110	14	-30.401	-120.	126.46	867	0.123
110	3	-32.513	-120.	125.48	867	0.12351
111	8	-31.036	-120.	124.39	867	0.12411
111	3	-32.513	-120.	125.48	867	0.12351
111	2	-32.701	-120.	124.13	867	0.12421
112	8	-31.036	-120.	124.39	867	0.12411
112	2	-32.701	-120.	124.13	867	0.12421
112	9	-30.996	-120.	122.16	867	0.12523
113	8	-31.036	-120.	124.39	867	0.12411
113	9	-30.996	-120.	122.16	867	0.12523
113	19	-29.999	-120.	122.65	867	0.12501
114	204	-11.69	-120.	149.52	879	0.11159
114	208	-10.796	-120.	149.39	879	0.1116
114	199	-12.084	-120.	148.78	879	0.11166
115	207	-10.848	-120.	150.93	879	0.11153
115	218	-9.54	-120.	153.01	879	0.11164
115	226	-8.113	-120.	150.47	879	0.1116
116	207	-10.848	-120.	150.93	879	0.11153
116	226	-8.113	-120.	150.47	879	0.1116
116	208	-10.796	-120.	149.39	879	0.1116
117	207	-10.848	-120.	150.93	879	0.11153
117	208	-10.796	-120.	149.39	879	0.1116
117	204	-11.69	-120.	149.52	879	0.11159
118	207	-10.848	-120.	150.93	879	0.11153
118	204	-11.69	-120.	149.52	879	0.11159
118	194	-12.675	-120.	151.25	879	0.11142
119	207	-10.848	-120.	150.93	879	0.11153
119	194	-12.675	-120.	151.25	879	0.11142
119	198	-12.273	-120.	151.92	879	0.11142
120	207	-10.848	-120.	150.93	879	0.11153
120	198	-12.273	-120.	151.92	879	0.11142
120	218	-9.54	-120.	153.01	879	0.11164
121	190	-13.446	-120.	149.7	879	0.11153
121	175	-16.089	-120.	149.92	879	0.11137
121	181	-14.63	-120.	147.4	879	0.11189
122	190	-13.446	-120.	149.7	879	0.11153
122	181	-14.63	-120.	147.4	879	0.11189
122	199	-12.084	-120.	148.78	879	0.11166
123	190	-13.446	-120.	149.7	879	0.11153
123	199	-12.084	-120.	148.78	879	0.11166
123	204	-11.69	-120.	149.52	879	0.11159
124	190	-13.446	-120.	149.7	879	0.11153
124	204	-11.69	-120.	149.52	879	0.11159
124	194	-12.675	-120.	151.25	879	0.11142
125	190	-13.446	-120.	149.7	879	0.11153
125	194	-12.675	-120.	151.25	879	0.11142
125	188	-13.511	-120.	151.33	879	0.11136
126	190	-13.446	-120.	149.7	879	0.11153
126	188	-13.511	-120.	151.33	879	0.11136
126	175	-16.089	-120.	149.92	879	0.11137
127	194	-12.675	-120.	151.25	879	0.11142
127	188	-13.511	-120.	151.33	879	0.11136
127	198	-12.273	-120.	151.92	879	0.11142
128	463	27.448	-120.	103.66	890	0.11509
128	451	26.451	-120.	103.94	890	0.11494
128	464	27.85	-120.	104.3	890	0.1147
129	453	26.629	-120.	102.49	890	0.11581
129	444	25.409	-120.	100.72	890	0.11686
129	432	23.847	-120.	103.3	890	0.11538
130	453	26.629	-120.	102.49	890	0.11581
130	432	23.847	-120.	103.3	890	0.11538
130	451	26.451	-120.	103.94	890	0.11494
131	453	26.629	-120.	102.49	890	0.11581
131	451	26.451	-120.	103.94	890	0.11494
131	463	27.448	-120.	103.66	890	0.11509
132	453	26.629	-120.	102.49	890	0.11581
132	463	27.448	-120.	103.66	890	0.11509
132	471	28.524	-120.	101.95	890	0.11609
133	453	26.629	-120.	102.49	890	0.11581
133	471	28.524	-120.	101.95	890	0.11609
133	467	28.095	-120.	101.35	890	0.11645
134	453	26.629	-120.	102.49	890	0.11581
134	467	28.095	-120.	101.35	890	0.11645
134	444	25.409	-120.	100.72	890	0.11686
135	483	29.334	-120.	103.14	890	0.11537
135	536	32.209	-120.	102.31	890	0.11583
135	499	30.485	-120.	104.97	890	0.11425
136	483	29.334	-120.	103.14	890	0.11537
136	499	30.485	-120.	104.97	890	0.11425
136	464	27.85	-120.	104.3	890	0.1147
137	483	29.334	-120.	103.14	890	0.11537
137	464	27.85	-120.	104.3	890	0.1147
137	463	27.448	-120.	103.66	890	0.11509
138	483	29.334	-120.	103.14	890	0.11537
138	463	27.448	-120.	103.66	890	0.11509
138	471	28.524	-120.	101.95	890	0.11609
139	483	29.334	-120.	103.14	890	0.11537
139	471	28.524	-120.	101.95	890	0.11609
139	490	29.49	-120.	101.66	890	0.11624
140	483	29.334	-120.	103.14	890	0.11537
140	490	29.49	-120.	101.66	890	0.11624
140	536	32.209	-120.	102.31	890	0.11583
141	471	28.524	-120.	101.95	890	0.11609
141	490	29.49	-120.	101.66	890	0.11624
141	467	28.095	-120.	101.35	890	0.11645
142	50	-27.848	-120.	115.7	894	0.12768
142	45	-27.948	-120.	116.45	894	0.12747
142	65	-26.814	-120.	115.45	894	0.12774
143	53	-27.595	-120.	114.29	894	0.12803
143	29	-29.43	-120.	114.03	894	0.12808
143	61	-27.224	-120.	112.18	894	0.12841
144	53	-27.595	-120.	114.29	894	0.12803
144	61	-27.224	-120.	112.18	894	0.12841
144	100	-24.688	-120.	113.62	894	0.1281
145	53	-27.595	-120.	114.29	894	0.12803
145	100	-24.688	-120.	113.62	894	0.1281
145	65	-26.814	-120.	115.45	894	0.12774
146	53	-27.595	-120.	114.29	894	0.12803
146	65	-26.814	-120.	115.45	894	0.12774
146	50	-27.848	-120.	115.7	894	0.12768
147	53	-27.595	-120.	114.29	894	0.12803
147	50	-27.848	-120.	115.7	894	0.12768
147	26	-29.567	-120.	114.76	894	0.12792
148	53	-27.595	-120.	114.29	894	0.12803
148	26	-29.567	-120.	114.76	894	0.12792
148	29	-29.43	-120.	114.03	894	0.12808
149	12	-30.578	-120.	114.99	894	0.12784
149	26	-29.567	-120.	114.76	894	0.12792
149	29	-29.43	-120.	114.03	894	0.12808
150	21	-29.807	-120.	116.19	894	0.12754
150	1	-32.805	-120.	116.88	894	0.12725
150	16	-30.093	-120.	118.32	894	0.12685
151	21	-29.807	-120.	116.19	894	0.12754
151	16	-30.093	-120.	118.32	894	0.12685
151	45	-27.948	-120.	116.45	894	0.12747
152	21	-29.807	-120.	116.19	894	0.12754
152	45	-27.948	-120.	116.45	894	0.12747
152	50	-27.848	-120.	115.7	894	0.12768
153	21	-29.807	-120.	116.19	894	0.12754
153	50	-27.848	-120.	115.7	894	0.12768
153	26	-29.567	-120.	114.76	894	0.12792
154	21	-29.807	-120.	116.19	894	0.12754
154	26	-29.567	-120.	114.76	894	0.12792
154	12	-30.578	-120.	114.99	894	0.12784
155	21	-29.807	-120.	116.19	894	0.12754
155	12	-30.578	-120.	114.99	894	0.12784
155	1	-32.805	-120.	116.88	894	0.12725
156	40	-28.243	-120.	120.02	900	0.12619
156	59	-27.268	-120.	119.76	900	0.12628
156	38	-28.244	-120.	119.26	900	0.12649
157	42	-28.178	-120.	121.44	900	0.12557
157	44	-28.087	-120.	123.61	900	0.12453
157	88	-25.431	-120.	120.69	900	0.12583
158	42	-28.178	-120.	121.44	900	0.12557
158	88	-25.431	-120.	120.69	900	0.12583
158	59	-27.268	-120.	119.76	900	0.12628
159	42	-28.178	-120.	121.44	900	0.12557
159	59	-27.268	-120.	119.76	900	0.12628
159	40	-28.243	-120.	120.02	900	0.12619
160	42	-28.178	-120.	121.44	900	0.12557
160	40	-28.243	-120.	120.02	900	0.12619
160	18	-30.04	-120.	121.91	900	0.12536
161	42	-28.178	-120.	121.44	900	0.12557
161	18	-30.04	-120.	121.91	900	0.12536
161	19	-29.999	-120.	122.65	900	0.12501
162	42	-28.178	-120.	121.44	900	0.12557
162	19	-29.999	-120.	122.65	900	0.12501
162	44	-28.087	-120.	123.61	900	0.12453
163	17	-30.09	-120.	120.48	900	0.126
163	0	-32.924	-120.	121.19	900	0.12561
163	16	-30.093	-120.	118.32	900	0.12685
164	17	-30.09	-120.	120.48	900	0.126
164	16	-30.093	-120.	118.32	900	0.12685
164	38	-28.244	-120.	119.26	900	0.12649
165	17	-30.09	-120.	120.48	900	0.126
165	38	-28.244	-120.	119.26	900	0.12649
165	40	-28.243	-120.	120.02	900	0.12619
166	17	-30.09	-120.	120.48	900	0.126
166	40	-28.243	-120.	120.02	900	0.12619
166	18	-30.04	-120.	121.91	900	0.12536
167	17	-30.09	-120.	120.48	900	0.126
167	18	-30.04	-120.	121.91	900	0.12536
167	9	-30.996	-120.	122.16	900	0.12523
168	17	-30.09	-120.	120.48	900	0.126
168	9	-30.996	-120.	122.16	900	0.12523
168	0	-32.924	-120.	121.19	900	0.12561
169	18	-30.04	-120.	121.91	900	0.12536
169	9	-30.996	-120.	122.16	900	0.12523
169	19	-29.999	-120.	122.65	900	0.12501
170	101	-24.589	-120.	134.53	905	0.11809
170	143	-20.59	-120.	135.59	905	0.11738
170	115	-22.777	-120.	131.8	905	0.11975
171	236	-6.4699	-120.	149.04	910	0.11152
171	234	-6.7075	-120.	147.97	910	0.11151
171	230	-7.1945	-120.	148.83	910	0.11155
172	239	-6.0411	-120.	151.07	910	0.11166
172	249	-4.4252	-120.	152.47	910	0.11192
172	243	-5.3928	-120.	154.18	910	0.11217
173	239	-6.0411	-120.	151.07	910	0.11166
173	243	-5.3928	-120.	154.18	910	0.11217
173	226	-8.113	-120.	150.47	910	0.1116
174	239	-6.0411	-120.	151.07	910	0.11166
174	226	-8.113	-120.	150.47	910	0.1116
174	230	-7.1945	-120.	148.83	910	0.11155
175	239	-6.0411	-120.	151.07	910	0.11166
175	230	-7.1945	-120.	148.83	910	0.11155
175	236	-6.4699	-120.	149.04	910	0.11152
176	239	-6.0411	-120.	151.07	910	0.11166
176	236	-6.4699	-120.	149.04	910	0.11152
176	246	-4.6513	-120.	151.42	910	0.11173
177	239	-6.0411	-120.	151.07	910	0.11166
177	246	-4.6513	-120.	151.42	910	0.11173
177	249	-4.4252	-120.	152.47	910	0.11192
178	251	-3.9312	-120.	151.58	910	0.11177
178	246	-4.6513	-120.	151.42	910	0.11173
178	249	-4.4252	-120.	152.47	910	0.11192
179	244	-5.0895	-120.	149.37	910	0.11148
179	256	-2.9777	-120.	149.89	910	0.11145
179	240	-5.7995	-120.	146.33	910	0.1114
180	244	-5.0895	-120.	149.37	910	0.11148
180	240	-5.7995	-120.	146.33	910	0.1114
180	234	-6.7075	-120.	147.97	910	0.11151
181	244	-5.0895	-120.	149.37	910	0.11148
181	234	-6.7075	-120.	147.97	910	0.11151
181	236	-6.4699	-120.	149.04	910	0.11152
182	244	-5.0895	-120.	149.37	910	0.11148
182	236	-6.4699	-120.	149.04	910	0.11152
182	246	-4.6513	-120.	151.42	910	0.11173
183	244	-5.0895	-120.	149.37	910	0.11148
183	246	-4.6513	-120.	151.42	910	0.11173
183	251	-3.9312	-120.	151.58	910	0.11177
184	244	-5.0895	-120.	149.37	910	0.11148
184	251	-3.9312	-120.	151.58	910	0.11177
184	256	-2.9777	-120.	149.89	910	0.11145
185	304	4.9242	-120.	150.14	912	0.11115
185	302	4.6741	-120.	149.18	912	0.11074
185	299	4.1731	-120.	150.21	912	0.1112
186	312	6.3385	-120.	149.94	912	0.11101
186	323	8.4836	-120.	149.65	912	0.1108
186	308	5.588	-120.	147.24	912	0.1098
187	312	6.3385	-120.	149.94	912	0.11101
187	308	5.588	-120.	147.24	912	0.1098
187	302	4.6741	-120.	149.18	912	0.11074
188	312	6.3385	-120.	149.94	912	0.11101
188	302	4.6741	-120.	149.18	912	0.11074
188	304	4.9242	-120.	150.14	912	0.11115
189	312	6.3385	-120.	149.94	912	0.11101
189	304	4.9242	-120.	150.14	912	0.11115
189	314	6.814	-120.	151.77	912	0.11186
190	312	6.3385	-120.	149.94	912	0.11101
190	314	6.814	-120.	151.77	912	0.11186
190	320	7.5469	-120.	151.66	912	0.11182
191	312	6.3385	-120.	149.94	912	0.11101
191	320	7.5469	-120.	151.66	912	0.11182
191	323	8.4836	-120.	149.65	912	0.1108
192	307	5.3872	-120.	151.95	912	0.11193
192	311	6.1077	-120.	154.74	912	0.11318
192	296	3.2389	-120.	152.16	912	0.112
193	307	5.3872	-120.	151.95	912	0.11193
193	296	3.2389	-120.	152.16	912	0.112
193	299	4.1731	-120.	150.21	912	0.1112
194	307	5.3872	-120.	151.95	912	0.11193
194	299	4.1731	-120.	150.21	912	0.1112
194	304	4.9242	-120.	150.14	912	0.11115
195	307	5.3872	-120.	151.95	912	0.11193
195	304	4.9242	-120.	150.14	912	0.11115
195	314	6.814	-120.	151.77	912	0.11186
196	307	5.3872	-120.	151.95	912	0.11193
196	314	6.814	-120.	151.77	912	0.11186
196	316	7.065	-120.	152.71	912	0.11231
197	307	5.3872	-120.	151.95	912	0.11193
197	316	7.065	-120.	152.71	912	0.11231
197	311	6.1077	-120.	154.74	912	0.11318
198	314	6.814	-120.	151.77	912	0.11186
198	316	7.065	-120.	152.71	912	0.11231
198	320	7.5469	-120.	151.66	912	0.11182
199	387	18.289	-120.	147.65	935	0.10956
199	393	19.016	-120.	145.11	935	0.10816
199	405	20.723	-120.	146.15	935	0.1087
200	396	19.872	-120.	148.18	935	0.10983
200	387	18.289	-120.	147.65	935	0.10956
200	405	20.723	-120.	146.15	935	0.1087
201	396	19.872	-120.	148.18	935	0.10983
201	405	20.723	-120.	146.15	935	0.1087
201	415	21.609	-120.	146.7	935	0.10899
202	396	19.872	-120.	148.18	935	0.10983
202	415	21.609	-120.	146.7	935	0.10899
202	408	20.929	-120.	149.43	935	0.11051
203	396	19.872	-120.	148.18	935	0.10983
203	408	20.929	-120.	149.43	935	0.11051
203	394	19.764	-120.	150.15	935	0.11093
204	396	19.872	-120.	148.18	935	0.10983
204	394	19.764	-120.	150.15	935	0.11093
204	385	17.918	-120.	148.97	935	0.1103
205	396	19.872	-120.	148.18	935	0.10983
205	385	17.918	-120.	148.97	935	0.1103
205	387	18.289	-120.	147.65	935	0.10956
206	408	20.929	-120.	149.43	935	0.11051
206	415	21.609	-120.	146.7	935	0.10899
206	430	23.336	-120.	147.74	935	0.10952
207	394	19.764	-120.	150.15	935	0.11093
207	380	17.167	-120.	151.53	935	0.11176
207	385	17.918	-120.	148.97	935	0.1103
208	291	2.4319	-120.	148.95	938	0.11082
208	299	4.1731	-120.	150.21	938	0.1112
208	287	1.3459	-120.	150.21	938	0.11134
209	291	2.4319	-120.	148.95	938	0.11082
209	287	1.3459	-120.	150.21	938	0.11134
209	279	0.33219	-120.	149.18	938	0.11109
210	291	2.4319	-120.	148.95	938	0.11082
210	279	0.33219	-120.	149.18	938	0.11109
210	284	1.2224	-120.	147.46	938	0.11044
211	291	2.4319	-120.	148.95	938	0.11082
211	284	1.2224	-120.	147.46	938	0.11044
211	294	2.8435	-120.	147.46	938	0.11022
212	291	2.4319	-120.	148.95	938	0.11082
212	294	2.8435	-120.	147.46	938	0.11022
212	302	4.6741	-120.	149.18	938	0.11074
213	291	2.4319	-120.	148.95	938	0.11082
213	302	4.6741	-120.	149.18	938	0.11074
213	299	4.1731	-120.	150.21	938	0.1112
214	284	1.2224	-120.	147.46	938	0.11044
214	279	0.33219	-120.	149.18	938	0.11109
214	265	-1.522	-120.	147.24	938	0.11079
215	299	4.1731	-120.	150.21	938	0.1112
215	296	3.2389	-120.	152.16	938	0.112
215	287	1.3459	-120.	150.21	938	0.11134
216	302	4.6741	-120.	149.18	938	0.11074
216	294	2.8435	-120.	147.46	938	0.11022
216	308	5.588	-120.	147.24	938	0.1098
217	335	10.335	-120.	151.03	942	0.1115
217	319	7.5469	-120.	151.66	942	0.11182
217	323	8.4836	-120.	149.65	942	0.1108
218	326	9.0131	-120.	154.27	942	0.1131
218	311	6.1077	-120.	154.74	942	0.11318
218	317	7.065	-120.	152.71	942	0.11231
219	328	9.2669	-120.	152.57	942	0.11228
219	326	9.0131	-120.	154.27	942	0.1131
219	317	7.065	-120.	152.71	942	0.11231
220	328	9.2669	-120.	152.57	942	0.11228
220	317	7.065	-120.	152.71	942	0.11231
220	319	7.5469	-120.	151.66	942	0.11182
221	328	9.2669	-120.	152.57	942	0.11228
221	319	7.5469	-120.	151.66	942	0.11182
221	335	10.335	-120.	151.03	942	0.1115
222	328	9.2669	-120.	152.57	942	0.11228
222	335	10.335	-120.	151.03	942	0.1115
222	344	11.293	-120.	151.76	942	0.11188
223	328	9.2669	-120.	152.57	942	0.11228
223	344	11.293	-120.	151.76	942	0.11188
223	336	10.348	-120.	153.98	942	0.113
224	328	9.2669	-120.	152.57	942	0.11228
224	336	10.348	-120.	153.98	942	0.113
224	326	9.0131	-120.	154.27	942	0.1131
225	356	13.174	-120.	153.16	942	0.11264
225	336	10.348	-120.	153.98	942	0.113
225	344	11.293	-120.	151.76	942	0.11188
226	219	-9.0374	-120.	89.857	965	0.12147
226	214	-9.904	-120.	92.112	965	0.12282
226	205	-11.685	-120.	90.932	965	0.12213
227	210	-10.696	-120.	89.164	965	0.12107
227	219	-9.0374	-120.	89.857	965	0.12147
227	205	-11.685	-120.	90.932	965	0.12213
228	210	-10.696	-120.	89.164	965	0.12107
228	205	-11.685	-120.	90.932	965	0.12213
228	195	-12.608	-120.	90.314	965	0.12178
229	210	-10.696	-120.	89.164	965	0.12107
229	195	-12.608	-120.	90.314	965	0.12178
229	202	-11.761	-120.	87.856	965	0.12032
230	210	-10.696	-120.	89.164	965	0.12107
230	202	-11.761	-120.	87.856	965	0.12032
230	213	-10.493	-120.	87.342	965	0.12003
231	210	-10.696	-120.	89.164	965	0.12107
231	213	-10.493	-120.	87.342	965	0.12003
231	222	-8.5933	-120.	88.683	965	0.1208
232	210	-10.696	-120.	89.164	965	0.12107
232	222	-8.5933	-120.	88.683	965	0.1208
232	219	-9.0374	-120.	89.857	965	0.12147
233	202	-11.761	-120.	87.856	965	0.12032
233	195	-12.608	-120.	90.314	965	0.12178
233	183	-14.413	-120.	89.13	965	0.12109
234	213	-10.493	-120.	87.342	965	0.12003
234	228	-7.7041	-120.	86.405	965	0.11954
234	222	-8.5933	-120.	88.683	965	0.1208
235	193	-12.821	-120.	94.742	966	0.12441
235	192	-13.091	-120.	93.772	966	0.12384
235	185	-13.745	-120.	94.149	966	0.12407
236	196	-12.345	-120.	91.267	966	0.12235
236	205	-11.685	-120.	90.932	966	0.12213
236	195	-12.608	-120.	90.314	966	0.12178
237	187	-13.615	-120.	91.942	966	0.12277
237	185	-13.745	-120.	94.149	966	0.12407
237	178	-15.485	-120.	93.018	966	0.12343
238	187	-13.615	-120.	91.942	966	0.12277
238	178	-15.485	-120.	93.018	966	0.12343
238	183	-14.413	-120.	89.13	966	0.12109
239	187	-13.615	-120.	91.942	966	0.12277
239	183	-14.413	-120.	89.13	966	0.12109
239	195	-12.608	-120.	90.314	966	0.12178
240	187	-13.615	-120.	91.942	966	0.12277
240	195	-12.608	-120.	90.314	966	0.12178
240	196	-12.345	-120.	91.267	966	0.12235
241	187	-13.615	-120.	91.942	966	0.12277
241	196	-12.345	-120.	91.267	966	0.12235
241	192	-13.091	-120.	93.772	966	0.12384
242	187	-13.615	-120.	91.942	966	0.12277
242	192	-13.091	-120.	93.772	966	0.12384
242	185	-13.745	-120.	94.149	966	0.12407
243	201	-11.825	-120.	93.116	966	0.12344
243	205	-11.685	-120.	90.932	966	0.12213
243	214	-9.904	-120.	92.112	966	0.12282
244	201	-11.825	-120.	93.116	966	0.12344
244	214	-9.904	-120.	92.112	966	0.12282
244	206	-11.103	-120.	95.872	966	0.12505
245	201	-11.825	-120.	93.116	966	0.12344
245	206	-11.103	-120.	95.872	966	0.12505
245	193	-12.821	-120.	94.742	966	0.12441
246	201	-11.825	-120.	93.116	966	0.12344
246	193	-12.821	-120.	94.742	966	0.12441
246	192	-13.091	-120.	93.772	966	0.12384
247	201	-11.825	-120.	93.116	966	0.12344
247	192	-13.091	-120.	93.772	966	0.12384
247	196	-12.345	-120.	91.267	966	0.12235
248	201	-11.825	-120.	93.116	966	0.12344
248	196	-12.345	-120.	91.267	966	0.12235
248	205	-11.685	-120.	90.932	966	0.12213
249	281	0.59341	-120.	150.18	972	0.11136
249	286	1.3459	-120.	150.21	972	0.11134
249	278	0.33219	-120.	149.18	972	0.11109
250	283	1.0853	-120.	152.07	972	0.11195
250	288	1.8045	-120.	154.98	972	0.11298
250	296	3.2389	-120.	152.16	972	0.112
251	283	1.0853	-120.	152.07	972	0.11195
251	296	3.2389	-120.	152.16	972	0.112
251	286	1.3459	-120.	150.21	972	0.11134
252	283	1.0853	-120.	152.07	972	0.11195
252	286	1.3459	-120.	150.21	972	0.11134
252	281	0.59341	-120.	150.18	972	0.11136
253	283	1.0853	-120.	152.07	972	0.11195
253	281	0.59341	-120.	150.18	972	0.11136
253	274	-0.353	-120.	151.97	972	0.1119
254	283	1.0853	-120.	152.07	972	0.11195
254	274	-0.353	-120.	151.97	972	0.1119
254	277	-0.11815	-120.	152.95	972	0.11219
255	283	1.0853	-120.	152.07	972	0.11195
255	277	-0.11815	-120.	152.95	972	0.11219
255	288	1.8045	-120.	154.98	972	0.11298
256	271	-0.83641	-120.	150.06	972	0.1114
256	256	-2.9777	-120.	149.89	972	0.11145
256	265	-1.522	-120.	147.24	972	0.11079
257	271	-0.83641	-120.	150.06	972	0.1114
257	265	-1.522	-120.	147.24	972	0.11079
257	278	0.33219	-120.	149.18	972	0.11109
258	271	-0.83641	-120.	150.06	972	0.1114
258	278	0.33219	-120.	149.18	972	0.11109
258	281	0.59341	-120.	150.18	972	0.11136
259	271	-0.83641	-120.	150.06	972	0.1114
259	281	0.59341	-120.	150.18	972	0.11136
259	274	-0.353	-120.	151.97	972	0.1119
260	271	-0.83641	-120.	150.06	972	0.1114
260	274	-0.353	-120.	151.97	972	0.1119
260	269	-1.0913	-120.	151.9	972	0.11187
261	271	-0.83641	-120.	150.06	972	0.1114
261	269	-1.0913	-120.	151.9	972	0.11187
261	256	-2.9777	-120.	149.89	972	0.11145
262	274	-0.353	-120.	151.97	972	0.1119
262	269	-1.0913	-120.	151.9	972	0.11187
262	277	-0.11815	-120.	152.95	972	0.11219
263	57	-27.373	-120.	138.94	975	0.11553
263	99	-24.821	-120.	142.41	975	0.11369
263	113	-23.261	-120.	139.86	975	0.11498
264	318	7.3448	-120.	91.56	976	0.12118
264	329	9.39	-120.	91.764	976	0.12097
264	324	8.5345	-120.	93.311	976	0.12118
265	318	7.3448	-120.	91.56	976	0.12118
265	324	8.5345	-120.	93.311	976	0.12118
265	315	6.9488	-120.	92.974	976	0.12143
266	318	7.3448	-120.	91.56	976	0.12118
266	315	6.9488	-120.	92.974	976	0.12143
266	306	5.1429	-120.	90.861	976	0.12127
267	318	7.3448	-120.	91.56	976	0.12118
267	306	5.1429	-120.	90.861	976	0.12127
267	310	5.6436	-120.	89.931	976	0.12102
268	318	7.3448	-120.	91.56	976	0.12118
268	310	5.6436	-120.	89.931	976	0.12102
268	322	8.4091	-120.	90.519	976	0.12095
269	318	7.3448	-120.	91.56	976	0.12118
269	322	8.4091	-120.	90.519	976	0.12095
269	329	9.39	-120.	91.764	976	0.12097
270	306	5.1429	-120.	90.861	976	0.12127
270	315	6.9488	-120.	92.974	976	0.12143
270	300	4.2195	-120.	92.615	976	0.12182
271	329	9.39	-120.	91.764	976	0.12097
271	343	11.174	-120.	94.093	976	0.12072
271	324	8.5345	-120.	93.311	976	0.12118
272	322	8.4091	-120.	90.519	976	0.12095
272	310	5.6436	-120.	89.931	976	0.12102
272	313	6.5826	-120.	88.167	976	0.12061
273	260	-2.2653	-120.	90.059	979	0.12146
273	255	-3.011	-120.	90.17	979	0.12154
273	262	-2.0045	-120.	91.016	979	0.1219
274	270	-0.84033	-120.	89.911	979	0.12133
274	272	-0.59171	-120.	88.013	979	0.12049
274	285	1.3031	-120.	89.681	979	0.12115
275	270	-0.84033	-120.	89.911	979	0.12133
275	285	1.3031	-120.	89.681	979	0.12115
275	275	-0.15357	-120.	92.615	979	0.12249
276	270	-0.84033	-120.	89.911	979	0.12133
276	275	-0.15357	-120.	92.615	979	0.12249
276	262	-2.0045	-120.	91.016	979	0.1219
277	270	-0.84033	-120.	89.911	979	0.12133
277	262	-2.0045	-120.	91.016	979	0.1219
277	260	-2.2653	-120.	90.059	979	0.12146
278	270	-0.84033	-120.	89.911	979	0.12133
278	260	-2.2653	-120.	90.059	979	0.12146
278	266	-1.3299	-120.	88.083	979	0.12052
279	270	-0.84033	-120.	89.911	979	0.12133
279	266	-1.3299	-120.	88.083	979	0.12052
279	272	-0.59171	-120.	88.013	979	0.12049
280	264	-1.5709	-120.	87.142	979	0.1201
280	266	-1.3299	-120.	88.083	979	0.12052
280	272	-0.59171	-120.	88.013	979	0.12049
281	258	-2.7619	-120.	88.247	979	0.12059
281	253	-3.4987	-120.	85.463	979	0.11922
281	245	-4.8957	-120.	88.564	979	0.12074
282	258	-2.7619	-120.	88.247	979	0.12059
282	245	-4.8957	-120.	88.564	979	0.12074
282	255	-3.011	-120.	90.17	979	0.12154
283	258	-2.7619	-120.	88.247	979	0.12059
283	255	-3.011	-120.	90.17	979	0.12154
283	260	-2.2653	-120.	90.059	979	0.12146
284	258	-2.7619	-120.	88.247	979	0.12059
284	260	-2.2653	-120.	90.059	979	0.12146
284	266	-1.3299	-120.	88.083	979	0.12052
285	258	-2.7619	-120.	88.247	979	0.12059
285	266	-1.3299	-120.	88.083	979	0.12052
285	264	-1.5709	-120.	87.142	979	0.1201
286	258	-2.7619	-120.	88.247	979	0.12059
286	264	-1.5709	-120.	87.142	979	0.1201
286	253	-3.4987	-120.	85.463	979	0.11922
287	309	5.6436	-120.	89.931	984	0.12102
287	303	4.8924	-120.	89.862	984	0.12104
287	305	5.1429	-120.	90.861	984	0.12127
288	295	3.0008	-120.	87.884	984	0.12048
288	293	2.7559	-120.	86.903	984	0.12013
288	289	2.2612	-120.	87.855	984	0.12046
289	297	3.47	-120.	89.793	984	0.12109
289	305	5.1429	-120.	90.861	984	0.12127
289	300	4.2195	-120.	92.615	984	0.12182
290	297	3.47	-120.	89.793	984	0.12109
290	300	4.2195	-120.	92.615	984	0.12182
290	285	1.3031	-120.	89.681	984	0.12115
291	297	3.47	-120.	89.793	984	0.12109
291	285	1.3031	-120.	89.681	984	0.12115
291	289	2.2612	-120.	87.855	984	0.12046
292	297	3.47	-120.	89.793	984	0.12109
292	289	2.2612	-120.	87.855	984	0.12046
292	295	3.0008	-120.	87.884	984	0.12048
293	297	3.47	-120.	89.793	984	0.12109
293	295	3.0008	-120.	87.884	984	0.12048
293	303	4.8924	-120.	89.862	984	0.12104
294	297	3.47	-120.	89.793	984	0.12109
294	303	4.8924	-120.	89.862	984	0.12104
294	305	5.1429	-120.	90.861	984	0.12127
295	301	4.4345	-120.	87.969	984	0.12053
295	293	2.7559	-120.	86.903	984	0.12013
295	298	3.7317	-120.	85.064	984	0.11958
296	301	4.4345	-120.	87.969	984	0.12053
296	298	3.7317	-120.	85.064	984	0.11958
296	313	6.5826	-120.	88.167	984	0.12061
297	301	4.4345	-120.	87.969	984	0.12053
297	313	6.5826	-120.	88.167	984	0.12061
297	309	5.6436	-120.	89.931	984	0.12102
298	301	4.4345	-120.	87.969	984	0.12053
298	309	5.6436	-120.	89.931	984	0.12102
298	303	4.8924	-120.	89.862	984	0.12104
299	301	4.4345	-120.	87.969	984	0.12053
299	303	4.8924	-120.	89.862	984	0.12104
299	295	3.0008	-120.	87.884	984	0.12048
300	301	4.4345	-120.	87.969	984	0.12053
300	295	3.0008	-120.	87.884	984	0.12048
300	293	2.7559	-120.	86.903	984	0.12013
301	182	-14.524	-120.	96.261	995	0.12525
301	176	-16.032	-120.	95.811	995	0.125
301	185	-13.745	-120.	94.149	995	0.12407
302	182	-14.524	-120.	96.261	995	0.12525
302	185	-13.745	-120.	94.149	995	0.12407
302	193	-12.821	-120.	94.742	995	0.12441
303	182	-14.524	-120.	96.261	995	0.12525
303	193	-12.821	-120.	94.742	995	0.12441
303	189	-13.45	-120.	97.31	995	0.12582
304	182	-14.524	-120.	96.261	995	0.12525
304	189	-13.45	-120.	97.31	995	0.12582
304	180	-14.762	-120.	98.263	995	0.12626
305	182	-14.524	-120.	96.261	995	0.12525
305	180	-14.762	-120.	98.263	995	0.12626
305	174	-16.334	-120.	97.294	995	0.12576
306	182	-14.524	-120.	96.261	995	0.12525
306	174	-16.334	-120.	97.294	995	0.12576
306	176	-16.032	-120.	95.811	995	0.125
307	189	-13.45	-120.	97.31	995	0.12582
307	193	-12.821	-120.	94.742	995	0.12441
307	206	-11.103	-120.	95.872	995	0.12505
308	176	-16.032	-120.	95.811	995	0.125
308	178	-15.485	-120.	93.018	995	0.12343
308	185	-13.745	-120.	94.149	995	0.12407
309	174	-16.334	-120.	97.294	995	0.12576
309	180	-14.762	-120.	98.263	995	0.12626
309	171	-16.855	-120.	100.05	995	0.12702
310	253	-3.4987	-120.	85.463	996	0.11922
310	228	-7.7041	-120.	86.405	996	0.11954
310	245	-4.8957	-120.	88.564	996	0.12074
311	169	-17.251	-120.	143.32	997	0.1132
311	163	-18.192	-120.	144.96	997	0.11261
311	148	-20.24	-120.	142.97	997	0.11342
312	152	-19.63	-120.	147.46	997	0.11176
312	127	-21.862	-120.	145.54	997	0.11236
312	159	-18.684	-120.	145.81	997	0.11231
313	99	-24.821	-120.	142.41	997	0.11369
313	129	-21.791	-120.	142.79	997	0.11352
313	114	-22.843	-120.	144.59	997	0.11273
314	142	-20.602	-120.	144.44	997	0.11281
314	148	-20.24	-120.	142.97	997	0.11342
314	163	-18.192	-120.	144.96	997	0.11261
315	142	-20.602	-120.	144.44	997	0.11281
315	163	-18.192	-120.	144.96	997	0.11261
315	159	-18.684	-120.	145.81	997	0.11231
316	142	-20.602	-120.	144.44	997	0.11281
316	159	-18.684	-120.	145.81	997	0.11231
316	127	-21.862	-120.	145.54	997	0.11236
317	142	-20.602	-120.	144.44	997	0.11281
317	127	-21.862	-120.	145.54	997	0.11236
317	114	-22.843	-120.	144.59	997	0.11273
318	142	-20.602	-120.	144.44	997	0.11281
318	114	-22.843	-120.	144.59	997	0.11273
318	129	-21.791	-120.	142.79	997	0.11352
319	142	-20.602	-120.	144.44	997	0.11281
319	129	-21.791	-120.	142.79	997	0.11352
319	148	-20.24	-120.	142.97	997	0.11342
320	575	36.909	-120.	117.34	999	0.10732
320	573	36.317	-120.	113.07	999	0.10944
320	555	33.96	-120.	115.92	999	0.10793
321	313	6.5826	-120.	88.167	1004	0.12061
321	321	8.0152	-120.	85.538	1004	0.12013
321	298	3.7317	-120.	85.064	1004	0.11958
322	108	-23.689	-120.	103.77	1024	0.12808
322	103	-24.368	-120.	105.63	1024	0.12842
322	78	-26.081	-120.	104.59	1024	0.12824
323	108	-23.689	-120.	103.77	1024	0.12808
323	78	-26.081	-120.	104.59	1024	0.12824
323	90	-25.369	-120.	103.36	1024	0.12798
324	108	-23.689	-120.	103.77	1024	0.12808
324	90	-25.369	-120.	103.36	1024	0.12798
324	122	-22.197	-120.	101.87	1024	0.12759
325	108	-23.689	-120.	103.77	1024	0.12808
325	122	-22.197	-120.	101.87	1024	0.12759
325	135	-21.358	-120.	102.37	1024	0.12773
326	108	-23.689	-120.	103.77	1024	0.12808
326	135	-21.358	-120.	102.37	1024	0.12773
326	116	-22.763	-120.	104.8	1024	0.1283
327	108	-23.689	-120.	103.77	1024	0.12808
327	116	-22.763	-120.	104.8	1024	0.1283
327	103	-24.368	-120.	105.63	1024	0.12842
328	122	-22.197	-120.	101.87	1024	0.12759
328	90	-25.369	-120.	103.36	1024	0.12798
328	107	-23.785	-120.	100.93	1024	0.12729
329	103	-24.368	-120.	105.63	1024	0.12842
329	55	-27.388	-120.	107.17	1024	0.12858
329	78	-26.081	-120.	104.59	1024	0.12824
330	116	-22.763	-120.	104.8	1024	0.1283
330	135	-21.358	-120.	102.37	1024	0.12773
330	151	-19.781	-120.	103.3	1024	0.128
331	84	-25.691	-120.	136.27	1035	0.11704
331	64	-26.981	-120.	133.72	1035	0.11862
331	101	-24.589	-120.	134.53	1035	0.11809
332	27	-29.479	-120.	135.18	1035	0.11775
332	10	-30.643	-120.	132.48	1035	0.11941
332	41	-28.225	-120.	133.31	1035	0.11888
333	54	-27.584	-120.	135.34	1035	0.11763
333	27	-29.479	-120.	135.18	1035	0.11775
333	41	-28.225	-120.	133.31	1035	0.11888
334	54	-27.584	-120.	135.34	1035	0.11763
334	41	-28.225	-120.	133.31	1035	0.11888
334	64	-26.981	-120.	133.72	1035	0.11862
335	54	-27.584	-120.	135.34	1035	0.11763
335	64	-26.981	-120.	133.72	1035	0.11862
335	84	-25.691	-120.	136.27	1035	0.11704
336	54	-27.584	-120.	135.34	1035	0.11763
336	84	-25.691	-120.	136.27	1035	0.11704
336	75	-26.268	-120.	137.17	1035	0.11652
337	54	-27.584	-120.	135.34	1035	0.11763
337	75	-26.268	-120.	137.17	1035	0.11652
337	34	-28.862	-120.	136.4	1035	0.11701
338	54	-27.584	-120.	135.34	1035	0.11763
338	34	-28.862	-120.	136.4	1035	0.11701
338	27	-29.479	-120.	135.18	1035	0.11775
339	57	-27.373	-120.	138.94	1035	0.11553
339	34	-28.862	-120.	136.4	1035	0.11701
339	75	-26.268	-120.	137.17	1035	0.11652
340	131	-21.647	-120.	137.26	1036	0.1164
340	118	-22.638	-120.	137.55	1036	0.11626
340	120	-22.202	-120.	138.16	1036	0.1159
341	92	-25.296	-120.	136.9	1036	0.11667
341	85	-25.691	-120.	136.27	1036	0.11704
341	74	-26.268	-120.	137.17	1036	0.11652
342	102	-24.506	-120.	138.1	1036	0.11597
342	120	-22.202	-120.	138.16	1036	0.1159
342	113	-23.261	-120.	139.86	1036	0.11498
343	102	-24.506	-120.	138.1	1036	0.11597
343	113	-23.261	-120.	139.86	1036	0.11498
343	57	-27.373	-120.	138.94	1036	0.11553
344	102	-24.506	-120.	138.1	1036	0.11597
344	57	-27.373	-120.	138.94	1036	0.11553
344	74	-26.268	-120.	137.17	1036	0.11652
345	102	-24.506	-120.	138.1	1036	0.11597
345	74	-26.268	-120.	137.17	1036	0.11652
345	92	-25.296	-120.	136.9	1036	0.11667
346	102	-24.506	-120.	138.1	1036	0.11597
346	92	-25.296	-120.	136.9	1036	0.11667
346	118	-22.638	-120.	137.55	1036	0.11626
347	102	-24.506	-120.	138.1	1036	0.11597
347	118	-22.638	-120.	137.55	1036	0.11626
347	120	-22.202	-120.	138.16	1036	0.1159
348	111	-23.409	-120.	136.35	1036	0.11697
348	85	-25.691	-120.	136.27	1036	0.11704
348	101	-24.589	-120.	134.53	1036	0.11809
349	111	-23.409	-120.	136.35	1036	0.11697
349	101	-24.589	-120.	134.53	1036	0.11809
349	143	-20.59	-120.	135.59	1036	0.11738
350	111	-23.409	-120.	136.35	1036	0.11697
350	143	-20.59	-120.	135.59	1036	0.11738
350	131	-21.647	-120.	137.26	1036	0.1164
351	111	-23.409	-120.	136.35	1036	0.11697
351	131	-21.647	-120.	137.26	1036	0.1164
351	118	-22.638	-120.	137.55	1036	0.11626
352	111	-23.409	-120.	136.35	1036	0.11697
352	118	-22.638	-120.	137.55	1036	0.11626
352	92	-25.296	-120.	136.9	1036	0.11667
353	111	-23.409	-120.	136.35	1036	0.11697
353	92	-25.296	-120.	136.9	1036	0.11667
353	85	-25.691	-120.	136.27	1036	0.11704
354	149	-19.941	-120.	138.82	1037	0.11547
354	166	-17.829	-120.	138.97	1037	0.11531
354	158	-18.742	-120.	140.49	1037	0.11453
355	149	-19.941	-120.	138.82	1037	0.11547
355	158	-18.742	-120.	140.49	1037	0.11453
355	147	-20.31	-120.	140.26	1037	0.1147
356	149	-19.941	-120.	138.82	1037	0.11547
356	147	-20.31	-120.	140.26	1037	0.1147
356	121	-22.202	-120.	138.16	1037	0.1159
357	149	-19.941	-120.	138.82	1037	0.11547
357	121	-22.202	-120.	138.16	1037	0.1159
357	132	-21.647	-120.	137.26	1037	0.1164
358	149	-19.941	-120.	138.82	1037	0.11547
358	132	-21.647	-120.	137.26	1037	0.1164
358	154	-18.914	-120.	137.77	1037	0.11603
359	149	-19.941	-120.	138.82	1037	0.11547
359	154	-18.914	-120.	137.77	1037	0.11603
359	166	-17.829	-120.	138.97	1037	0.11531
360	121	-22.202	-120.	138.16	1037	0.1159
360	147	-20.31	-120.	140.26	1037	0.1147
360	113	-23.261	-120.	139.86	1037	0.11498
361	166	-17.829	-120.	138.97	1037	0.11531
361	177	-15.833	-120.	140.87	1037	0.11421
361	158	-18.742	-120.	140.49	1037	0.11453
362	154	-18.914	-120.	137.77	1037	0.11603
362	132	-21.647	-120.	137.26	1037	0.1164
362	143	-20.59	-120.	135.59	1037	0.11738
363	86	-25.532	-120.	128.87	1041	0.12156
363	71	-26.322	-120.	130.55	1041	0.12056
363	62	-27.196	-120.	127.86	1041	0.12218
364	86	-25.532	-120.	128.87	1041	0.12156
364	62	-27.196	-120.	127.86	1041	0.12218
364	69	-26.429	-120.	126.87	1041	0.12274
365	86	-25.532	-120.	128.87	1041	0.12156
365	69	-26.429	-120.	126.87	1041	0.12274
365	105	-24.331	-120.	127.71	1041	0.12221
366	86	-25.532	-120.	128.87	1041	0.12156
366	105	-24.331	-120.	127.71	1041	0.12221
366	106	-23.83	-120.	129.26	1041	0.12131
367	86	-25.532	-120.	128.87	1041	0.12156
367	106	-23.83	-120.	129.26	1041	0.12131
367	95	-25.087	-120.	131.	1041	0.12027
368	86	-25.532	-120.	128.87	1041	0.12156
368	95	-25.087	-120.	131.	1041	0.12027
368	71	-26.322	-120.	130.55	1041	0.12056
369	105	-24.331	-120.	127.71	1041	0.12221
369	69	-26.429	-120.	126.87	1041	0.12274
369	96	-24.974	-120.	125.04	1041	0.12372
370	71	-26.322	-120.	130.55	1041	0.12056
370	35	-28.656	-120.	129.72	1041	0.12109
370	62	-27.196	-120.	127.86	1041	0.12218
371	95	-25.087	-120.	131.	1041	0.12027
371	106	-23.83	-120.	129.26	1041	0.12131
371	115	-22.777	-120.	131.8	1041	0.11975
372	61	-27.224	-120.	112.18	1056	0.12841
372	100	-24.688	-120.	113.62	1056	0.1281
372	112	-23.336	-120.	109.46	1056	0.12858
373	150	-19.798	-120.	140.81	1065	0.11441
373	157	-18.742	-120.	140.49	1065	0.11453
373	146	-20.31	-120.	140.26	1065	0.1147
374	156	-18.773	-120.	141.82	1065	0.1139
374	169	-17.251	-120.	143.32	1065	0.1132
374	177	-15.833	-120.	140.87	1065	0.11421
375	156	-18.773	-120.	141.82	1065	0.1139
375	177	-15.833	-120.	140.87	1065	0.11421
375	157	-18.742	-120.	140.49	1065	0.11453
376	156	-18.773	-120.	141.82	1065	0.1139
376	157	-18.742	-120.	140.49	1065	0.11453
376	150	-19.798	-120.	140.81	1065	0.11441
377	156	-18.773	-120.	141.82	1065	0.1139
377	150	-19.798	-120.	140.81	1065	0.11441
377	141	-20.774	-120.	142.45	1065	0.11365
378	156	-18.773	-120.	141.82	1065	0.1139
378	141	-20.774	-120.	142.45	1065	0.11365
378	148	-20.24	-120.	142.97	1065	0.11342
379	156	-18.773	-120.	141.82	1065	0.1139
379	148	-20.24	-120.	142.97	1065	0.11342
379	169	-17.251	-120.	143.32	1065	0.1132
380	128	-21.792	-120.	141.43	1065	0.11415
380	99	-24.821	-120.	142.41	1065	0.11369
380	113	-23.261	-120.	139.86	1065	0.11498
381	128	-21.792	-120.	141.43	1065	0.11415
381	113	-23.261	-120.	139.86	1065	0.11498
381	146	-20.31	-120.	140.26	1065	0.1147
382	128	-21.792	-120.	141.43	1065	0.11415
382	146	-20.31	-120.	140.26	1065	0.1147
382	150	-19.798	-120.	140.81	1065	0.11441
383	128	-21.792	-120.	141.43	1065	0.11415
383	150	-19.798	-120.	140.81	1065	0.11441
383	141	-20.774	-120.	142.45	1065	0.11365
384	128	-21.792	-120.	141.43	1065	0.11415
384	141	-20.774	-120.	142.45	1065	0.11365
384	129	-21.791	-120.	142.79	1065	0.11352
385	128	-21.792	-120.	141.43	1065	0.11415
385	129	-21.791	-120.	142.79	1065	0.11352
385	99	-24.821	-120.	142.41	1065	0.11369
386	141	-20.774	-120.	142.45	1065	0.11365
386	129	-21.791	-120.	142.79	1065	0.11352
386	148	-20.24	-120.	142.97	1065	0.11342
387	77	-26.164	-120.	103.72	1069	0.12806
387	79	-26.081	-120.	104.59	1069	0.12824
387	89	-25.369	-120.	103.36	1069	0.12798
388	76	-26.232	-120.	102.02	1069	0.12764
388	47	-27.911	-120.	101.92	1069	0.12761
388	73	-26.285	-120.	99.47	1069	0.12678
389	76	-26.232	-120.	102.02	1069	0.12764
389	73	-26.285	-120.	99.47	1069	0.12678
389	107	-23.785	-120.	100.93	1069	0.12729
390	76	-26.232	-120.	102.02	1069	0.12764
390	107	-23.785	-120.	100.93	1069	0.12729
390	89	-25.369	-120.	103.36	1069	0.12798
391	76	-26.232	-120.	102.02	1069	0.12764
391	89	-25.369	-120.	103.36	1069	0.12798
391	77	-26.164	-120.	103.72	1069	0.12806
392	76	-26.232	-120.	102.02	1069	0.12764
392	77	-26.164	-120.	103.72	1069	0.12806
392	48	-27.878	-120.	102.73	1069	0.12782
393	76	-26.232	-120.	102.02	1069	0.12764
393	48	-27.878	-120.	102.73	1069	0.12782
393	47	-27.911	-120.	101.92	1069	0.12761
394	37	-28.595	-120.	103.11	1069	0.12791
394	48	-27.878	-120.	102.73	1069	0.12782
394	47	-27.911	-120.	101.92	1069	0.12761
395	51	-27.669	-120.	104.51	1069	0.12821
395	20	-29.906	-120.	105.74	1069	0.12839
395	55	-27.388	-120.	107.17	1069	0.12858
396	51	-27.669	-120.	104.51	1069	0.12821
396	55	-27.388	-120.	107.17	1069	0.12858
396	79	-26.081	-120.	104.59	1069	0.12824
397	51	-27.669	-120.	104.51	1069	0.12821
397	79	-26.081	-120.	104.59	1069	0.12824
397	77	-26.164	-120.	103.72	1069	0.12806
398	51	-27.669	-120.	104.51	1069	0.12821
398	77	-26.164	-120.	103.72	1069	0.12806
398	48	-27.878	-120.	102.73	1069	0.12782
399	51	-27.669	-120.	104.51	1069	0.12821
399	48	-27.878	-120.	102.73	1069	0.12782
399	37	-28.595	-120.	103.11	1069	0.12791
400	51	-27.669	-120.	104.51	1069	0.12821
400	37	-28.595	-120.	103.11	1069	0.12791
400	20	-29.906	-120.	105.74	1069	0.12839
401	417	21.839	-120.	142.89	1084	0.10703
401	424	22.411	-120.	142.4	1084	0.1068
401	413	21.536	-120.	141.87	1084	0.10656
402	425	22.428	-120.	144.8	1084	0.10797
402	430	23.336	-120.	147.74	1084	0.10952
402	434	24.064	-120.	143.4	1084	0.10726
403	425	22.428	-120.	144.8	1084	0.10797
403	434	24.064	-120.	143.4	1084	0.10726
403	424	22.411	-120.	142.4	1084	0.1068
404	425	22.428	-120.	144.8	1084	0.10797
404	424	22.411	-120.	142.4	1084	0.1068
404	417	21.839	-120.	142.89	1084	0.10703
405	425	22.428	-120.	144.8	1084	0.10797
405	417	21.839	-120.	142.89	1084	0.10703
405	411	21.309	-120.	145.7	1084	0.10845
406	425	22.428	-120.	144.8	1084	0.10797
406	411	21.309	-120.	145.7	1084	0.10845
406	414	21.609	-120.	146.7	1084	0.10899
407	425	22.428	-120.	144.8	1084	0.10797
407	414	21.609	-120.	146.7	1084	0.10899
407	430	23.336	-120.	147.74	1084	0.10952
408	403	20.72	-120.	143.77	1084	0.10746
408	393	19.016	-120.	145.11	1084	0.10816
408	399	19.899	-120.	140.87	1084	0.1061
409	403	20.72	-120.	143.77	1084	0.10746
409	399	19.899	-120.	140.87	1084	0.1061
409	413	21.536	-120.	141.87	1084	0.10656
410	403	20.72	-120.	143.77	1084	0.10746
410	413	21.536	-120.	141.87	1084	0.10656
410	417	21.839	-120.	142.89	1084	0.10703
411	403	20.72	-120.	143.77	1084	0.10746
411	417	21.839	-120.	142.89	1084	0.10703
411	411	21.309	-120.	145.7	1084	0.10845
412	403	20.72	-120.	143.77	1084	0.10746
412	411	21.309	-120.	145.7	1084	0.10845
412	404	20.723	-120.	146.15	1084	0.1087
413	403	20.72	-120.	143.77	1084	0.10746
413	404	20.723	-120.	146.15	1084	0.1087
413	393	19.016	-120.	145.11	1084	0.10816
414	411	21.309	-120.	145.7	1084	0.10845
414	404	20.723	-120.	146.15	1084	0.1087
414	414	21.609	-120.	146.7	1084	0.10899
415	346	11.663	-120.	147.66	1097	0.10965
415	349	11.922	-120.	148.61	1097	0.11017
415	354	12.635	-120.	148.36	1097	0.11002
416	342	11.047	-120.	150.83	1097	0.11139
416	334	10.335	-120.	151.03	1097	0.1115
416	345	11.293	-120.	151.76	1097	0.11188
417	351	12.422	-120.	150.4	1097	0.11115
417	354	12.635	-120.	148.36	1097	0.11002
417	362	14.46	-120.	149.69	1097	0.11074
418	351	12.422	-120.	150.4	1097	0.11115
418	362	14.46	-120.	149.69	1097	0.11074
418	356	13.174	-120.	153.16	1097	0.11264
419	351	12.422	-120.	150.4	1097	0.11115
419	356	13.174	-120.	153.16	1097	0.11264
419	345	11.293	-120.	151.76	1097	0.11188
420	351	12.422	-120.	150.4	1097	0.11115
420	345	11.293	-120.	151.76	1097	0.11188
420	342	11.047	-120.	150.83	1097	0.11139
421	351	12.422	-120.	150.4	1097	0.11115
421	342	11.047	-120.	150.83	1097	0.11139
421	349	11.922	-120.	148.61	1097	0.11017
422	351	12.422	-120.	150.4	1097	0.11115
422	349	11.922	-120.	148.61	1097	0.11017
422	354	12.635	-120.	148.36	1097	0.11002
423	338	10.553	-120.	149.02	1097	0.11043
423	334	10.335	-120.	151.03	1097	0.1115
423	323	8.4836	-120.	149.65	1097	0.1108
424	338	10.553	-120.	149.02	1097	0.11043
424	323	8.4836	-120.	149.65	1097	0.1108
424	332	9.8655	-120.	146.33	1097	0.10899
425	338	10.553	-120.	149.02	1097	0.11043
425	332	9.8655	-120.	146.33	1097	0.10899
425	346	11.663	-120.	147.66	1097	0.10965
426	338	10.553	-120.	149.02	1097	0.11043
426	346	11.663	-120.	147.66	1097	0.10965
426	349	11.922	-120.	148.61	1097	0.11017
427	338	10.553	-120.	149.02	1097	0.11043
427	349	11.922	-120.	148.61	1097	0.11017
427	342	11.047	-120.	150.83	1097	0.11139
428	338	10.553	-120.	149.02	1097	0.11043
428	342	11.047	-120.	150.83	1097	0.11139
428	334	10.335	-120.	151.03	1097	0.1115
429	393	19.016	-120.	145.11	1104	0.10816
429	399	19.899	-120.	140.87	1104	0.1061
429	375	16.361	-120.	143.44	1104	0.10726
430	436	24.303	-120.	140.3	1108	0.10594
430	440	24.802	-120.	139.73	1108	0.10573
430	438	24.441	-120.	138.64	1108	0.10536
431	450	26.414	-120.	140.68	1108	0.10607
431	455	26.788	-120.	141.73	1108	0.10648
431	457	26.876	-120.	140.1	1108	0.10585
432	446	25.708	-120.	138.62	1108	0.10535
432	438	24.441	-120.	138.64	1108	0.10536
432	439	24.656	-120.	135.59	1108	0.10453
433	446	25.708	-120.	138.62	1108	0.10535
433	439	24.656	-120.	135.59	1108	0.10453
433	460	27.061	-120.	136.97	1108	0.10487
434	446	25.708	-120.	138.62	1108	0.10535
434	460	27.061	-120.	136.97	1108	0.10487
434	457	26.876	-120.	140.1	1108	0.10585
435	446	25.708	-120.	138.62	1108	0.10535
435	457	26.876	-120.	140.1	1108	0.10585
435	450	26.414	-120.	140.68	1108	0.10607
436	446	25.708	-120.	138.62	1108	0.10535
436	450	26.414	-120.	140.68	1108	0.10607
436	440	24.802	-120.	139.73	1108	0.10573
437	446	25.708	-120.	138.62	1108	0.10535
437	440	24.802	-120.	139.73	1108	0.10573
437	438	24.441	-120.	138.64	1108	0.10536
438	445	25.493	-120.	141.79	1108	0.10652
438	455	26.788	-120.	141.73	1108	0.10648
438	452	26.586	-120.	144.91	1108	0.10795
439	445	25.493	-120.	141.79	1108	0.10652
439	452	26.586	-120.	144.91	1108	0.10795
439	434	24.064	-120.	143.4	1108	0.10726
440	445	25.493	-120.	141.79	1108	0.10652
440	434	24.064	-120.	143.4	1108	0.10726
440	436	24.303	-120.	140.3	1108	0.10594
441	445	25.493	-120.	141.79	1108	0.10652
441	436	24.303	-120.	140.3	1108	0.10594
441	440	24.802	-120.	139.73	1108	0.10573
442	445	25.493	-120.	141.79	1108	0.10652
442	440	24.802	-120.	139.73	1108	0.10573
442	450	26.414	-120.	140.68	1108	0.10607
443	445	25.493	-120.	141.79	1108	0.10652
443	450	26.414	-120.	140.68	1108	0.10607
443	455	26.788	-120.	141.73	1108	0.10648
444	88	-25.431	-120.	120.69	1109	0.12583
444	44	-28.087	-120.	123.61	1109	0.12453
444	96	-24.974	-120.	125.04	1109	0.12372
445	362	14.46	-120.	149.69	1115	0.11074
445	356	13.174	-120.	153.16	1115	0.11264
445	380	17.167	-120.	151.53	1115	0.11176
446	308	5.588	-120.	147.24	1140	0.1098
446	323	8.4836	-120.	149.65	1140	0.1108
446	332	9.8655	-120.	146.33	1140	0.10899
447	508	30.804	-120.	116.74	1153	0.10757
447	480	29.255	-120.	116.32	1153	0.10781
447	506	30.803	-120.	114.51	1153	0.10866
448	508	30.804	-120.	116.74	1153	0.10757
448	506	30.803	-120.	114.51	1153	0.10866
448	527	31.894	-120.	115.	1153	0.10839
449	508	30.804	-120.	116.74	1153	0.10757
449	527	31.894	-120.	115.	1153	0.10839
449	532	32.19	-120.	117.81	1153	0.10705
450	508	30.804	-120.	116.74	1153	0.10757
450	532	32.19	-120.	117.81	1153	0.10705
450	515	31.257	-120.	118.83	1153	0.10663
451	508	30.804	-120.	116.74	1153	0.10757
451	515	31.257	-120.	118.83	1153	0.10663
451	487	29.425	-120.	117.94	1153	0.10708
452	508	30.804	-120.	116.74	1153	0.10757
452	487	29.425	-120.	117.94	1153	0.10708
452	480	29.255	-120.	116.32	1153	0.10781
453	532	32.19	-120.	117.81	1153	0.10705
453	527	31.894	-120.	115.	1153	0.10839
453	555	33.96	-120.	115.92	1153	0.10793
454	480	29.255	-120.	116.32	1153	0.10781
454	477	28.754	-120.	113.62	1153	0.10917
454	506	30.803	-120.	114.51	1153	0.10866
455	487	29.425	-120.	117.94	1153	0.10708
455	515	31.257	-120.	118.83	1153	0.10663
455	491	29.497	-120.	120.69	1153	0.10597
456	466	27.921	-120.	96.479	1215	0.11904
456	441	24.832	-120.	93.474	1215	0.12028
456	431	23.352	-120.	95.976	1215	0.11926
457	67	-26.804	-120.	117.53	1253	0.12709
457	66	-26.814	-120.	115.45	1253	0.12774
457	93	-25.189	-120.	116.32	1253	0.12741
458	67	-26.804	-120.	117.53	1253	0.12709
458	93	-25.189	-120.	116.32	1253	0.12741
458	91	-25.359	-120.	117.94	1253	0.12689
459	67	-26.804	-120.	117.53	1253	0.12709
459	91	-25.359	-120.	117.94	1253	0.12689
459	60	-27.268	-120.	119.76	1253	0.12628
460	67	-26.804	-120.	117.53	1253	0.12709
460	60	-27.268	-120.	119.76	1253	0.12628
460	39	-28.244	-120.	119.26	1253	0.12649
461	67	-26.804	-120.	117.53	1253	0.12709
461	39	-28.244	-120.	119.26	1253	0.12649
461	46	-27.948	-120.	116.45	1253	0.12747
462	67	-26.804	-120.	117.53	1253	0.12709
462	46	-27.948	-120.	116.45	1253	0.12747
462	66	-26.814	-120.	115.45	1253	0.12774
463	60	-27.268	-120.	119.76	1253	0.12628
463	91	-25.359	-120.	117.94	1253	0.12689
463	88	-25.431	-120.	120.69	1253	0.12583
464	66	-26.814	-120.	115.45	1253	0.12774
464	100	-24.688	-120.	113.62	1253	0.1281
464	93	-25.189	-120.	116.32	1253	0.12741
465	46	-27.948	-120.	116.45	1253	0.12747
465	39	-28.244	-120.	119.26	1253	0.12649
465	16	-30.093	-120.	118.32	1253	0.12685
466	33	-28.882	-120.	111.23	1255	0.12852
466	61	-27.224	-120.	112.18	1255	0.12841
466	30	-29.43	-120.	114.03	1255	0.12808
467	13	-30.536	-120.	112.93	1255	0.12826
467	33	-28.882	-120.	111.23	1255	0.12852
467	30	-29.43	-120.	114.03	1255	0.12808
468	13	-30.536	-120.	112.93	1255	0.12826
468	30	-29.43	-120.	114.03	1255	0.12808
468	11	-30.578	-120.	114.99	1255	0.12784
469	13	-30.536	-120.	112.93	1255	0.12826
469	11	-30.578	-120.	114.99	1255	0.12784
469	4	-32.421	-120.	113.97	1255	0.12801
470	13	-30.536	-120.	112.93	1255	0.12826
470	4	-32.421	-120.	113.97	1255	0.12801
470	5	-32.159	-120.	112.62	1255	0.12825
471	13	-30.536	-120.	112.93	1255	0.12826
471	5	-32.159	-120.	112.62	1255	0.12825
471	22	-29.748	-120.	110.74	1255	0.12855
472	13	-30.536	-120.	112.93	1255	0.12826
472	22	-29.748	-120.	110.74	1255	0.12855
472	33	-28.882	-120.	111.23	1255	0.12852
473	4	-32.421	-120.	113.97	1255	0.12801
473	11	-30.578	-120.	114.99	1255	0.12784
473	1	-32.805	-120.	116.88	1255	0.12725
474	5	-32.159	-120.	112.62	1255	0.12825
474	7	-31.417	-120.	109.78	1255	0.12855
474	22	-29.748	-120.	110.74	1255	0.12855
475	381	17.43	-120.	91.87	1256	0.12063
475	392	18.881	-120.	89.348	1256	0.12112
475	364	14.983	-120.	87.508	1256	0.12096
476	81	-26.046	-120.	131.25	1264	0.12013
476	94	-25.087	-120.	131.	1264	0.12027
476	72	-26.322	-120.	130.55	1264	0.12056
477	49	-27.864	-120.	131.72	1264	0.11985
477	41	-28.225	-120.	133.31	1264	0.11888
477	10	-30.643	-120.	132.48	1264	0.11941
478	49	-27.864	-120.	131.72	1264	0.11985
478	10	-30.643	-120.	132.48	1264	0.11941
478	35	-28.656	-120.	129.72	1264	0.12109
479	49	-27.864	-120.	131.72	1264	0.11985
479	35	-28.656	-120.	129.72	1264	0.12109
479	72	-26.322	-120.	130.55	1264	0.12056
480	49	-27.864	-120.	131.72	1264	0.11985
480	72	-26.322	-120.	130.55	1264	0.12056
480	81	-26.046	-120.	131.25	1264	0.12013
481	49	-27.864	-120.	131.72	1264	0.11985
481	81	-26.046	-120.	131.25	1264	0.12013
481	58	-27.289	-120.	133.05	1264	0.11904
482	49	-27.864	-120.	131.72	1264	0.11985
482	58	-27.289	-120.	133.05	1264	0.11904
482	41	-28.225	-120.	133.31	1264	0.11888
483	64	-26.981	-120.	133.72	1264	0.11862
483	58	-27.289	-120.	133.05	1264	0.11904
483	41	-28.225	-120.	133.31	1264	0.11888
484	87	-25.462	-120.	132.56	1264	0.11932
484	101	-24.589	-120.	134.53	1264	0.11809
484	115	-22.777	-120.	131.8	1264	0.11975
485	87	-25.462	-120.	132.56	1264	0.11932
485	115	-22.777	-120.	131.8	1264	0.11975
485	94	-25.087	-120.	131.	1264	0.12027
486	87	-25.462	-120.	132.56	1264	0.11932
486	94	-25.087	-120.	131.	1264	0.12027
486	81	-26.046	-120.	131.25	1264	0.12013
487	87	-25.462	-120.	132.56	1264	0.11932
487	81	-26.046	-120.	131.25	1264	0.12013
487	58	-27.289	-120.	133.05	1264	0.11904
488	87	-25.462	-120.	132.56	1264	0.11932
488	58	-27.289	-120.	133.05	1264	0.11904
488	64	-26.981	-120.	133.72	1264	0.11862
489	87	-25.462	-120.	132.56	1264	0.11932
489	64	-26.981	-120.	133.72	1264	0.11862
489	101	-24.589	-120.	134.53	1264	0.11809
490	184	-14.334	-120.	145.42	1276	0.11237
490	186	-13.704	-120.	145.83	1276	0.11224
490	191	-13.215	-120.	145.	1276	0.11243
491	173	-16.43	-120.	146.22	1276	0.11219
491	152	-19.63	-120.	147.46	1276	0.11176
491	181	-14.63	-120.	147.4	1276	0.11189
492	173	-16.43	-120.	146.22	1276	0.11219
492	181	-14.63	-120.	147.4	1276	0.11189
492	186	-13.704	-120.	145.83	1276	0.11224
493	173	-16.43	-120.	146.22	1276	0.11219
493	186	-13.704	-120.	145.83	1276	0.11224
493	184	-14.334	-120.	145.42	1276	0.11237
494	173	-16.43	-120.	146.22	1276	0.11219
494	184	-14.334	-120.	145.42	1276	0.11237
494	168	-17.598	-120.	145.4	1276	0.11245
495	173	-16.43	-120.	146.22	1276	0.11219
495	168	-17.598	-120.	145.4	1276	0.11245
495	160	-18.684	-120.	145.81	1276	0.11231
496	173	-16.43	-120.	146.22	1276	0.11219
496	160	-18.684	-120.	145.81	1276	0.11231
496	152	-19.63	-120.	147.46	1276	0.11176
497	179	-15.481	-120.	144.59	1276	0.11267
497	169	-17.251	-120.	143.32	1276	0.1132
497	197	-12.295	-120.	143.44	1276	0.11282
498	179	-15.481	-120.	144.59	1276	0.11267
498	197	-12.295	-120.	143.44	1276	0.11282
498	191	-13.215	-120.	145.	1276	0.11243
499	179	-15.481	-120.	144.59	1276	0.11267
499	191	-13.215	-120.	145.	1276	0.11243
499	184	-14.334	-120.	145.42	1276	0.11237
500	179	-15.481	-120.	144.59	1276	0.11267
500	184	-14.334	-120.	145.42	1276	0.11237
500	168	-17.598	-120.	145.4	1276	0.11245
501	179	-15.481	-120.	144.59	1276	0.11267
501	168	-17.598	-120.	145.4	1276	0.11245
501	164	-18.192	-120.	144.96	1276	0.11261
502	179	-15.481	-120.	144.59	1276	0.11267
502	164	-18.192	-120.	144.96	1276	0.11261
502	169	-17.251	-120.	143.32	1276	0.1132
503	168	-17.598	-120.	145.4	1276	0.11245
503	164	-18.192	-120.	144.96	1276	0.11261
503	160	-18.684	-120.	145.81	1276	0.11231
504	20	-29.906	-120.	105.74	1287	0.12839
504	7	-31.417	-120.	109.78	1287	0.12855
504	55	-27.388	-120.	107.17	1287	0.12858
505	203	-11.708	-120.	147.15	1310	0.11189
505	191	-13.215	-120.	145.	1310	0.11243
505	211	-10.674	-120.	146.2	1310	0.112
506	203	-11.708	-120.	147.15	1310	0.11189
506	211	-10.674	-120.	146.2	1310	0.112
506	216	-9.7773	-120.	147.68	1310	0.11174
507	203	-11.708	-120.	147.15	1310	0.11189
507	216	-9.7773	-120.	147.68	1310	0.11174
507	209	-10.796	-120.	149.39	1310	0.1116
508	203	-11.708	-120.	147.15	1310	0.11189
508	209	-10.796	-120.	149.39	1310	0.1116
508	200	-12.084	-120.	148.78	1310	0.11166
509	203	-11.708	-120.	147.15	1310	0.11189
509	200	-12.084	-120.	148.78	1310	0.11166
509	186	-13.704	-120.	145.83	1310	0.11224
510	203	-11.708	-120.	147.15	1310	0.11189
510	186	-13.704	-120.	145.83	1310	0.11224
510	191	-13.215	-120.	145.	1310	0.11243
511	209	-10.796	-120.	149.39	1310	0.1116
511	216	-9.7773	-120.	147.68	1310	0.11174
511	226	-8.113	-120.	150.47	1310	0.1116
512	191	-13.215	-120.	145.	1310	0.11243
512	197	-12.295	-120.	143.44	1310	0.11282
512	211	-10.674	-120.	146.2	1310	0.112
513	186	-13.704	-120.	145.83	1310	0.11224
513	200	-12.084	-120.	148.78	1310	0.11166
513	181	-14.63	-120.	147.4	1310	0.11189
514	288	1.8045	-120.	154.98	1350	0.11298
514	311	6.1077	-120.	154.74	1350	0.11318
514	296	3.2389	-120.	152.16	1350	0.112
515	430	23.336	-120.	147.74	1355	0.10952
515	452	26.586	-120.	144.91	1355	0.10795
515	434	24.064	-120.	143.4	1355	0.10726
516	372	15.89	-120.	146.87	1362	0.10914
516	369	15.629	-120.	145.89	1362	0.10861
516	366	15.218	-120.	147.21	1362	0.10934
517	379	17.139	-120.	146.16	1362	0.10875
517	393	19.016	-120.	145.11	1362	0.10816
517	375	16.361	-120.	143.44	1362	0.10726
518	379	17.139	-120.	146.16	1362	0.10875
518	375	16.361	-120.	143.44	1362	0.10726
518	369	15.629	-120.	145.89	1362	0.10861
519	379	17.139	-120.	146.16	1362	0.10875
519	369	15.629	-120.	145.89	1362	0.10861
519	372	15.89	-120.	146.87	1362	0.10914
520	379	17.139	-120.	146.16	1362	0.10875
520	372	15.89	-120.	146.87	1362	0.10914
520	383	17.646	-120.	148.02	1362	0.10977
521	379	17.139	-120.	146.16	1362	0.10875
521	383	17.646	-120.	148.02	1362	0.10977
521	386	18.289	-120.	147.65	1362	0.10956
522	379	17.139	-120.	146.16	1362	0.10875
522	386	18.289	-120.	147.65	1362	0.10956
522	393	19.016	-120.	145.11	1362	0.10816
523	376	16.383	-120.	148.72	1362	0.11017
523	380	17.167	-120.	151.53	1362	0.11176
523	362	14.46	-120.	149.69	1362	0.11074
524	376	16.383	-120.	148.72	1362	0.11017
524	362	14.46	-120.	149.69	1362	0.11074
524	366	15.218	-120.	147.21	1362	0.10934
525	376	16.383	-120.	148.72	1362	0.11017
525	366	15.218	-120.	147.21	1362	0.10934
525	372	15.89	-120.	146.87	1362	0.10914
526	376	16.383	-120.	148.72	1362	0.11017
526	372	15.89	-120.	146.87	1362	0.10914
526	383	17.646	-120.	148.02	1362	0.10977
527	376	16.383	-120.	148.72	1362	0.11017
527	383	17.646	-120.	148.02	1362	0.10977
527	384	17.918	-120.	148.97	1362	0.1103
528	376	16.383	-120.	148.72	1362	0.11017
528	384	17.918	-120.	148.97	1362	0.1103
528	380	17.167	-120.	151.53	1362	0.11176
529	383	17.646	-120.	148.02	1362	0.10977
529	384	17.918	-120.	148.97	1362	0.1103
529	386	18.289	-120.	147.65	1362	0.10956
530	358	13.591	-120.	146.55	1363	0.10898
530	359	13.941	-120.	144.75	1363	0.10799
530	370	15.629	-120.	145.89	1363	0.10861
531	358	13.591	-120.	146.55	1363	0.10898
531	370	15.629	-120.	145.89	1363	0.10861
531	367	15.218	-120.	147.21	1363	0.10934
532	358	13.591	-120.	146.55	1363	0.10898
532	367	15.218	-120.	147.21	1363	0.10934
532	355	12.635	-120.	148.36	1363	0.11002
533	358	13.591	-120.	146.55	1363	0.10898
533	355	12.635	-120.	148.36	1363	0.11002
533	347	11.663	-120.	147.66	1363	0.10965
534	358	13.591	-120.	146.55	1363	0.10898
534	347	11.663	-120.	147.66	1363	0.10965
534	352	12.46	-120.	145.41	1363	0.10838
535	358	13.591	-120.	146.55	1363	0.10898
535	352	12.46	-120.	145.41	1363	0.10838
535	359	13.941	-120.	144.75	1363	0.10799
536	355	12.635	-120.	148.36	1363	0.11002
536	367	15.218	-120.	147.21	1363	0.10934
536	362	14.46	-120.	149.69	1363	0.11074
537	359	13.941	-120.	144.75	1363	0.10799
537	375	16.361	-120.	143.44	1363	0.10726
537	370	15.629	-120.	145.89	1363	0.10861
538	352	12.46	-120.	145.41	1363	0.10838
538	347	11.663	-120.	147.66	1363	0.10965
538	332	9.8655	-120.	146.33	1363	0.10899
539	172	-16.628	-120.	96.27	1435	0.12524
539	174	-16.334	-120.	97.294	1435	0.12576
539	176	-16.032	-120.	95.811	1435	0.125
540	167	-17.726	-120.	97.196	1435	0.12571
540	153	-19.369	-120.	98.573	1435	0.12636
540	171	-16.855	-120.	100.05	1435	0.12702
541	167	-17.726	-120.	97.196	1435	0.12571
541	171	-16.855	-120.	100.05	1435	0.12702
541	174	-16.334	-120.	97.294	1435	0.12576
542	167	-17.726	-120.	97.196	1435	0.12571
542	174	-16.334	-120.	97.294	1435	0.12576
542	172	-16.628	-120.	96.27	1435	0.12524
543	167	-17.726	-120.	97.196	1435	0.12571
543	172	-16.628	-120.	96.27	1435	0.12524
543	162	-18.302	-120.	95.252	1435	0.12473
544	167	-17.726	-120.	97.196	1435	0.12571
544	162	-18.302	-120.	95.252	1435	0.12473
544	155	-18.865	-120.	95.735	1435	0.12499
545	167	-17.726	-120.	97.196	1435	0.12571
545	155	-18.865	-120.	95.735	1435	0.12499
545	153	-19.369	-120.	98.573	1435	0.12636
546	170	-17.191	-120.	94.333	1435	0.12421
546	165	-18.085	-120.	91.387	1435	0.12252
546	178	-15.485	-120.	93.018	1435	0.12343
547	170	-17.191	-120.	94.333	1435	0.12421
547	178	-15.485	-120.	93.018	1435	0.12343
547	176	-16.032	-120.	95.811	1435	0.125
548	170	-17.191	-120.	94.333	1435	0.12421
548	176	-16.032	-120.	95.811	1435	0.125
548	172	-16.628	-120.	96.27	1435	0.12524
549	170	-17.191	-120.	94.333	1435	0.12421
549	172	-16.628	-120.	96.27	1435	0.12524
549	162	-18.302	-120.	95.252	1435	0.12473
550	170	-17.191	-120.	94.333	1435	0.12421
550	162	-18.302	-120.	95.252	1435	0.12473
550	161	-18.611	-120.	94.262	1435	0.1242
551	170	-17.191	-120.	94.333	1435	0.12421
551	161	-18.611	-120.	94.262	1435	0.1242
551	165	-18.085	-120.	91.387	1435	0.12252
552	162	-18.302	-120.	95.252	1435	0.12473
552	161	-18.611	-120.	94.262	1435	0.1242
552	155	-18.865	-120.	95.735	1435	0.12499
553	183	-14.413	-120.	89.13	1437	0.12109
553	165	-18.085	-120.	91.387	1437	0.12252
553	178	-15.485	-120.	93.018	1437	0.12343
554	272	-0.59171	-120.	88.013	1449	0.12049
554	290	2.2612	-120.	87.855	1449	0.12046
554	285	1.3031	-120.	89.681	1449	0.12115
555	282	0.78947	-120.	85.044	1449	0.11933
555	298	3.7317	-120.	85.064	1449	0.11958
555	292	2.7559	-120.	86.903	1449	0.12013
556	280	0.51125	-120.	86.679	1449	0.11996
556	282	0.78947	-120.	85.044	1449	0.11933
556	292	2.7559	-120.	86.903	1449	0.12013
557	280	0.51125	-120.	86.679	1449	0.11996
557	292	2.7559	-120.	86.903	1449	0.12013
557	290	2.2612	-120.	87.855	1449	0.12046
558	280	0.51125	-120.	86.679	1449	0.11996
558	290	2.2612	-120.	87.855	1449	0.12046
558	272	-0.59171	-120.	88.013	1449	0.12049
559	280	0.51125	-120.	86.679	1449	0.11996
559	272	-0.59171	-120.	88.013	1449	0.12049
559	264	-1.5709	-120.	87.142	1449	0.1201
560	280	0.51125	-120.	86.679	1449	0.11996
560	264	-1.5709	-120.	87.142	1449	0.1201
560	273	-0.57654	-120.	85.119	1449	0.11926
561	280	0.51125	-120.	86.679	1449	0.11996
561	273	-0.57654	-120.	85.119	1449	0.11926
561	282	0.78947	-120.	85.044	1449	0.11933
562	253	-3.4987	-120.	85.463	1449	0.11922
562	273	-0.57654	-120.	85.119	1449	0.11926
562	264	-1.5709	-120.	87.142	1449	0.1201
563	327	9.1417	-120.	90.688	1451	0.12093
563	322	8.4091	-120.	90.519	1451	0.12095
563	329	9.39	-120.	91.764	1451	0.12097
564	325	8.6798	-120.	88.651	1451	0.12072
564	321	8.0152	-120.	85.538	1451	0.12013
564	313	6.5826	-120.	88.167	1451	0.12061
565	325	8.6798	-120.	88.651	1451	0.12072
565	313	6.5826	-120.	88.167	1451	0.12061
565	322	8.4091	-120.	90.519	1451	0.12095
566	325	8.6798	-120.	88.651	1451	0.12072
566	322	8.4091	-120.	90.519	1451	0.12095
566	327	9.1417	-120.	90.688	1451	0.12093
567	325	8.6798	-120.	88.651	1451	0.12072
567	327	9.1417	-120.	90.688	1451	0.12093
567	333	10.073	-120.	89.023	1451	0.12078
568	325	8.6798	-120.	88.651	1451	0.12072
568	333	10.073	-120.	89.023	1451	0.12078
568	330	9.8569	-120.	87.974	1451	0.12068
569	325	8.6798	-120.	88.651	1451	0.12072
569	330	9.8569	-120.	87.974	1451	0.12068
569	321	8.0152	-120.	85.538	1451	0.12013
570	337	10.526	-120.	91.072	1451	0.12087
570	353	12.589	-120.	91.638	1451	0.12076
570	343	11.174	-120.	94.093	1451	0.12072
571	337	10.526	-120.	91.072	1451	0.12087
571	343	11.174	-120.	94.093	1451	0.12072
571	329	9.39	-120.	91.764	1451	0.12097
572	337	10.526	-120.	91.072	1451	0.12087
572	329	9.39	-120.	91.764	1451	0.12097
572	327	9.1417	-120.	90.688	1451	0.12093
573	337	10.526	-120.	91.072	1451	0.12087
573	327	9.1417	-120.	90.688	1451	0.12093
573	333	10.073	-120.	89.023	1451	0.12078
574	337	10.526	-120.	91.072	1451	0.12087
574	333	10.073	-120.	89.023	1451	0.12078
574	339	10.786	-120.	89.228	1451	0.1208
575	337	10.526	-120.	91.072	1451	0.12087
575	339	10.786	-120.	89.228	1451	0.1208
575	353	12.589	-120.	91.638	1451	0.12076
576	333	10.073	-120.	89.023	1451	0.12078
576	339	10.786	-120.	89.228	1451	0.1208
576	330	9.8569	-120.	87.974	1451	0.12068
577	516	31.257	-120.	118.83	1455	0.10663
577	537	32.231	-120.	118.57	1455	0.10672
577	533	32.19	-120.	117.81	1455	0.10705
578	559	34.106	-120.	119.51	1455	0.10634
578	560	34.106	-120.	120.25	1455	0.10605
578	568	35.062	-120.	119.27	1455	0.10644
579	558	34.076	-120.	118.07	1455	0.10693
579	533	32.19	-120.	117.81	1455	0.10705
579	555	33.96	-120.	115.92	1455	0.10793
580	558	34.076	-120.	118.07	1455	0.10693
580	555	33.96	-120.	115.92	1455	0.10793
580	575	36.909	-120.	117.34	1455	0.10732
581	558	34.076	-120.	118.07	1455	0.10693
581	575	36.909	-120.	117.34	1455	0.10732
581	568	35.062	-120.	119.27	1455	0.10644
582	558	34.076	-120.	118.07	1455	0.10693
582	568	35.062	-120.	119.27	1455	0.10644
582	559	34.106	-120.	119.51	1455	0.10634
583	558	34.076	-120.	118.07	1455	0.10693
583	559	34.106	-120.	119.51	1455	0.10634
583	537	32.231	-120.	118.57	1455	0.10672
584	558	34.076	-120.	118.07	1455	0.10693
584	537	32.231	-120.	118.57	1455	0.10672
584	533	32.19	-120.	117.81	1455	0.10705
585	538	32.245	-120.	120.	1455	0.10615
585	560	34.106	-120.	120.25	1455	0.10605
585	539	32.274	-120.	122.15	1455	0.1054
586	538	32.245	-120.	120.	1455	0.10615
586	539	32.274	-120.	122.15	1455	0.1054
586	491	29.497	-120.	120.69	1455	0.10597
587	538	32.245	-120.	120.	1455	0.10615
587	491	29.497	-120.	120.69	1455	0.10597
587	516	31.257	-120.	118.83	1455	0.10663
588	538	32.245	-120.	120.	1455	0.10615
588	516	31.257	-120.	118.83	1455	0.10663
588	537	32.231	-120.	118.57	1455	0.10672
589	538	32.245	-120.	120.	1455	0.10615
589	537	32.231	-120.	118.57	1455	0.10672
589	559	34.106	-120.	119.51	1455	0.10634
590	538	32.245	-120.	120.	1455	0.10615
590	559	34.106	-120.	119.51	1455	0.10634
590	560	34.106	-120.	120.25	1455	0.10605
591	523	31.753	-120.	114.26	1519	0.10878
591	507	30.803	-120.	114.51	1519	0.10866
591	528	31.894	-120.	115.	1519	0.10839
592	518	31.423	-120.	112.87	1519	0.10953
592	511	30.932	-120.	110.76	1519	0.11073
592	477	28.754	-120.	113.62	1519	0.10917
593	518	31.423	-120.	112.87	1519	0.10953
593	477	28.754	-120.	113.62	1519	0.10917
593	507	30.803	-120.	114.51	1519	0.10866
594	518	31.423	-120.	112.87	1519	0.10953
594	507	30.803	-120.	114.51	1519	0.10866
594	523	31.753	-120.	114.26	1519	0.10878
595	518	31.423	-120.	112.87	1519	0.10953
595	523	31.753	-120.	114.26	1519	0.10878
595	548	33.238	-120.	112.39	1519	0.10978
596	518	31.423	-120.	112.87	1519	0.10953
596	548	33.238	-120.	112.39	1519	0.10978
596	545	33.06	-120.	111.67	1519	0.11019
597	518	31.423	-120.	112.87	1519	0.10953
597	545	33.06	-120.	111.67	1519	0.11019
597	511	30.932	-120.	110.76	1519	0.11073
598	551	33.555	-120.	113.8	1519	0.10902
598	573	36.317	-120.	113.07	1519	0.10944
598	555	33.96	-120.	115.92	1519	0.10793
599	551	33.555	-120.	113.8	1519	0.10902
599	555	33.96	-120.	115.92	1519	0.10793
599	528	31.894	-120.	115.	1519	0.10839
600	551	33.555	-120.	113.8	1519	0.10902
600	528	31.894	-120.	115.	1519	0.10839
600	523	31.753	-120.	114.26	1519	0.10878
601	551	33.555	-120.	113.8	1519	0.10902
601	523	31.753	-120.	114.26	1519	0.10878
601	548	33.238	-120.	112.39	1519	0.10978
602	551	33.555	-120.	113.8	1519	0.10902
602	548	33.238	-120.	112.39	1519	0.10978
602	563	34.168	-120.	112.14	1519	0.10993
603	551	33.555	-120.	113.8	1519	0.10902
603	563	34.168	-120.	112.14	1519	0.10993
603	573	36.317	-120.	113.07	1519	0.10944
604	548	33.238	-120.	112.39	1519	0.10978
604	563	34.168	-120.	112.14	1519	0.10993
604	545	33.06	-120.	111.67	1519	0.11019
605	544	33.06	-120.	111.67	1521	0.11019
605	511	30.932	-120.	110.76	1521	0.11073
605	535	32.207	-120.	108.95	1521	0.11181
606	553	33.855	-120.	109.98	1521	0.11118
606	544	33.06	-120.	111.67	1521	0.11019
606	535	32.207	-120.	108.95	1521	0.11181
607	553	33.855	-120.	109.98	1521	0.11118
607	535	32.207	-120.	108.95	1521	0.11181
607	543	32.875	-120.	108.	1521	0.11237
608	553	33.855	-120.	109.98	1521	0.11118
608	543	32.875	-120.	108.	1521	0.11237
608	569	35.206	-120.	108.91	1521	0.11181
609	553	33.855	-120.	109.98	1521	0.11118
609	569	35.206	-120.	108.91	1521	0.11181
609	571	35.614	-120.	110.21	1521	0.11105
610	553	33.855	-120.	109.98	1521	0.11118
610	571	35.614	-120.	110.21	1521	0.11105
610	562	34.168	-120.	112.14	1521	0.10993
611	553	33.855	-120.	109.98	1521	0.11118
611	562	34.168	-120.	112.14	1521	0.10993
611	544	33.06	-120.	111.67	1521	0.11019
612	569	35.206	-120.	108.91	1521	0.11181
612	543	32.875	-120.	108.	1521	0.11237
612	561	34.155	-120.	106.16	1521	0.11348
613	571	35.614	-120.	110.21	1521	0.11105
613	573	36.317	-120.	113.07	1521	0.10944
613	562	34.168	-120.	112.14	1521	0.10993
614	461	27.302	-120.	105.87	1528	0.11373
614	464	27.85	-120.	104.3	1528	0.1147
614	482	29.263	-120.	106.75	1528	0.11317
615	461	27.302	-120.	105.87	1528	0.11373
615	482	29.263	-120.	106.75	1528	0.11317
615	475	28.622	-120.	107.7	1528	0.1126
616	461	27.302	-120.	105.87	1528	0.11373
616	475	28.622	-120.	107.7	1528	0.1126
616	448	26.217	-120.	106.97	1528	0.11307
617	461	27.302	-120.	105.87	1528	0.11373
617	448	26.217	-120.	106.97	1528	0.11307
617	443	25.406	-120.	105.57	1528	0.11395
618	461	27.302	-120.	105.87	1528	0.11373
618	443	25.406	-120.	105.57	1528	0.11395
618	451	26.451	-120.	103.94	1528	0.11494
619	461	27.302	-120.	105.87	1528	0.11373
619	451	26.451	-120.	103.94	1528	0.11494
619	464	27.85	-120.	104.3	1528	0.1147
620	448	26.217	-120.	106.97	1528	0.11307
620	475	28.622	-120.	107.7	1528	0.1126
620	462	27.402	-120.	109.46	1528	0.11155
621	464	27.85	-120.	104.3	1528	0.1147
621	499	30.485	-120.	104.97	1528	0.11425
621	482	29.263	-120.	106.75	1528	0.11317
622	451	26.451	-120.	103.94	1528	0.11494
622	443	25.406	-120.	105.57	1528	0.11395
622	432	23.847	-120.	103.3	1528	0.11538
623	353	12.589	-120.	91.638	1530	0.12076
623	340	10.786	-120.	89.228	1530	0.1208
623	357	13.535	-120.	90.005	1530	0.12084
624	321	8.0152	-120.	85.538	1530	0.12013
624	341	10.891	-120.	86.162	1530	0.12052
624	331	9.8569	-120.	87.974	1530	0.12068
625	364	14.983	-120.	87.508	1530	0.12096
625	360	14.027	-120.	89.153	1530	0.12088
625	350	12.207	-120.	86.534	1530	0.12068
626	348	11.884	-120.	88.176	1530	0.12078
626	357	13.535	-120.	90.005	1530	0.12084
626	340	10.786	-120.	89.228	1530	0.1208
627	348	11.884	-120.	88.176	1530	0.12078
627	340	10.786	-120.	89.228	1530	0.1208
627	331	9.8569	-120.	87.974	1530	0.12068
628	348	11.884	-120.	88.176	1530	0.12078
628	331	9.8569	-120.	87.974	1530	0.12068
628	341	10.891	-120.	86.162	1530	0.12052
629	348	11.884	-120.	88.176	1530	0.12078
629	341	10.891	-120.	86.162	1530	0.12052
629	350	12.207	-120.	86.534	1530	0.12068
630	348	11.884	-120.	88.176	1530	0.12078
630	350	12.207	-120.	86.534	1530	0.12068
630	360	14.027	-120.	89.153	1530	0.12088
631	348	11.884	-120.	88.176	1530	0.12078
631	360	14.027	-120.	89.153	1530	0.12088
631	357	13.535	-120.	90.005	1530	0.12084
632	371	15.86	-120.	93.118	1531	0.1204
632	374	16.06	-120.	94.294	1531	0.12011
632	378	16.533	-120.	93.457	1531	0.12029
633	363	14.571	-120.	92.538	1531	0.12057
633	353	12.589	-120.	91.638	1531	0.12076
633	365	15.169	-120.	95.872	1531	0.11977
634	363	14.571	-120.	92.538	1531	0.12057
634	365	15.169	-120.	95.872	1531	0.11977
634	374	16.06	-120.	94.294	1531	0.12011
635	363	14.571	-120.	92.538	1531	0.12057
635	374	16.06	-120.	94.294	1531	0.12011
635	371	15.86	-120.	93.118	1531	0.1204
636	363	14.571	-120.	92.538	1531	0.12057
636	371	15.86	-120.	93.118	1531	0.1204
636	361	14.21	-120.	90.302	1531	0.12083
637	363	14.571	-120.	92.538	1531	0.12057
637	361	14.21	-120.	90.302	1531	0.12083
637	357	13.535	-120.	90.005	1531	0.12084
638	363	14.571	-120.	92.538	1531	0.12057
638	357	13.535	-120.	90.005	1531	0.12084
638	353	12.589	-120.	91.638	1531	0.12076
639	368	15.507	-120.	90.901	1531	0.12078
639	364	14.983	-120.	87.508	1531	0.12096
639	381	17.43	-120.	91.87	1531	0.12063
640	368	15.507	-120.	90.901	1531	0.12078
640	381	17.43	-120.	91.87	1531	0.12063
640	378	16.533	-120.	93.457	1531	0.12029
641	368	15.507	-120.	90.901	1531	0.12078
641	378	16.533	-120.	93.457	1531	0.12029
641	371	15.86	-120.	93.118	1531	0.1204
642	368	15.507	-120.	90.901	1531	0.12078
642	371	15.86	-120.	93.118	1531	0.1204
642	361	14.21	-120.	90.302	1531	0.12083
643	368	15.507	-120.	90.901	1531	0.12078
643	361	14.21	-120.	90.302	1531	0.12083
643	360	14.027	-120.	89.153	1531	0.12088
644	368	15.507	-120.	90.901	1531	0.12078
644	360	14.027	-120.	89.153	1531	0.12088
644	364	14.983	-120.	87.508	1531	0.12096
645	361	14.21	-120.	90.302	1531	0.12083
645	360	14.027	-120.	89.153	1531	0.12088
645	357	13.535	-120.	90.005	1531	0.12084
646	432	23.847	-120.	103.3	1544	0.11538
646	444	25.409	-120.	100.72	1544	0.11686
646	407	20.921	-120.	100.05	1544	0.11739
647	449	26.403	-120.	99.043	1546	0.11776
647	468	28.095	-120.	101.35	1546	0.11645
647	444	25.409	-120.	100.72	1546	0.11686
648	501	30.617	-120.	99.84	1546	0.11727
648	536	32.209	-120.	102.31	1546	0.11583
648	489	29.49	-120.	101.66	1546	0.11624
649	472	28.556	-120.	99.8	1546	0.11732
649	501	30.617	-120.	99.84	1546	0.11727
649	489	29.49	-120.	101.66	1546	0.11624
650	472	28.556	-120.	99.8	1546	0.11732
650	489	29.49	-120.	101.66	1546	0.11624
650	468	28.095	-120.	101.35	1546	0.11645
651	472	28.556	-120.	99.8	1546	0.11732
651	468	28.095	-120.	101.35	1546	0.11645
651	449	26.403	-120.	99.043	1546	0.11776
652	472	28.556	-120.	99.8	1546	0.11732
652	449	26.403	-120.	99.043	1546	0.11776
652	459	26.924	-120.	98.172	1546	0.1182
653	472	28.556	-120.	99.8	1546	0.11732
653	459	26.924	-120.	98.172	1546	0.1182
653	496	29.807	-120.	98.737	1546	0.11788
654	472	28.556	-120.	99.8	1546	0.11732
654	496	29.807	-120.	98.737	1546	0.11788
654	501	30.617	-120.	99.84	1546	0.11727
655	466	27.921	-120.	96.479	1546	0.11904
655	496	29.807	-120.	98.737	1546	0.11788
655	459	26.924	-120.	98.172	1546	0.1182
656	428	22.931	-120.	98.116	1547	0.11829
656	423	22.388	-120.	97.593	1547	0.11856
656	419	21.882	-120.	98.448	1547	0.11816
657	433	23.908	-120.	99.146	1547	0.11775
657	449	26.403	-120.	99.043	1547	0.11776
657	444	25.409	-120.	100.72	1547	0.11686
658	433	23.908	-120.	99.146	1547	0.11775
658	444	25.409	-120.	100.72	1547	0.11686
658	407	20.921	-120.	100.05	1547	0.11739
659	433	23.908	-120.	99.146	1547	0.11775
659	407	20.921	-120.	100.05	1547	0.11739
659	419	21.882	-120.	98.448	1547	0.11816
660	433	23.908	-120.	99.146	1547	0.11775
660	419	21.882	-120.	98.448	1547	0.11816
660	428	22.931	-120.	98.116	1547	0.11829
661	433	23.908	-120.	99.146	1547	0.11775
661	428	22.931	-120.	98.116	1547	0.11829
661	447	25.899	-120.	98.502	1547	0.11804
662	433	23.908	-120.	99.146	1547	0.11775
662	447	25.899	-120.	98.502	1547	0.11804
662	449	26.403	-120.	99.043	1547	0.11776
663	459	26.924	-120.	98.172	1547	0.1182
663	447	25.899	-120.	98.502	1547	0.11804
663	449	26.403	-120.	99.043	1547	0.11776
664	442	24.902	-120.	97.473	1547	0.11856
664	466	27.921	-120.	96.479	1547	0.11904
664	431	23.352	-120.	95.976	1547	0.11926
665	442	24.902	-120.	97.473	1547	0.11856
665	431	23.352	-120.	95.976	1547	0.11926
665	423	22.388	-120.	97.593	1547	0.11856
666	442	24.902	-120.	97.473	1547	0.11856
666	423	22.388	-120.	97.593	1547	0.11856
666	428	22.931	-120.	98.116	1547	0.11829
667	442	24.902	-120.	97.473	1547	0.11856
667	428	22.931	-120.	98.116	1547	0.11829
667	447	25.899	-120.	98.502	1547	0.11804
668	442	24.902	-120.	97.473	1547	0.11856
668	447	25.899	-120.	98.502	1547	0.11804
668	459	26.924	-120.	98.172	1547	0.1182
669	442	24.902	-120.	97.473	1547	0.11856
669	459	26.924	-120.	98.172	1547	0.1182
669	466	27.921	-120.	96.479	1547	0.11904
670	395	19.847	-120.	97.24	1566	0.11883
670	418	21.882	-120.	98.448	1566	0.11816
670	391	18.828	-120.	98.263	1566	0.11844
671	395	19.847	-120.	97.24	1566	0.11883
671	391	18.828	-120.	98.263	1566	0.11844
671	382	17.516	-120.	97.31	1566	0.11898
672	395	19.847	-120.	97.24	1566	0.11883
672	382	17.516	-120.	97.31	1566	0.11898
672	389	18.369	-120.	95.895	1566	0.11949
673	395	19.847	-120.	97.24	1566	0.11883
673	389	18.369	-120.	95.895	1566	0.11949
673	402	20.101	-120.	95.931	1566	0.11937
674	395	19.847	-120.	97.24	1566	0.11883
674	402	20.101	-120.	95.931	1566	0.11937
674	422	22.388	-120.	97.593	1566	0.11856
675	395	19.847	-120.	97.24	1566	0.11883
675	422	22.388	-120.	97.593	1566	0.11856
675	418	21.882	-120.	98.448	1566	0.11816
676	389	18.369	-120.	95.895	1566	0.11949
676	382	17.516	-120.	97.31	1566	0.11898
676	365	15.169	-120.	95.872	1566	0.11977
677	418	21.882	-120.	98.448	1566	0.11816
677	407	20.921	-120.	100.05	1566	0.11739
677	391	18.828	-120.	98.263	1566	0.11844
678	422	22.388	-120.	97.593	1566	0.11856
678	402	20.101	-120.	95.931	1566	0.11937
678	431	23.352	-120.	95.976	1566	0.11926
679	439	24.656	-120.	135.59	1581	0.10453
679	479	29.242	-120.	133.19	1581	0.10418
679	456	26.843	-120.	131.8	1581	0.10411
680	460	27.061	-120.	136.97	1582	0.10487
680	479	29.242	-120.	133.19	1582	0.10418
680	439	24.656	-120.	135.59	1582	0.10453
681	539	32.274	-120.	122.15	1583	0.1054
681	491	29.497	-120.	120.69	1583	0.10597
681	478	29.04	-120.	125.04	1583	0.10473
682	556	34.028	-120.	123.11	1585	0.10512
682	539	32.274	-120.	122.15	1585	0.1054
682	560	34.106	-120.	120.25	1585	0.10605
683	570	35.354	-120.	121.36	1585	0.10569
683	556	34.028	-120.	123.11	1585	0.10512
683	560	34.106	-120.	120.25	1585	0.10605
684	570	35.354	-120.	121.36	1585	0.10569
684	560	34.106	-120.	120.25	1585	0.10605
684	568	35.062	-120.	119.27	1585	0.10644
685	570	35.354	-120.	121.36	1585	0.10569
685	568	35.062	-120.	119.27	1585	0.10644
685	577	37.01	-120.	120.28	1585	0.10612
686	570	35.354	-120.	121.36	1585	0.10569
686	577	37.01	-120.	120.28	1585	0.10612
686	576	36.972	-120.	121.65	1585	0.10565
687	570	35.354	-120.	121.36	1585	0.10569
687	576	36.972	-120.	121.65	1585	0.10565
687	566	34.943	-120.	123.6	1585	0.10501
688	570	35.354	-120.	121.36	1585	0.10569
688	566	34.943	-120.	123.6	1585	0.10501
688	556	34.028	-120.	123.11	1585	0.10512
689	577	37.01	-120.	120.28	1585	0.10612
689	568	35.062	-120.	119.27	1585	0.10644
689	575	36.909	-120.	117.34	1585	0.10732
690	576	36.972	-120.	121.65	1585	0.10565
690	574	36.709	-120.	124.58	1585	0.10484
690	566	34.943	-120.	123.6	1585	0.10501
691	524	31.758	-120.	125.71	1588	0.10451
691	503	30.725	-120.	125.95	1588	0.10448
691	519	31.619	-120.	126.45	1588	0.10439
692	552	33.712	-120.	125.26	1588	0.1046
692	565	34.943	-120.	123.6	1588	0.10501
692	574	36.709	-120.	124.58	1588	0.10484
693	552	33.712	-120.	125.26	1588	0.1046
693	574	36.709	-120.	124.58	1588	0.10484
693	549	33.314	-120.	127.38	1588	0.10426
694	552	33.712	-120.	125.26	1588	0.1046
694	549	33.314	-120.	127.38	1588	0.10426
694	519	31.619	-120.	126.45	1588	0.10439
695	552	33.712	-120.	125.26	1588	0.1046
695	519	31.619	-120.	126.45	1588	0.10439
695	524	31.758	-120.	125.71	1588	0.10451
696	552	33.712	-120.	125.26	1588	0.1046
696	524	31.758	-120.	125.71	1588	0.10451
696	554	33.93	-120.	123.84	1588	0.10493
697	552	33.712	-120.	125.26	1588	0.1046
697	554	33.93	-120.	123.84	1588	0.10493
697	565	34.943	-120.	123.6	1588	0.10501
698	557	34.028	-120.	123.11	1588	0.10512
698	554	33.93	-120.	123.84	1588	0.10493
698	565	34.943	-120.	123.6	1588	0.10501
699	530	31.959	-120.	124.3	1588	0.10481
699	539	32.274	-120.	122.15	1588	0.1054
699	478	29.04	-120.	125.04	1588	0.10473
700	530	31.959	-120.	124.3	1588	0.10481
700	478	29.04	-120.	125.04	1588	0.10473
700	503	30.725	-120.	125.95	1588	0.10448
701	530	31.959	-120.	124.3	1588	0.10481
701	503	30.725	-120.	125.95	1588	0.10448
701	524	31.758	-120.	125.71	1588	0.10451
702	530	31.959	-120.	124.3	1588	0.10481
702	524	31.758	-120.	125.71	1588	0.10451
702	554	33.93	-120.	123.84	1588	0.10493
703	530	31.959	-120.	124.3	1588	0.10481
703	554	33.93	-120.	123.84	1588	0.10493
703	557	34.028	-120.	123.11	1588	0.10512
704	530	31.959	-120.	124.3	1588	0.10481
704	557	34.028	-120.	123.11	1588	0.10512
704	539	32.274	-120.	122.15	1588	0.1054
705	549	33.314	-120.	127.38	1589	0.10426
705	572	35.883	-120.	128.81	1589	0.10419
705	574	36.709	-120.	124.58	1589	0.10484
706	495	29.794	-120.	128.1	1591	0.1042
706	470	28.397	-120.	127.71	1591	0.1043
706	502	30.725	-120.	125.95	1591	0.10448
707	495	29.794	-120.	128.1	1591	0.1042
707	502	30.725	-120.	125.95	1591	0.10448
707	520	31.619	-120.	126.45	1591	0.10439
708	495	29.794	-120.	128.1	1591	0.1042
708	520	31.619	-120.	126.45	1591	0.10439
708	505	30.745	-120.	129.14	1591	0.10409
709	495	29.794	-120.	128.1	1591	0.1042
709	505	30.745	-120.	129.14	1591	0.10409
709	485	29.384	-120.	130.08	1591	0.10406
710	495	29.794	-120.	128.1	1591	0.1042
710	485	29.384	-120.	130.08	1591	0.10406
710	465	27.896	-120.	129.26	1591	0.10416
711	495	29.794	-120.	128.1	1591	0.1042
711	465	27.896	-120.	129.26	1591	0.10416
711	470	28.397	-120.	127.71	1591	0.1043
712	505	30.745	-120.	129.14	1591	0.10409
712	520	31.619	-120.	126.45	1591	0.10439
712	549	33.314	-120.	127.38	1591	0.10426
713	470	28.397	-120.	127.71	1591	0.1043
713	478	29.04	-120.	125.04	1591	0.10473
713	502	30.725	-120.	125.95	1591	0.10448
714	465	27.896	-120.	129.26	1591	0.10416
714	485	29.384	-120.	130.08	1591	0.10406
714	456	26.843	-120.	131.8	1591	0.10411
715	500	30.508	-120.	129.85	1592	0.10406
715	504	30.745	-120.	129.14	1592	0.10409
715	484	29.384	-120.	130.08	1592	0.10406
716	540	32.636	-120.	129.42	1592	0.10408
716	572	35.883	-120.	128.81	1592	0.10419
716	549	33.314	-120.	127.38	1592	0.10426
717	540	32.636	-120.	129.42	1592	0.10408
717	549	33.314	-120.	127.38	1592	0.10426
717	504	30.745	-120.	129.14	1592	0.10409
718	540	32.636	-120.	129.42	1592	0.10408
718	504	30.745	-120.	129.14	1592	0.10409
718	500	30.508	-120.	129.85	1592	0.10406
719	540	32.636	-120.	129.42	1592	0.10408
719	500	30.508	-120.	129.85	1592	0.10406
719	531	32.136	-120.	130.77	1592	0.10406
720	540	32.636	-120.	129.42	1592	0.10408
720	531	32.136	-120.	130.77	1592	0.10406
720	547	33.229	-120.	130.57	1592	0.10407
721	540	32.636	-120.	129.42	1592	0.10408
721	547	33.229	-120.	130.57	1592	0.10407
721	572	35.883	-120.	128.81	1592	0.10419
722	497	29.996	-120.	131.19	1592	0.10405
722	479	29.242	-120.	133.19	1592	0.10418
722	456	26.843	-120.	131.8	1592	0.10411
723	497	29.996	-120.	131.19	1592	0.10405
723	456	26.843	-120.	131.8	1592	0.10411
723	484	29.384	-120.	130.08	1592	0.10406
724	497	29.996	-120.	131.19	1592	0.10405
724	484	29.384	-120.	130.08	1592	0.10406
724	500	30.508	-120.	129.85	1592	0.10406
725	497	29.996	-120.	131.19	1592	0.10405
725	500	30.508	-120.	129.85	1592	0.10406
725	531	32.136	-120.	130.77	1592	0.10406
726	497	29.996	-120.	131.19	1592	0.10405
726	531	32.136	-120.	130.77	1592	0.10406
726	525	31.866	-120.	131.46	1592	0.10407
727	497	29.996	-120.	131.19	1592	0.10405
727	525	31.866	-120.	131.46	1592	0.10407
727	479	29.242	-120.	133.19	1592	0.10418
728	531	32.136	-120.	130.77	1592	0.10406
728	525	31.866	-120.	131.46	1592	0.10407
728	547	33.229	-120.	130.57	1592	0.10407
729	494	29.577	-120.	107.44	1594	0.11274
729	481	29.263	-120.	106.75	1594	0.11317
729	474	28.622	-120.	107.7	1594	0.1126
730	517	31.382	-120.	106.93	1594	0.11303
730	561	34.155	-120.	106.16	1594	0.11348
730	499	30.485	-120.	104.97	1594	0.11425
731	517	31.382	-120.	106.93	1594	0.11303
731	499	30.485	-120.	104.97	1594	0.11425
731	481	29.263	-120.	106.75	1594	0.11317
732	517	31.382	-120.	106.93	1594	0.11303
732	481	29.263	-120.	106.75	1594	0.11317
732	494	29.577	-120.	107.44	1594	0.11274
733	517	31.382	-120.	106.93	1594	0.11303
733	494	29.577	-120.	107.44	1594	0.11274
733	529	31.935	-120.	108.26	1594	0.11222
734	517	31.382	-120.	106.93	1594	0.11303
734	529	31.935	-120.	108.26	1594	0.11222
734	542	32.875	-120.	108.	1594	0.11237
735	517	31.382	-120.	106.93	1594	0.11303
735	542	32.875	-120.	108.	1594	0.11237
735	561	34.155	-120.	106.16	1594	0.11348
736	498	30.113	-120.	108.76	1594	0.11194
736	511	30.932	-120.	110.76	1594	0.11073
736	462	27.402	-120.	109.46	1594	0.11155
737	498	30.113	-120.	108.76	1594	0.11194
737	462	27.402	-120.	109.46	1594	0.11155
737	474	28.622	-120.	107.7	1594	0.1126
738	498	30.113	-120.	108.76	1594	0.11194
738	474	28.622	-120.	107.7	1594	0.1126
738	494	29.577	-120.	107.44	1594	0.11274
739	498	30.113	-120.	108.76	1594	0.11194
739	494	29.577	-120.	107.44	1594	0.11274
739	529	31.935	-120.	108.26	1594	0.11222
740	498	30.113	-120.	108.76	1594	0.11194
740	529	31.935	-120.	108.26	1594	0.11222
740	534	32.207	-120.	108.95	1594	0.11181
741	498	30.113	-120.	108.76	1594	0.11194
741	534	32.207	-120.	108.95	1594	0.11181
741	511	30.932	-120.	110.76	1594	0.11073
742	529	31.935	-120.	108.26	1594	0.11222
742	534	32.207	-120.	108.95	1594	0.11181
742	542	32.875	-120.	108.	1594	0.11237
743	477	28.754	-120.	113.62	1595	0.10917
743	511	30.932	-120.	110.76	1595	0.11073
743	462	27.402	-120.	109.46	1595	0.11155
744	561	34.155	-120.	106.16	1598	0.11348
744	536	32.209	-120.	102.31	1598	0.11583
744	499	30.485	-120.	104.97	1598	0.11425
745	107	-23.785	-120.	100.93	1649	0.12729
745	110	-23.545	-120.	96.143	1649	0.12527
745	73	-26.285	-120.	99.47	1649	0.12678
746	136	-21.358	-120.	102.37	1650	0.12773
746	130	-21.726	-120.	101.28	1650	0.1274
746	123	-22.197	-120.	101.87	1650	0.12759
747	133	-21.51	-120.	98.163	1650	0.1262
747	138	-21.019	-120.	97.611	1650	0.12594
747	125	-21.878	-120.	97.108	1650	0.12571
748	119	-22.44	-120.	99.25	1650	0.12667
748	123	-22.197	-120.	101.87	1650	0.12759
748	107	-23.785	-120.	100.93	1650	0.12729
749	119	-22.44	-120.	99.25	1650	0.12667
749	107	-23.785	-120.	100.93	1650	0.12729
749	110	-23.545	-120.	96.143	1650	0.12527
750	119	-22.44	-120.	99.25	1650	0.12667
750	110	-23.545	-120.	96.143	1650	0.12527
750	125	-21.878	-120.	97.108	1650	0.12571
751	119	-22.44	-120.	99.25	1650	0.12667
751	125	-21.878	-120.	97.108	1650	0.12571
751	133	-21.51	-120.	98.163	1650	0.1262
752	119	-22.44	-120.	99.25	1650	0.12667
752	133	-21.51	-120.	98.163	1650	0.1262
752	130	-21.726	-120.	101.28	1650	0.1274
753	119	-22.44	-120.	99.25	1650	0.12667
753	130	-21.726	-120.	101.28	1650	0.1274
753	123	-22.197	-120.	101.87	1650	0.12759
754	140	-20.794	-120.	100.22	1650	0.12703
754	138	-21.019	-120.	97.611	1650	0.12594
754	153	-19.369	-120.	98.573	1650	0.12636
755	140	-20.794	-120.	100.22	1650	0.12703
755	153	-19.369	-120.	98.573	1650	0.12636
755	151	-19.781	-120.	103.3	1650	0.128
756	140	-20.794	-120.	100.22	1650	0.12703
756	151	-19.781	-120.	103.3	1650	0.128
756	136	-21.358	-120.	102.37	1650	0.12773
757	140	-20.794	-120.	100.22	1650	0.12703
757	136	-21.358	-120.	102.37	1650	0.12773
757	130	-21.726	-120.	101.28	1650	0.1274
758	140	-20.794	-120.	100.22	1650	0.12703
758	130	-21.726	-120.	101.28	1650	0.1274
758	133	-21.51	-120.	98.163	1650	0.1262
759	140	-20.794	-120.	100.22	1650	0.12703
759	133	-21.51	-120.	98.163	1650	0.1262
759	138	-21.019	-120.	97.611	1650	0.12594
760	171	-16.855	-120.	100.05	1654	0.12702
760	153	-19.369	-120.	98.573	1654	0.12636
760	151	-19.781	-120.	103.3	1654	0.128
761	221	-8.7706	-120.	146.81	1667	0.11175
761	229	-7.1945	-120.	148.83	1667	0.11155
761	217	-9.7773	-120.	147.68	1667	0.11174
762	221	-8.7706	-120.	146.81	1667	0.11175
762	217	-9.7773	-120.	147.68	1667	0.11174
762	212	-10.674	-120.	146.2	1667	0.112
763	221	-8.7706	-120.	146.81	1667	0.11175
763	212	-10.674	-120.	146.2	1667	0.112
763	215	-9.8754	-120.	144.75	1667	0.11217
764	221	-8.7706	-120.	146.81	1667	0.11175
764	215	-9.8754	-120.	144.75	1667	0.11217
764	224	-8.3944	-120.	145.41	1667	0.11185
765	221	-8.7706	-120.	146.81	1667	0.11175
765	224	-8.3944	-120.	145.41	1667	0.11185
765	233	-6.7075	-120.	147.97	1667	0.11151
766	221	-8.7706	-120.	146.81	1667	0.11175
766	233	-6.7075	-120.	147.97	1667	0.11151
766	229	-7.1945	-120.	148.83	1667	0.11155
767	215	-9.8754	-120.	144.75	1667	0.11217
767	212	-10.674	-120.	146.2	1667	0.112
767	197	-12.295	-120.	143.44	1667	0.11282
768	229	-7.1945	-120.	148.83	1667	0.11155
768	226	-8.113	-120.	150.47	1667	0.1116
768	217	-9.7773	-120.	147.68	1667	0.11174
769	233	-6.7075	-120.	147.97	1667	0.11151
769	224	-8.3944	-120.	145.41	1667	0.11185
769	240	-5.7995	-120.	146.33	1667	0.1114
770	486	29.388	-120.	135.79	1726	0.10459
770	479	29.242	-120.	133.19	1726	0.10418
770	460	27.061	-120.	136.97	1726	0.10487
771	486	29.388	-120.	135.79	1726	0.10459
771	460	27.061	-120.	136.97	1726	0.10487
771	476	28.693	-120.	137.9	1726	0.10511
772	486	29.388	-120.	135.79	1726	0.10459
772	476	28.693	-120.	137.9	1726	0.10511
772	492	29.517	-120.	137.53	1726	0.10501
773	486	29.388	-120.	135.79	1726	0.10459
773	492	29.517	-120.	137.53	1726	0.10501
773	512	30.952	-120.	135.04	1726	0.10445
774	486	29.388	-120.	135.79	1726	0.10459
774	512	30.952	-120.	135.04	1726	0.10445
774	509	30.864	-120.	134.14	1726	0.1043
775	486	29.388	-120.	135.79	1726	0.10459
775	509	30.864	-120.	134.14	1726	0.1043
775	479	29.242	-120.	133.19	1726	0.10418
776	513	31.043	-120.	136.75	1726	0.10481
776	550	33.344	-120.	135.59	1726	0.10457
776	514	31.189	-120.	139.32	1726	0.10555
777	513	31.043	-120.	136.75	1726	0.10481
777	514	31.189	-120.	139.32	1726	0.10555
777	493	29.543	-120.	138.38	1726	0.10525
778	513	31.043	-120.	136.75	1726	0.10481
778	493	29.543	-120.	138.38	1726	0.10525
778	492	29.517	-120.	137.53	1726	0.10501
779	513	31.043	-120.	136.75	1726	0.10481
779	492	29.517	-120.	137.53	1726	0.10501
779	512	30.952	-120.	135.04	1726	0.10445
780	513	31.043	-120.	136.75	1726	0.10481
780	512	30.952	-120.	135.04	1726	0.10445
780	521	31.71	-120.	134.63	1726	0.10439
781	513	31.043	-120.	136.75	1726	0.10481
781	521	31.71	-120.	134.63	1726	0.10439
781	550	33.344	-120.	135.59	1726	0.10457
782	492	29.517	-120.	137.53	1726	0.10501
782	476	28.693	-120.	137.9	1726	0.10511
782	493	29.543	-120.	138.38	1726	0.10525
783	512	30.952	-120.	135.04	1726	0.10445
783	521	31.71	-120.	134.63	1726	0.10439
783	509	30.864	-120.	134.14	1726	0.1043
784	476	28.693	-120.	137.9	1744	0.10511
784	458	26.876	-120.	140.1	1744	0.10585
784	460	27.061	-120.	136.97	1744	0.10487
785	473	28.593	-120.	142.76	1744	0.10689
785	452	26.586	-120.	144.91	1744	0.10795
785	454	26.788	-120.	141.73	1744	0.10648
786	469	28.326	-120.	140.43	1744	0.10595
786	473	28.593	-120.	142.76	1744	0.10689
786	454	26.788	-120.	141.73	1744	0.10648
787	469	28.326	-120.	140.43	1744	0.10595
787	454	26.788	-120.	141.73	1744	0.10648
787	458	26.876	-120.	140.1	1744	0.10585
788	469	28.326	-120.	140.43	1744	0.10595
788	458	26.876	-120.	140.1	1744	0.10585
788	476	28.693	-120.	137.9	1744	0.10511
789	469	28.326	-120.	140.43	1744	0.10595
789	476	28.693	-120.	137.9	1744	0.10511
789	493	29.543	-120.	138.38	1744	0.10525
790	469	28.326	-120.	140.43	1744	0.10595
790	493	29.543	-120.	138.38	1744	0.10525
790	488	29.463	-120.	141.7	1744	0.10644
791	469	28.326	-120.	140.43	1744	0.10595
791	488	29.463	-120.	141.7	1744	0.10644
791	473	28.593	-120.	142.76	1744	0.10689
792	514	31.189	-120.	139.32	1744	0.10555
792	488	29.463	-120.	141.7	1744	0.10644
792	493	29.543	-120.	138.38	1744	0.10525
793	390	18.671	-120.	94.527	1810	0.11992
793	388	18.369	-120.	95.895	1810	0.11949
793	373	16.06	-120.	94.294	1810	0.12011
794	390	18.671	-120.	94.527	1810	0.11992
794	373	16.06	-120.	94.294	1810	0.12011
794	377	16.533	-120.	93.457	1810	0.12029
795	390	18.671	-120.	94.527	1810	0.11992
795	377	16.533	-120.	93.457	1810	0.12029
795	397	19.897	-120.	93.386	1810	0.12025
796	390	18.671	-120.	94.527	1810	0.11992
796	397	19.897	-120.	93.386	1810	0.12025
796	409	21.067	-120.	94.197	1810	0.11998
797	390	18.671	-120.	94.527	1810	0.11992
797	409	21.067	-120.	94.197	1810	0.11998
797	401	20.101	-120.	95.931	1810	0.11937
798	390	18.671	-120.	94.527	1810	0.11992
798	401	20.101	-120.	95.931	1810	0.11937
798	388	18.369	-120.	95.895	1810	0.11949
799	397	19.897	-120.	93.386	1810	0.12025
799	377	16.533	-120.	93.457	1810	0.12029
799	381	17.43	-120.	91.87	1810	0.12063
800	388	18.369	-120.	95.895	1810	0.11949
800	365	15.169	-120.	95.872	1810	0.11977
800	373	16.06	-120.	94.294	1810	0.12011
801	401	20.101	-120.	95.931	1810	0.11937
801	409	21.067	-120.	94.197	1810	0.11998
801	431	23.352	-120.	95.976	1810	0.11926
802	406	20.74	-120.	93.354	1811	0.12025
802	398	19.897	-120.	93.386	1811	0.12025
802	410	21.067	-120.	94.197	1811	0.11998
803	400	20.015	-120.	91.744	1811	0.12069
803	392	18.881	-120.	89.348	1811	0.12112
803	381	17.43	-120.	91.87	1811	0.12063
804	400	20.015	-120.	91.744	1811	0.12069
804	381	17.43	-120.	91.87	1811	0.12063
804	398	19.897	-120.	93.386	1811	0.12025
805	400	20.015	-120.	91.744	1811	0.12069
805	398	19.897	-120.	93.386	1811	0.12025
805	406	20.74	-120.	93.354	1811	0.12025
806	400	20.015	-120.	91.744	1811	0.12069
806	406	20.74	-120.	93.354	1811	0.12025
806	416	21.743	-120.	91.638	1811	0.12077
807	400	20.015	-120.	91.744	1811	0.12069
807	416	21.743	-120.	91.638	1811	0.12077
807	412	21.398	-120.	90.871	1811	0.12095
808	400	20.015	-120.	91.744	1811	0.12069
808	412	21.398	-120.	90.871	1811	0.12095
808	392	18.881	-120.	89.348	1811	0.12112
809	421	22.376	-120.	93.382	1811	0.12025
809	441	24.832	-120.	93.474	1811	0.12028
809	431	23.352	-120.	95.976	1811	0.11926
810	421	22.376	-120.	93.382	1811	0.12025
810	431	23.352	-120.	95.976	1811	0.11926
810	410	21.067	-120.	94.197	1811	0.11998
811	421	22.376	-120.	93.382	1811	0.12025
811	410	21.067	-120.	94.197	1811	0.11998
811	406	20.74	-120.	93.354	1811	0.12025
812	421	22.376	-120.	93.382	1811	0.12025
812	406	20.74	-120.	93.354	1811	0.12025
812	416	21.743	-120.	91.638	1811	0.12077
813	421	22.376	-120.	93.382	1811	0.12025
813	416	21.743	-120.	91.638	1811	0.12077
813	426	22.522	-120.	91.651	1811	0.12079
814	421	22.376	-120.	93.382	1811	0.12025
814	426	22.522	-120.	91.651	1811	0.12079
814	441	24.832	-120.	93.474	1811	0.12028
815	416	21.743	-120.	91.638	1811	0.12077
815	426	22.522	-120.	91.651	1811	0.12079
815	412	21.398	-120.	90.871	1811	0.12095
