小面	点	X坐标 (mm)	Y坐标 (mm)	Z坐标 (mm)	单元数	定向变形 (mm)
0	256	-2.9777	-120.	149.89	577	0.10455
0	268	-1.0913	-120.	151.9	577	0.10461
0	252	-3.9312	-120.	151.58	577	0.1046
1	288	1.8045	-120.	154.98	577	0.10473
1	267	-1.1343	-120.	154.83	577	0.1047
1	276	-0.11815	-120.	152.95	577	0.10464
2	243	-5.3928	-120.	154.18	577	0.10466
2	248	-4.4252	-120.	152.47	577	0.10462
2	259	-2.4941	-120.	154.68	577	0.10469
3	261	-2.1991	-120.	153.07	577	0.10464
3	252	-3.9312	-120.	151.58	577	0.1046
3	268	-1.0913	-120.	151.9	577	0.10461
4	261	-2.1991	-120.	153.07	577	0.10464
4	268	-1.0913	-120.	151.9	577	0.10461
4	276	-0.11815	-120.	152.95	577	0.10464
5	261	-2.1991	-120.	153.07	577	0.10464
5	276	-0.11815	-120.	152.95	577	0.10464
5	267	-1.1343	-120.	154.83	577	0.1047
6	261	-2.1991	-120.	153.07	577	0.10464
6	267	-1.1343	-120.	154.83	577	0.1047
6	259	-2.4941	-120.	154.68	577	0.10469
7	261	-2.1991	-120.	153.07	577	0.10464
7	259	-2.4941	-120.	154.68	577	0.10469
7	248	-4.4252	-120.	152.47	577	0.10462
8	261	-2.1991	-120.	153.07	577	0.10464
8	248	-4.4252	-120.	152.47	577	0.10462
8	252	-3.9312	-120.	151.58	577	0.1046
9	526	31.866	-120.	131.46	610	0.10408
9	510	30.864	-120.	134.14	610	0.10407
9	479	29.242	-120.	133.19	610	0.10407
10	564	34.544	-120.	132.9	610	0.10408
10	550	33.344	-120.	135.59	610	0.10408
10	522	31.71	-120.	134.63	610	0.10407
11	541	32.873	-120.	132.56	610	0.10408
11	564	34.544	-120.	132.9	610	0.10408
11	522	31.71	-120.	134.63	610	0.10407
12	541	32.873	-120.	132.56	610	0.10408
12	522	31.71	-120.	134.63	610	0.10407
12	510	30.864	-120.	134.14	610	0.10407
13	541	32.873	-120.	132.56	610	0.10408
13	510	30.864	-120.	134.14	610	0.10407
13	526	31.866	-120.	131.46	610	0.10408
14	541	32.873	-120.	132.56	610	0.10408
14	526	31.866	-120.	131.46	610	0.10408
14	546	33.229	-120.	130.57	610	0.10409
15	541	32.873	-120.	132.56	610	0.10408
15	546	33.229	-120.	130.57	610	0.10409
15	567	35.024	-120.	131.62	610	0.10409
16	541	32.873	-120.	132.56	610	0.10408
16	567	35.024	-120.	131.62	610	0.10409
16	564	34.544	-120.	132.9	610	0.10408
17	572	35.883	-120.	128.81	610	0.10412
17	567	35.024	-120.	131.62	610	0.10409
17	546	33.229	-120.	130.57	610	0.10409
18	109	-23.556	-120.	106.6	619	0.10612
18	124	-22.151	-120.	106.97	619	0.10612
18	98	-24.934	-120.	108.56	619	0.1061
19	109	-23.556	-120.	106.6	619	0.10612
19	98	-24.934	-120.	108.56	619	0.1061
19	83	-25.781	-120.	108.08	619	0.10611
20	109	-23.556	-120.	106.6	619	0.10612
20	83	-25.781	-120.	108.08	619	0.10611
20	104	-24.368	-120.	105.63	619	0.10613
21	109	-23.556	-120.	106.6	619	0.10612
21	104	-24.368	-120.	105.63	619	0.10613
21	117	-22.763	-120.	104.8	619	0.10613
22	109	-23.556	-120.	106.6	619	0.10612
22	117	-22.763	-120.	104.8	619	0.10613
22	137	-21.34	-120.	105.57	619	0.10613
23	109	-23.556	-120.	106.6	619	0.10612
23	137	-21.34	-120.	105.57	619	0.10613
23	124	-22.151	-120.	106.97	619	0.10612
24	104	-24.368	-120.	105.63	619	0.10613
24	83	-25.781	-120.	108.08	619	0.10611
24	55	-27.388	-120.	107.17	619	0.10612
25	124	-22.151	-120.	106.97	619	0.10612
25	112	-23.336	-120.	109.46	619	0.10608
25	98	-24.934	-120.	108.56	619	0.1061
26	137	-21.34	-120.	105.57	619	0.10613
26	117	-22.763	-120.	104.8	619	0.10613
26	151	-19.781	-120.	103.3	619	0.10613
27	153	-19.369	-120.	98.573	622	0.10605
27	139	-21.019	-120.	97.611	622	0.10602
27	155	-18.865	-120.	95.735	622	0.10596
28	110	-23.545	-120.	96.143	622	0.10598
28	134	-21.451	-120.	94.077	622	0.1059
28	126	-21.878	-120.	97.108	622	0.10601
29	165	-18.085	-120.	91.387	622	0.10577
29	161	-18.611	-120.	94.262	622	0.1059
29	144	-20.419	-120.	93.178	622	0.10586
30	145	-20.374	-120.	95.329	622	0.10594
30	155	-18.865	-120.	95.735	622	0.10596
30	139	-21.019	-120.	97.611	622	0.10602
31	145	-20.374	-120.	95.329	622	0.10594
31	139	-21.019	-120.	97.611	622	0.10602
31	126	-21.878	-120.	97.108	622	0.10601
32	145	-20.374	-120.	95.329	622	0.10594
32	126	-21.878	-120.	97.108	622	0.10601
32	134	-21.451	-120.	94.077	622	0.1059
33	145	-20.374	-120.	95.329	622	0.10594
33	134	-21.451	-120.	94.077	622	0.1059
33	144	-20.419	-120.	93.178	622	0.10586
34	145	-20.374	-120.	95.329	622	0.10594
34	144	-20.419	-120.	93.178	622	0.10586
34	161	-18.611	-120.	94.262	622	0.1059
35	145	-20.374	-120.	95.329	622	0.10594
35	161	-18.611	-120.	94.262	622	0.1059
35	155	-18.865	-120.	95.735	622	0.10596
36	285	1.3031	-120.	89.681	635	0.10565
36	275	-0.15357	-120.	92.615	635	0.10579
36	300	4.2195	-120.	92.615	635	0.10575
37	80	-26.056	-120.	108.78	712	0.1061
37	97	-24.934	-120.	108.56	712	0.1061
37	82	-25.781	-120.	108.08	712	0.10611
38	43	-28.173	-120.	109.18	712	0.10609
38	23	-29.748	-120.	110.74	712	0.10606
38	7	-31.417	-120.	109.78	712	0.10607
39	43	-28.173	-120.	109.18	712	0.10609
39	7	-31.417	-120.	109.78	712	0.10607
39	55	-27.388	-120.	107.17	712	0.10612
40	43	-28.173	-120.	109.18	712	0.10609
40	55	-27.388	-120.	107.17	712	0.10612
40	82	-25.781	-120.	108.08	712	0.10611
41	43	-28.173	-120.	109.18	712	0.10609
41	82	-25.781	-120.	108.08	712	0.10611
41	80	-26.056	-120.	108.78	712	0.1061
42	43	-28.173	-120.	109.18	712	0.10609
42	80	-26.056	-120.	108.78	712	0.1061
42	36	-28.65	-120.	110.53	712	0.10607
43	43	-28.173	-120.	109.18	712	0.10609
43	36	-28.65	-120.	110.53	712	0.10607
43	23	-29.748	-120.	110.74	712	0.10606
44	32	-28.882	-120.	111.23	712	0.10605
44	36	-28.65	-120.	110.53	712	0.10607
44	23	-29.748	-120.	110.74	712	0.10606
45	68	-26.514	-120.	110.12	712	0.10607
45	61	-27.224	-120.	112.18	712	0.10603
45	112	-23.336	-120.	109.46	712	0.10608
46	68	-26.514	-120.	110.12	712	0.10607
46	112	-23.336	-120.	109.46	712	0.10608
46	97	-24.934	-120.	108.56	712	0.1061
47	68	-26.514	-120.	110.12	712	0.10607
47	97	-24.934	-120.	108.56	712	0.1061
47	80	-26.056	-120.	108.78	712	0.1061
48	68	-26.514	-120.	110.12	712	0.10607
48	80	-26.056	-120.	108.78	712	0.1061
48	36	-28.65	-120.	110.53	712	0.10607
49	68	-26.514	-120.	110.12	712	0.10607
49	36	-28.65	-120.	110.53	712	0.10607
49	32	-28.882	-120.	111.23	712	0.10605
50	68	-26.514	-120.	110.12	712	0.10607
50	32	-28.882	-120.	111.23	712	0.10605
50	61	-27.224	-120.	112.18	712	0.10603
51	241	-5.7764	-120.	90.758	716	0.10572
51	235	-6.5008	-120.	90.968	716	0.10573
51	237	-6.2516	-120.	91.919	716	0.10578
52	225	-8.3372	-120.	89.613	716	0.10566
52	223	-8.5933	-120.	88.683	716	0.10562
52	220	-9.0374	-120.	89.857	716	0.10568
53	227	-7.8565	-120.	91.427	716	0.10576
53	237	-6.2516	-120.	91.919	716	0.10578
53	231	-7.1082	-120.	94.093	716	0.10589
54	227	-7.8565	-120.	91.427	716	0.10576
54	231	-7.1082	-120.	94.093	716	0.10589
54	214	-9.904	-120.	92.112	716	0.10579
55	227	-7.8565	-120.	91.427	716	0.10576
55	214	-9.904	-120.	92.112	716	0.10579
55	220	-9.0374	-120.	89.857	716	0.10568
56	227	-7.8565	-120.	91.427	716	0.10576
56	220	-9.0374	-120.	89.857	716	0.10568
56	225	-8.3372	-120.	89.613	716	0.10566
57	227	-7.8565	-120.	91.427	716	0.10576
57	225	-8.3372	-120.	89.613	716	0.10566
57	235	-6.5008	-120.	90.968	716	0.10573
58	227	-7.8565	-120.	91.427	716	0.10576
58	235	-6.5008	-120.	90.968	716	0.10573
58	237	-6.2516	-120.	91.919	716	0.10578
59	232	-6.9679	-120.	89.165	716	0.10564
59	223	-8.5933	-120.	88.683	716	0.10562
59	228	-7.7041	-120.	86.405	716	0.1055
60	232	-6.9679	-120.	89.165	716	0.10564
60	228	-7.7041	-120.	86.405	716	0.1055
60	245	-4.8957	-120.	88.564	716	0.10561
61	232	-6.9679	-120.	89.165	716	0.10564
61	245	-4.8957	-120.	88.564	716	0.10561
61	241	-5.7764	-120.	90.758	716	0.10572
62	232	-6.9679	-120.	89.165	716	0.10564
62	241	-5.7764	-120.	90.758	716	0.10572
62	235	-6.5008	-120.	90.968	716	0.10573
63	232	-6.9679	-120.	89.165	716	0.10564
63	235	-6.5008	-120.	90.968	716	0.10573
63	225	-8.3372	-120.	89.613	716	0.10566
64	232	-6.9679	-120.	89.165	716	0.10564
64	225	-8.3372	-120.	89.613	716	0.10566
64	223	-8.5933	-120.	88.683	716	0.10562
65	177	-15.833	-120.	140.87	735	0.10469
65	169	-17.251	-120.	143.32	735	0.10463
65	197	-12.295	-120.	143.44	735	0.1046
66	1	-32.805	-120.	116.88	751	0.10587
66	0	-32.924	-120.	121.19	751	0.10568
66	16	-30.093	-120.	118.32	751	0.10582
67	226	-8.113	-120.	150.47	765	0.10457
67	218	-9.54	-120.	153.01	765	0.1046
67	243	-5.3928	-120.	154.18	765	0.10466
68	250	-4.0658	-120.	91.691	802	0.10577
68	263	-2.0045	-120.	91.016	802	0.10572
68	257	-2.8829	-120.	92.974	802	0.10583
69	250	-4.0658	-120.	91.691	802	0.10577
69	257	-2.8829	-120.	92.974	802	0.10583
69	247	-4.4686	-120.	93.311	802	0.10585
70	250	-4.0658	-120.	91.691	802	0.10577
70	247	-4.4686	-120.	93.311	802	0.10585
70	238	-6.2516	-120.	91.919	802	0.10578
71	250	-4.0658	-120.	91.691	802	0.10577
71	238	-6.2516	-120.	91.919	802	0.10578
71	242	-5.7764	-120.	90.758	802	0.10572
72	250	-4.0658	-120.	91.691	802	0.10577
72	242	-5.7764	-120.	90.758	802	0.10572
72	254	-3.011	-120.	90.17	802	0.10569
73	250	-4.0658	-120.	91.691	802	0.10577
73	254	-3.011	-120.	90.17	802	0.10569
73	263	-2.0045	-120.	91.016	802	0.10572
74	238	-6.2516	-120.	91.919	802	0.10578
74	247	-4.4686	-120.	93.311	802	0.10585
74	231	-7.1082	-120.	94.093	802	0.10589
75	263	-2.0045	-120.	91.016	802	0.10572
75	275	-0.15357	-120.	92.615	802	0.10579
75	257	-2.8829	-120.	92.974	802	0.10583
76	254	-3.011	-120.	90.17	802	0.10569
76	242	-5.7764	-120.	90.758	802	0.10572
76	245	-4.8957	-120.	88.564	802	0.10561
77	353	12.589	-120.	91.638	810	0.10565
77	343	11.174	-120.	94.093	810	0.10568
77	365	15.169	-120.	95.872	810	0.10561
78	427	22.928	-120.	139.99	840	0.10414
78	413	21.536	-120.	141.87	840	0.10418
78	420	21.895	-120.	138.97	840	0.10411
79	427	22.928	-120.	139.99	840	0.10414
79	420	21.895	-120.	138.97	840	0.10411
79	429	22.98	-120.	137.77	840	0.10409
80	427	22.928	-120.	139.99	840	0.10414
80	429	22.98	-120.	137.77	840	0.10409
80	437	24.441	-120.	138.64	840	0.10411
81	427	22.928	-120.	139.99	840	0.10414
81	437	24.441	-120.	138.64	840	0.10411
81	435	24.303	-120.	140.3	840	0.10414
82	427	22.928	-120.	139.99	840	0.10414
82	435	24.303	-120.	140.3	840	0.10414
82	424	22.411	-120.	142.4	840	0.1042
83	427	22.928	-120.	139.99	840	0.10414
83	424	22.411	-120.	142.4	840	0.1042
83	413	21.536	-120.	141.87	840	0.10418
84	437	24.441	-120.	138.64	840	0.10411
84	429	22.98	-120.	137.77	840	0.10409
84	439	24.656	-120.	135.59	840	0.10407
85	413	21.536	-120.	141.87	840	0.10418
85	399	19.899	-120.	140.87	840	0.10415
85	420	21.895	-120.	138.97	840	0.10411
86	424	22.411	-120.	142.4	840	0.1042
86	435	24.303	-120.	140.3	840	0.10414
86	434	24.064	-120.	143.4	840	0.10423
87	240	-5.7995	-120.	146.33	842	0.10451
87	256	-2.9777	-120.	149.89	842	0.10455
87	265	-1.522	-120.	147.24	842	0.10447
88	35	-28.656	-120.	129.72	857	0.10525
88	6	-31.929	-120.	128.36	857	0.10532
88	10	-30.643	-120.	132.48	857	0.1051
89	152	-19.63	-120.	147.46	858	0.10455
89	175	-16.089	-120.	149.92	858	0.10454
89	181	-14.63	-120.	147.4	858	0.10456
90	214	-9.904	-120.	92.112	861	0.10579
90	206	-11.103	-120.	95.872	861	0.10597
90	231	-7.1082	-120.	94.093	861	0.10589
91	56	-27.376	-120.	127.13	865	0.10538
91	63	-27.196	-120.	127.86	865	0.10535
91	70	-26.429	-120.	126.87	865	0.1054
92	31	-29.171	-120.	127.62	865	0.10536
92	6	-31.929	-120.	128.36	865	0.10532
92	35	-28.656	-120.	129.72	865	0.10525
93	31	-29.171	-120.	127.62	865	0.10536
93	35	-28.656	-120.	129.72	865	0.10525
93	63	-27.196	-120.	127.86	865	0.10535
94	31	-29.171	-120.	127.62	865	0.10536
94	63	-27.196	-120.	127.86	865	0.10535
94	56	-27.376	-120.	127.13	865	0.10538
95	31	-29.171	-120.	127.62	865	0.10536
95	56	-27.376	-120.	127.13	865	0.10538
95	28	-29.468	-120.	126.21	865	0.10543
96	31	-29.171	-120.	127.62	865	0.10536
96	28	-29.468	-120.	126.21	865	0.10543
96	15	-30.401	-120.	126.46	865	0.10542
97	31	-29.171	-120.	127.62	865	0.10536
97	15	-30.401	-120.	126.46	865	0.10542
97	6	-31.929	-120.	128.36	865	0.10532
98	52	-27.657	-120.	125.72	865	0.10546
98	44	-28.087	-120.	123.61	865	0.10557
98	96	-24.974	-120.	125.04	865	0.10549
99	52	-27.657	-120.	125.72	865	0.10546
99	96	-24.974	-120.	125.04	865	0.10549
99	70	-26.429	-120.	126.87	865	0.1054
100	52	-27.657	-120.	125.72	865	0.10546
100	70	-26.429	-120.	126.87	865	0.1054
100	56	-27.376	-120.	127.13	865	0.10538
101	52	-27.657	-120.	125.72	865	0.10546
101	56	-27.376	-120.	127.13	865	0.10538
101	28	-29.468	-120.	126.21	865	0.10543
102	52	-27.657	-120.	125.72	865	0.10546
102	28	-29.468	-120.	126.21	865	0.10543
102	25	-29.607	-120.	125.48	865	0.10547
103	52	-27.657	-120.	125.72	865	0.10546
103	25	-29.607	-120.	125.48	865	0.10547
103	44	-28.087	-120.	123.61	865	0.10557
104	28	-29.468	-120.	126.21	865	0.10543
104	25	-29.607	-120.	125.48	865	0.10547
104	15	-30.401	-120.	126.46	865	0.10542
105	44	-28.087	-120.	123.61	867	0.10557
105	24	-29.607	-120.	125.48	867	0.10547
105	19	-29.999	-120.	122.65	867	0.10562
106	6	-31.929	-120.	128.36	867	0.10532
106	3	-32.513	-120.	125.48	867	0.10547
106	14	-30.401	-120.	126.46	867	0.10542
107	0	-32.924	-120.	121.19	867	0.10568
107	9	-30.996	-120.	122.16	867	0.10564
107	2	-32.701	-120.	124.13	867	0.10554
108	8	-31.036	-120.	124.39	867	0.10553
108	19	-29.999	-120.	122.65	867	0.10562
108	24	-29.607	-120.	125.48	867	0.10547
109	8	-31.036	-120.	124.39	867	0.10553
109	24	-29.607	-120.	125.48	867	0.10547
109	14	-30.401	-120.	126.46	867	0.10542
110	8	-31.036	-120.	124.39	867	0.10553
110	14	-30.401	-120.	126.46	867	0.10542
110	3	-32.513	-120.	125.48	867	0.10547
111	8	-31.036	-120.	124.39	867	0.10553
111	3	-32.513	-120.	125.48	867	0.10547
111	2	-32.701	-120.	124.13	867	0.10554
112	8	-31.036	-120.	124.39	867	0.10553
112	2	-32.701	-120.	124.13	867	0.10554
112	9	-30.996	-120.	122.16	867	0.10564
113	8	-31.036	-120.	124.39	867	0.10553
113	9	-30.996	-120.	122.16	867	0.10564
113	19	-29.999	-120.	122.65	867	0.10562
114	204	-11.69	-120.	149.52	879	0.10456
114	208	-10.796	-120.	149.39	879	0.10456
114	199	-12.084	-120.	148.78	879	0.10456
115	207	-10.848	-120.	150.93	879	0.10457
115	218	-9.54	-120.	153.01	879	0.1046
115	226	-8.113	-120.	150.47	879	0.10457
116	207	-10.848	-120.	150.93	879	0.10457
116	226	-8.113	-120.	150.47	879	0.10457
116	208	-10.796	-120.	149.39	879	0.10456
117	207	-10.848	-120.	150.93	879	0.10457
117	208	-10.796	-120.	149.39	879	0.10456
117	204	-11.69	-120.	149.52	879	0.10456
118	207	-10.848	-120.	150.93	879	0.10457
118	204	-11.69	-120.	149.52	879	0.10456
118	194	-12.675	-120.	151.25	879	0.10456
119	207	-10.848	-120.	150.93	879	0.10457
119	194	-12.675	-120.	151.25	879	0.10456
119	198	-12.273	-120.	151.92	879	0.10457
120	207	-10.848	-120.	150.93	879	0.10457
120	198	-12.273	-120.	151.92	879	0.10457
120	218	-9.54	-120.	153.01	879	0.1046
121	190	-13.446	-120.	149.7	879	0.10456
121	175	-16.089	-120.	149.92	879	0.10454
121	181	-14.63	-120.	147.4	879	0.10456
122	190	-13.446	-120.	149.7	879	0.10456
122	181	-14.63	-120.	147.4	879	0.10456
122	199	-12.084	-120.	148.78	879	0.10456
123	190	-13.446	-120.	149.7	879	0.10456
123	199	-12.084	-120.	148.78	879	0.10456
123	204	-11.69	-120.	149.52	879	0.10456
124	190	-13.446	-120.	149.7	879	0.10456
124	204	-11.69	-120.	149.52	879	0.10456
124	194	-12.675	-120.	151.25	879	0.10456
125	190	-13.446	-120.	149.7	879	0.10456
125	194	-12.675	-120.	151.25	879	0.10456
125	188	-13.511	-120.	151.33	879	0.10456
126	190	-13.446	-120.	149.7	879	0.10456
126	188	-13.511	-120.	151.33	879	0.10456
126	175	-16.089	-120.	149.92	879	0.10454
127	194	-12.675	-120.	151.25	879	0.10456
127	188	-13.511	-120.	151.33	879	0.10456
127	198	-12.273	-120.	151.92	879	0.10457
128	463	27.448	-120.	103.66	890	0.10525
128	451	26.451	-120.	103.94	890	0.10524
128	464	27.85	-120.	104.3	890	0.10522
129	453	26.629	-120.	102.49	890	0.10531
129	444	25.409	-120.	100.72	890	0.10539
129	432	23.847	-120.	103.3	890	0.10527
130	453	26.629	-120.	102.49	890	0.10531
130	432	23.847	-120.	103.3	890	0.10527
130	451	26.451	-120.	103.94	890	0.10524
131	453	26.629	-120.	102.49	890	0.10531
131	451	26.451	-120.	103.94	890	0.10524
131	463	27.448	-120.	103.66	890	0.10525
132	453	26.629	-120.	102.49	890	0.10531
132	463	27.448	-120.	103.66	890	0.10525
132	471	28.524	-120.	101.95	890	0.10533
133	453	26.629	-120.	102.49	890	0.10531
133	471	28.524	-120.	101.95	890	0.10533
133	467	28.095	-120.	101.35	890	0.10536
134	453	26.629	-120.	102.49	890	0.10531
134	467	28.095	-120.	101.35	890	0.10536
134	444	25.409	-120.	100.72	890	0.10539
135	483	29.334	-120.	103.14	890	0.10527
135	536	32.209	-120.	102.31	890	0.10531
135	499	30.485	-120.	104.97	890	0.10518
136	483	29.334	-120.	103.14	890	0.10527
136	499	30.485	-120.	104.97	890	0.10518
136	464	27.85	-120.	104.3	890	0.10522
137	483	29.334	-120.	103.14	890	0.10527
137	464	27.85	-120.	104.3	890	0.10522
137	463	27.448	-120.	103.66	890	0.10525
138	483	29.334	-120.	103.14	890	0.10527
138	463	27.448	-120.	103.66	890	0.10525
138	471	28.524	-120.	101.95	890	0.10533
139	483	29.334	-120.	103.14	890	0.10527
139	471	28.524	-120.	101.95	890	0.10533
139	490	29.49	-120.	101.66	890	0.10534
140	483	29.334	-120.	103.14	890	0.10527
140	490	29.49	-120.	101.66	890	0.10534
140	536	32.209	-120.	102.31	890	0.10531
141	471	28.524	-120.	101.95	890	0.10533
141	490	29.49	-120.	101.66	890	0.10534
141	467	28.095	-120.	101.35	890	0.10536
142	50	-27.848	-120.	115.7	894	0.10592
142	45	-27.948	-120.	116.45	894	0.10589
142	65	-26.814	-120.	115.45	894	0.10593
143	53	-27.595	-120.	114.29	894	0.10597
143	29	-29.43	-120.	114.03	894	0.10597
143	61	-27.224	-120.	112.18	894	0.10603
144	53	-27.595	-120.	114.29	894	0.10597
144	61	-27.224	-120.	112.18	894	0.10603
144	100	-24.688	-120.	113.62	894	0.10598
145	53	-27.595	-120.	114.29	894	0.10597
145	100	-24.688	-120.	113.62	894	0.10598
145	65	-26.814	-120.	115.45	894	0.10593
146	53	-27.595	-120.	114.29	894	0.10597
146	65	-26.814	-120.	115.45	894	0.10593
146	50	-27.848	-120.	115.7	894	0.10592
147	53	-27.595	-120.	114.29	894	0.10597
147	50	-27.848	-120.	115.7	894	0.10592
147	26	-29.567	-120.	114.76	894	0.10595
148	53	-27.595	-120.	114.29	894	0.10597
148	26	-29.567	-120.	114.76	894	0.10595
148	29	-29.43	-120.	114.03	894	0.10597
149	12	-30.578	-120.	114.99	894	0.10594
149	26	-29.567	-120.	114.76	894	0.10595
149	29	-29.43	-120.	114.03	894	0.10597
150	21	-29.807	-120.	116.19	894	0.1059
150	1	-32.805	-120.	116.88	894	0.10587
150	16	-30.093	-120.	118.32	894	0.10582
151	21	-29.807	-120.	116.19	894	0.1059
151	16	-30.093	-120.	118.32	894	0.10582
151	45	-27.948	-120.	116.45	894	0.10589
152	21	-29.807	-120.	116.19	894	0.1059
152	45	-27.948	-120.	116.45	894	0.10589
152	50	-27.848	-120.	115.7	894	0.10592
153	21	-29.807	-120.	116.19	894	0.1059
153	50	-27.848	-120.	115.7	894	0.10592
153	26	-29.567	-120.	114.76	894	0.10595
154	21	-29.807	-120.	116.19	894	0.1059
154	26	-29.567	-120.	114.76	894	0.10595
154	12	-30.578	-120.	114.99	894	0.10594
155	21	-29.807	-120.	116.19	894	0.1059
155	12	-30.578	-120.	114.99	894	0.10594
155	1	-32.805	-120.	116.88	894	0.10587
156	40	-28.243	-120.	120.02	900	0.10574
156	59	-27.268	-120.	119.76	900	0.10575
156	38	-28.244	-120.	119.26	900	0.10578
157	42	-28.178	-120.	121.44	900	0.10568
157	44	-28.087	-120.	123.61	900	0.10557
157	88	-25.431	-120.	120.69	900	0.10571
158	42	-28.178	-120.	121.44	900	0.10568
158	88	-25.431	-120.	120.69	900	0.10571
158	59	-27.268	-120.	119.76	900	0.10575
159	42	-28.178	-120.	121.44	900	0.10568
159	59	-27.268	-120.	119.76	900	0.10575
159	40	-28.243	-120.	120.02	900	0.10574
160	42	-28.178	-120.	121.44	900	0.10568
160	40	-28.243	-120.	120.02	900	0.10574
160	18	-30.04	-120.	121.91	900	0.10565
161	42	-28.178	-120.	121.44	900	0.10568
161	18	-30.04	-120.	121.91	900	0.10565
161	19	-29.999	-120.	122.65	900	0.10562
162	42	-28.178	-120.	121.44	900	0.10568
162	19	-29.999	-120.	122.65	900	0.10562
162	44	-28.087	-120.	123.61	900	0.10557
163	17	-30.09	-120.	120.48	900	0.10572
163	0	-32.924	-120.	121.19	900	0.10568
163	16	-30.093	-120.	118.32	900	0.10582
164	17	-30.09	-120.	120.48	900	0.10572
164	16	-30.093	-120.	118.32	900	0.10582
164	38	-28.244	-120.	119.26	900	0.10578
165	17	-30.09	-120.	120.48	900	0.10572
165	38	-28.244	-120.	119.26	900	0.10578
165	40	-28.243	-120.	120.02	900	0.10574
166	17	-30.09	-120.	120.48	900	0.10572
166	40	-28.243	-120.	120.02	900	0.10574
166	18	-30.04	-120.	121.91	900	0.10565
167	17	-30.09	-120.	120.48	900	0.10572
167	18	-30.04	-120.	121.91	900	0.10565
167	9	-30.996	-120.	122.16	900	0.10564
168	17	-30.09	-120.	120.48	900	0.10572
168	9	-30.996	-120.	122.16	900	0.10564
168	0	-32.924	-120.	121.19	900	0.10568
169	18	-30.04	-120.	121.91	900	0.10565
169	9	-30.996	-120.	122.16	900	0.10564
169	19	-29.999	-120.	122.65	900	0.10562
170	101	-24.589	-120.	134.53	905	0.10499
170	143	-20.59	-120.	135.59	905	0.10493
170	115	-22.777	-120.	131.8	905	0.10513
171	236	-6.4699	-120.	149.04	910	0.10455
171	234	-6.7075	-120.	147.97	910	0.10454
171	230	-7.1945	-120.	148.83	910	0.10455
172	239	-6.0411	-120.	151.07	910	0.10458
172	249	-4.4252	-120.	152.47	910	0.10462
172	243	-5.3928	-120.	154.18	910	0.10466
173	239	-6.0411	-120.	151.07	910	0.10458
173	243	-5.3928	-120.	154.18	910	0.10466
173	226	-8.113	-120.	150.47	910	0.10457
174	239	-6.0411	-120.	151.07	910	0.10458
174	226	-8.113	-120.	150.47	910	0.10457
174	230	-7.1945	-120.	148.83	910	0.10455
175	239	-6.0411	-120.	151.07	910	0.10458
175	230	-7.1945	-120.	148.83	910	0.10455
175	236	-6.4699	-120.	149.04	910	0.10455
176	239	-6.0411	-120.	151.07	910	0.10458
176	236	-6.4699	-120.	149.04	910	0.10455
176	246	-4.6513	-120.	151.42	910	0.10459
177	239	-6.0411	-120.	151.07	910	0.10458
177	246	-4.6513	-120.	151.42	910	0.10459
177	249	-4.4252	-120.	152.47	910	0.10462
178	251	-3.9312	-120.	151.58	910	0.1046
178	246	-4.6513	-120.	151.42	910	0.10459
178	249	-4.4252	-120.	152.47	910	0.10462
179	244	-5.0895	-120.	149.37	910	0.10455
179	256	-2.9777	-120.	149.89	910	0.10455
179	240	-5.7995	-120.	146.33	910	0.10451
180	244	-5.0895	-120.	149.37	910	0.10455
180	240	-5.7995	-120.	146.33	910	0.10451
180	234	-6.7075	-120.	147.97	910	0.10454
181	244	-5.0895	-120.	149.37	910	0.10455
181	234	-6.7075	-120.	147.97	910	0.10454
181	236	-6.4699	-120.	149.04	910	0.10455
182	244	-5.0895	-120.	149.37	910	0.10455
182	236	-6.4699	-120.	149.04	910	0.10455
182	246	-4.6513	-120.	151.42	910	0.10459
183	244	-5.0895	-120.	149.37	910	0.10455
183	246	-4.6513	-120.	151.42	910	0.10459
183	251	-3.9312	-120.	151.58	910	0.1046
184	244	-5.0895	-120.	149.37	910	0.10455
184	251	-3.9312	-120.	151.58	910	0.1046
184	256	-2.9777	-120.	149.89	910	0.10455
185	304	4.9242	-120.	150.14	912	0.10454
185	302	4.6741	-120.	149.18	912	0.1045
185	299	4.1731	-120.	150.21	912	0.10454
186	312	6.3385	-120.	149.94	912	0.10452
186	323	8.4836	-120.	149.65	912	0.10451
186	308	5.588	-120.	147.24	912	0.10441
187	312	6.3385	-120.	149.94	912	0.10452
187	308	5.588	-120.	147.24	912	0.10441
187	302	4.6741	-120.	149.18	912	0.1045
188	312	6.3385	-120.	149.94	912	0.10452
188	302	4.6741	-120.	149.18	912	0.1045
188	304	4.9242	-120.	150.14	912	0.10454
189	312	6.3385	-120.	149.94	912	0.10452
189	304	4.9242	-120.	150.14	912	0.10454
189	314	6.814	-120.	151.77	912	0.10461
190	312	6.3385	-120.	149.94	912	0.10452
190	314	6.814	-120.	151.77	912	0.10461
190	320	7.5469	-120.	151.66	912	0.1046
191	312	6.3385	-120.	149.94	912	0.10452
191	320	7.5469	-120.	151.66	912	0.1046
191	323	8.4836	-120.	149.65	912	0.10451
192	307	5.3872	-120.	151.95	912	0.10461
192	311	6.1077	-120.	154.74	912	0.10473
192	296	3.2389	-120.	152.16	912	0.10462
193	307	5.3872	-120.	151.95	912	0.10461
193	296	3.2389	-120.	152.16	912	0.10462
193	299	4.1731	-120.	150.21	912	0.10454
194	307	5.3872	-120.	151.95	912	0.10461
194	299	4.1731	-120.	150.21	912	0.10454
194	304	4.9242	-120.	150.14	912	0.10454
195	307	5.3872	-120.	151.95	912	0.10461
195	304	4.9242	-120.	150.14	912	0.10454
195	314	6.814	-120.	151.77	912	0.10461
196	307	5.3872	-120.	151.95	912	0.10461
196	314	6.814	-120.	151.77	912	0.10461
196	316	7.065	-120.	152.71	912	0.10465
197	307	5.3872	-120.	151.95	912	0.10461
197	316	7.065	-120.	152.71	912	0.10465
197	311	6.1077	-120.	154.74	912	0.10473
198	314	6.814	-120.	151.77	912	0.10461
198	316	7.065	-120.	152.71	912	0.10465
198	320	7.5469	-120.	151.66	912	0.1046
199	387	18.289	-120.	147.65	935	0.10441
199	393	19.016	-120.	145.11	935	0.1043
199	405	20.723	-120.	146.15	935	0.10434
200	396	19.872	-120.	148.18	935	0.10443
200	387	18.289	-120.	147.65	935	0.10441
200	405	20.723	-120.	146.15	935	0.10434
201	396	19.872	-120.	148.18	935	0.10443
201	405	20.723	-120.	146.15	935	0.10434
201	415	21.609	-120.	146.7	935	0.10436
202	396	19.872	-120.	148.18	935	0.10443
202	415	21.609	-120.	146.7	935	0.10436
202	408	20.929	-120.	149.43	935	0.10448
203	396	19.872	-120.	148.18	935	0.10443
203	408	20.929	-120.	149.43	935	0.10448
203	394	19.764	-120.	150.15	935	0.10452
204	396	19.872	-120.	148.18	935	0.10443
204	394	19.764	-120.	150.15	935	0.10452
204	385	17.918	-120.	148.97	935	0.10447
205	396	19.872	-120.	148.18	935	0.10443
205	385	17.918	-120.	148.97	935	0.10447
205	387	18.289	-120.	147.65	935	0.10441
206	408	20.929	-120.	149.43	935	0.10448
206	415	21.609	-120.	146.7	935	0.10436
206	430	23.336	-120.	147.74	935	0.1044
207	394	19.764	-120.	150.15	935	0.10452
207	380	17.167	-120.	151.53	935	0.10459
207	385	17.918	-120.	148.97	935	0.10447
208	291	2.4319	-120.	148.95	938	0.1045
208	299	4.1731	-120.	150.21	938	0.10454
208	287	1.3459	-120.	150.21	938	0.10455
209	291	2.4319	-120.	148.95	938	0.1045
209	287	1.3459	-120.	150.21	938	0.10455
209	279	0.33219	-120.	149.18	938	0.10452
210	291	2.4319	-120.	148.95	938	0.1045
210	279	0.33219	-120.	149.18	938	0.10452
210	284	1.2224	-120.	147.46	938	0.10445
211	291	2.4319	-120.	148.95	938	0.1045
211	284	1.2224	-120.	147.46	938	0.10445
211	294	2.8435	-120.	147.46	938	0.10444
212	291	2.4319	-120.	148.95	938	0.1045
212	294	2.8435	-120.	147.46	938	0.10444
212	302	4.6741	-120.	149.18	938	0.1045
213	291	2.4319	-120.	148.95	938	0.1045
213	302	4.6741	-120.	149.18	938	0.1045
213	299	4.1731	-120.	150.21	938	0.10454
214	284	1.2224	-120.	147.46	938	0.10445
214	279	0.33219	-120.	149.18	938	0.10452
214	265	-1.522	-120.	147.24	938	0.10447
215	299	4.1731	-120.	150.21	938	0.10454
215	296	3.2389	-120.	152.16	938	0.10462
215	287	1.3459	-120.	150.21	938	0.10455
216	302	4.6741	-120.	149.18	938	0.1045
216	294	2.8435	-120.	147.46	938	0.10444
216	308	5.588	-120.	147.24	938	0.10441
217	335	10.335	-120.	151.03	942	0.10457
217	319	7.5469	-120.	151.66	942	0.1046
217	323	8.4836	-120.	149.65	942	0.10451
218	326	9.0131	-120.	154.27	942	0.10472
218	311	6.1077	-120.	154.74	942	0.10473
218	317	7.065	-120.	152.71	942	0.10465
219	328	9.2669	-120.	152.57	942	0.10464
219	326	9.0131	-120.	154.27	942	0.10472
219	317	7.065	-120.	152.71	942	0.10465
220	328	9.2669	-120.	152.57	942	0.10464
220	317	7.065	-120.	152.71	942	0.10465
220	319	7.5469	-120.	151.66	942	0.1046
221	328	9.2669	-120.	152.57	942	0.10464
221	319	7.5469	-120.	151.66	942	0.1046
221	335	10.335	-120.	151.03	942	0.10457
222	328	9.2669	-120.	152.57	942	0.10464
222	335	10.335	-120.	151.03	942	0.10457
222	344	11.293	-120.	151.76	942	0.10461
223	328	9.2669	-120.	152.57	942	0.10464
223	344	11.293	-120.	151.76	942	0.10461
223	336	10.348	-120.	153.98	942	0.10471
224	328	9.2669	-120.	152.57	942	0.10464
224	336	10.348	-120.	153.98	942	0.10471
224	326	9.0131	-120.	154.27	942	0.10472
225	356	13.174	-120.	153.16	942	0.10467
225	336	10.348	-120.	153.98	942	0.10471
225	344	11.293	-120.	151.76	942	0.10461
226	219	-9.0374	-120.	89.857	965	0.10568
226	214	-9.904	-120.	92.112	965	0.10579
226	205	-11.685	-120.	90.932	965	0.10574
227	210	-10.696	-120.	89.164	965	0.10564
227	219	-9.0374	-120.	89.857	965	0.10568
227	205	-11.685	-120.	90.932	965	0.10574
228	210	-10.696	-120.	89.164	965	0.10564
228	205	-11.685	-120.	90.932	965	0.10574
228	195	-12.608	-120.	90.314	965	0.10571
229	210	-10.696	-120.	89.164	965	0.10564
229	195	-12.608	-120.	90.314	965	0.10571
229	202	-11.761	-120.	87.856	965	0.10558
230	210	-10.696	-120.	89.164	965	0.10564
230	202	-11.761	-120.	87.856	965	0.10558
230	213	-10.493	-120.	87.342	965	0.10555
231	210	-10.696	-120.	89.164	965	0.10564
231	213	-10.493	-120.	87.342	965	0.10555
231	222	-8.5933	-120.	88.683	965	0.10562
232	210	-10.696	-120.	89.164	965	0.10564
232	222	-8.5933	-120.	88.683	965	0.10562
232	219	-9.0374	-120.	89.857	965	0.10568
233	202	-11.761	-120.	87.856	965	0.10558
233	195	-12.608	-120.	90.314	965	0.10571
233	183	-14.413	-120.	89.13	965	0.10565
234	213	-10.493	-120.	87.342	965	0.10555
234	228	-7.7041	-120.	86.405	965	0.1055
234	222	-8.5933	-120.	88.683	965	0.10562
235	193	-12.821	-120.	94.742	966	0.10592
235	192	-13.091	-120.	93.772	966	0.10587
235	185	-13.745	-120.	94.149	966	0.10589
236	196	-12.345	-120.	91.267	966	0.10575
236	205	-11.685	-120.	90.932	966	0.10574
236	195	-12.608	-120.	90.314	966	0.10571
237	187	-13.615	-120.	91.942	966	0.10579
237	185	-13.745	-120.	94.149	966	0.10589
237	178	-15.485	-120.	93.018	966	0.10584
238	187	-13.615	-120.	91.942	966	0.10579
238	178	-15.485	-120.	93.018	966	0.10584
238	183	-14.413	-120.	89.13	966	0.10565
239	187	-13.615	-120.	91.942	966	0.10579
239	183	-14.413	-120.	89.13	966	0.10565
239	195	-12.608	-120.	90.314	966	0.10571
240	187	-13.615	-120.	91.942	966	0.10579
240	195	-12.608	-120.	90.314	966	0.10571
240	196	-12.345	-120.	91.267	966	0.10575
241	187	-13.615	-120.	91.942	966	0.10579
241	196	-12.345	-120.	91.267	966	0.10575
241	192	-13.091	-120.	93.772	966	0.10587
242	187	-13.615	-120.	91.942	966	0.10579
242	192	-13.091	-120.	93.772	966	0.10587
242	185	-13.745	-120.	94.149	966	0.10589
243	201	-11.825	-120.	93.116	966	0.10584
243	205	-11.685	-120.	90.932	966	0.10574
243	214	-9.904	-120.	92.112	966	0.10579
244	201	-11.825	-120.	93.116	966	0.10584
244	214	-9.904	-120.	92.112	966	0.10579
244	206	-11.103	-120.	95.872	966	0.10597
245	201	-11.825	-120.	93.116	966	0.10584
245	206	-11.103	-120.	95.872	966	0.10597
245	193	-12.821	-120.	94.742	966	0.10592
246	201	-11.825	-120.	93.116	966	0.10584
246	193	-12.821	-120.	94.742	966	0.10592
246	192	-13.091	-120.	93.772	966	0.10587
247	201	-11.825	-120.	93.116	966	0.10584
247	192	-13.091	-120.	93.772	966	0.10587
247	196	-12.345	-120.	91.267	966	0.10575
248	201	-11.825	-120.	93.116	966	0.10584
248	196	-12.345	-120.	91.267	966	0.10575
248	205	-11.685	-120.	90.932	966	0.10574
249	281	0.59341	-120.	150.18	972	0.10455
249	286	1.3459	-120.	150.21	972	0.10455
249	278	0.33219	-120.	149.18	972	0.10452
250	283	1.0853	-120.	152.07	972	0.10462
250	288	1.8045	-120.	154.98	972	0.10473
250	296	3.2389	-120.	152.16	972	0.10462
251	283	1.0853	-120.	152.07	972	0.10462
251	296	3.2389	-120.	152.16	972	0.10462
251	286	1.3459	-120.	150.21	972	0.10455
252	283	1.0853	-120.	152.07	972	0.10462
252	286	1.3459	-120.	150.21	972	0.10455
252	281	0.59341	-120.	150.18	972	0.10455
253	283	1.0853	-120.	152.07	972	0.10462
253	281	0.59341	-120.	150.18	972	0.10455
253	274	-0.353	-120.	151.97	972	0.10461
254	283	1.0853	-120.	152.07	972	0.10462
254	274	-0.353	-120.	151.97	972	0.10461
254	277	-0.11815	-120.	152.95	972	0.10464
255	283	1.0853	-120.	152.07	972	0.10462
255	277	-0.11815	-120.	152.95	972	0.10464
255	288	1.8045	-120.	154.98	972	0.10473
256	271	-0.83641	-120.	150.06	972	0.10455
256	256	-2.9777	-120.	149.89	972	0.10455
256	265	-1.522	-120.	147.24	972	0.10447
257	271	-0.83641	-120.	150.06	972	0.10455
257	265	-1.522	-120.	147.24	972	0.10447
257	278	0.33219	-120.	149.18	972	0.10452
258	271	-0.83641	-120.	150.06	972	0.10455
258	278	0.33219	-120.	149.18	972	0.10452
258	281	0.59341	-120.	150.18	972	0.10455
259	271	-0.83641	-120.	150.06	972	0.10455
259	281	0.59341	-120.	150.18	972	0.10455
259	274	-0.353	-120.	151.97	972	0.10461
260	271	-0.83641	-120.	150.06	972	0.10455
260	274	-0.353	-120.	151.97	972	0.10461
260	269	-1.0913	-120.	151.9	972	0.10461
261	271	-0.83641	-120.	150.06	972	0.10455
261	269	-1.0913	-120.	151.9	972	0.10461
261	256	-2.9777	-120.	149.89	972	0.10455
262	274	-0.353	-120.	151.97	972	0.10461
262	269	-1.0913	-120.	151.9	972	0.10461
262	277	-0.11815	-120.	152.95	972	0.10464
263	57	-27.373	-120.	138.94	975	0.10479
263	99	-24.821	-120.	142.41	975	0.10466
263	113	-23.261	-120.	139.86	975	0.10475
264	318	7.3448	-120.	91.56	976	0.10568
264	329	9.39	-120.	91.764	976	0.10567
264	324	8.5345	-120.	93.311	976	0.10571
265	318	7.3448	-120.	91.56	976	0.10568
265	324	8.5345	-120.	93.311	976	0.10571
265	315	6.9488	-120.	92.974	976	0.10572
266	318	7.3448	-120.	91.56	976	0.10568
266	315	6.9488	-120.	92.974	976	0.10572
266	306	5.1429	-120.	90.861	976	0.10568
267	318	7.3448	-120.	91.56	976	0.10568
267	306	5.1429	-120.	90.861	976	0.10568
267	310	5.6436	-120.	89.931	976	0.10565
268	318	7.3448	-120.	91.56	976	0.10568
268	310	5.6436	-120.	89.931	976	0.10565
268	322	8.4091	-120.	90.519	976	0.10565
269	318	7.3448	-120.	91.56	976	0.10568
269	322	8.4091	-120.	90.519	976	0.10565
269	329	9.39	-120.	91.764	976	0.10567
270	306	5.1429	-120.	90.861	976	0.10568
270	315	6.9488	-120.	92.974	976	0.10572
270	300	4.2195	-120.	92.615	976	0.10575
271	329	9.39	-120.	91.764	976	0.10567
271	343	11.174	-120.	94.093	976	0.10568
271	324	8.5345	-120.	93.311	976	0.10571
272	322	8.4091	-120.	90.519	976	0.10565
272	310	5.6436	-120.	89.931	976	0.10565
272	313	6.5826	-120.	88.167	976	0.10559
273	260	-2.2653	-120.	90.059	979	0.10568
273	255	-3.011	-120.	90.17	979	0.10569
273	262	-2.0045	-120.	91.016	979	0.10572
274	270	-0.84033	-120.	89.911	979	0.10567
274	272	-0.59171	-120.	88.013	979	0.10558
274	285	1.3031	-120.	89.681	979	0.10565
275	270	-0.84033	-120.	89.911	979	0.10567
275	285	1.3031	-120.	89.681	979	0.10565
275	275	-0.15357	-120.	92.615	979	0.10579
276	270	-0.84033	-120.	89.911	979	0.10567
276	275	-0.15357	-120.	92.615	979	0.10579
276	262	-2.0045	-120.	91.016	979	0.10572
277	270	-0.84033	-120.	89.911	979	0.10567
277	262	-2.0045	-120.	91.016	979	0.10572
277	260	-2.2653	-120.	90.059	979	0.10568
278	270	-0.84033	-120.	89.911	979	0.10567
278	260	-2.2653	-120.	90.059	979	0.10568
278	266	-1.3299	-120.	88.083	979	0.10558
279	270	-0.84033	-120.	89.911	979	0.10567
279	266	-1.3299	-120.	88.083	979	0.10558
279	272	-0.59171	-120.	88.013	979	0.10558
280	264	-1.5709	-120.	87.142	979	0.10554
280	266	-1.3299	-120.	88.083	979	0.10558
280	272	-0.59171	-120.	88.013	979	0.10558
281	258	-2.7619	-120.	88.247	979	0.10559
281	253	-3.4987	-120.	85.463	979	0.10545
281	245	-4.8957	-120.	88.564	979	0.10561
282	258	-2.7619	-120.	88.247	979	0.10559
282	245	-4.8957	-120.	88.564	979	0.10561
282	255	-3.011	-120.	90.17	979	0.10569
283	258	-2.7619	-120.	88.247	979	0.10559
283	255	-3.011	-120.	90.17	979	0.10569
283	260	-2.2653	-120.	90.059	979	0.10568
284	258	-2.7619	-120.	88.247	979	0.10559
284	260	-2.2653	-120.	90.059	979	0.10568
284	266	-1.3299	-120.	88.083	979	0.10558
285	258	-2.7619	-120.	88.247	979	0.10559
285	266	-1.3299	-120.	88.083	979	0.10558
285	264	-1.5709	-120.	87.142	979	0.10554
286	258	-2.7619	-120.	88.247	979	0.10559
286	264	-1.5709	-120.	87.142	979	0.10554
286	253	-3.4987	-120.	85.463	979	0.10545
287	309	5.6436	-120.	89.931	984	0.10565
287	303	4.8924	-120.	89.862	984	0.10565
287	305	5.1429	-120.	90.861	984	0.10568
288	295	3.0008	-120.	87.884	984	0.10558
288	293	2.7559	-120.	86.903	984	0.10554
288	289	2.2612	-120.	87.855	984	0.10557
289	297	3.47	-120.	89.793	984	0.10565
289	305	5.1429	-120.	90.861	984	0.10568
289	300	4.2195	-120.	92.615	984	0.10575
290	297	3.47	-120.	89.793	984	0.10565
290	300	4.2195	-120.	92.615	984	0.10575
290	285	1.3031	-120.	89.681	984	0.10565
291	297	3.47	-120.	89.793	984	0.10565
291	285	1.3031	-120.	89.681	984	0.10565
291	289	2.2612	-120.	87.855	984	0.10557
292	297	3.47	-120.	89.793	984	0.10565
292	289	2.2612	-120.	87.855	984	0.10557
292	295	3.0008	-120.	87.884	984	0.10558
293	297	3.47	-120.	89.793	984	0.10565
293	295	3.0008	-120.	87.884	984	0.10558
293	303	4.8924	-120.	89.862	984	0.10565
294	297	3.47	-120.	89.793	984	0.10565
294	303	4.8924	-120.	89.862	984	0.10565
294	305	5.1429	-120.	90.861	984	0.10568
295	301	4.4345	-120.	87.969	984	0.10558
295	293	2.7559	-120.	86.903	984	0.10554
295	298	3.7317	-120.	85.064	984	0.10547
296	301	4.4345	-120.	87.969	984	0.10558
296	298	3.7317	-120.	85.064	984	0.10547
296	313	6.5826	-120.	88.167	984	0.10559
297	301	4.4345	-120.	87.969	984	0.10558
297	313	6.5826	-120.	88.167	984	0.10559
297	309	5.6436	-120.	89.931	984	0.10565
298	301	4.4345	-120.	87.969	984	0.10558
298	309	5.6436	-120.	89.931	984	0.10565
298	303	4.8924	-120.	89.862	984	0.10565
299	301	4.4345	-120.	87.969	984	0.10558
299	303	4.8924	-120.	89.862	984	0.10565
299	295	3.0008	-120.	87.884	984	0.10558
300	301	4.4345	-120.	87.969	984	0.10558
300	295	3.0008	-120.	87.884	984	0.10558
300	293	2.7559	-120.	86.903	984	0.10554
301	182	-14.524	-120.	96.261	995	0.10598
301	176	-16.032	-120.	95.811	995	0.10596
301	185	-13.745	-120.	94.149	995	0.10589
302	182	-14.524	-120.	96.261	995	0.10598
302	185	-13.745	-120.	94.149	995	0.10589
302	193	-12.821	-120.	94.742	995	0.10592
303	182	-14.524	-120.	96.261	995	0.10598
303	193	-12.821	-120.	94.742	995	0.10592
303	189	-13.45	-120.	97.31	995	0.10602
304	182	-14.524	-120.	96.261	995	0.10598
304	189	-13.45	-120.	97.31	995	0.10602
304	180	-14.762	-120.	98.263	995	0.10605
305	182	-14.524	-120.	96.261	995	0.10598
305	180	-14.762	-120.	98.263	995	0.10605
305	174	-16.334	-120.	97.294	995	0.10601
306	182	-14.524	-120.	96.261	995	0.10598
306	174	-16.334	-120.	97.294	995	0.10601
306	176	-16.032	-120.	95.811	995	0.10596
307	189	-13.45	-120.	97.31	995	0.10602
307	193	-12.821	-120.	94.742	995	0.10592
307	206	-11.103	-120.	95.872	995	0.10597
308	176	-16.032	-120.	95.811	995	0.10596
308	178	-15.485	-120.	93.018	995	0.10584
308	185	-13.745	-120.	94.149	995	0.10589
309	174	-16.334	-120.	97.294	995	0.10601
309	180	-14.762	-120.	98.263	995	0.10605
309	171	-16.855	-120.	100.05	995	0.10609
310	253	-3.4987	-120.	85.463	996	0.10545
310	228	-7.7041	-120.	86.405	996	0.1055
310	245	-4.8957	-120.	88.564	996	0.10561
311	169	-17.251	-120.	143.32	997	0.10463
311	163	-18.192	-120.	144.96	997	0.10459
311	148	-20.24	-120.	142.97	997	0.10464
312	152	-19.63	-120.	147.46	997	0.10455
312	127	-21.862	-120.	145.54	997	0.10458
312	159	-18.684	-120.	145.81	997	0.10458
313	99	-24.821	-120.	142.41	997	0.10466
313	129	-21.791	-120.	142.79	997	0.10465
313	114	-22.843	-120.	144.59	997	0.1046
314	142	-20.602	-120.	144.44	997	0.10461
314	148	-20.24	-120.	142.97	997	0.10464
314	163	-18.192	-120.	144.96	997	0.10459
315	142	-20.602	-120.	144.44	997	0.10461
315	163	-18.192	-120.	144.96	997	0.10459
315	159	-18.684	-120.	145.81	997	0.10458
316	142	-20.602	-120.	144.44	997	0.10461
316	159	-18.684	-120.	145.81	997	0.10458
316	127	-21.862	-120.	145.54	997	0.10458
317	142	-20.602	-120.	144.44	997	0.10461
317	127	-21.862	-120.	145.54	997	0.10458
317	114	-22.843	-120.	144.59	997	0.1046
318	142	-20.602	-120.	144.44	997	0.10461
318	114	-22.843	-120.	144.59	997	0.1046
318	129	-21.791	-120.	142.79	997	0.10465
319	142	-20.602	-120.	144.44	997	0.10461
319	129	-21.791	-120.	142.79	997	0.10465
319	148	-20.24	-120.	142.97	997	0.10464
320	575	36.909	-120.	117.34	999	0.10452
320	573	36.317	-120.	113.07	999	0.10473
320	555	33.96	-120.	115.92	999	0.10458
321	313	6.5826	-120.	88.167	1004	0.10559
321	321	8.0152	-120.	85.538	1004	0.10551
321	298	3.7317	-120.	85.064	1004	0.10547
322	108	-23.689	-120.	103.77	1024	0.10612
322	103	-24.368	-120.	105.63	1024	0.10613
322	78	-26.081	-120.	104.59	1024	0.10613
323	108	-23.689	-120.	103.77	1024	0.10612
323	78	-26.081	-120.	104.59	1024	0.10613
323	90	-25.369	-120.	103.36	1024	0.10612
324	108	-23.689	-120.	103.77	1024	0.10612
324	90	-25.369	-120.	103.36	1024	0.10612
324	122	-22.197	-120.	101.87	1024	0.10611
325	108	-23.689	-120.	103.77	1024	0.10612
325	122	-22.197	-120.	101.87	1024	0.10611
325	135	-21.358	-120.	102.37	1024	0.10612
326	108	-23.689	-120.	103.77	1024	0.10612
326	135	-21.358	-120.	102.37	1024	0.10612
326	116	-22.763	-120.	104.8	1024	0.10613
327	108	-23.689	-120.	103.77	1024	0.10612
327	116	-22.763	-120.	104.8	1024	0.10613
327	103	-24.368	-120.	105.63	1024	0.10613
328	122	-22.197	-120.	101.87	1024	0.10611
328	90	-25.369	-120.	103.36	1024	0.10612
328	107	-23.785	-120.	100.93	1024	0.1061
329	103	-24.368	-120.	105.63	1024	0.10613
329	55	-27.388	-120.	107.17	1024	0.10612
329	78	-26.081	-120.	104.59	1024	0.10613
330	116	-22.763	-120.	104.8	1024	0.10613
330	135	-21.358	-120.	102.37	1024	0.10612
330	151	-19.781	-120.	103.3	1024	0.10613
331	84	-25.691	-120.	136.27	1035	0.10491
331	64	-26.981	-120.	133.72	1035	0.10503
331	101	-24.589	-120.	134.53	1035	0.10499
332	27	-29.479	-120.	135.18	1035	0.10497
332	10	-30.643	-120.	132.48	1035	0.1051
332	41	-28.225	-120.	133.31	1035	0.10506
333	54	-27.584	-120.	135.34	1035	0.10496
333	27	-29.479	-120.	135.18	1035	0.10497
333	41	-28.225	-120.	133.31	1035	0.10506
334	54	-27.584	-120.	135.34	1035	0.10496
334	41	-28.225	-120.	133.31	1035	0.10506
334	64	-26.981	-120.	133.72	1035	0.10503
335	54	-27.584	-120.	135.34	1035	0.10496
335	64	-26.981	-120.	133.72	1035	0.10503
335	84	-25.691	-120.	136.27	1035	0.10491
336	54	-27.584	-120.	135.34	1035	0.10496
336	84	-25.691	-120.	136.27	1035	0.10491
336	75	-26.268	-120.	137.17	1035	0.10487
337	54	-27.584	-120.	135.34	1035	0.10496
337	75	-26.268	-120.	137.17	1035	0.10487
337	34	-28.862	-120.	136.4	1035	0.10491
338	54	-27.584	-120.	135.34	1035	0.10496
338	34	-28.862	-120.	136.4	1035	0.10491
338	27	-29.479	-120.	135.18	1035	0.10497
339	57	-27.373	-120.	138.94	1035	0.10479
339	34	-28.862	-120.	136.4	1035	0.10491
339	75	-26.268	-120.	137.17	1035	0.10487
340	131	-21.647	-120.	137.26	1036	0.10486
340	118	-22.638	-120.	137.55	1036	0.10485
340	120	-22.202	-120.	138.16	1036	0.10482
341	92	-25.296	-120.	136.9	1036	0.10488
341	85	-25.691	-120.	136.27	1036	0.10491
341	74	-26.268	-120.	137.17	1036	0.10487
342	102	-24.506	-120.	138.1	1036	0.10483
342	120	-22.202	-120.	138.16	1036	0.10482
342	113	-23.261	-120.	139.86	1036	0.10475
343	102	-24.506	-120.	138.1	1036	0.10483
343	113	-23.261	-120.	139.86	1036	0.10475
343	57	-27.373	-120.	138.94	1036	0.10479
344	102	-24.506	-120.	138.1	1036	0.10483
344	57	-27.373	-120.	138.94	1036	0.10479
344	74	-26.268	-120.	137.17	1036	0.10487
345	102	-24.506	-120.	138.1	1036	0.10483
345	74	-26.268	-120.	137.17	1036	0.10487
345	92	-25.296	-120.	136.9	1036	0.10488
346	102	-24.506	-120.	138.1	1036	0.10483
346	92	-25.296	-120.	136.9	1036	0.10488
346	118	-22.638	-120.	137.55	1036	0.10485
347	102	-24.506	-120.	138.1	1036	0.10483
347	118	-22.638	-120.	137.55	1036	0.10485
347	120	-22.202	-120.	138.16	1036	0.10482
348	111	-23.409	-120.	136.35	1036	0.1049
348	85	-25.691	-120.	136.27	1036	0.10491
348	101	-24.589	-120.	134.53	1036	0.10499
349	111	-23.409	-120.	136.35	1036	0.1049
349	101	-24.589	-120.	134.53	1036	0.10499
349	143	-20.59	-120.	135.59	1036	0.10493
350	111	-23.409	-120.	136.35	1036	0.1049
350	143	-20.59	-120.	135.59	1036	0.10493
350	131	-21.647	-120.	137.26	1036	0.10486
351	111	-23.409	-120.	136.35	1036	0.1049
351	131	-21.647	-120.	137.26	1036	0.10486
351	118	-22.638	-120.	137.55	1036	0.10485
352	111	-23.409	-120.	136.35	1036	0.1049
352	118	-22.638	-120.	137.55	1036	0.10485
352	92	-25.296	-120.	136.9	1036	0.10488
353	111	-23.409	-120.	136.35	1036	0.1049
353	92	-25.296	-120.	136.9	1036	0.10488
353	85	-25.691	-120.	136.27	1036	0.10491
354	149	-19.941	-120.	138.82	1037	0.10479
354	166	-17.829	-120.	138.97	1037	0.10477
354	158	-18.742	-120.	140.49	1037	0.10472
355	149	-19.941	-120.	138.82	1037	0.10479
355	158	-18.742	-120.	140.49	1037	0.10472
355	147	-20.31	-120.	140.26	1037	0.10473
356	149	-19.941	-120.	138.82	1037	0.10479
356	147	-20.31	-120.	140.26	1037	0.10473
356	121	-22.202	-120.	138.16	1037	0.10482
357	149	-19.941	-120.	138.82	1037	0.10479
357	121	-22.202	-120.	138.16	1037	0.10482
357	132	-21.647	-120.	137.26	1037	0.10486
358	149	-19.941	-120.	138.82	1037	0.10479
358	132	-21.647	-120.	137.26	1037	0.10486
358	154	-18.914	-120.	137.77	1037	0.10483
359	149	-19.941	-120.	138.82	1037	0.10479
359	154	-18.914	-120.	137.77	1037	0.10483
359	166	-17.829	-120.	138.97	1037	0.10477
360	121	-22.202	-120.	138.16	1037	0.10482
360	147	-20.31	-120.	140.26	1037	0.10473
360	113	-23.261	-120.	139.86	1037	0.10475
361	166	-17.829	-120.	138.97	1037	0.10477
361	177	-15.833	-120.	140.87	1037	0.10469
361	158	-18.742	-120.	140.49	1037	0.10472
362	154	-18.914	-120.	137.77	1037	0.10483
362	132	-21.647	-120.	137.26	1037	0.10486
362	143	-20.59	-120.	135.59	1037	0.10493
363	86	-25.532	-120.	128.87	1041	0.10529
363	71	-26.322	-120.	130.55	1041	0.1052
363	62	-27.196	-120.	127.86	1041	0.10535
364	86	-25.532	-120.	128.87	1041	0.10529
364	62	-27.196	-120.	127.86	1041	0.10535
364	69	-26.429	-120.	126.87	1041	0.1054
365	86	-25.532	-120.	128.87	1041	0.10529
365	69	-26.429	-120.	126.87	1041	0.1054
365	105	-24.331	-120.	127.71	1041	0.10535
366	86	-25.532	-120.	128.87	1041	0.10529
366	105	-24.331	-120.	127.71	1041	0.10535
366	106	-23.83	-120.	129.26	1041	0.10527
367	86	-25.532	-120.	128.87	1041	0.10529
367	106	-23.83	-120.	129.26	1041	0.10527
367	95	-25.087	-120.	131.	1041	0.10518
368	86	-25.532	-120.	128.87	1041	0.10529
368	95	-25.087	-120.	131.	1041	0.10518
368	71	-26.322	-120.	130.55	1041	0.1052
369	105	-24.331	-120.	127.71	1041	0.10535
369	69	-26.429	-120.	126.87	1041	0.1054
369	96	-24.974	-120.	125.04	1041	0.10549
370	71	-26.322	-120.	130.55	1041	0.1052
370	35	-28.656	-120.	129.72	1041	0.10525
370	62	-27.196	-120.	127.86	1041	0.10535
371	95	-25.087	-120.	131.	1041	0.10518
371	106	-23.83	-120.	129.26	1041	0.10527
371	115	-22.777	-120.	131.8	1041	0.10513
372	61	-27.224	-120.	112.18	1056	0.10603
372	100	-24.688	-120.	113.62	1056	0.10598
372	112	-23.336	-120.	109.46	1056	0.10608
373	150	-19.798	-120.	140.81	1065	0.10471
373	157	-18.742	-120.	140.49	1065	0.10472
373	146	-20.31	-120.	140.26	1065	0.10473
374	156	-18.773	-120.	141.82	1065	0.10467
374	169	-17.251	-120.	143.32	1065	0.10463
374	177	-15.833	-120.	140.87	1065	0.10469
375	156	-18.773	-120.	141.82	1065	0.10467
375	177	-15.833	-120.	140.87	1065	0.10469
375	157	-18.742	-120.	140.49	1065	0.10472
376	156	-18.773	-120.	141.82	1065	0.10467
376	157	-18.742	-120.	140.49	1065	0.10472
376	150	-19.798	-120.	140.81	1065	0.10471
377	156	-18.773	-120.	141.82	1065	0.10467
377	150	-19.798	-120.	140.81	1065	0.10471
377	141	-20.774	-120.	142.45	1065	0.10466
378	156	-18.773	-120.	141.82	1065	0.10467
378	141	-20.774	-120.	142.45	1065	0.10466
378	148	-20.24	-120.	142.97	1065	0.10464
379	156	-18.773	-120.	141.82	1065	0.10467
379	148	-20.24	-120.	142.97	1065	0.10464
379	169	-17.251	-120.	143.32	1065	0.10463
380	128	-21.792	-120.	141.43	1065	0.10469
380	99	-24.821	-120.	142.41	1065	0.10466
380	113	-23.261	-120.	139.86	1065	0.10475
381	128	-21.792	-120.	141.43	1065	0.10469
381	113	-23.261	-120.	139.86	1065	0.10475
381	146	-20.31	-120.	140.26	1065	0.10473
382	128	-21.792	-120.	141.43	1065	0.10469
382	146	-20.31	-120.	140.26	1065	0.10473
382	150	-19.798	-120.	140.81	1065	0.10471
383	128	-21.792	-120.	141.43	1065	0.10469
383	150	-19.798	-120.	140.81	1065	0.10471
383	141	-20.774	-120.	142.45	1065	0.10466
384	128	-21.792	-120.	141.43	1065	0.10469
384	141	-20.774	-120.	142.45	1065	0.10466
384	129	-21.791	-120.	142.79	1065	0.10465
385	128	-21.792	-120.	141.43	1065	0.10469
385	129	-21.791	-120.	142.79	1065	0.10465
385	99	-24.821	-120.	142.41	1065	0.10466
386	141	-20.774	-120.	142.45	1065	0.10466
386	129	-21.791	-120.	142.79	1065	0.10465
386	148	-20.24	-120.	142.97	1065	0.10464
387	77	-26.164	-120.	103.72	1069	0.10612
387	79	-26.081	-120.	104.59	1069	0.10613
387	89	-25.369	-120.	103.36	1069	0.10612
388	76	-26.232	-120.	102.02	1069	0.10611
388	47	-27.911	-120.	101.92	1069	0.10611
388	73	-26.285	-120.	99.47	1069	0.10607
389	76	-26.232	-120.	102.02	1069	0.10611
389	73	-26.285	-120.	99.47	1069	0.10607
389	107	-23.785	-120.	100.93	1069	0.1061
390	76	-26.232	-120.	102.02	1069	0.10611
390	107	-23.785	-120.	100.93	1069	0.1061
390	89	-25.369	-120.	103.36	1069	0.10612
391	76	-26.232	-120.	102.02	1069	0.10611
391	89	-25.369	-120.	103.36	1069	0.10612
391	77	-26.164	-120.	103.72	1069	0.10612
392	76	-26.232	-120.	102.02	1069	0.10611
392	77	-26.164	-120.	103.72	1069	0.10612
392	48	-27.878	-120.	102.73	1069	0.10612
393	76	-26.232	-120.	102.02	1069	0.10611
393	48	-27.878	-120.	102.73	1069	0.10612
393	47	-27.911	-120.	101.92	1069	0.10611
394	37	-28.595	-120.	103.11	1069	0.10612
394	48	-27.878	-120.	102.73	1069	0.10612
394	47	-27.911	-120.	101.92	1069	0.10611
395	51	-27.669	-120.	104.51	1069	0.10612
395	20	-29.906	-120.	105.74	1069	0.10612
395	55	-27.388	-120.	107.17	1069	0.10612
396	51	-27.669	-120.	104.51	1069	0.10612
396	55	-27.388	-120.	107.17	1069	0.10612
396	79	-26.081	-120.	104.59	1069	0.10613
397	51	-27.669	-120.	104.51	1069	0.10612
397	79	-26.081	-120.	104.59	1069	0.10613
397	77	-26.164	-120.	103.72	1069	0.10612
398	51	-27.669	-120.	104.51	1069	0.10612
398	77	-26.164	-120.	103.72	1069	0.10612
398	48	-27.878	-120.	102.73	1069	0.10612
399	51	-27.669	-120.	104.51	1069	0.10612
399	48	-27.878	-120.	102.73	1069	0.10612
399	37	-28.595	-120.	103.11	1069	0.10612
400	51	-27.669	-120.	104.51	1069	0.10612
400	37	-28.595	-120.	103.11	1069	0.10612
400	20	-29.906	-120.	105.74	1069	0.10612
401	417	21.839	-120.	142.89	1084	0.10422
401	424	22.411	-120.	142.4	1084	0.1042
401	413	21.536	-120.	141.87	1084	0.10418
402	425	22.428	-120.	144.8	1084	0.10428
402	430	23.336	-120.	147.74	1084	0.1044
402	434	24.064	-120.	143.4	1084	0.10423
403	425	22.428	-120.	144.8	1084	0.10428
403	434	24.064	-120.	143.4	1084	0.10423
403	424	22.411	-120.	142.4	1084	0.1042
404	425	22.428	-120.	144.8	1084	0.10428
404	424	22.411	-120.	142.4	1084	0.1042
404	417	21.839	-120.	142.89	1084	0.10422
405	425	22.428	-120.	144.8	1084	0.10428
405	417	21.839	-120.	142.89	1084	0.10422
405	411	21.309	-120.	145.7	1084	0.10432
406	425	22.428	-120.	144.8	1084	0.10428
406	411	21.309	-120.	145.7	1084	0.10432
406	414	21.609	-120.	146.7	1084	0.10436
407	425	22.428	-120.	144.8	1084	0.10428
407	414	21.609	-120.	146.7	1084	0.10436
407	430	23.336	-120.	147.74	1084	0.1044
408	403	20.72	-120.	143.77	1084	0.10425
408	393	19.016	-120.	145.11	1084	0.1043
408	399	19.899	-120.	140.87	1084	0.10415
409	403	20.72	-120.	143.77	1084	0.10425
409	399	19.899	-120.	140.87	1084	0.10415
409	413	21.536	-120.	141.87	1084	0.10418
410	403	20.72	-120.	143.77	1084	0.10425
410	413	21.536	-120.	141.87	1084	0.10418
410	417	21.839	-120.	142.89	1084	0.10422
411	403	20.72	-120.	143.77	1084	0.10425
411	417	21.839	-120.	142.89	1084	0.10422
411	411	21.309	-120.	145.7	1084	0.10432
412	403	20.72	-120.	143.77	1084	0.10425
412	411	21.309	-120.	145.7	1084	0.10432
412	404	20.723	-120.	146.15	1084	0.10434
413	403	20.72	-120.	143.77	1084	0.10425
413	404	20.723	-120.	146.15	1084	0.10434
413	393	19.016	-120.	145.11	1084	0.1043
414	411	21.309	-120.	145.7	1084	0.10432
414	404	20.723	-120.	146.15	1084	0.10434
414	414	21.609	-120.	146.7	1084	0.10436
415	346	11.663	-120.	147.66	1097	0.10441
415	349	11.922	-120.	148.61	1097	0.10446
415	354	12.635	-120.	148.36	1097	0.10444
416	342	11.047	-120.	150.83	1097	0.10456
416	334	10.335	-120.	151.03	1097	0.10457
416	345	11.293	-120.	151.76	1097	0.10461
417	351	12.422	-120.	150.4	1097	0.10454
417	354	12.635	-120.	148.36	1097	0.10444
417	362	14.46	-120.	149.69	1097	0.10451
418	351	12.422	-120.	150.4	1097	0.10454
418	362	14.46	-120.	149.69	1097	0.10451
418	356	13.174	-120.	153.16	1097	0.10467
419	351	12.422	-120.	150.4	1097	0.10454
419	356	13.174	-120.	153.16	1097	0.10467
419	345	11.293	-120.	151.76	1097	0.10461
420	351	12.422	-120.	150.4	1097	0.10454
420	345	11.293	-120.	151.76	1097	0.10461
420	342	11.047	-120.	150.83	1097	0.10456
421	351	12.422	-120.	150.4	1097	0.10454
421	342	11.047	-120.	150.83	1097	0.10456
421	349	11.922	-120.	148.61	1097	0.10446
422	351	12.422	-120.	150.4	1097	0.10454
422	349	11.922	-120.	148.61	1097	0.10446
422	354	12.635	-120.	148.36	1097	0.10444
423	338	10.553	-120.	149.02	1097	0.10448
423	334	10.335	-120.	151.03	1097	0.10457
423	323	8.4836	-120.	149.65	1097	0.10451
424	338	10.553	-120.	149.02	1097	0.10448
424	323	8.4836	-120.	149.65	1097	0.10451
424	332	9.8655	-120.	146.33	1097	0.10435
425	338	10.553	-120.	149.02	1097	0.10448
425	332	9.8655	-120.	146.33	1097	0.10435
425	346	11.663	-120.	147.66	1097	0.10441
426	338	10.553	-120.	149.02	1097	0.10448
426	346	11.663	-120.	147.66	1097	0.10441
426	349	11.922	-120.	148.61	1097	0.10446
427	338	10.553	-120.	149.02	1097	0.10448
427	349	11.922	-120.	148.61	1097	0.10446
427	342	11.047	-120.	150.83	1097	0.10456
428	338	10.553	-120.	149.02	1097	0.10448
428	342	11.047	-120.	150.83	1097	0.10456
428	334	10.335	-120.	151.03	1097	0.10457
429	393	19.016	-120.	145.11	1104	0.1043
429	399	19.899	-120.	140.87	1104	0.10415
429	375	16.361	-120.	143.44	1104	0.10423
430	436	24.303	-120.	140.3	1108	0.10414
430	440	24.802	-120.	139.73	1108	0.10413
430	438	24.441	-120.	138.64	1108	0.10411
431	450	26.414	-120.	140.68	1108	0.10415
431	455	26.788	-120.	141.73	1108	0.10418
431	457	26.876	-120.	140.1	1108	0.10414
432	446	25.708	-120.	138.62	1108	0.10411
432	438	24.441	-120.	138.64	1108	0.10411
432	439	24.656	-120.	135.59	1108	0.10407
433	446	25.708	-120.	138.62	1108	0.10411
433	439	24.656	-120.	135.59	1108	0.10407
433	460	27.061	-120.	136.97	1108	0.10409
434	446	25.708	-120.	138.62	1108	0.10411
434	460	27.061	-120.	136.97	1108	0.10409
434	457	26.876	-120.	140.1	1108	0.10414
435	446	25.708	-120.	138.62	1108	0.10411
435	457	26.876	-120.	140.1	1108	0.10414
435	450	26.414	-120.	140.68	1108	0.10415
436	446	25.708	-120.	138.62	1108	0.10411
436	450	26.414	-120.	140.68	1108	0.10415
436	440	24.802	-120.	139.73	1108	0.10413
437	446	25.708	-120.	138.62	1108	0.10411
437	440	24.802	-120.	139.73	1108	0.10413
437	438	24.441	-120.	138.64	1108	0.10411
438	445	25.493	-120.	141.79	1108	0.10418
438	455	26.788	-120.	141.73	1108	0.10418
438	452	26.586	-120.	144.91	1108	0.10428
439	445	25.493	-120.	141.79	1108	0.10418
439	452	26.586	-120.	144.91	1108	0.10428
439	434	24.064	-120.	143.4	1108	0.10423
440	445	25.493	-120.	141.79	1108	0.10418
440	434	24.064	-120.	143.4	1108	0.10423
440	436	24.303	-120.	140.3	1108	0.10414
441	445	25.493	-120.	141.79	1108	0.10418
441	436	24.303	-120.	140.3	1108	0.10414
441	440	24.802	-120.	139.73	1108	0.10413
442	445	25.493	-120.	141.79	1108	0.10418
442	440	24.802	-120.	139.73	1108	0.10413
442	450	26.414	-120.	140.68	1108	0.10415
443	445	25.493	-120.	141.79	1108	0.10418
443	450	26.414	-120.	140.68	1108	0.10415
443	455	26.788	-120.	141.73	1108	0.10418
444	88	-25.431	-120.	120.69	1109	0.10571
444	44	-28.087	-120.	123.61	1109	0.10557
444	96	-24.974	-120.	125.04	1109	0.10549
445	362	14.46	-120.	149.69	1115	0.10451
445	356	13.174	-120.	153.16	1115	0.10467
445	380	17.167	-120.	151.53	1115	0.10459
446	308	5.588	-120.	147.24	1140	0.10441
446	323	8.4836	-120.	149.65	1140	0.10451
446	332	9.8655	-120.	146.33	1140	0.10435
447	508	30.804	-120.	116.74	1153	0.10454
447	480	29.255	-120.	116.32	1153	0.10457
447	506	30.803	-120.	114.51	1153	0.10466
448	508	30.804	-120.	116.74	1153	0.10454
448	506	30.803	-120.	114.51	1153	0.10466
448	527	31.894	-120.	115.	1153	0.10463
449	508	30.804	-120.	116.74	1153	0.10454
449	527	31.894	-120.	115.	1153	0.10463
449	532	32.19	-120.	117.81	1153	0.10449
450	508	30.804	-120.	116.74	1153	0.10454
450	532	32.19	-120.	117.81	1153	0.10449
450	515	31.257	-120.	118.83	1153	0.10445
451	508	30.804	-120.	116.74	1153	0.10454
451	515	31.257	-120.	118.83	1153	0.10445
451	487	29.425	-120.	117.94	1153	0.10449
452	508	30.804	-120.	116.74	1153	0.10454
452	487	29.425	-120.	117.94	1153	0.10449
452	480	29.255	-120.	116.32	1153	0.10457
453	532	32.19	-120.	117.81	1153	0.10449
453	527	31.894	-120.	115.	1153	0.10463
453	555	33.96	-120.	115.92	1153	0.10458
454	480	29.255	-120.	116.32	1153	0.10457
454	477	28.754	-120.	113.62	1153	0.10471
454	506	30.803	-120.	114.51	1153	0.10466
455	487	29.425	-120.	117.94	1153	0.10449
455	515	31.257	-120.	118.83	1153	0.10445
455	491	29.497	-120.	120.69	1153	0.10437
456	466	27.921	-120.	96.479	1215	0.10555
456	441	24.832	-120.	93.474	1215	0.10563
456	431	23.352	-120.	95.976	1215	0.10557
457	67	-26.804	-120.	117.53	1253	0.10585
457	66	-26.814	-120.	115.45	1253	0.10593
457	93	-25.189	-120.	116.32	1253	0.10589
458	67	-26.804	-120.	117.53	1253	0.10585
458	93	-25.189	-120.	116.32	1253	0.10589
458	91	-25.359	-120.	117.94	1253	0.10583
459	67	-26.804	-120.	117.53	1253	0.10585
459	91	-25.359	-120.	117.94	1253	0.10583
459	60	-27.268	-120.	119.76	1253	0.10575
460	67	-26.804	-120.	117.53	1253	0.10585
460	60	-27.268	-120.	119.76	1253	0.10575
460	39	-28.244	-120.	119.26	1253	0.10578
461	67	-26.804	-120.	117.53	1253	0.10585
461	39	-28.244	-120.	119.26	1253	0.10578
461	46	-27.948	-120.	116.45	1253	0.10589
462	67	-26.804	-120.	117.53	1253	0.10585
462	46	-27.948	-120.	116.45	1253	0.10589
462	66	-26.814	-120.	115.45	1253	0.10593
463	60	-27.268	-120.	119.76	1253	0.10575
463	91	-25.359	-120.	117.94	1253	0.10583
463	88	-25.431	-120.	120.69	1253	0.10571
464	66	-26.814	-120.	115.45	1253	0.10593
464	100	-24.688	-120.	113.62	1253	0.10598
464	93	-25.189	-120.	116.32	1253	0.10589
465	46	-27.948	-120.	116.45	1253	0.10589
465	39	-28.244	-120.	119.26	1253	0.10578
465	16	-30.093	-120.	118.32	1253	0.10582
466	33	-28.882	-120.	111.23	1255	0.10605
466	61	-27.224	-120.	112.18	1255	0.10603
466	30	-29.43	-120.	114.03	1255	0.10597
467	13	-30.536	-120.	112.93	1255	0.106
467	33	-28.882	-120.	111.23	1255	0.10605
467	30	-29.43	-120.	114.03	1255	0.10597
468	13	-30.536	-120.	112.93	1255	0.106
468	30	-29.43	-120.	114.03	1255	0.10597
468	11	-30.578	-120.	114.99	1255	0.10594
469	13	-30.536	-120.	112.93	1255	0.106
469	11	-30.578	-120.	114.99	1255	0.10594
469	4	-32.421	-120.	113.97	1255	0.10597
470	13	-30.536	-120.	112.93	1255	0.106
470	4	-32.421	-120.	113.97	1255	0.10597
470	5	-32.159	-120.	112.62	1255	0.10601
471	13	-30.536	-120.	112.93	1255	0.106
471	5	-32.159	-120.	112.62	1255	0.10601
471	22	-29.748	-120.	110.74	1255	0.10606
472	13	-30.536	-120.	112.93	1255	0.106
472	22	-29.748	-120.	110.74	1255	0.10606
472	33	-28.882	-120.	111.23	1255	0.10605
473	4	-32.421	-120.	113.97	1255	0.10597
473	11	-30.578	-120.	114.99	1255	0.10594
473	1	-32.805	-120.	116.88	1255	0.10587
474	5	-32.159	-120.	112.62	1255	0.10601
474	7	-31.417	-120.	109.78	1255	0.10607
474	22	-29.748	-120.	110.74	1255	0.10606
475	381	17.43	-120.	91.87	1256	0.10564
475	392	18.881	-120.	89.348	1256	0.10565
475	364	14.983	-120.	87.508	1256	0.10561
476	81	-26.046	-120.	131.25	1264	0.10516
476	94	-25.087	-120.	131.	1264	0.10518
476	72	-26.322	-120.	130.55	1264	0.1052
477	49	-27.864	-120.	131.72	1264	0.10514
477	41	-28.225	-120.	133.31	1264	0.10506
477	10	-30.643	-120.	132.48	1264	0.1051
478	49	-27.864	-120.	131.72	1264	0.10514
478	10	-30.643	-120.	132.48	1264	0.1051
478	35	-28.656	-120.	129.72	1264	0.10525
479	49	-27.864	-120.	131.72	1264	0.10514
479	35	-28.656	-120.	129.72	1264	0.10525
479	72	-26.322	-120.	130.55	1264	0.1052
480	49	-27.864	-120.	131.72	1264	0.10514
480	72	-26.322	-120.	130.55	1264	0.1052
480	81	-26.046	-120.	131.25	1264	0.10516
481	49	-27.864	-120.	131.72	1264	0.10514
481	81	-26.046	-120.	131.25	1264	0.10516
481	58	-27.289	-120.	133.05	1264	0.10507
482	49	-27.864	-120.	131.72	1264	0.10514
482	58	-27.289	-120.	133.05	1264	0.10507
482	41	-28.225	-120.	133.31	1264	0.10506
483	64	-26.981	-120.	133.72	1264	0.10503
483	58	-27.289	-120.	133.05	1264	0.10507
483	41	-28.225	-120.	133.31	1264	0.10506
484	87	-25.462	-120.	132.56	1264	0.10509
484	101	-24.589	-120.	134.53	1264	0.10499
484	115	-22.777	-120.	131.8	1264	0.10513
485	87	-25.462	-120.	132.56	1264	0.10509
485	115	-22.777	-120.	131.8	1264	0.10513
485	94	-25.087	-120.	131.	1264	0.10518
486	87	-25.462	-120.	132.56	1264	0.10509
486	94	-25.087	-120.	131.	1264	0.10518
486	81	-26.046	-120.	131.25	1264	0.10516
487	87	-25.462	-120.	132.56	1264	0.10509
487	81	-26.046	-120.	131.25	1264	0.10516
487	58	-27.289	-120.	133.05	1264	0.10507
488	87	-25.462	-120.	132.56	1264	0.10509
488	58	-27.289	-120.	133.05	1264	0.10507
488	64	-26.981	-120.	133.72	1264	0.10503
489	87	-25.462	-120.	132.56	1264	0.10509
489	64	-26.981	-120.	133.72	1264	0.10503
489	101	-24.589	-120.	134.53	1264	0.10499
490	184	-14.334	-120.	145.42	1276	0.10458
490	186	-13.704	-120.	145.83	1276	0.10457
490	191	-13.215	-120.	145.	1276	0.10458
491	173	-16.43	-120.	146.22	1276	0.10457
491	152	-19.63	-120.	147.46	1276	0.10455
491	181	-14.63	-120.	147.4	1276	0.10456
492	173	-16.43	-120.	146.22	1276	0.10457
492	181	-14.63	-120.	147.4	1276	0.10456
492	186	-13.704	-120.	145.83	1276	0.10457
493	173	-16.43	-120.	146.22	1276	0.10457
493	186	-13.704	-120.	145.83	1276	0.10457
493	184	-14.334	-120.	145.42	1276	0.10458
494	173	-16.43	-120.	146.22	1276	0.10457
494	184	-14.334	-120.	145.42	1276	0.10458
494	168	-17.598	-120.	145.4	1276	0.10459
495	173	-16.43	-120.	146.22	1276	0.10457
495	168	-17.598	-120.	145.4	1276	0.10459
495	160	-18.684	-120.	145.81	1276	0.10458
496	173	-16.43	-120.	146.22	1276	0.10457
496	160	-18.684	-120.	145.81	1276	0.10458
496	152	-19.63	-120.	147.46	1276	0.10455
497	179	-15.481	-120.	144.59	1276	0.1046
497	169	-17.251	-120.	143.32	1276	0.10463
497	197	-12.295	-120.	143.44	1276	0.1046
498	179	-15.481	-120.	144.59	1276	0.1046
498	197	-12.295	-120.	143.44	1276	0.1046
498	191	-13.215	-120.	145.	1276	0.10458
499	179	-15.481	-120.	144.59	1276	0.1046
499	191	-13.215	-120.	145.	1276	0.10458
499	184	-14.334	-120.	145.42	1276	0.10458
500	179	-15.481	-120.	144.59	1276	0.1046
500	184	-14.334	-120.	145.42	1276	0.10458
500	168	-17.598	-120.	145.4	1276	0.10459
501	179	-15.481	-120.	144.59	1276	0.1046
501	168	-17.598	-120.	145.4	1276	0.10459
501	164	-18.192	-120.	144.96	1276	0.10459
502	179	-15.481	-120.	144.59	1276	0.1046
502	164	-18.192	-120.	144.96	1276	0.10459
502	169	-17.251	-120.	143.32	1276	0.10463
503	168	-17.598	-120.	145.4	1276	0.10459
503	164	-18.192	-120.	144.96	1276	0.10459
503	160	-18.684	-120.	145.81	1276	0.10458
504	20	-29.906	-120.	105.74	1287	0.10612
504	7	-31.417	-120.	109.78	1287	0.10607
504	55	-27.388	-120.	107.17	1287	0.10612
505	203	-11.708	-120.	147.15	1310	0.10456
505	191	-13.215	-120.	145.	1310	0.10458
505	211	-10.674	-120.	146.2	1310	0.10456
506	203	-11.708	-120.	147.15	1310	0.10456
506	211	-10.674	-120.	146.2	1310	0.10456
506	216	-9.7773	-120.	147.68	1310	0.10455
507	203	-11.708	-120.	147.15	1310	0.10456
507	216	-9.7773	-120.	147.68	1310	0.10455
507	209	-10.796	-120.	149.39	1310	0.10456
508	203	-11.708	-120.	147.15	1310	0.10456
508	209	-10.796	-120.	149.39	1310	0.10456
508	200	-12.084	-120.	148.78	1310	0.10456
509	203	-11.708	-120.	147.15	1310	0.10456
509	200	-12.084	-120.	148.78	1310	0.10456
509	186	-13.704	-120.	145.83	1310	0.10457
510	203	-11.708	-120.	147.15	1310	0.10456
510	186	-13.704	-120.	145.83	1310	0.10457
510	191	-13.215	-120.	145.	1310	0.10458
511	209	-10.796	-120.	149.39	1310	0.10456
511	216	-9.7773	-120.	147.68	1310	0.10455
511	226	-8.113	-120.	150.47	1310	0.10457
512	191	-13.215	-120.	145.	1310	0.10458
512	197	-12.295	-120.	143.44	1310	0.1046
512	211	-10.674	-120.	146.2	1310	0.10456
513	186	-13.704	-120.	145.83	1310	0.10457
513	200	-12.084	-120.	148.78	1310	0.10456
513	181	-14.63	-120.	147.4	1310	0.10456
514	288	1.8045	-120.	154.98	1350	0.10473
514	311	6.1077	-120.	154.74	1350	0.10473
514	296	3.2389	-120.	152.16	1350	0.10462
515	430	23.336	-120.	147.74	1355	0.1044
515	452	26.586	-120.	144.91	1355	0.10428
515	434	24.064	-120.	143.4	1355	0.10423
516	372	15.89	-120.	146.87	1362	0.10437
516	369	15.629	-120.	145.89	1362	0.10433
516	366	15.218	-120.	147.21	1362	0.10439
517	379	17.139	-120.	146.16	1362	0.10434
517	393	19.016	-120.	145.11	1362	0.1043
517	375	16.361	-120.	143.44	1362	0.10423
518	379	17.139	-120.	146.16	1362	0.10434
518	375	16.361	-120.	143.44	1362	0.10423
518	369	15.629	-120.	145.89	1362	0.10433
519	379	17.139	-120.	146.16	1362	0.10434
519	369	15.629	-120.	145.89	1362	0.10433
519	372	15.89	-120.	146.87	1362	0.10437
520	379	17.139	-120.	146.16	1362	0.10434
520	372	15.89	-120.	146.87	1362	0.10437
520	383	17.646	-120.	148.02	1362	0.10442
521	379	17.139	-120.	146.16	1362	0.10434
521	383	17.646	-120.	148.02	1362	0.10442
521	386	18.289	-120.	147.65	1362	0.10441
522	379	17.139	-120.	146.16	1362	0.10434
522	386	18.289	-120.	147.65	1362	0.10441
522	393	19.016	-120.	145.11	1362	0.1043
523	376	16.383	-120.	148.72	1362	0.10446
523	380	17.167	-120.	151.53	1362	0.10459
523	362	14.46	-120.	149.69	1362	0.10451
524	376	16.383	-120.	148.72	1362	0.10446
524	362	14.46	-120.	149.69	1362	0.10451
524	366	15.218	-120.	147.21	1362	0.10439
525	376	16.383	-120.	148.72	1362	0.10446
525	366	15.218	-120.	147.21	1362	0.10439
525	372	15.89	-120.	146.87	1362	0.10437
526	376	16.383	-120.	148.72	1362	0.10446
526	372	15.89	-120.	146.87	1362	0.10437
526	383	17.646	-120.	148.02	1362	0.10442
527	376	16.383	-120.	148.72	1362	0.10446
527	383	17.646	-120.	148.02	1362	0.10442
527	384	17.918	-120.	148.97	1362	0.10447
528	376	16.383	-120.	148.72	1362	0.10446
528	384	17.918	-120.	148.97	1362	0.10447
528	380	17.167	-120.	151.53	1362	0.10459
529	383	17.646	-120.	148.02	1362	0.10442
529	384	17.918	-120.	148.97	1362	0.10447
529	386	18.289	-120.	147.65	1362	0.10441
530	358	13.591	-120.	146.55	1363	0.10436
530	359	13.941	-120.	144.75	1363	0.10428
530	370	15.629	-120.	145.89	1363	0.10433
531	358	13.591	-120.	146.55	1363	0.10436
531	370	15.629	-120.	145.89	1363	0.10433
531	367	15.218	-120.	147.21	1363	0.10439
532	358	13.591	-120.	146.55	1363	0.10436
532	367	15.218	-120.	147.21	1363	0.10439
532	355	12.635	-120.	148.36	1363	0.10444
533	358	13.591	-120.	146.55	1363	0.10436
533	355	12.635	-120.	148.36	1363	0.10444
533	347	11.663	-120.	147.66	1363	0.10441
534	358	13.591	-120.	146.55	1363	0.10436
534	347	11.663	-120.	147.66	1363	0.10441
534	352	12.46	-120.	145.41	1363	0.1043
535	358	13.591	-120.	146.55	1363	0.10436
535	352	12.46	-120.	145.41	1363	0.1043
535	359	13.941	-120.	144.75	1363	0.10428
536	355	12.635	-120.	148.36	1363	0.10444
536	367	15.218	-120.	147.21	1363	0.10439
536	362	14.46	-120.	149.69	1363	0.10451
537	359	13.941	-120.	144.75	1363	0.10428
537	375	16.361	-120.	143.44	1363	0.10423
537	370	15.629	-120.	145.89	1363	0.10433
538	352	12.46	-120.	145.41	1363	0.1043
538	347	11.663	-120.	147.66	1363	0.10441
538	332	9.8655	-120.	146.33	1363	0.10435
539	172	-16.628	-120.	96.27	1435	0.10597
539	174	-16.334	-120.	97.294	1435	0.10601
539	176	-16.032	-120.	95.811	1435	0.10596
540	167	-17.726	-120.	97.196	1435	0.10601
540	153	-19.369	-120.	98.573	1435	0.10605
540	171	-16.855	-120.	100.05	1435	0.10609
541	167	-17.726	-120.	97.196	1435	0.10601
541	171	-16.855	-120.	100.05	1435	0.10609
541	174	-16.334	-120.	97.294	1435	0.10601
542	167	-17.726	-120.	97.196	1435	0.10601
542	174	-16.334	-120.	97.294	1435	0.10601
542	172	-16.628	-120.	96.27	1435	0.10597
543	167	-17.726	-120.	97.196	1435	0.10601
543	172	-16.628	-120.	96.27	1435	0.10597
543	162	-18.302	-120.	95.252	1435	0.10594
544	167	-17.726	-120.	97.196	1435	0.10601
544	162	-18.302	-120.	95.252	1435	0.10594
544	155	-18.865	-120.	95.735	1435	0.10596
545	167	-17.726	-120.	97.196	1435	0.10601
545	155	-18.865	-120.	95.735	1435	0.10596
545	153	-19.369	-120.	98.573	1435	0.10605
546	170	-17.191	-120.	94.333	1435	0.1059
546	165	-18.085	-120.	91.387	1435	0.10577
546	178	-15.485	-120.	93.018	1435	0.10584
547	170	-17.191	-120.	94.333	1435	0.1059
547	178	-15.485	-120.	93.018	1435	0.10584
547	176	-16.032	-120.	95.811	1435	0.10596
548	170	-17.191	-120.	94.333	1435	0.1059
548	176	-16.032	-120.	95.811	1435	0.10596
548	172	-16.628	-120.	96.27	1435	0.10597
549	170	-17.191	-120.	94.333	1435	0.1059
549	172	-16.628	-120.	96.27	1435	0.10597
549	162	-18.302	-120.	95.252	1435	0.10594
550	170	-17.191	-120.	94.333	1435	0.1059
550	162	-18.302	-120.	95.252	1435	0.10594
550	161	-18.611	-120.	94.262	1435	0.1059
551	170	-17.191	-120.	94.333	1435	0.1059
551	161	-18.611	-120.	94.262	1435	0.1059
551	165	-18.085	-120.	91.387	1435	0.10577
552	162	-18.302	-120.	95.252	1435	0.10594
552	161	-18.611	-120.	94.262	1435	0.1059
552	155	-18.865	-120.	95.735	1435	0.10596
553	183	-14.413	-120.	89.13	1437	0.10565
553	165	-18.085	-120.	91.387	1437	0.10577
553	178	-15.485	-120.	93.018	1437	0.10584
554	272	-0.59171	-120.	88.013	1449	0.10558
554	290	2.2612	-120.	87.855	1449	0.10557
554	285	1.3031	-120.	89.681	1449	0.10565
555	282	0.78947	-120.	85.044	1449	0.10545
555	298	3.7317	-120.	85.064	1449	0.10547
555	292	2.7559	-120.	86.903	1449	0.10554
556	280	0.51125	-120.	86.679	1449	0.10552
556	282	0.78947	-120.	85.044	1449	0.10545
556	292	2.7559	-120.	86.903	1449	0.10554
557	280	0.51125	-120.	86.679	1449	0.10552
557	292	2.7559	-120.	86.903	1449	0.10554
557	290	2.2612	-120.	87.855	1449	0.10557
558	280	0.51125	-120.	86.679	1449	0.10552
558	290	2.2612	-120.	87.855	1449	0.10557
558	272	-0.59171	-120.	88.013	1449	0.10558
559	280	0.51125	-120.	86.679	1449	0.10552
559	272	-0.59171	-120.	88.013	1449	0.10558
559	264	-1.5709	-120.	87.142	1449	0.10554
560	280	0.51125	-120.	86.679	1449	0.10552
560	264	-1.5709	-120.	87.142	1449	0.10554
560	273	-0.57654	-120.	85.119	1449	0.10545
561	280	0.51125	-120.	86.679	1449	0.10552
561	273	-0.57654	-120.	85.119	1449	0.10545
561	282	0.78947	-120.	85.044	1449	0.10545
562	253	-3.4987	-120.	85.463	1449	0.10545
562	273	-0.57654	-120.	85.119	1449	0.10545
562	264	-1.5709	-120.	87.142	1449	0.10554
563	327	9.1417	-120.	90.688	1451	0.10565
563	322	8.4091	-120.	90.519	1451	0.10565
563	329	9.39	-120.	91.764	1451	0.10567
564	325	8.6798	-120.	88.651	1451	0.10561
564	321	8.0152	-120.	85.538	1451	0.10551
564	313	6.5826	-120.	88.167	1451	0.10559
565	325	8.6798	-120.	88.651	1451	0.10561
565	313	6.5826	-120.	88.167	1451	0.10559
565	322	8.4091	-120.	90.519	1451	0.10565
566	325	8.6798	-120.	88.651	1451	0.10561
566	322	8.4091	-120.	90.519	1451	0.10565
566	327	9.1417	-120.	90.688	1451	0.10565
567	325	8.6798	-120.	88.651	1451	0.10561
567	327	9.1417	-120.	90.688	1451	0.10565
567	333	10.073	-120.	89.023	1451	0.10562
568	325	8.6798	-120.	88.651	1451	0.10561
568	333	10.073	-120.	89.023	1451	0.10562
568	330	9.8569	-120.	87.974	1451	0.10559
569	325	8.6798	-120.	88.651	1451	0.10561
569	330	9.8569	-120.	87.974	1451	0.10559
569	321	8.0152	-120.	85.538	1451	0.10551
570	337	10.526	-120.	91.072	1451	0.10565
570	353	12.589	-120.	91.638	1451	0.10565
570	343	11.174	-120.	94.093	1451	0.10568
571	337	10.526	-120.	91.072	1451	0.10565
571	343	11.174	-120.	94.093	1451	0.10568
571	329	9.39	-120.	91.764	1451	0.10567
572	337	10.526	-120.	91.072	1451	0.10565
572	329	9.39	-120.	91.764	1451	0.10567
572	327	9.1417	-120.	90.688	1451	0.10565
573	337	10.526	-120.	91.072	1451	0.10565
573	327	9.1417	-120.	90.688	1451	0.10565
573	333	10.073	-120.	89.023	1451	0.10562
574	337	10.526	-120.	91.072	1451	0.10565
574	333	10.073	-120.	89.023	1451	0.10562
574	339	10.786	-120.	89.228	1451	0.10562
575	337	10.526	-120.	91.072	1451	0.10565
575	339	10.786	-120.	89.228	1451	0.10562
575	353	12.589	-120.	91.638	1451	0.10565
576	333	10.073	-120.	89.023	1451	0.10562
576	339	10.786	-120.	89.228	1451	0.10562
576	330	9.8569	-120.	87.974	1451	0.10559
577	516	31.257	-120.	118.83	1455	0.10445
577	537	32.231	-120.	118.57	1455	0.10446
577	533	32.19	-120.	117.81	1455	0.10449
578	559	34.106	-120.	119.51	1455	0.10441
578	560	34.106	-120.	120.25	1455	0.10438
578	568	35.062	-120.	119.27	1455	0.10442
579	558	34.076	-120.	118.07	1455	0.10448
579	533	32.19	-120.	117.81	1455	0.10449
579	555	33.96	-120.	115.92	1455	0.10458
580	558	34.076	-120.	118.07	1455	0.10448
580	555	33.96	-120.	115.92	1455	0.10458
580	575	36.909	-120.	117.34	1455	0.10452
581	558	34.076	-120.	118.07	1455	0.10448
581	575	36.909	-120.	117.34	1455	0.10452
581	568	35.062	-120.	119.27	1455	0.10442
582	558	34.076	-120.	118.07	1455	0.10448
582	568	35.062	-120.	119.27	1455	0.10442
582	559	34.106	-120.	119.51	1455	0.10441
583	558	34.076	-120.	118.07	1455	0.10448
583	559	34.106	-120.	119.51	1455	0.10441
583	537	32.231	-120.	118.57	1455	0.10446
584	558	34.076	-120.	118.07	1455	0.10448
584	537	32.231	-120.	118.57	1455	0.10446
584	533	32.19	-120.	117.81	1455	0.10449
585	538	32.245	-120.	120.	1455	0.10439
585	560	34.106	-120.	120.25	1455	0.10438
585	539	32.274	-120.	122.15	1455	0.1043
586	538	32.245	-120.	120.	1455	0.10439
586	539	32.274	-120.	122.15	1455	0.1043
586	491	29.497	-120.	120.69	1455	0.10437
587	538	32.245	-120.	120.	1455	0.10439
587	491	29.497	-120.	120.69	1455	0.10437
587	516	31.257	-120.	118.83	1455	0.10445
588	538	32.245	-120.	120.	1455	0.10439
588	516	31.257	-120.	118.83	1455	0.10445
588	537	32.231	-120.	118.57	1455	0.10446
589	538	32.245	-120.	120.	1455	0.10439
589	537	32.231	-120.	118.57	1455	0.10446
589	559	34.106	-120.	119.51	1455	0.10441
590	538	32.245	-120.	120.	1455	0.10439
590	559	34.106	-120.	119.51	1455	0.10441
590	560	34.106	-120.	120.25	1455	0.10438
591	523	31.753	-120.	114.26	1519	0.10467
591	507	30.803	-120.	114.51	1519	0.10466
591	528	31.894	-120.	115.	1519	0.10463
592	518	31.423	-120.	112.87	1519	0.10474
592	511	30.932	-120.	110.76	1519	0.10486
592	477	28.754	-120.	113.62	1519	0.10471
593	518	31.423	-120.	112.87	1519	0.10474
593	477	28.754	-120.	113.62	1519	0.10471
593	507	30.803	-120.	114.51	1519	0.10466
594	518	31.423	-120.	112.87	1519	0.10474
594	507	30.803	-120.	114.51	1519	0.10466
594	523	31.753	-120.	114.26	1519	0.10467
595	518	31.423	-120.	112.87	1519	0.10474
595	523	31.753	-120.	114.26	1519	0.10467
595	548	33.238	-120.	112.39	1519	0.10477
596	518	31.423	-120.	112.87	1519	0.10474
596	548	33.238	-120.	112.39	1519	0.10477
596	545	33.06	-120.	111.67	1519	0.10481
597	518	31.423	-120.	112.87	1519	0.10474
597	545	33.06	-120.	111.67	1519	0.10481
597	511	30.932	-120.	110.76	1519	0.10486
598	551	33.555	-120.	113.8	1519	0.10469
598	573	36.317	-120.	113.07	1519	0.10473
598	555	33.96	-120.	115.92	1519	0.10458
599	551	33.555	-120.	113.8	1519	0.10469
599	555	33.96	-120.	115.92	1519	0.10458
599	528	31.894	-120.	115.	1519	0.10463
600	551	33.555	-120.	113.8	1519	0.10469
600	528	31.894	-120.	115.	1519	0.10463
600	523	31.753	-120.	114.26	1519	0.10467
601	551	33.555	-120.	113.8	1519	0.10469
601	523	31.753	-120.	114.26	1519	0.10467
601	548	33.238	-120.	112.39	1519	0.10477
602	551	33.555	-120.	113.8	1519	0.10469
602	548	33.238	-120.	112.39	1519	0.10477
602	563	34.168	-120.	112.14	1519	0.10478
603	551	33.555	-120.	113.8	1519	0.10469
603	563	34.168	-120.	112.14	1519	0.10478
603	573	36.317	-120.	113.07	1519	0.10473
604	548	33.238	-120.	112.39	1519	0.10477
604	563	34.168	-120.	112.14	1519	0.10478
604	545	33.06	-120.	111.67	1519	0.10481
605	544	33.06	-120.	111.67	1521	0.10481
605	511	30.932	-120.	110.76	1521	0.10486
605	535	32.207	-120.	108.95	1521	0.10496
606	553	33.855	-120.	109.98	1521	0.1049
606	544	33.06	-120.	111.67	1521	0.10481
606	535	32.207	-120.	108.95	1521	0.10496
607	553	33.855	-120.	109.98	1521	0.1049
607	535	32.207	-120.	108.95	1521	0.10496
607	543	32.875	-120.	108.	1521	0.10501
608	553	33.855	-120.	109.98	1521	0.1049
608	543	32.875	-120.	108.	1521	0.10501
608	569	35.206	-120.	108.91	1521	0.10496
609	553	33.855	-120.	109.98	1521	0.1049
609	569	35.206	-120.	108.91	1521	0.10496
609	571	35.614	-120.	110.21	1521	0.10489
610	553	33.855	-120.	109.98	1521	0.1049
610	571	35.614	-120.	110.21	1521	0.10489
610	562	34.168	-120.	112.14	1521	0.10478
611	553	33.855	-120.	109.98	1521	0.1049
611	562	34.168	-120.	112.14	1521	0.10478
611	544	33.06	-120.	111.67	1521	0.10481
612	569	35.206	-120.	108.91	1521	0.10496
612	543	32.875	-120.	108.	1521	0.10501
612	561	34.155	-120.	106.16	1521	0.10511
613	571	35.614	-120.	110.21	1521	0.10489
613	573	36.317	-120.	113.07	1521	0.10473
613	562	34.168	-120.	112.14	1521	0.10478
614	461	27.302	-120.	105.87	1528	0.10513
614	464	27.85	-120.	104.3	1528	0.10522
614	482	29.263	-120.	106.75	1528	0.10508
615	461	27.302	-120.	105.87	1528	0.10513
615	482	29.263	-120.	106.75	1528	0.10508
615	475	28.622	-120.	107.7	1528	0.10503
616	461	27.302	-120.	105.87	1528	0.10513
616	475	28.622	-120.	107.7	1528	0.10503
616	448	26.217	-120.	106.97	1528	0.10507
617	461	27.302	-120.	105.87	1528	0.10513
617	448	26.217	-120.	106.97	1528	0.10507
617	443	25.406	-120.	105.57	1528	0.10515
618	461	27.302	-120.	105.87	1528	0.10513
618	443	25.406	-120.	105.57	1528	0.10515
618	451	26.451	-120.	103.94	1528	0.10524
619	461	27.302	-120.	105.87	1528	0.10513
619	451	26.451	-120.	103.94	1528	0.10524
619	464	27.85	-120.	104.3	1528	0.10522
620	448	26.217	-120.	106.97	1528	0.10507
620	475	28.622	-120.	107.7	1528	0.10503
620	462	27.402	-120.	109.46	1528	0.10493
621	464	27.85	-120.	104.3	1528	0.10522
621	499	30.485	-120.	104.97	1528	0.10518
621	482	29.263	-120.	106.75	1528	0.10508
622	451	26.451	-120.	103.94	1528	0.10524
622	443	25.406	-120.	105.57	1528	0.10515
622	432	23.847	-120.	103.3	1528	0.10527
623	353	12.589	-120.	91.638	1530	0.10565
623	340	10.786	-120.	89.228	1530	0.10562
623	357	13.535	-120.	90.005	1530	0.10563
624	321	8.0152	-120.	85.538	1530	0.10551
624	341	10.891	-120.	86.162	1530	0.10556
624	331	9.8569	-120.	87.974	1530	0.10559
625	364	14.983	-120.	87.508	1530	0.10561
625	360	14.027	-120.	89.153	1530	0.10563
625	350	12.207	-120.	86.534	1530	0.10557
626	348	11.884	-120.	88.176	1530	0.1056
626	357	13.535	-120.	90.005	1530	0.10563
626	340	10.786	-120.	89.228	1530	0.10562
627	348	11.884	-120.	88.176	1530	0.1056
627	340	10.786	-120.	89.228	1530	0.10562
627	331	9.8569	-120.	87.974	1530	0.10559
628	348	11.884	-120.	88.176	1530	0.1056
628	331	9.8569	-120.	87.974	1530	0.10559
628	341	10.891	-120.	86.162	1530	0.10556
629	348	11.884	-120.	88.176	1530	0.1056
629	341	10.891	-120.	86.162	1530	0.10556
629	350	12.207	-120.	86.534	1530	0.10557
630	348	11.884	-120.	88.176	1530	0.1056
630	350	12.207	-120.	86.534	1530	0.10557
630	360	14.027	-120.	89.153	1530	0.10563
631	348	11.884	-120.	88.176	1530	0.1056
631	360	14.027	-120.	89.153	1530	0.10563
631	357	13.535	-120.	90.005	1530	0.10563
632	371	15.86	-120.	93.118	1531	0.10564
632	374	16.06	-120.	94.294	1531	0.10563
632	378	16.533	-120.	93.457	1531	0.10563
633	363	14.571	-120.	92.538	1531	0.10564
633	353	12.589	-120.	91.638	1531	0.10565
633	365	15.169	-120.	95.872	1531	0.10561
634	363	14.571	-120.	92.538	1531	0.10564
634	365	15.169	-120.	95.872	1531	0.10561
634	374	16.06	-120.	94.294	1531	0.10563
635	363	14.571	-120.	92.538	1531	0.10564
635	374	16.06	-120.	94.294	1531	0.10563
635	371	15.86	-120.	93.118	1531	0.10564
636	363	14.571	-120.	92.538	1531	0.10564
636	371	15.86	-120.	93.118	1531	0.10564
636	361	14.21	-120.	90.302	1531	0.10564
637	363	14.571	-120.	92.538	1531	0.10564
637	361	14.21	-120.	90.302	1531	0.10564
637	357	13.535	-120.	90.005	1531	0.10563
638	363	14.571	-120.	92.538	1531	0.10564
638	357	13.535	-120.	90.005	1531	0.10563
638	353	12.589	-120.	91.638	1531	0.10565
639	368	15.507	-120.	90.901	1531	0.10564
639	364	14.983	-120.	87.508	1531	0.10561
639	381	17.43	-120.	91.87	1531	0.10564
640	368	15.507	-120.	90.901	1531	0.10564
640	381	17.43	-120.	91.87	1531	0.10564
640	378	16.533	-120.	93.457	1531	0.10563
641	368	15.507	-120.	90.901	1531	0.10564
641	378	16.533	-120.	93.457	1531	0.10563
641	371	15.86	-120.	93.118	1531	0.10564
642	368	15.507	-120.	90.901	1531	0.10564
642	371	15.86	-120.	93.118	1531	0.10564
642	361	14.21	-120.	90.302	1531	0.10564
643	368	15.507	-120.	90.901	1531	0.10564
643	361	14.21	-120.	90.302	1531	0.10564
643	360	14.027	-120.	89.153	1531	0.10563
644	368	15.507	-120.	90.901	1531	0.10564
644	360	14.027	-120.	89.153	1531	0.10563
644	364	14.983	-120.	87.508	1531	0.10561
645	361	14.21	-120.	90.302	1531	0.10564
645	360	14.027	-120.	89.153	1531	0.10563
645	357	13.535	-120.	90.005	1531	0.10563
646	432	23.847	-120.	103.3	1544	0.10527
646	444	25.409	-120.	100.72	1544	0.10539
646	407	20.921	-120.	100.05	1544	0.10544
647	449	26.403	-120.	99.043	1546	0.10546
647	468	28.095	-120.	101.35	1546	0.10536
647	444	25.409	-120.	100.72	1546	0.10539
648	501	30.617	-120.	99.84	1546	0.10542
648	536	32.209	-120.	102.31	1546	0.10531
648	489	29.49	-120.	101.66	1546	0.10534
649	472	28.556	-120.	99.8	1546	0.10543
649	501	30.617	-120.	99.84	1546	0.10542
649	489	29.49	-120.	101.66	1546	0.10534
650	472	28.556	-120.	99.8	1546	0.10543
650	489	29.49	-120.	101.66	1546	0.10534
650	468	28.095	-120.	101.35	1546	0.10536
651	472	28.556	-120.	99.8	1546	0.10543
651	468	28.095	-120.	101.35	1546	0.10536
651	449	26.403	-120.	99.043	1546	0.10546
652	472	28.556	-120.	99.8	1546	0.10543
652	449	26.403	-120.	99.043	1546	0.10546
652	459	26.924	-120.	98.172	1546	0.10549
653	472	28.556	-120.	99.8	1546	0.10543
653	459	26.924	-120.	98.172	1546	0.10549
653	496	29.807	-120.	98.737	1546	0.10547
654	472	28.556	-120.	99.8	1546	0.10543
654	496	29.807	-120.	98.737	1546	0.10547
654	501	30.617	-120.	99.84	1546	0.10542
655	466	27.921	-120.	96.479	1546	0.10555
655	496	29.807	-120.	98.737	1546	0.10547
655	459	26.924	-120.	98.172	1546	0.10549
656	428	22.931	-120.	98.116	1547	0.1055
656	423	22.388	-120.	97.593	1547	0.10552
656	419	21.882	-120.	98.448	1547	0.10549
657	433	23.908	-120.	99.146	1547	0.10546
657	449	26.403	-120.	99.043	1547	0.10546
657	444	25.409	-120.	100.72	1547	0.10539
658	433	23.908	-120.	99.146	1547	0.10546
658	444	25.409	-120.	100.72	1547	0.10539
658	407	20.921	-120.	100.05	1547	0.10544
659	433	23.908	-120.	99.146	1547	0.10546
659	407	20.921	-120.	100.05	1547	0.10544
659	419	21.882	-120.	98.448	1547	0.10549
660	433	23.908	-120.	99.146	1547	0.10546
660	419	21.882	-120.	98.448	1547	0.10549
660	428	22.931	-120.	98.116	1547	0.1055
661	433	23.908	-120.	99.146	1547	0.10546
661	428	22.931	-120.	98.116	1547	0.1055
661	447	25.899	-120.	98.502	1547	0.10548
662	433	23.908	-120.	99.146	1547	0.10546
662	447	25.899	-120.	98.502	1547	0.10548
662	449	26.403	-120.	99.043	1547	0.10546
663	459	26.924	-120.	98.172	1547	0.10549
663	447	25.899	-120.	98.502	1547	0.10548
663	449	26.403	-120.	99.043	1547	0.10546
664	442	24.902	-120.	97.473	1547	0.10552
664	466	27.921	-120.	96.479	1547	0.10555
664	431	23.352	-120.	95.976	1547	0.10557
665	442	24.902	-120.	97.473	1547	0.10552
665	431	23.352	-120.	95.976	1547	0.10557
665	423	22.388	-120.	97.593	1547	0.10552
666	442	24.902	-120.	97.473	1547	0.10552
666	423	22.388	-120.	97.593	1547	0.10552
666	428	22.931	-120.	98.116	1547	0.1055
667	442	24.902	-120.	97.473	1547	0.10552
667	428	22.931	-120.	98.116	1547	0.1055
667	447	25.899	-120.	98.502	1547	0.10548
668	442	24.902	-120.	97.473	1547	0.10552
668	447	25.899	-120.	98.502	1547	0.10548
668	459	26.924	-120.	98.172	1547	0.10549
669	442	24.902	-120.	97.473	1547	0.10552
669	459	26.924	-120.	98.172	1547	0.10549
669	466	27.921	-120.	96.479	1547	0.10555
670	395	19.847	-120.	97.24	1566	0.10554
670	418	21.882	-120.	98.448	1566	0.10549
670	391	18.828	-120.	98.263	1566	0.10552
671	395	19.847	-120.	97.24	1566	0.10554
671	391	18.828	-120.	98.263	1566	0.10552
671	382	17.516	-120.	97.31	1566	0.10556
672	395	19.847	-120.	97.24	1566	0.10554
672	382	17.516	-120.	97.31	1566	0.10556
672	389	18.369	-120.	95.895	1566	0.10559
673	395	19.847	-120.	97.24	1566	0.10554
673	389	18.369	-120.	95.895	1566	0.10559
673	402	20.101	-120.	95.931	1566	0.10558
674	395	19.847	-120.	97.24	1566	0.10554
674	402	20.101	-120.	95.931	1566	0.10558
674	422	22.388	-120.	97.593	1566	0.10552
675	395	19.847	-120.	97.24	1566	0.10554
675	422	22.388	-120.	97.593	1566	0.10552
675	418	21.882	-120.	98.448	1566	0.10549
676	389	18.369	-120.	95.895	1566	0.10559
676	382	17.516	-120.	97.31	1566	0.10556
676	365	15.169	-120.	95.872	1566	0.10561
677	418	21.882	-120.	98.448	1566	0.10549
677	407	20.921	-120.	100.05	1566	0.10544
677	391	18.828	-120.	98.263	1566	0.10552
678	422	22.388	-120.	97.593	1566	0.10552
678	402	20.101	-120.	95.931	1566	0.10558
678	431	23.352	-120.	95.976	1566	0.10557
679	439	24.656	-120.	135.59	1581	0.10407
679	479	29.242	-120.	133.19	1581	0.10407
679	456	26.843	-120.	131.8	1581	0.10408
680	460	27.061	-120.	136.97	1582	0.10409
680	479	29.242	-120.	133.19	1582	0.10407
680	439	24.656	-120.	135.59	1582	0.10407
681	539	32.274	-120.	122.15	1583	0.1043
681	491	29.497	-120.	120.69	1583	0.10437
681	478	29.04	-120.	125.04	1583	0.10421
682	556	34.028	-120.	123.11	1585	0.10427
682	539	32.274	-120.	122.15	1585	0.1043
682	560	34.106	-120.	120.25	1585	0.10438
683	570	35.354	-120.	121.36	1585	0.10434
683	556	34.028	-120.	123.11	1585	0.10427
683	560	34.106	-120.	120.25	1585	0.10438
684	570	35.354	-120.	121.36	1585	0.10434
684	560	34.106	-120.	120.25	1585	0.10438
684	568	35.062	-120.	119.27	1585	0.10442
685	570	35.354	-120.	121.36	1585	0.10434
685	568	35.062	-120.	119.27	1585	0.10442
685	577	37.01	-120.	120.28	1585	0.10439
686	570	35.354	-120.	121.36	1585	0.10434
686	577	37.01	-120.	120.28	1585	0.10439
686	576	36.972	-120.	121.65	1585	0.10433
687	570	35.354	-120.	121.36	1585	0.10434
687	576	36.972	-120.	121.65	1585	0.10433
687	566	34.943	-120.	123.6	1585	0.10425
688	570	35.354	-120.	121.36	1585	0.10434
688	566	34.943	-120.	123.6	1585	0.10425
688	556	34.028	-120.	123.11	1585	0.10427
689	577	37.01	-120.	120.28	1585	0.10439
689	568	35.062	-120.	119.27	1585	0.10442
689	575	36.909	-120.	117.34	1585	0.10452
690	576	36.972	-120.	121.65	1585	0.10433
690	574	36.709	-120.	124.58	1585	0.10423
690	566	34.943	-120.	123.6	1585	0.10425
691	524	31.758	-120.	125.71	1588	0.10419
691	503	30.725	-120.	125.95	1588	0.10418
691	519	31.619	-120.	126.45	1588	0.10417
692	552	33.712	-120.	125.26	1588	0.1042
692	565	34.943	-120.	123.6	1588	0.10425
692	574	36.709	-120.	124.58	1588	0.10423
693	552	33.712	-120.	125.26	1588	0.1042
693	574	36.709	-120.	124.58	1588	0.10423
693	549	33.314	-120.	127.38	1588	0.10415
694	552	33.712	-120.	125.26	1588	0.1042
694	549	33.314	-120.	127.38	1588	0.10415
694	519	31.619	-120.	126.45	1588	0.10417
695	552	33.712	-120.	125.26	1588	0.1042
695	519	31.619	-120.	126.45	1588	0.10417
695	524	31.758	-120.	125.71	1588	0.10419
696	552	33.712	-120.	125.26	1588	0.1042
696	524	31.758	-120.	125.71	1588	0.10419
696	554	33.93	-120.	123.84	1588	0.10425
697	552	33.712	-120.	125.26	1588	0.1042
697	554	33.93	-120.	123.84	1588	0.10425
697	565	34.943	-120.	123.6	1588	0.10425
698	557	34.028	-120.	123.11	1588	0.10427
698	554	33.93	-120.	123.84	1588	0.10425
698	565	34.943	-120.	123.6	1588	0.10425
699	530	31.959	-120.	124.3	1588	0.10423
699	539	32.274	-120.	122.15	1588	0.1043
699	478	29.04	-120.	125.04	1588	0.10421
700	530	31.959	-120.	124.3	1588	0.10423
700	478	29.04	-120.	125.04	1588	0.10421
700	503	30.725	-120.	125.95	1588	0.10418
701	530	31.959	-120.	124.3	1588	0.10423
701	503	30.725	-120.	125.95	1588	0.10418
701	524	31.758	-120.	125.71	1588	0.10419
702	530	31.959	-120.	124.3	1588	0.10423
702	524	31.758	-120.	125.71	1588	0.10419
702	554	33.93	-120.	123.84	1588	0.10425
703	530	31.959	-120.	124.3	1588	0.10423
703	554	33.93	-120.	123.84	1588	0.10425
703	557	34.028	-120.	123.11	1588	0.10427
704	530	31.959	-120.	124.3	1588	0.10423
704	557	34.028	-120.	123.11	1588	0.10427
704	539	32.274	-120.	122.15	1588	0.1043
705	549	33.314	-120.	127.38	1589	0.10415
705	572	35.883	-120.	128.81	1589	0.10412
705	574	36.709	-120.	124.58	1589	0.10423
706	495	29.794	-120.	128.1	1591	0.10413
706	470	28.397	-120.	127.71	1591	0.10414
706	502	30.725	-120.	125.95	1591	0.10418
707	495	29.794	-120.	128.1	1591	0.10413
707	502	30.725	-120.	125.95	1591	0.10418
707	520	31.619	-120.	126.45	1591	0.10417
708	495	29.794	-120.	128.1	1591	0.10413
708	520	31.619	-120.	126.45	1591	0.10417
708	505	30.745	-120.	129.14	1591	0.10411
709	495	29.794	-120.	128.1	1591	0.10413
709	505	30.745	-120.	129.14	1591	0.10411
709	485	29.384	-120.	130.08	1591	0.1041
710	495	29.794	-120.	128.1	1591	0.10413
710	485	29.384	-120.	130.08	1591	0.1041
710	465	27.896	-120.	129.26	1591	0.10411
711	495	29.794	-120.	128.1	1591	0.10413
711	465	27.896	-120.	129.26	1591	0.10411
711	470	28.397	-120.	127.71	1591	0.10414
712	505	30.745	-120.	129.14	1591	0.10411
712	520	31.619	-120.	126.45	1591	0.10417
712	549	33.314	-120.	127.38	1591	0.10415
713	470	28.397	-120.	127.71	1591	0.10414
713	478	29.04	-120.	125.04	1591	0.10421
713	502	30.725	-120.	125.95	1591	0.10418
714	465	27.896	-120.	129.26	1591	0.10411
714	485	29.384	-120.	130.08	1591	0.1041
714	456	26.843	-120.	131.8	1591	0.10408
715	500	30.508	-120.	129.85	1592	0.1041
715	504	30.745	-120.	129.14	1592	0.10411
715	484	29.384	-120.	130.08	1592	0.1041
716	540	32.636	-120.	129.42	1592	0.10411
716	572	35.883	-120.	128.81	1592	0.10412
716	549	33.314	-120.	127.38	1592	0.10415
717	540	32.636	-120.	129.42	1592	0.10411
717	549	33.314	-120.	127.38	1592	0.10415
717	504	30.745	-120.	129.14	1592	0.10411
718	540	32.636	-120.	129.42	1592	0.10411
718	504	30.745	-120.	129.14	1592	0.10411
718	500	30.508	-120.	129.85	1592	0.1041
719	540	32.636	-120.	129.42	1592	0.10411
719	500	30.508	-120.	129.85	1592	0.1041
719	531	32.136	-120.	130.77	1592	0.10409
720	540	32.636	-120.	129.42	1592	0.10411
720	531	32.136	-120.	130.77	1592	0.10409
720	547	33.229	-120.	130.57	1592	0.10409
721	540	32.636	-120.	129.42	1592	0.10411
721	547	33.229	-120.	130.57	1592	0.10409
721	572	35.883	-120.	128.81	1592	0.10412
722	497	29.996	-120.	131.19	1592	0.10408
722	479	29.242	-120.	133.19	1592	0.10407
722	456	26.843	-120.	131.8	1592	0.10408
723	497	29.996	-120.	131.19	1592	0.10408
723	456	26.843	-120.	131.8	1592	0.10408
723	484	29.384	-120.	130.08	1592	0.1041
724	497	29.996	-120.	131.19	1592	0.10408
724	484	29.384	-120.	130.08	1592	0.1041
724	500	30.508	-120.	129.85	1592	0.1041
725	497	29.996	-120.	131.19	1592	0.10408
725	500	30.508	-120.	129.85	1592	0.1041
725	531	32.136	-120.	130.77	1592	0.10409
726	497	29.996	-120.	131.19	1592	0.10408
726	531	32.136	-120.	130.77	1592	0.10409
726	525	31.866	-120.	131.46	1592	0.10408
727	497	29.996	-120.	131.19	1592	0.10408
727	525	31.866	-120.	131.46	1592	0.10408
727	479	29.242	-120.	133.19	1592	0.10407
728	531	32.136	-120.	130.77	1592	0.10409
728	525	31.866	-120.	131.46	1592	0.10408
728	547	33.229	-120.	130.57	1592	0.10409
729	494	29.577	-120.	107.44	1594	0.10504
729	481	29.263	-120.	106.75	1594	0.10508
729	474	28.622	-120.	107.7	1594	0.10503
730	517	31.382	-120.	106.93	1594	0.10507
730	561	34.155	-120.	106.16	1594	0.10511
730	499	30.485	-120.	104.97	1594	0.10518
731	517	31.382	-120.	106.93	1594	0.10507
731	499	30.485	-120.	104.97	1594	0.10518
731	481	29.263	-120.	106.75	1594	0.10508
732	517	31.382	-120.	106.93	1594	0.10507
732	481	29.263	-120.	106.75	1594	0.10508
732	494	29.577	-120.	107.44	1594	0.10504
733	517	31.382	-120.	106.93	1594	0.10507
733	494	29.577	-120.	107.44	1594	0.10504
733	529	31.935	-120.	108.26	1594	0.105
734	517	31.382	-120.	106.93	1594	0.10507
734	529	31.935	-120.	108.26	1594	0.105
734	542	32.875	-120.	108.	1594	0.10501
735	517	31.382	-120.	106.93	1594	0.10507
735	542	32.875	-120.	108.	1594	0.10501
735	561	34.155	-120.	106.16	1594	0.10511
736	498	30.113	-120.	108.76	1594	0.10497
736	511	30.932	-120.	110.76	1594	0.10486
736	462	27.402	-120.	109.46	1594	0.10493
737	498	30.113	-120.	108.76	1594	0.10497
737	462	27.402	-120.	109.46	1594	0.10493
737	474	28.622	-120.	107.7	1594	0.10503
738	498	30.113	-120.	108.76	1594	0.10497
738	474	28.622	-120.	107.7	1594	0.10503
738	494	29.577	-120.	107.44	1594	0.10504
739	498	30.113	-120.	108.76	1594	0.10497
739	494	29.577	-120.	107.44	1594	0.10504
739	529	31.935	-120.	108.26	1594	0.105
740	498	30.113	-120.	108.76	1594	0.10497
740	529	31.935	-120.	108.26	1594	0.105
740	534	32.207	-120.	108.95	1594	0.10496
741	498	30.113	-120.	108.76	1594	0.10497
741	534	32.207	-120.	108.95	1594	0.10496
741	511	30.932	-120.	110.76	1594	0.10486
742	529	31.935	-120.	108.26	1594	0.105
742	534	32.207	-120.	108.95	1594	0.10496
742	542	32.875	-120.	108.	1594	0.10501
743	477	28.754	-120.	113.62	1595	0.10471
743	511	30.932	-120.	110.76	1595	0.10486
743	462	27.402	-120.	109.46	1595	0.10493
744	561	34.155	-120.	106.16	1598	0.10511
744	536	32.209	-120.	102.31	1598	0.10531
744	499	30.485	-120.	104.97	1598	0.10518
745	107	-23.785	-120.	100.93	1649	0.1061
745	110	-23.545	-120.	96.143	1649	0.10598
745	73	-26.285	-120.	99.47	1649	0.10607
746	136	-21.358	-120.	102.37	1650	0.10612
746	130	-21.726	-120.	101.28	1650	0.1061
746	123	-22.197	-120.	101.87	1650	0.10611
747	133	-21.51	-120.	98.163	1650	0.10604
747	138	-21.019	-120.	97.611	1650	0.10602
747	125	-21.878	-120.	97.108	1650	0.10601
748	119	-22.44	-120.	99.25	1650	0.10606
748	123	-22.197	-120.	101.87	1650	0.10611
748	107	-23.785	-120.	100.93	1650	0.1061
749	119	-22.44	-120.	99.25	1650	0.10606
749	107	-23.785	-120.	100.93	1650	0.1061
749	110	-23.545	-120.	96.143	1650	0.10598
750	119	-22.44	-120.	99.25	1650	0.10606
750	110	-23.545	-120.	96.143	1650	0.10598
750	125	-21.878	-120.	97.108	1650	0.10601
751	119	-22.44	-120.	99.25	1650	0.10606
751	125	-21.878	-120.	97.108	1650	0.10601
751	133	-21.51	-120.	98.163	1650	0.10604
752	119	-22.44	-120.	99.25	1650	0.10606
752	133	-21.51	-120.	98.163	1650	0.10604
752	130	-21.726	-120.	101.28	1650	0.1061
753	119	-22.44	-120.	99.25	1650	0.10606
753	130	-21.726	-120.	101.28	1650	0.1061
753	123	-22.197	-120.	101.87	1650	0.10611
754	140	-20.794	-120.	100.22	1650	0.10608
754	138	-21.019	-120.	97.611	1650	0.10602
754	153	-19.369	-120.	98.573	1650	0.10605
755	140	-20.794	-120.	100.22	1650	0.10608
755	153	-19.369	-120.	98.573	1650	0.10605
755	151	-19.781	-120.	103.3	1650	0.10613
756	140	-20.794	-120.	100.22	1650	0.10608
756	151	-19.781	-120.	103.3	1650	0.10613
756	136	-21.358	-120.	102.37	1650	0.10612
757	140	-20.794	-120.	100.22	1650	0.10608
757	136	-21.358	-120.	102.37	1650	0.10612
757	130	-21.726	-120.	101.28	1650	0.1061
758	140	-20.794	-120.	100.22	1650	0.10608
758	130	-21.726	-120.	101.28	1650	0.1061
758	133	-21.51	-120.	98.163	1650	0.10604
759	140	-20.794	-120.	100.22	1650	0.10608
759	133	-21.51	-120.	98.163	1650	0.10604
759	138	-21.019	-120.	97.611	1650	0.10602
760	171	-16.855	-120.	100.05	1654	0.10609
760	153	-19.369	-120.	98.573	1654	0.10605
760	151	-19.781	-120.	103.3	1654	0.10613
761	221	-8.7706	-120.	146.81	1667	0.10454
761	229	-7.1945	-120.	148.83	1667	0.10455
761	217	-9.7773	-120.	147.68	1667	0.10455
762	221	-8.7706	-120.	146.81	1667	0.10454
762	217	-9.7773	-120.	147.68	1667	0.10455
762	212	-10.674	-120.	146.2	1667	0.10456
763	221	-8.7706	-120.	146.81	1667	0.10454
763	212	-10.674	-120.	146.2	1667	0.10456
763	215	-9.8754	-120.	144.75	1667	0.10456
764	221	-8.7706	-120.	146.81	1667	0.10454
764	215	-9.8754	-120.	144.75	1667	0.10456
764	224	-8.3944	-120.	145.41	1667	0.10454
765	221	-8.7706	-120.	146.81	1667	0.10454
765	224	-8.3944	-120.	145.41	1667	0.10454
765	233	-6.7075	-120.	147.97	1667	0.10454
766	221	-8.7706	-120.	146.81	1667	0.10454
766	233	-6.7075	-120.	147.97	1667	0.10454
766	229	-7.1945	-120.	148.83	1667	0.10455
767	215	-9.8754	-120.	144.75	1667	0.10456
767	212	-10.674	-120.	146.2	1667	0.10456
767	197	-12.295	-120.	143.44	1667	0.1046
768	229	-7.1945	-120.	148.83	1667	0.10455
768	226	-8.113	-120.	150.47	1667	0.10457
768	217	-9.7773	-120.	147.68	1667	0.10455
769	233	-6.7075	-120.	147.97	1667	0.10454
769	224	-8.3944	-120.	145.41	1667	0.10454
769	240	-5.7995	-120.	146.33	1667	0.10451
770	486	29.388	-120.	135.79	1726	0.10408
770	479	29.242	-120.	133.19	1726	0.10407
770	460	27.061	-120.	136.97	1726	0.10409
771	486	29.388	-120.	135.79	1726	0.10408
771	460	27.061	-120.	136.97	1726	0.10409
771	476	28.693	-120.	137.9	1726	0.1041
772	486	29.388	-120.	135.79	1726	0.10408
772	476	28.693	-120.	137.9	1726	0.1041
772	492	29.517	-120.	137.53	1726	0.10409
773	486	29.388	-120.	135.79	1726	0.10408
773	492	29.517	-120.	137.53	1726	0.10409
773	512	30.952	-120.	135.04	1726	0.10407
774	486	29.388	-120.	135.79	1726	0.10408
774	512	30.952	-120.	135.04	1726	0.10407
774	509	30.864	-120.	134.14	1726	0.10407
775	486	29.388	-120.	135.79	1726	0.10408
775	509	30.864	-120.	134.14	1726	0.10407
775	479	29.242	-120.	133.19	1726	0.10407
776	513	31.043	-120.	136.75	1726	0.10408
776	550	33.344	-120.	135.59	1726	0.10408
776	514	31.189	-120.	139.32	1726	0.10412
777	513	31.043	-120.	136.75	1726	0.10408
777	514	31.189	-120.	139.32	1726	0.10412
777	493	29.543	-120.	138.38	1726	0.10411
778	513	31.043	-120.	136.75	1726	0.10408
778	493	29.543	-120.	138.38	1726	0.10411
778	492	29.517	-120.	137.53	1726	0.10409
779	513	31.043	-120.	136.75	1726	0.10408
779	492	29.517	-120.	137.53	1726	0.10409
779	512	30.952	-120.	135.04	1726	0.10407
780	513	31.043	-120.	136.75	1726	0.10408
780	512	30.952	-120.	135.04	1726	0.10407
780	521	31.71	-120.	134.63	1726	0.10407
781	513	31.043	-120.	136.75	1726	0.10408
781	521	31.71	-120.	134.63	1726	0.10407
781	550	33.344	-120.	135.59	1726	0.10408
782	492	29.517	-120.	137.53	1726	0.10409
782	476	28.693	-120.	137.9	1726	0.1041
782	493	29.543	-120.	138.38	1726	0.10411
783	512	30.952	-120.	135.04	1726	0.10407
783	521	31.71	-120.	134.63	1726	0.10407
783	509	30.864	-120.	134.14	1726	0.10407
784	476	28.693	-120.	137.9	1744	0.1041
784	458	26.876	-120.	140.1	1744	0.10414
784	460	27.061	-120.	136.97	1744	0.10409
785	473	28.593	-120.	142.76	1744	0.10421
785	452	26.586	-120.	144.91	1744	0.10428
785	454	26.788	-120.	141.73	1744	0.10418
786	469	28.326	-120.	140.43	1744	0.10415
786	473	28.593	-120.	142.76	1744	0.10421
786	454	26.788	-120.	141.73	1744	0.10418
787	469	28.326	-120.	140.43	1744	0.10415
787	454	26.788	-120.	141.73	1744	0.10418
787	458	26.876	-120.	140.1	1744	0.10414
788	469	28.326	-120.	140.43	1744	0.10415
788	458	26.876	-120.	140.1	1744	0.10414
788	476	28.693	-120.	137.9	1744	0.1041
789	469	28.326	-120.	140.43	1744	0.10415
789	476	28.693	-120.	137.9	1744	0.1041
789	493	29.543	-120.	138.38	1744	0.10411
790	469	28.326	-120.	140.43	1744	0.10415
790	493	29.543	-120.	138.38	1744	0.10411
790	488	29.463	-120.	141.7	1744	0.10418
791	469	28.326	-120.	140.43	1744	0.10415
791	488	29.463	-120.	141.7	1744	0.10418
791	473	28.593	-120.	142.76	1744	0.10421
792	514	31.189	-120.	139.32	1744	0.10412
792	488	29.463	-120.	141.7	1744	0.10418
792	493	29.543	-120.	138.38	1744	0.10411
793	390	18.671	-120.	94.527	1810	0.10561
793	388	18.369	-120.	95.895	1810	0.10559
793	373	16.06	-120.	94.294	1810	0.10563
794	390	18.671	-120.	94.527	1810	0.10561
794	373	16.06	-120.	94.294	1810	0.10563
794	377	16.533	-120.	93.457	1810	0.10563
795	390	18.671	-120.	94.527	1810	0.10561
795	377	16.533	-120.	93.457	1810	0.10563
795	397	19.897	-120.	93.386	1810	0.10563
796	390	18.671	-120.	94.527	1810	0.10561
796	397	19.897	-120.	93.386	1810	0.10563
796	409	21.067	-120.	94.197	1810	0.10561
797	390	18.671	-120.	94.527	1810	0.10561
797	409	21.067	-120.	94.197	1810	0.10561
797	401	20.101	-120.	95.931	1810	0.10558
798	390	18.671	-120.	94.527	1810	0.10561
798	401	20.101	-120.	95.931	1810	0.10558
798	388	18.369	-120.	95.895	1810	0.10559
799	397	19.897	-120.	93.386	1810	0.10563
799	377	16.533	-120.	93.457	1810	0.10563
799	381	17.43	-120.	91.87	1810	0.10564
800	388	18.369	-120.	95.895	1810	0.10559
800	365	15.169	-120.	95.872	1810	0.10561
800	373	16.06	-120.	94.294	1810	0.10563
801	401	20.101	-120.	95.931	1810	0.10558
801	409	21.067	-120.	94.197	1810	0.10561
801	431	23.352	-120.	95.976	1810	0.10557
802	406	20.74	-120.	93.354	1811	0.10563
802	398	19.897	-120.	93.386	1811	0.10563
802	410	21.067	-120.	94.197	1811	0.10561
803	400	20.015	-120.	91.744	1811	0.10565
803	392	18.881	-120.	89.348	1811	0.10565
803	381	17.43	-120.	91.87	1811	0.10564
804	400	20.015	-120.	91.744	1811	0.10565
804	381	17.43	-120.	91.87	1811	0.10564
804	398	19.897	-120.	93.386	1811	0.10563
805	400	20.015	-120.	91.744	1811	0.10565
805	398	19.897	-120.	93.386	1811	0.10563
805	406	20.74	-120.	93.354	1811	0.10563
806	400	20.015	-120.	91.744	1811	0.10565
806	406	20.74	-120.	93.354	1811	0.10563
806	416	21.743	-120.	91.638	1811	0.10565
807	400	20.015	-120.	91.744	1811	0.10565
807	416	21.743	-120.	91.638	1811	0.10565
807	412	21.398	-120.	90.871	1811	0.10566
808	400	20.015	-120.	91.744	1811	0.10565
808	412	21.398	-120.	90.871	1811	0.10566
808	392	18.881	-120.	89.348	1811	0.10565
809	421	22.376	-120.	93.382	1811	0.10563
809	441	24.832	-120.	93.474	1811	0.10563
809	431	23.352	-120.	95.976	1811	0.10557
810	421	22.376	-120.	93.382	1811	0.10563
810	431	23.352	-120.	95.976	1811	0.10557
810	410	21.067	-120.	94.197	1811	0.10561
811	421	22.376	-120.	93.382	1811	0.10563
811	410	21.067	-120.	94.197	1811	0.10561
811	406	20.74	-120.	93.354	1811	0.10563
812	421	22.376	-120.	93.382	1811	0.10563
812	406	20.74	-120.	93.354	1811	0.10563
812	416	21.743	-120.	91.638	1811	0.10565
813	421	22.376	-120.	93.382	1811	0.10563
813	416	21.743	-120.	91.638	1811	0.10565
813	426	22.522	-120.	91.651	1811	0.10565
814	421	22.376	-120.	93.382	1811	0.10563
814	426	22.522	-120.	91.651	1811	0.10565
814	441	24.832	-120.	93.474	1811	0.10563
815	416	21.743	-120.	91.638	1811	0.10565
815	426	22.522	-120.	91.651	1811	0.10565
815	412	21.398	-120.	90.871	1811	0.10566
