小面	点	X坐标 (mm)	Y坐标 (mm)	Z坐标 (mm)	单元数	定向变形 (mm)
0	256	-2.9777	-120.	149.89	577	0.11868
0	268	-1.0913	-120.	151.9	577	0.11881
0	252	-3.9312	-120.	151.58	577	0.11876
1	288	1.8045	-120.	154.98	577	0.11937
1	267	-1.1343	-120.	154.83	577	0.11916
1	276	-0.11815	-120.	152.95	577	0.11896
2	243	-5.3928	-120.	154.18	577	0.11884
2	248	-4.4252	-120.	152.47	577	0.1188
2	259	-2.4941	-120.	154.68	577	0.11906
3	261	-2.1991	-120.	153.07	577	0.11891
3	252	-3.9312	-120.	151.58	577	0.11876
3	268	-1.0913	-120.	151.9	577	0.11881
4	261	-2.1991	-120.	153.07	577	0.11891
4	268	-1.0913	-120.	151.9	577	0.11881
4	276	-0.11815	-120.	152.95	577	0.11896
5	261	-2.1991	-120.	153.07	577	0.11891
5	276	-0.11815	-120.	152.95	577	0.11896
5	267	-1.1343	-120.	154.83	577	0.11916
6	261	-2.1991	-120.	153.07	577	0.11891
6	267	-1.1343	-120.	154.83	577	0.11916
6	259	-2.4941	-120.	154.68	577	0.11906
7	261	-2.1991	-120.	153.07	577	0.11891
7	259	-2.4941	-120.	154.68	577	0.11906
7	248	-4.4252	-120.	152.47	577	0.1188
8	261	-2.1991	-120.	153.07	577	0.11891
8	248	-4.4252	-120.	152.47	577	0.1188
8	252	-3.9312	-120.	151.58	577	0.11876
9	526	31.866	-120.	131.46	610	0.11284
9	510	30.864	-120.	134.14	610	0.11317
9	479	29.242	-120.	133.19	610	0.11303
10	564	34.544	-120.	132.9	610	0.11303
10	550	33.344	-120.	135.59	610	0.11345
10	522	31.71	-120.	134.63	610	0.11326
11	541	32.873	-120.	132.56	610	0.11297
11	564	34.544	-120.	132.9	610	0.11303
11	522	31.71	-120.	134.63	610	0.11326
12	541	32.873	-120.	132.56	610	0.11297
12	522	31.71	-120.	134.63	610	0.11326
12	510	30.864	-120.	134.14	610	0.11317
13	541	32.873	-120.	132.56	610	0.11297
13	510	30.864	-120.	134.14	610	0.11317
13	526	31.866	-120.	131.46	610	0.11284
14	541	32.873	-120.	132.56	610	0.11297
14	526	31.866	-120.	131.46	610	0.11284
14	546	33.229	-120.	130.57	610	0.11278
15	541	32.873	-120.	132.56	610	0.11297
15	546	33.229	-120.	130.57	610	0.11278
15	567	35.024	-120.	131.62	610	0.11289
16	541	32.873	-120.	132.56	610	0.11297
16	567	35.024	-120.	131.62	610	0.11289
16	564	34.544	-120.	132.9	610	0.11303
17	572	35.883	-120.	128.81	610	0.11274
17	567	35.024	-120.	131.62	610	0.11289
17	546	33.229	-120.	130.57	610	0.11278
18	109	-23.556	-120.	106.6	619	0.1294
18	124	-22.151	-120.	106.97	619	0.12942
18	98	-24.934	-120.	108.56	619	0.12959
19	109	-23.556	-120.	106.6	619	0.1294
19	98	-24.934	-120.	108.56	619	0.12959
19	83	-25.781	-120.	108.08	619	0.12956
20	109	-23.556	-120.	106.6	619	0.1294
20	83	-25.781	-120.	108.08	619	0.12956
20	104	-24.368	-120.	105.63	619	0.12927
21	109	-23.556	-120.	106.6	619	0.1294
21	104	-24.368	-120.	105.63	619	0.12927
21	117	-22.763	-120.	104.8	619	0.12914
22	109	-23.556	-120.	106.6	619	0.1294
22	117	-22.763	-120.	104.8	619	0.12914
22	137	-21.34	-120.	105.57	619	0.12925
23	109	-23.556	-120.	106.6	619	0.1294
23	137	-21.34	-120.	105.57	619	0.12925
23	124	-22.151	-120.	106.97	619	0.12942
24	104	-24.368	-120.	105.63	619	0.12927
24	83	-25.781	-120.	108.08	619	0.12956
24	55	-27.388	-120.	107.17	619	0.12947
25	124	-22.151	-120.	106.97	619	0.12942
25	112	-23.336	-120.	109.46	619	0.12961
25	98	-24.934	-120.	108.56	619	0.12959
26	137	-21.34	-120.	105.57	619	0.12925
26	117	-22.763	-120.	104.8	619	0.12914
26	151	-19.781	-120.	103.3	619	0.12886
27	153	-19.369	-120.	98.573	622	0.12757
27	139	-21.019	-120.	97.611	622	0.12726
27	155	-18.865	-120.	95.735	622	0.12658
28	110	-23.545	-120.	96.143	622	0.12678
28	134	-21.451	-120.	94.077	622	0.12599
28	126	-21.878	-120.	97.108	622	0.1271
29	165	-18.085	-120.	91.387	622	0.12489
29	161	-18.611	-120.	94.262	622	0.12603
29	144	-20.419	-120.	93.178	622	0.12564
30	145	-20.374	-120.	95.329	622	0.12645
30	155	-18.865	-120.	95.735	622	0.12658
30	139	-21.019	-120.	97.611	622	0.12726
31	145	-20.374	-120.	95.329	622	0.12645
31	139	-21.019	-120.	97.611	622	0.12726
31	126	-21.878	-120.	97.108	622	0.1271
32	145	-20.374	-120.	95.329	622	0.12645
32	126	-21.878	-120.	97.108	622	0.1271
32	134	-21.451	-120.	94.077	622	0.12599
33	145	-20.374	-120.	95.329	622	0.12645
33	134	-21.451	-120.	94.077	622	0.12599
33	144	-20.419	-120.	93.178	622	0.12564
34	145	-20.374	-120.	95.329	622	0.12645
34	144	-20.419	-120.	93.178	622	0.12564
34	161	-18.611	-120.	94.262	622	0.12603
35	145	-20.374	-120.	95.329	622	0.12645
35	161	-18.611	-120.	94.262	622	0.12603
35	155	-18.865	-120.	95.735	622	0.12658
36	285	1.3031	-120.	89.681	635	0.124
36	275	-0.15357	-120.	92.615	635	0.12478
36	300	4.2195	-120.	92.615	635	0.12429
37	80	-26.056	-120.	108.78	712	0.12961
37	97	-24.934	-120.	108.56	712	0.12959
37	82	-25.781	-120.	108.08	712	0.12956
38	43	-28.173	-120.	109.18	712	0.12963
38	23	-29.748	-120.	110.74	712	0.12967
38	7	-31.417	-120.	109.78	712	0.12962
39	43	-28.173	-120.	109.18	712	0.12963
39	7	-31.417	-120.	109.78	712	0.12962
39	55	-27.388	-120.	107.17	712	0.12947
40	43	-28.173	-120.	109.18	712	0.12963
40	55	-27.388	-120.	107.17	712	0.12947
40	82	-25.781	-120.	108.08	712	0.12956
41	43	-28.173	-120.	109.18	712	0.12963
41	82	-25.781	-120.	108.08	712	0.12956
41	80	-26.056	-120.	108.78	712	0.12961
42	43	-28.173	-120.	109.18	712	0.12963
42	80	-26.056	-120.	108.78	712	0.12961
42	36	-28.65	-120.	110.53	712	0.12968
43	43	-28.173	-120.	109.18	712	0.12963
43	36	-28.65	-120.	110.53	712	0.12968
43	23	-29.748	-120.	110.74	712	0.12967
44	32	-28.882	-120.	111.23	712	0.12968
44	36	-28.65	-120.	110.53	712	0.12968
44	23	-29.748	-120.	110.74	712	0.12967
45	68	-26.514	-120.	110.12	712	0.12967
45	61	-27.224	-120.	112.18	712	0.12967
45	112	-23.336	-120.	109.46	712	0.12961
46	68	-26.514	-120.	110.12	712	0.12967
46	112	-23.336	-120.	109.46	712	0.12961
46	97	-24.934	-120.	108.56	712	0.12959
47	68	-26.514	-120.	110.12	712	0.12967
47	97	-24.934	-120.	108.56	712	0.12959
47	80	-26.056	-120.	108.78	712	0.12961
48	68	-26.514	-120.	110.12	712	0.12967
48	80	-26.056	-120.	108.78	712	0.12961
48	36	-28.65	-120.	110.53	712	0.12968
49	68	-26.514	-120.	110.12	712	0.12967
49	36	-28.65	-120.	110.53	712	0.12968
49	32	-28.882	-120.	111.23	712	0.12968
50	68	-26.514	-120.	110.12	712	0.12967
50	32	-28.882	-120.	111.23	712	0.12968
50	61	-27.224	-120.	112.18	712	0.12967
51	241	-5.7764	-120.	90.758	716	0.12453
51	235	-6.5008	-120.	90.968	716	0.12461
51	237	-6.2516	-120.	91.919	716	0.12495
52	225	-8.3372	-120.	89.613	716	0.12414
52	223	-8.5933	-120.	88.683	716	0.12381
52	220	-9.0374	-120.	89.857	716	0.12423
53	227	-7.8565	-120.	91.427	716	0.1248
53	237	-6.2516	-120.	91.919	716	0.12495
53	231	-7.1082	-120.	94.093	716	0.12578
54	227	-7.8565	-120.	91.427	716	0.1248
54	231	-7.1082	-120.	94.093	716	0.12578
54	214	-9.904	-120.	92.112	716	0.1251
55	227	-7.8565	-120.	91.427	716	0.1248
55	214	-9.904	-120.	92.112	716	0.1251
55	220	-9.0374	-120.	89.857	716	0.12423
56	227	-7.8565	-120.	91.427	716	0.1248
56	220	-9.0374	-120.	89.857	716	0.12423
56	225	-8.3372	-120.	89.613	716	0.12414
57	227	-7.8565	-120.	91.427	716	0.1248
57	225	-8.3372	-120.	89.613	716	0.12414
57	235	-6.5008	-120.	90.968	716	0.12461
58	227	-7.8565	-120.	91.427	716	0.1248
58	235	-6.5008	-120.	90.968	716	0.12461
58	237	-6.2516	-120.	91.919	716	0.12495
59	232	-6.9679	-120.	89.165	716	0.12398
59	223	-8.5933	-120.	88.683	716	0.12381
59	228	-7.7041	-120.	86.405	716	0.12303
60	232	-6.9679	-120.	89.165	716	0.12398
60	228	-7.7041	-120.	86.405	716	0.12303
60	245	-4.8957	-120.	88.564	716	0.12378
61	232	-6.9679	-120.	89.165	716	0.12398
61	245	-4.8957	-120.	88.564	716	0.12378
61	241	-5.7764	-120.	90.758	716	0.12453
62	232	-6.9679	-120.	89.165	716	0.12398
62	241	-5.7764	-120.	90.758	716	0.12453
62	235	-6.5008	-120.	90.968	716	0.12461
63	232	-6.9679	-120.	89.165	716	0.12398
63	235	-6.5008	-120.	90.968	716	0.12461
63	225	-8.3372	-120.	89.613	716	0.12414
64	232	-6.9679	-120.	89.165	716	0.12398
64	225	-8.3372	-120.	89.613	716	0.12414
64	223	-8.5933	-120.	88.683	716	0.12381
65	177	-15.833	-120.	140.87	735	0.12109
65	169	-17.251	-120.	143.32	735	0.1203
65	197	-12.295	-120.	143.44	735	0.12005
66	1	-32.805	-120.	116.88	751	0.1292
66	0	-32.924	-120.	121.19	751	0.12836
66	16	-30.093	-120.	118.32	751	0.12902
67	226	-8.113	-120.	150.47	765	0.11874
67	218	-9.54	-120.	153.01	765	0.11857
67	243	-5.3928	-120.	154.18	765	0.11884
68	250	-4.0658	-120.	91.691	802	0.12479
68	263	-2.0045	-120.	91.016	802	0.12446
68	257	-2.8829	-120.	92.974	802	0.12512
69	250	-4.0658	-120.	91.691	802	0.12479
69	257	-2.8829	-120.	92.974	802	0.12512
69	247	-4.4686	-120.	93.311	802	0.12535
70	250	-4.0658	-120.	91.691	802	0.12479
70	247	-4.4686	-120.	93.311	802	0.12535
70	238	-6.2516	-120.	91.919	802	0.12495
71	250	-4.0658	-120.	91.691	802	0.12479
71	238	-6.2516	-120.	91.919	802	0.12495
71	242	-5.7764	-120.	90.758	802	0.12453
72	250	-4.0658	-120.	91.691	802	0.12479
72	242	-5.7764	-120.	90.758	802	0.12453
72	254	-3.011	-120.	90.17	802	0.12426
73	250	-4.0658	-120.	91.691	802	0.12479
73	254	-3.011	-120.	90.17	802	0.12426
73	263	-2.0045	-120.	91.016	802	0.12446
74	238	-6.2516	-120.	91.919	802	0.12495
74	247	-4.4686	-120.	93.311	802	0.12535
74	231	-7.1082	-120.	94.093	802	0.12578
75	263	-2.0045	-120.	91.016	802	0.12446
75	275	-0.15357	-120.	92.615	802	0.12478
75	257	-2.8829	-120.	92.974	802	0.12512
76	254	-3.011	-120.	90.17	802	0.12426
76	242	-5.7764	-120.	90.758	802	0.12453
76	245	-4.8957	-120.	88.564	802	0.12378
77	353	12.589	-120.	91.638	810	0.1236
77	343	11.174	-120.	94.093	810	0.12343
77	365	15.169	-120.	95.872	810	0.1227
78	427	22.928	-120.	139.99	840	0.11456
78	413	21.536	-120.	141.87	840	0.11517
78	420	21.895	-120.	138.97	840	0.11425
79	427	22.928	-120.	139.99	840	0.11456
79	420	21.895	-120.	138.97	840	0.11425
79	429	22.98	-120.	137.77	840	0.11394
80	427	22.928	-120.	139.99	840	0.11456
80	429	22.98	-120.	137.77	840	0.11394
80	437	24.441	-120.	138.64	840	0.11418
81	427	22.928	-120.	139.99	840	0.11456
81	437	24.441	-120.	138.64	840	0.11418
81	435	24.303	-120.	140.3	840	0.11466
82	427	22.928	-120.	139.99	840	0.11456
82	435	24.303	-120.	140.3	840	0.11466
82	424	22.411	-120.	142.4	840	0.11535
83	427	22.928	-120.	139.99	840	0.11456
83	424	22.411	-120.	142.4	840	0.11535
83	413	21.536	-120.	141.87	840	0.11517
84	437	24.441	-120.	138.64	840	0.11418
84	429	22.98	-120.	137.77	840	0.11394
84	439	24.656	-120.	135.59	840	0.11344
85	413	21.536	-120.	141.87	840	0.11517
85	399	19.899	-120.	140.87	840	0.11482
85	420	21.895	-120.	138.97	840	0.11425
86	424	22.411	-120.	142.4	840	0.11535
86	435	24.303	-120.	140.3	840	0.11466
86	434	24.064	-120.	143.4	840	0.11569
87	240	-5.7995	-120.	146.33	842	0.11891
87	256	-2.9777	-120.	149.89	842	0.11868
87	265	-1.522	-120.	147.24	842	0.11842
88	35	-28.656	-120.	129.72	857	0.1257
88	6	-31.929	-120.	128.36	857	0.12619
88	10	-30.643	-120.	132.48	857	0.12463
89	152	-19.63	-120.	147.46	858	0.1191
89	175	-16.089	-120.	149.92	858	0.11864
89	181	-14.63	-120.	147.4	858	0.11917
90	214	-9.904	-120.	92.112	861	0.1251
90	206	-11.103	-120.	95.872	861	0.12659
90	231	-7.1082	-120.	94.093	861	0.12578
91	56	-27.376	-120.	127.13	865	0.12664
91	63	-27.196	-120.	127.86	865	0.12638
91	70	-26.429	-120.	126.87	865	0.12672
92	31	-29.171	-120.	127.62	865	0.12647
92	6	-31.929	-120.	128.36	865	0.12619
92	35	-28.656	-120.	129.72	865	0.1257
93	31	-29.171	-120.	127.62	865	0.12647
93	35	-28.656	-120.	129.72	865	0.1257
93	63	-27.196	-120.	127.86	865	0.12638
94	31	-29.171	-120.	127.62	865	0.12647
94	63	-27.196	-120.	127.86	865	0.12638
94	56	-27.376	-120.	127.13	865	0.12664
95	31	-29.171	-120.	127.62	865	0.12647
95	56	-27.376	-120.	127.13	865	0.12664
95	28	-29.468	-120.	126.21	865	0.12695
96	31	-29.171	-120.	127.62	865	0.12647
96	28	-29.468	-120.	126.21	865	0.12695
96	15	-30.401	-120.	126.46	865	0.12687
97	31	-29.171	-120.	127.62	865	0.12647
97	15	-30.401	-120.	126.46	865	0.12687
97	6	-31.929	-120.	128.36	865	0.12619
98	52	-27.657	-120.	125.72	865	0.12711
98	44	-28.087	-120.	123.61	865	0.12777
98	96	-24.974	-120.	125.04	865	0.12729
99	52	-27.657	-120.	125.72	865	0.12711
99	96	-24.974	-120.	125.04	865	0.12729
99	70	-26.429	-120.	126.87	865	0.12672
100	52	-27.657	-120.	125.72	865	0.12711
100	70	-26.429	-120.	126.87	865	0.12672
100	56	-27.376	-120.	127.13	865	0.12664
101	52	-27.657	-120.	125.72	865	0.12711
101	56	-27.376	-120.	127.13	865	0.12664
101	28	-29.468	-120.	126.21	865	0.12695
102	52	-27.657	-120.	125.72	865	0.12711
102	28	-29.468	-120.	126.21	865	0.12695
102	25	-29.607	-120.	125.48	865	0.12719
103	52	-27.657	-120.	125.72	865	0.12711
103	25	-29.607	-120.	125.48	865	0.12719
103	44	-28.087	-120.	123.61	865	0.12777
104	28	-29.468	-120.	126.21	865	0.12695
104	25	-29.607	-120.	125.48	865	0.12719
104	15	-30.401	-120.	126.46	865	0.12687
105	44	-28.087	-120.	123.61	867	0.12777
105	24	-29.607	-120.	125.48	867	0.12719
105	19	-29.999	-120.	122.65	867	0.12804
106	6	-31.929	-120.	128.36	867	0.12619
106	3	-32.513	-120.	125.48	867	0.12716
106	14	-30.401	-120.	126.46	867	0.12687
107	0	-32.924	-120.	121.19	867	0.12836
107	9	-30.996	-120.	122.16	867	0.12816
107	2	-32.701	-120.	124.13	867	0.12757
108	8	-31.036	-120.	124.39	867	0.12752
108	19	-29.999	-120.	122.65	867	0.12804
108	24	-29.607	-120.	125.48	867	0.12719
109	8	-31.036	-120.	124.39	867	0.12752
109	24	-29.607	-120.	125.48	867	0.12719
109	14	-30.401	-120.	126.46	867	0.12687
110	8	-31.036	-120.	124.39	867	0.12752
110	14	-30.401	-120.	126.46	867	0.12687
110	3	-32.513	-120.	125.48	867	0.12716
111	8	-31.036	-120.	124.39	867	0.12752
111	3	-32.513	-120.	125.48	867	0.12716
111	2	-32.701	-120.	124.13	867	0.12757
112	8	-31.036	-120.	124.39	867	0.12752
112	2	-32.701	-120.	124.13	867	0.12757
112	9	-30.996	-120.	122.16	867	0.12816
113	8	-31.036	-120.	124.39	867	0.12752
113	9	-30.996	-120.	122.16	867	0.12816
113	19	-29.999	-120.	122.65	867	0.12804
114	204	-11.69	-120.	149.52	879	0.11881
114	208	-10.796	-120.	149.39	879	0.11883
114	199	-12.084	-120.	148.78	879	0.11891
115	207	-10.848	-120.	150.93	879	0.11866
115	218	-9.54	-120.	153.01	879	0.11857
115	226	-8.113	-120.	150.47	879	0.11874
116	207	-10.848	-120.	150.93	879	0.11866
116	226	-8.113	-120.	150.47	879	0.11874
116	208	-10.796	-120.	149.39	879	0.11883
117	207	-10.848	-120.	150.93	879	0.11866
117	208	-10.796	-120.	149.39	879	0.11883
117	204	-11.69	-120.	149.52	879	0.11881
118	207	-10.848	-120.	150.93	879	0.11866
118	204	-11.69	-120.	149.52	879	0.11881
118	194	-12.675	-120.	151.25	879	0.11857
119	207	-10.848	-120.	150.93	879	0.11866
119	194	-12.675	-120.	151.25	879	0.11857
119	198	-12.273	-120.	151.92	879	0.11851
120	207	-10.848	-120.	150.93	879	0.11866
120	198	-12.273	-120.	151.92	879	0.11851
120	218	-9.54	-120.	153.01	879	0.11857
121	190	-13.446	-120.	149.7	879	0.11876
121	175	-16.089	-120.	149.92	879	0.11864
121	181	-14.63	-120.	147.4	879	0.11917
122	190	-13.446	-120.	149.7	879	0.11876
122	181	-14.63	-120.	147.4	879	0.11917
122	199	-12.084	-120.	148.78	879	0.11891
123	190	-13.446	-120.	149.7	879	0.11876
123	199	-12.084	-120.	148.78	879	0.11891
123	204	-11.69	-120.	149.52	879	0.11881
124	190	-13.446	-120.	149.7	879	0.11876
124	204	-11.69	-120.	149.52	879	0.11881
124	194	-12.675	-120.	151.25	879	0.11857
125	190	-13.446	-120.	149.7	879	0.11876
125	194	-12.675	-120.	151.25	879	0.11857
125	188	-13.511	-120.	151.33	879	0.11853
126	190	-13.446	-120.	149.7	879	0.11876
126	188	-13.511	-120.	151.33	879	0.11853
126	175	-16.089	-120.	149.92	879	0.11864
127	194	-12.675	-120.	151.25	879	0.11857
127	188	-13.511	-120.	151.33	879	0.11853
127	198	-12.273	-120.	151.92	879	0.11851
128	463	27.448	-120.	103.66	890	0.11931
128	451	26.451	-120.	103.94	890	0.1192
128	464	27.85	-120.	104.3	890	0.11903
129	453	26.629	-120.	102.49	890	0.11981
129	444	25.409	-120.	100.72	890	0.12057
129	432	23.847	-120.	103.3	890	0.11951
130	453	26.629	-120.	102.49	890	0.11981
130	432	23.847	-120.	103.3	890	0.11951
130	451	26.451	-120.	103.94	890	0.1192
131	453	26.629	-120.	102.49	890	0.11981
131	451	26.451	-120.	103.94	890	0.1192
131	463	27.448	-120.	103.66	890	0.11931
132	453	26.629	-120.	102.49	890	0.11981
132	463	27.448	-120.	103.66	890	0.11931
132	471	28.524	-120.	101.95	890	0.12002
133	453	26.629	-120.	102.49	890	0.11981
133	471	28.524	-120.	101.95	890	0.12002
133	467	28.095	-120.	101.35	890	0.12027
134	453	26.629	-120.	102.49	890	0.11981
134	467	28.095	-120.	101.35	890	0.12027
134	444	25.409	-120.	100.72	890	0.12057
135	483	29.334	-120.	103.14	890	0.11951
135	536	32.209	-120.	102.31	890	0.11984
135	499	30.485	-120.	104.97	890	0.11873
136	483	29.334	-120.	103.14	890	0.11951
136	499	30.485	-120.	104.97	890	0.11873
136	464	27.85	-120.	104.3	890	0.11903
137	483	29.334	-120.	103.14	890	0.11951
137	464	27.85	-120.	104.3	890	0.11903
137	463	27.448	-120.	103.66	890	0.11931
138	483	29.334	-120.	103.14	890	0.11951
138	463	27.448	-120.	103.66	890	0.11931
138	471	28.524	-120.	101.95	890	0.12002
139	483	29.334	-120.	103.14	890	0.11951
139	471	28.524	-120.	101.95	890	0.12002
139	490	29.49	-120.	101.66	890	0.12013
140	483	29.334	-120.	103.14	890	0.11951
140	490	29.49	-120.	101.66	890	0.12013
140	536	32.209	-120.	102.31	890	0.11984
141	471	28.524	-120.	101.95	890	0.12002
141	490	29.49	-120.	101.66	890	0.12013
141	467	28.095	-120.	101.35	890	0.12027
142	50	-27.848	-120.	115.7	894	0.12941
142	45	-27.948	-120.	116.45	894	0.12932
142	65	-26.814	-120.	115.45	894	0.12943
143	53	-27.595	-120.	114.29	894	0.12955
143	29	-29.43	-120.	114.03	894	0.12957
143	61	-27.224	-120.	112.18	894	0.12967
144	53	-27.595	-120.	114.29	894	0.12955
144	61	-27.224	-120.	112.18	894	0.12967
144	100	-24.688	-120.	113.62	894	0.12955
145	53	-27.595	-120.	114.29	894	0.12955
145	100	-24.688	-120.	113.62	894	0.12955
145	65	-26.814	-120.	115.45	894	0.12943
146	53	-27.595	-120.	114.29	894	0.12955
146	65	-26.814	-120.	115.45	894	0.12943
146	50	-27.848	-120.	115.7	894	0.12941
147	53	-27.595	-120.	114.29	894	0.12955
147	50	-27.848	-120.	115.7	894	0.12941
147	26	-29.567	-120.	114.76	894	0.12951
148	53	-27.595	-120.	114.29	894	0.12955
148	26	-29.567	-120.	114.76	894	0.12951
148	29	-29.43	-120.	114.03	894	0.12957
149	12	-30.578	-120.	114.99	894	0.12947
149	26	-29.567	-120.	114.76	894	0.12951
149	29	-29.43	-120.	114.03	894	0.12957
150	21	-29.807	-120.	116.19	894	0.12935
150	1	-32.805	-120.	116.88	894	0.1292
150	16	-30.093	-120.	118.32	894	0.12902
151	21	-29.807	-120.	116.19	894	0.12935
151	16	-30.093	-120.	118.32	894	0.12902
151	45	-27.948	-120.	116.45	894	0.12932
152	21	-29.807	-120.	116.19	894	0.12935
152	45	-27.948	-120.	116.45	894	0.12932
152	50	-27.848	-120.	115.7	894	0.12941
153	21	-29.807	-120.	116.19	894	0.12935
153	50	-27.848	-120.	115.7	894	0.12941
153	26	-29.567	-120.	114.76	894	0.12951
154	21	-29.807	-120.	116.19	894	0.12935
154	26	-29.567	-120.	114.76	894	0.12951
154	12	-30.578	-120.	114.99	894	0.12947
155	21	-29.807	-120.	116.19	894	0.12935
155	12	-30.578	-120.	114.99	894	0.12947
155	1	-32.805	-120.	116.88	894	0.1292
156	40	-28.243	-120.	120.02	900	0.12868
156	59	-27.268	-120.	119.76	900	0.12872
156	38	-28.244	-120.	119.26	900	0.12884
157	42	-28.178	-120.	121.44	900	0.12835
157	44	-28.087	-120.	123.61	900	0.12777
157	88	-25.431	-120.	120.69	900	0.12848
158	42	-28.178	-120.	121.44	900	0.12835
158	88	-25.431	-120.	120.69	900	0.12848
158	59	-27.268	-120.	119.76	900	0.12872
159	42	-28.178	-120.	121.44	900	0.12835
159	59	-27.268	-120.	119.76	900	0.12872
159	40	-28.243	-120.	120.02	900	0.12868
160	42	-28.178	-120.	121.44	900	0.12835
160	40	-28.243	-120.	120.02	900	0.12868
160	18	-30.04	-120.	121.91	900	0.12823
161	42	-28.178	-120.	121.44	900	0.12835
161	18	-30.04	-120.	121.91	900	0.12823
161	19	-29.999	-120.	122.65	900	0.12804
162	42	-28.178	-120.	121.44	900	0.12835
162	19	-29.999	-120.	122.65	900	0.12804
162	44	-28.087	-120.	123.61	900	0.12777
163	17	-30.09	-120.	120.48	900	0.12858
163	0	-32.924	-120.	121.19	900	0.12836
163	16	-30.093	-120.	118.32	900	0.12902
164	17	-30.09	-120.	120.48	900	0.12858
164	16	-30.093	-120.	118.32	900	0.12902
164	38	-28.244	-120.	119.26	900	0.12884
165	17	-30.09	-120.	120.48	900	0.12858
165	38	-28.244	-120.	119.26	900	0.12884
165	40	-28.243	-120.	120.02	900	0.12868
166	17	-30.09	-120.	120.48	900	0.12858
166	40	-28.243	-120.	120.02	900	0.12868
166	18	-30.04	-120.	121.91	900	0.12823
167	17	-30.09	-120.	120.48	900	0.12858
167	18	-30.04	-120.	121.91	900	0.12823
167	9	-30.996	-120.	122.16	900	0.12816
168	17	-30.09	-120.	120.48	900	0.12858
168	9	-30.996	-120.	122.16	900	0.12816
168	0	-32.924	-120.	121.19	900	0.12836
169	18	-30.04	-120.	121.91	900	0.12823
169	9	-30.996	-120.	122.16	900	0.12816
169	19	-29.999	-120.	122.65	900	0.12804
170	101	-24.589	-120.	134.53	905	0.12377
170	143	-20.59	-120.	135.59	905	0.1233
170	115	-22.777	-120.	131.8	905	0.12485
171	236	-6.4699	-120.	149.04	910	0.11879
171	234	-6.7075	-120.	147.97	910	0.11887
171	230	-7.1945	-120.	148.83	910	0.11883
172	239	-6.0411	-120.	151.07	910	0.11873
172	249	-4.4252	-120.	152.47	910	0.1188
172	243	-5.3928	-120.	154.18	910	0.11884
173	239	-6.0411	-120.	151.07	910	0.11873
173	243	-5.3928	-120.	154.18	910	0.11884
173	226	-8.113	-120.	150.47	910	0.11874
174	239	-6.0411	-120.	151.07	910	0.11873
174	226	-8.113	-120.	150.47	910	0.11874
174	230	-7.1945	-120.	148.83	910	0.11883
175	239	-6.0411	-120.	151.07	910	0.11873
175	230	-7.1945	-120.	148.83	910	0.11883
175	236	-6.4699	-120.	149.04	910	0.11879
176	239	-6.0411	-120.	151.07	910	0.11873
176	236	-6.4699	-120.	149.04	910	0.11879
176	246	-4.6513	-120.	151.42	910	0.11875
177	239	-6.0411	-120.	151.07	910	0.11873
177	246	-4.6513	-120.	151.42	910	0.11875
177	249	-4.4252	-120.	152.47	910	0.1188
178	251	-3.9312	-120.	151.58	910	0.11876
178	246	-4.6513	-120.	151.42	910	0.11875
178	249	-4.4252	-120.	152.47	910	0.1188
179	244	-5.0895	-120.	149.37	910	0.11874
179	256	-2.9777	-120.	149.89	910	0.11868
179	240	-5.7995	-120.	146.33	910	0.11891
180	244	-5.0895	-120.	149.37	910	0.11874
180	240	-5.7995	-120.	146.33	910	0.11891
180	234	-6.7075	-120.	147.97	910	0.11887
181	244	-5.0895	-120.	149.37	910	0.11874
181	234	-6.7075	-120.	147.97	910	0.11887
181	236	-6.4699	-120.	149.04	910	0.11879
182	244	-5.0895	-120.	149.37	910	0.11874
182	236	-6.4699	-120.	149.04	910	0.11879
182	246	-4.6513	-120.	151.42	910	0.11875
183	244	-5.0895	-120.	149.37	910	0.11874
183	246	-4.6513	-120.	151.42	910	0.11875
183	251	-3.9312	-120.	151.58	910	0.11876
184	244	-5.0895	-120.	149.37	910	0.11874
184	251	-3.9312	-120.	151.58	910	0.11876
184	256	-2.9777	-120.	149.89	910	0.11868
185	304	4.9242	-120.	150.14	912	0.11842
185	302	4.6741	-120.	149.18	912	0.1182
185	299	4.1731	-120.	150.21	912	0.11846
186	312	6.3385	-120.	149.94	912	0.11833
186	323	8.4836	-120.	149.65	912	0.11819
186	308	5.588	-120.	147.24	912	0.11765
187	312	6.3385	-120.	149.94	912	0.11833
187	308	5.588	-120.	147.24	912	0.11765
187	302	4.6741	-120.	149.18	912	0.1182
188	312	6.3385	-120.	149.94	912	0.11833
188	302	4.6741	-120.	149.18	912	0.1182
188	304	4.9242	-120.	150.14	912	0.11842
189	312	6.3385	-120.	149.94	912	0.11833
189	304	4.9242	-120.	150.14	912	0.11842
189	314	6.814	-120.	151.77	912	0.11882
190	312	6.3385	-120.	149.94	912	0.11833
190	314	6.814	-120.	151.77	912	0.11882
190	320	7.5469	-120.	151.66	912	0.1188
191	312	6.3385	-120.	149.94	912	0.11833
191	320	7.5469	-120.	151.66	912	0.1188
191	323	8.4836	-120.	149.65	912	0.11819
192	307	5.3872	-120.	151.95	912	0.11886
192	311	6.1077	-120.	154.74	912	0.11956
192	296	3.2389	-120.	152.16	912	0.11889
193	307	5.3872	-120.	151.95	912	0.11886
193	296	3.2389	-120.	152.16	912	0.11889
193	299	4.1731	-120.	150.21	912	0.11846
194	307	5.3872	-120.	151.95	912	0.11886
194	299	4.1731	-120.	150.21	912	0.11846
194	304	4.9242	-120.	150.14	912	0.11842
195	307	5.3872	-120.	151.95	912	0.11886
195	304	4.9242	-120.	150.14	912	0.11842
195	314	6.814	-120.	151.77	912	0.11882
196	307	5.3872	-120.	151.95	912	0.11886
196	314	6.814	-120.	151.77	912	0.11882
196	316	7.065	-120.	152.71	912	0.11908
197	307	5.3872	-120.	151.95	912	0.11886
197	316	7.065	-120.	152.71	912	0.11908
197	311	6.1077	-120.	154.74	912	0.11956
198	314	6.814	-120.	151.77	912	0.11882
198	316	7.065	-120.	152.71	912	0.11908
198	320	7.5469	-120.	151.66	912	0.1188
199	387	18.289	-120.	147.65	935	0.11735
199	393	19.016	-120.	145.11	935	0.11636
199	405	20.723	-120.	146.15	935	0.11675
200	396	19.872	-120.	148.18	935	0.11754
200	387	18.289	-120.	147.65	935	0.11735
200	405	20.723	-120.	146.15	935	0.11675
201	396	19.872	-120.	148.18	935	0.11754
201	405	20.723	-120.	146.15	935	0.11675
201	415	21.609	-120.	146.7	935	0.11695
202	396	19.872	-120.	148.18	935	0.11754
202	415	21.609	-120.	146.7	935	0.11695
202	408	20.929	-120.	149.43	935	0.11801
203	396	19.872	-120.	148.18	935	0.11754
203	408	20.929	-120.	149.43	935	0.11801
203	394	19.764	-120.	150.15	935	0.11829
204	396	19.872	-120.	148.18	935	0.11754
204	394	19.764	-120.	150.15	935	0.11829
204	385	17.918	-120.	148.97	935	0.11785
205	396	19.872	-120.	148.18	935	0.11754
205	385	17.918	-120.	148.97	935	0.11785
205	387	18.289	-120.	147.65	935	0.11735
206	408	20.929	-120.	149.43	935	0.11801
206	415	21.609	-120.	146.7	935	0.11695
206	430	23.336	-120.	147.74	935	0.11734
207	394	19.764	-120.	150.15	935	0.11829
207	380	17.167	-120.	151.53	935	0.11882
207	385	17.918	-120.	148.97	935	0.11785
208	291	2.4319	-120.	148.95	938	0.11828
208	299	4.1731	-120.	150.21	938	0.11846
208	287	1.3459	-120.	150.21	938	0.11856
209	291	2.4319	-120.	148.95	938	0.11828
209	287	1.3459	-120.	150.21	938	0.11856
209	279	0.33219	-120.	149.18	938	0.11846
210	291	2.4319	-120.	148.95	938	0.11828
210	279	0.33219	-120.	149.18	938	0.11846
210	284	1.2224	-120.	147.46	938	0.11814
211	291	2.4319	-120.	148.95	938	0.11828
211	284	1.2224	-120.	147.46	938	0.11814
211	294	2.8435	-120.	147.46	938	0.11796
212	291	2.4319	-120.	148.95	938	0.11828
212	294	2.8435	-120.	147.46	938	0.11796
212	302	4.6741	-120.	149.18	938	0.1182
213	291	2.4319	-120.	148.95	938	0.11828
213	302	4.6741	-120.	149.18	938	0.1182
213	299	4.1731	-120.	150.21	938	0.11846
214	284	1.2224	-120.	147.46	938	0.11814
214	279	0.33219	-120.	149.18	938	0.11846
214	265	-1.522	-120.	147.24	938	0.11842
215	299	4.1731	-120.	150.21	938	0.11846
215	296	3.2389	-120.	152.16	938	0.11889
215	287	1.3459	-120.	150.21	938	0.11856
216	302	4.6741	-120.	149.18	938	0.1182
216	294	2.8435	-120.	147.46	938	0.11796
216	308	5.588	-120.	147.24	938	0.11765
217	335	10.335	-120.	151.03	942	0.11861
217	319	7.5469	-120.	151.66	942	0.1188
217	323	8.4836	-120.	149.65	942	0.11819
218	326	9.0131	-120.	154.27	942	0.11956
218	311	6.1077	-120.	154.74	942	0.11956
218	317	7.065	-120.	152.71	942	0.11908
219	328	9.2669	-120.	152.57	942	0.11908
219	326	9.0131	-120.	154.27	942	0.11956
219	317	7.065	-120.	152.71	942	0.11908
220	328	9.2669	-120.	152.57	942	0.11908
220	317	7.065	-120.	152.71	942	0.11908
220	319	7.5469	-120.	151.66	942	0.1188
221	328	9.2669	-120.	152.57	942	0.11908
221	319	7.5469	-120.	151.66	942	0.1188
221	335	10.335	-120.	151.03	942	0.11861
222	328	9.2669	-120.	152.57	942	0.11908
222	335	10.335	-120.	151.03	942	0.11861
222	344	11.293	-120.	151.76	942	0.11885
223	328	9.2669	-120.	152.57	942	0.11908
223	344	11.293	-120.	151.76	942	0.11885
223	336	10.348	-120.	153.98	942	0.11952
224	328	9.2669	-120.	152.57	942	0.11908
224	336	10.348	-120.	153.98	942	0.11952
224	326	9.0131	-120.	154.27	942	0.11956
225	356	13.174	-120.	153.16	942	0.11934
225	336	10.348	-120.	153.98	942	0.11952
225	344	11.293	-120.	151.76	942	0.11885
226	219	-9.0374	-120.	89.857	965	0.12423
226	214	-9.904	-120.	92.112	965	0.1251
226	205	-11.685	-120.	90.932	965	0.12465
227	210	-10.696	-120.	89.164	965	0.12397
227	219	-9.0374	-120.	89.857	965	0.12423
227	205	-11.685	-120.	90.932	965	0.12465
228	210	-10.696	-120.	89.164	965	0.12397
228	205	-11.685	-120.	90.932	965	0.12465
228	195	-12.608	-120.	90.314	965	0.12442
229	210	-10.696	-120.	89.164	965	0.12397
229	195	-12.608	-120.	90.314	965	0.12442
229	202	-11.761	-120.	87.856	965	0.12349
230	210	-10.696	-120.	89.164	965	0.12397
230	202	-11.761	-120.	87.856	965	0.12349
230	213	-10.493	-120.	87.342	965	0.12331
231	210	-10.696	-120.	89.164	965	0.12397
231	213	-10.493	-120.	87.342	965	0.12331
231	222	-8.5933	-120.	88.683	965	0.12381
232	210	-10.696	-120.	89.164	965	0.12397
232	222	-8.5933	-120.	88.683	965	0.12381
232	219	-9.0374	-120.	89.857	965	0.12423
233	202	-11.761	-120.	87.856	965	0.12349
233	195	-12.608	-120.	90.314	965	0.12442
233	183	-14.413	-120.	89.13	965	0.12397
234	213	-10.493	-120.	87.342	965	0.12331
234	228	-7.7041	-120.	86.405	965	0.12303
234	222	-8.5933	-120.	88.683	965	0.12381
235	193	-12.821	-120.	94.742	966	0.12616
235	192	-13.091	-120.	93.772	966	0.12578
235	185	-13.745	-120.	94.149	966	0.12594
236	196	-12.345	-120.	91.267	966	0.12479
236	205	-11.685	-120.	90.932	966	0.12465
236	195	-12.608	-120.	90.314	966	0.12442
237	187	-13.615	-120.	91.942	966	0.12507
237	185	-13.745	-120.	94.149	966	0.12594
237	178	-15.485	-120.	93.018	966	0.12551
238	187	-13.615	-120.	91.942	966	0.12507
238	178	-15.485	-120.	93.018	966	0.12551
238	183	-14.413	-120.	89.13	966	0.12397
239	187	-13.615	-120.	91.942	966	0.12507
239	183	-14.413	-120.	89.13	966	0.12397
239	195	-12.608	-120.	90.314	966	0.12442
240	187	-13.615	-120.	91.942	966	0.12507
240	195	-12.608	-120.	90.314	966	0.12442
240	196	-12.345	-120.	91.267	966	0.12479
241	187	-13.615	-120.	91.942	966	0.12507
241	196	-12.345	-120.	91.267	966	0.12479
241	192	-13.091	-120.	93.772	966	0.12578
242	187	-13.615	-120.	91.942	966	0.12507
242	192	-13.091	-120.	93.772	966	0.12578
242	185	-13.745	-120.	94.149	966	0.12594
243	201	-11.825	-120.	93.116	966	0.12551
243	205	-11.685	-120.	90.932	966	0.12465
243	214	-9.904	-120.	92.112	966	0.1251
244	201	-11.825	-120.	93.116	966	0.12551
244	214	-9.904	-120.	92.112	966	0.1251
244	206	-11.103	-120.	95.872	966	0.12659
245	201	-11.825	-120.	93.116	966	0.12551
245	206	-11.103	-120.	95.872	966	0.12659
245	193	-12.821	-120.	94.742	966	0.12616
246	201	-11.825	-120.	93.116	966	0.12551
246	193	-12.821	-120.	94.742	966	0.12616
246	192	-13.091	-120.	93.772	966	0.12578
247	201	-11.825	-120.	93.116	966	0.12551
247	192	-13.091	-120.	93.772	966	0.12578
247	196	-12.345	-120.	91.267	966	0.12479
248	201	-11.825	-120.	93.116	966	0.12551
248	196	-12.345	-120.	91.267	966	0.12479
248	205	-11.685	-120.	90.932	966	0.12465
249	281	0.59341	-120.	150.18	972	0.11858
249	286	1.3459	-120.	150.21	972	0.11856
249	278	0.33219	-120.	149.18	972	0.11846
250	283	1.0853	-120.	152.07	972	0.11885
250	288	1.8045	-120.	154.98	972	0.11937
250	296	3.2389	-120.	152.16	972	0.11889
251	283	1.0853	-120.	152.07	972	0.11885
251	296	3.2389	-120.	152.16	972	0.11889
251	286	1.3459	-120.	150.21	972	0.11856
252	283	1.0853	-120.	152.07	972	0.11885
252	286	1.3459	-120.	150.21	972	0.11856
252	281	0.59341	-120.	150.18	972	0.11858
253	283	1.0853	-120.	152.07	972	0.11885
253	281	0.59341	-120.	150.18	972	0.11858
253	274	-0.353	-120.	151.97	972	0.11883
254	283	1.0853	-120.	152.07	972	0.11885
254	274	-0.353	-120.	151.97	972	0.11883
254	277	-0.11815	-120.	152.95	972	0.11896
255	283	1.0853	-120.	152.07	972	0.11885
255	277	-0.11815	-120.	152.95	972	0.11896
255	288	1.8045	-120.	154.98	972	0.11937
256	271	-0.83641	-120.	150.06	972	0.11862
256	256	-2.9777	-120.	149.89	972	0.11868
256	265	-1.522	-120.	147.24	972	0.11842
257	271	-0.83641	-120.	150.06	972	0.11862
257	265	-1.522	-120.	147.24	972	0.11842
257	278	0.33219	-120.	149.18	972	0.11846
258	271	-0.83641	-120.	150.06	972	0.11862
258	278	0.33219	-120.	149.18	972	0.11846
258	281	0.59341	-120.	150.18	972	0.11858
259	271	-0.83641	-120.	150.06	972	0.11862
259	281	0.59341	-120.	150.18	972	0.11858
259	274	-0.353	-120.	151.97	972	0.11883
260	271	-0.83641	-120.	150.06	972	0.11862
260	274	-0.353	-120.	151.97	972	0.11883
260	269	-1.0913	-120.	151.9	972	0.11881
261	271	-0.83641	-120.	150.06	972	0.11862
261	269	-1.0913	-120.	151.9	972	0.11881
261	256	-2.9777	-120.	149.89	972	0.11868
262	274	-0.353	-120.	151.97	972	0.11883
262	269	-1.0913	-120.	151.9	972	0.11881
262	277	-0.11815	-120.	152.95	972	0.11896
263	57	-27.373	-120.	138.94	975	0.12201
263	99	-24.821	-120.	142.41	975	0.12067
263	113	-23.261	-120.	139.86	975	0.12162
264	318	7.3448	-120.	91.56	976	0.1239
264	329	9.39	-120.	91.764	976	0.12375
264	324	8.5345	-120.	93.311	976	0.12379
265	318	7.3448	-120.	91.56	976	0.1239
265	324	8.5345	-120.	93.311	976	0.12379
265	315	6.9488	-120.	92.974	976	0.12399
266	318	7.3448	-120.	91.56	976	0.1239
266	315	6.9488	-120.	92.974	976	0.12399
266	306	5.1429	-120.	90.861	976	0.12401
267	318	7.3448	-120.	91.56	976	0.1239
267	306	5.1429	-120.	90.861	976	0.12401
267	310	5.6436	-120.	89.931	976	0.12389
268	318	7.3448	-120.	91.56	976	0.1239
268	310	5.6436	-120.	89.931	976	0.12389
268	322	8.4091	-120.	90.519	976	0.1238
269	318	7.3448	-120.	91.56	976	0.1239
269	322	8.4091	-120.	90.519	976	0.1238
269	329	9.39	-120.	91.764	976	0.12375
270	306	5.1429	-120.	90.861	976	0.12401
270	315	6.9488	-120.	92.974	976	0.12399
270	300	4.2195	-120.	92.615	976	0.12429
271	329	9.39	-120.	91.764	976	0.12375
271	343	11.174	-120.	94.093	976	0.12343
271	324	8.5345	-120.	93.311	976	0.12379
272	322	8.4091	-120.	90.519	976	0.1238
272	310	5.6436	-120.	89.931	976	0.12389
272	313	6.5826	-120.	88.167	976	0.12371
273	260	-2.2653	-120.	90.059	979	0.1242
273	255	-3.011	-120.	90.17	979	0.12426
273	262	-2.0045	-120.	91.016	979	0.12446
274	270	-0.84033	-120.	89.911	979	0.12412
274	272	-0.59171	-120.	88.013	979	0.12364
274	285	1.3031	-120.	89.681	979	0.124
275	270	-0.84033	-120.	89.911	979	0.12412
275	285	1.3031	-120.	89.681	979	0.124
275	275	-0.15357	-120.	92.615	979	0.12478
276	270	-0.84033	-120.	89.911	979	0.12412
276	275	-0.15357	-120.	92.615	979	0.12478
276	262	-2.0045	-120.	91.016	979	0.12446
277	270	-0.84033	-120.	89.911	979	0.12412
277	262	-2.0045	-120.	91.016	979	0.12446
277	260	-2.2653	-120.	90.059	979	0.1242
278	270	-0.84033	-120.	89.911	979	0.12412
278	260	-2.2653	-120.	90.059	979	0.1242
278	266	-1.3299	-120.	88.083	979	0.12365
279	270	-0.84033	-120.	89.911	979	0.12412
279	266	-1.3299	-120.	88.083	979	0.12365
279	272	-0.59171	-120.	88.013	979	0.12364
280	264	-1.5709	-120.	87.142	979	0.12341
280	266	-1.3299	-120.	88.083	979	0.12365
280	272	-0.59171	-120.	88.013	979	0.12364
281	258	-2.7619	-120.	88.247	979	0.12369
281	253	-3.4987	-120.	85.463	979	0.12288
281	245	-4.8957	-120.	88.564	979	0.12378
282	258	-2.7619	-120.	88.247	979	0.12369
282	245	-4.8957	-120.	88.564	979	0.12378
282	255	-3.011	-120.	90.17	979	0.12426
283	258	-2.7619	-120.	88.247	979	0.12369
283	255	-3.011	-120.	90.17	979	0.12426
283	260	-2.2653	-120.	90.059	979	0.1242
284	258	-2.7619	-120.	88.247	979	0.12369
284	260	-2.2653	-120.	90.059	979	0.1242
284	266	-1.3299	-120.	88.083	979	0.12365
285	258	-2.7619	-120.	88.247	979	0.12369
285	266	-1.3299	-120.	88.083	979	0.12365
285	264	-1.5709	-120.	87.142	979	0.12341
286	258	-2.7619	-120.	88.247	979	0.12369
286	264	-1.5709	-120.	87.142	979	0.12341
286	253	-3.4987	-120.	85.463	979	0.12288
287	309	5.6436	-120.	89.931	984	0.12389
287	303	4.8924	-120.	89.862	984	0.12391
287	305	5.1429	-120.	90.861	984	0.12401
288	295	3.0008	-120.	87.884	984	0.12364
288	293	2.7559	-120.	86.903	984	0.12345
288	289	2.2612	-120.	87.855	984	0.12362
289	297	3.47	-120.	89.793	984	0.12395
289	305	5.1429	-120.	90.861	984	0.12401
289	300	4.2195	-120.	92.615	984	0.12429
290	297	3.47	-120.	89.793	984	0.12395
290	300	4.2195	-120.	92.615	984	0.12429
290	285	1.3031	-120.	89.681	984	0.124
291	297	3.47	-120.	89.793	984	0.12395
291	285	1.3031	-120.	89.681	984	0.124
291	289	2.2612	-120.	87.855	984	0.12362
292	297	3.47	-120.	89.793	984	0.12395
292	289	2.2612	-120.	87.855	984	0.12362
292	295	3.0008	-120.	87.884	984	0.12364
293	297	3.47	-120.	89.793	984	0.12395
293	295	3.0008	-120.	87.884	984	0.12364
293	303	4.8924	-120.	89.862	984	0.12391
294	297	3.47	-120.	89.793	984	0.12395
294	303	4.8924	-120.	89.862	984	0.12391
294	305	5.1429	-120.	90.861	984	0.12401
295	301	4.4345	-120.	87.969	984	0.12367
295	293	2.7559	-120.	86.903	984	0.12345
295	298	3.7317	-120.	85.064	984	0.12318
296	301	4.4345	-120.	87.969	984	0.12367
296	298	3.7317	-120.	85.064	984	0.12318
296	313	6.5826	-120.	88.167	984	0.12371
297	301	4.4345	-120.	87.969	984	0.12367
297	313	6.5826	-120.	88.167	984	0.12371
297	309	5.6436	-120.	89.931	984	0.12389
298	301	4.4345	-120.	87.969	984	0.12367
298	309	5.6436	-120.	89.931	984	0.12389
298	303	4.8924	-120.	89.862	984	0.12391
299	301	4.4345	-120.	87.969	984	0.12367
299	303	4.8924	-120.	89.862	984	0.12391
299	295	3.0008	-120.	87.884	984	0.12364
300	301	4.4345	-120.	87.969	984	0.12367
300	295	3.0008	-120.	87.884	984	0.12364
300	293	2.7559	-120.	86.903	984	0.12345
301	182	-14.524	-120.	96.261	995	0.12676
301	176	-16.032	-120.	95.811	995	0.12659
301	185	-13.745	-120.	94.149	995	0.12594
302	182	-14.524	-120.	96.261	995	0.12676
302	185	-13.745	-120.	94.149	995	0.12594
302	193	-12.821	-120.	94.742	995	0.12616
303	182	-14.524	-120.	96.261	995	0.12676
303	193	-12.821	-120.	94.742	995	0.12616
303	189	-13.45	-120.	97.31	995	0.12714
304	182	-14.524	-120.	96.261	995	0.12676
304	189	-13.45	-120.	97.31	995	0.12714
304	180	-14.762	-120.	98.263	995	0.12747
305	182	-14.524	-120.	96.261	995	0.12676
305	180	-14.762	-120.	98.263	995	0.12747
305	174	-16.334	-120.	97.294	995	0.12712
306	182	-14.524	-120.	96.261	995	0.12676
306	174	-16.334	-120.	97.294	995	0.12712
306	176	-16.032	-120.	95.811	995	0.12659
307	189	-13.45	-120.	97.31	995	0.12714
307	193	-12.821	-120.	94.742	995	0.12616
307	206	-11.103	-120.	95.872	995	0.12659
308	176	-16.032	-120.	95.811	995	0.12659
308	178	-15.485	-120.	93.018	995	0.12551
308	185	-13.745	-120.	94.149	995	0.12594
309	174	-16.334	-120.	97.294	995	0.12712
309	180	-14.762	-120.	98.263	995	0.12747
309	171	-16.855	-120.	100.05	995	0.12805
310	253	-3.4987	-120.	85.463	996	0.12288
310	228	-7.7041	-120.	86.405	996	0.12303
310	245	-4.8957	-120.	88.564	996	0.12378
311	169	-17.251	-120.	143.32	997	0.1203
311	163	-18.192	-120.	144.96	997	0.11981
311	148	-20.24	-120.	142.97	997	0.12046
312	152	-19.63	-120.	147.46	997	0.1191
312	127	-21.862	-120.	145.54	997	0.11963
312	159	-18.684	-120.	145.81	997	0.11956
313	99	-24.821	-120.	142.41	997	0.12067
313	129	-21.791	-120.	142.79	997	0.12053
313	114	-22.843	-120.	144.59	997	0.11993
314	142	-20.602	-120.	144.44	997	0.11998
314	148	-20.24	-120.	142.97	997	0.12046
314	163	-18.192	-120.	144.96	997	0.11981
315	142	-20.602	-120.	144.44	997	0.11998
315	163	-18.192	-120.	144.96	997	0.11981
315	159	-18.684	-120.	145.81	997	0.11956
316	142	-20.602	-120.	144.44	997	0.11998
316	159	-18.684	-120.	145.81	997	0.11956
316	127	-21.862	-120.	145.54	997	0.11963
317	142	-20.602	-120.	144.44	997	0.11998
317	127	-21.862	-120.	145.54	997	0.11963
317	114	-22.843	-120.	144.59	997	0.11993
318	142	-20.602	-120.	144.44	997	0.11998
318	114	-22.843	-120.	144.59	997	0.11993
318	129	-21.791	-120.	142.79	997	0.12053
319	142	-20.602	-120.	144.44	997	0.11998
319	129	-21.791	-120.	142.79	997	0.12053
319	148	-20.24	-120.	142.97	997	0.12046
320	575	36.909	-120.	117.34	999	0.11424
320	573	36.317	-120.	113.07	999	0.11554
320	555	33.96	-120.	115.92	999	0.1146
321	313	6.5826	-120.	88.167	1004	0.12371
321	321	8.0152	-120.	85.538	1004	0.12354
321	298	3.7317	-120.	85.064	1004	0.12318
322	108	-23.689	-120.	103.77	1024	0.12894
322	103	-24.368	-120.	105.63	1024	0.12927
322	78	-26.081	-120.	104.59	1024	0.12909
323	108	-23.689	-120.	103.77	1024	0.12894
323	78	-26.081	-120.	104.59	1024	0.12909
323	90	-25.369	-120.	103.36	1024	0.12886
324	108	-23.689	-120.	103.77	1024	0.12894
324	90	-25.369	-120.	103.36	1024	0.12886
324	122	-22.197	-120.	101.87	1024	0.12852
325	108	-23.689	-120.	103.77	1024	0.12894
325	122	-22.197	-120.	101.87	1024	0.12852
325	135	-21.358	-120.	102.37	1024	0.12864
326	108	-23.689	-120.	103.77	1024	0.12894
326	135	-21.358	-120.	102.37	1024	0.12864
326	116	-22.763	-120.	104.8	1024	0.12914
327	108	-23.689	-120.	103.77	1024	0.12894
327	116	-22.763	-120.	104.8	1024	0.12914
327	103	-24.368	-120.	105.63	1024	0.12927
328	122	-22.197	-120.	101.87	1024	0.12852
328	90	-25.369	-120.	103.36	1024	0.12886
328	107	-23.785	-120.	100.93	1024	0.12829
329	103	-24.368	-120.	105.63	1024	0.12927
329	55	-27.388	-120.	107.17	1024	0.12947
329	78	-26.081	-120.	104.59	1024	0.12909
330	116	-22.763	-120.	104.8	1024	0.12914
330	135	-21.358	-120.	102.37	1024	0.12864
330	151	-19.781	-120.	103.3	1024	0.12886
331	84	-25.691	-120.	136.27	1035	0.12307
331	64	-26.981	-120.	133.72	1035	0.12412
331	101	-24.589	-120.	134.53	1035	0.12377
332	27	-29.479	-120.	135.18	1035	0.12354
332	10	-30.643	-120.	132.48	1035	0.12463
332	41	-28.225	-120.	133.31	1035	0.12429
333	54	-27.584	-120.	135.34	1035	0.12346
333	27	-29.479	-120.	135.18	1035	0.12354
333	41	-28.225	-120.	133.31	1035	0.12429
334	54	-27.584	-120.	135.34	1035	0.12346
334	41	-28.225	-120.	133.31	1035	0.12429
334	64	-26.981	-120.	133.72	1035	0.12412
335	54	-27.584	-120.	135.34	1035	0.12346
335	64	-26.981	-120.	133.72	1035	0.12412
335	84	-25.691	-120.	136.27	1035	0.12307
336	54	-27.584	-120.	135.34	1035	0.12346
336	84	-25.691	-120.	136.27	1035	0.12307
336	75	-26.268	-120.	137.17	1035	0.12271
337	54	-27.584	-120.	135.34	1035	0.12346
337	75	-26.268	-120.	137.17	1035	0.12271
337	34	-28.862	-120.	136.4	1035	0.12304
338	54	-27.584	-120.	135.34	1035	0.12346
338	34	-28.862	-120.	136.4	1035	0.12304
338	27	-29.479	-120.	135.18	1035	0.12354
339	57	-27.373	-120.	138.94	1035	0.12201
339	34	-28.862	-120.	136.4	1035	0.12304
339	75	-26.268	-120.	137.17	1035	0.12271
340	131	-21.647	-120.	137.26	1036	0.12263
340	118	-22.638	-120.	137.55	1036	0.12253
340	120	-22.202	-120.	138.16	1036	0.12228
341	92	-25.296	-120.	136.9	1036	0.12281
341	85	-25.691	-120.	136.27	1036	0.12307
341	74	-26.268	-120.	137.17	1036	0.12271
342	102	-24.506	-120.	138.1	1036	0.12233
342	120	-22.202	-120.	138.16	1036	0.12228
342	113	-23.261	-120.	139.86	1036	0.12162
343	102	-24.506	-120.	138.1	1036	0.12233
343	113	-23.261	-120.	139.86	1036	0.12162
343	57	-27.373	-120.	138.94	1036	0.12201
344	102	-24.506	-120.	138.1	1036	0.12233
344	57	-27.373	-120.	138.94	1036	0.12201
344	74	-26.268	-120.	137.17	1036	0.12271
345	102	-24.506	-120.	138.1	1036	0.12233
345	74	-26.268	-120.	137.17	1036	0.12271
345	92	-25.296	-120.	136.9	1036	0.12281
346	102	-24.506	-120.	138.1	1036	0.12233
346	92	-25.296	-120.	136.9	1036	0.12281
346	118	-22.638	-120.	137.55	1036	0.12253
347	102	-24.506	-120.	138.1	1036	0.12233
347	118	-22.638	-120.	137.55	1036	0.12253
347	120	-22.202	-120.	138.16	1036	0.12228
348	111	-23.409	-120.	136.35	1036	0.12302
348	85	-25.691	-120.	136.27	1036	0.12307
348	101	-24.589	-120.	134.53	1036	0.12377
349	111	-23.409	-120.	136.35	1036	0.12302
349	101	-24.589	-120.	134.53	1036	0.12377
349	143	-20.59	-120.	135.59	1036	0.1233
350	111	-23.409	-120.	136.35	1036	0.12302
350	143	-20.59	-120.	135.59	1036	0.1233
350	131	-21.647	-120.	137.26	1036	0.12263
351	111	-23.409	-120.	136.35	1036	0.12302
351	131	-21.647	-120.	137.26	1036	0.12263
351	118	-22.638	-120.	137.55	1036	0.12253
352	111	-23.409	-120.	136.35	1036	0.12302
352	118	-22.638	-120.	137.55	1036	0.12253
352	92	-25.296	-120.	136.9	1036	0.12281
353	111	-23.409	-120.	136.35	1036	0.12302
353	92	-25.296	-120.	136.9	1036	0.12281
353	85	-25.691	-120.	136.27	1036	0.12307
354	149	-19.941	-120.	138.82	1037	0.12198
354	166	-17.829	-120.	138.97	1037	0.12188
354	158	-18.742	-120.	140.49	1037	0.12131
355	149	-19.941	-120.	138.82	1037	0.12198
355	158	-18.742	-120.	140.49	1037	0.12131
355	147	-20.31	-120.	140.26	1037	0.12143
356	149	-19.941	-120.	138.82	1037	0.12198
356	147	-20.31	-120.	140.26	1037	0.12143
356	121	-22.202	-120.	138.16	1037	0.12228
357	149	-19.941	-120.	138.82	1037	0.12198
357	121	-22.202	-120.	138.16	1037	0.12228
357	132	-21.647	-120.	137.26	1037	0.12263
358	149	-19.941	-120.	138.82	1037	0.12198
358	132	-21.647	-120.	137.26	1037	0.12263
358	154	-18.914	-120.	137.77	1037	0.12238
359	149	-19.941	-120.	138.82	1037	0.12198
359	154	-18.914	-120.	137.77	1037	0.12238
359	166	-17.829	-120.	138.97	1037	0.12188
360	121	-22.202	-120.	138.16	1037	0.12228
360	147	-20.31	-120.	140.26	1037	0.12143
360	113	-23.261	-120.	139.86	1037	0.12162
361	166	-17.829	-120.	138.97	1037	0.12188
361	177	-15.833	-120.	140.87	1037	0.12109
361	158	-18.742	-120.	140.49	1037	0.12131
362	154	-18.914	-120.	137.77	1037	0.12238
362	132	-21.647	-120.	137.26	1037	0.12263
362	143	-20.59	-120.	135.59	1037	0.1233
363	86	-25.532	-120.	128.87	1041	0.126
363	71	-26.322	-120.	130.55	1041	0.12538
363	62	-27.196	-120.	127.86	1041	0.12638
364	86	-25.532	-120.	128.87	1041	0.126
364	62	-27.196	-120.	127.86	1041	0.12638
364	69	-26.429	-120.	126.87	1041	0.12672
365	86	-25.532	-120.	128.87	1041	0.126
365	69	-26.429	-120.	126.87	1041	0.12672
365	105	-24.331	-120.	127.71	1041	0.12639
366	86	-25.532	-120.	128.87	1041	0.126
366	105	-24.331	-120.	127.71	1041	0.12639
366	106	-23.83	-120.	129.26	1041	0.12583
367	86	-25.532	-120.	128.87	1041	0.126
367	106	-23.83	-120.	129.26	1041	0.12583
367	95	-25.087	-120.	131.	1041	0.12519
368	86	-25.532	-120.	128.87	1041	0.126
368	95	-25.087	-120.	131.	1041	0.12519
368	71	-26.322	-120.	130.55	1041	0.12538
369	105	-24.331	-120.	127.71	1041	0.12639
369	69	-26.429	-120.	126.87	1041	0.12672
369	96	-24.974	-120.	125.04	1041	0.12729
370	71	-26.322	-120.	130.55	1041	0.12538
370	35	-28.656	-120.	129.72	1041	0.1257
370	62	-27.196	-120.	127.86	1041	0.12638
371	95	-25.087	-120.	131.	1041	0.12519
371	106	-23.83	-120.	129.26	1041	0.12583
371	115	-22.777	-120.	131.8	1041	0.12485
372	61	-27.224	-120.	112.18	1056	0.12967
372	100	-24.688	-120.	113.62	1056	0.12955
372	112	-23.336	-120.	109.46	1056	0.12961
373	150	-19.798	-120.	140.81	1065	0.12121
373	157	-18.742	-120.	140.49	1065	0.12131
373	146	-20.31	-120.	140.26	1065	0.12143
374	156	-18.773	-120.	141.82	1065	0.12083
374	169	-17.251	-120.	143.32	1065	0.1203
374	177	-15.833	-120.	140.87	1065	0.12109
375	156	-18.773	-120.	141.82	1065	0.12083
375	177	-15.833	-120.	140.87	1065	0.12109
375	157	-18.742	-120.	140.49	1065	0.12131
376	156	-18.773	-120.	141.82	1065	0.12083
376	157	-18.742	-120.	140.49	1065	0.12131
376	150	-19.798	-120.	140.81	1065	0.12121
377	156	-18.773	-120.	141.82	1065	0.12083
377	150	-19.798	-120.	140.81	1065	0.12121
377	141	-20.774	-120.	142.45	1065	0.12064
378	156	-18.773	-120.	141.82	1065	0.12083
378	141	-20.774	-120.	142.45	1065	0.12064
378	148	-20.24	-120.	142.97	1065	0.12046
379	156	-18.773	-120.	141.82	1065	0.12083
379	148	-20.24	-120.	142.97	1065	0.12046
379	169	-17.251	-120.	143.32	1065	0.1203
380	128	-21.792	-120.	141.43	1065	0.12102
380	99	-24.821	-120.	142.41	1065	0.12067
380	113	-23.261	-120.	139.86	1065	0.12162
381	128	-21.792	-120.	141.43	1065	0.12102
381	113	-23.261	-120.	139.86	1065	0.12162
381	146	-20.31	-120.	140.26	1065	0.12143
382	128	-21.792	-120.	141.43	1065	0.12102
382	146	-20.31	-120.	140.26	1065	0.12143
382	150	-19.798	-120.	140.81	1065	0.12121
383	128	-21.792	-120.	141.43	1065	0.12102
383	150	-19.798	-120.	140.81	1065	0.12121
383	141	-20.774	-120.	142.45	1065	0.12064
384	128	-21.792	-120.	141.43	1065	0.12102
384	141	-20.774	-120.	142.45	1065	0.12064
384	129	-21.791	-120.	142.79	1065	0.12053
385	128	-21.792	-120.	141.43	1065	0.12102
385	129	-21.791	-120.	142.79	1065	0.12053
385	99	-24.821	-120.	142.41	1065	0.12067
386	141	-20.774	-120.	142.45	1065	0.12064
386	129	-21.791	-120.	142.79	1065	0.12053
386	148	-20.24	-120.	142.97	1065	0.12046
387	77	-26.164	-120.	103.72	1069	0.12893
387	79	-26.081	-120.	104.59	1069	0.12909
387	89	-25.369	-120.	103.36	1069	0.12886
388	76	-26.232	-120.	102.02	1069	0.12857
388	47	-27.911	-120.	101.92	1069	0.12854
388	73	-26.285	-120.	99.47	1069	0.12789
389	76	-26.232	-120.	102.02	1069	0.12857
389	73	-26.285	-120.	99.47	1069	0.12789
389	107	-23.785	-120.	100.93	1069	0.12829
390	76	-26.232	-120.	102.02	1069	0.12857
390	107	-23.785	-120.	100.93	1069	0.12829
390	89	-25.369	-120.	103.36	1069	0.12886
391	76	-26.232	-120.	102.02	1069	0.12857
391	89	-25.369	-120.	103.36	1069	0.12886
391	77	-26.164	-120.	103.72	1069	0.12893
392	76	-26.232	-120.	102.02	1069	0.12857
392	77	-26.164	-120.	103.72	1069	0.12893
392	48	-27.878	-120.	102.73	1069	0.12873
393	76	-26.232	-120.	102.02	1069	0.12857
393	48	-27.878	-120.	102.73	1069	0.12873
393	47	-27.911	-120.	101.92	1069	0.12854
394	37	-28.595	-120.	103.11	1069	0.1288
394	48	-27.878	-120.	102.73	1069	0.12873
394	47	-27.911	-120.	101.92	1069	0.12854
395	51	-27.669	-120.	104.51	1069	0.12908
395	20	-29.906	-120.	105.74	1069	0.12926
395	55	-27.388	-120.	107.17	1069	0.12947
396	51	-27.669	-120.	104.51	1069	0.12908
396	55	-27.388	-120.	107.17	1069	0.12947
396	79	-26.081	-120.	104.59	1069	0.12909
397	51	-27.669	-120.	104.51	1069	0.12908
397	79	-26.081	-120.	104.59	1069	0.12909
397	77	-26.164	-120.	103.72	1069	0.12893
398	51	-27.669	-120.	104.51	1069	0.12908
398	77	-26.164	-120.	103.72	1069	0.12893
398	48	-27.878	-120.	102.73	1069	0.12873
399	51	-27.669	-120.	104.51	1069	0.12908
399	48	-27.878	-120.	102.73	1069	0.12873
399	37	-28.595	-120.	103.11	1069	0.1288
400	51	-27.669	-120.	104.51	1069	0.12908
400	37	-28.595	-120.	103.11	1069	0.1288
400	20	-29.906	-120.	105.74	1069	0.12926
401	417	21.839	-120.	142.89	1084	0.11552
401	424	22.411	-120.	142.4	1084	0.11535
401	413	21.536	-120.	141.87	1084	0.11517
402	425	22.428	-120.	144.8	1084	0.11622
402	430	23.336	-120.	147.74	1084	0.11734
402	434	24.064	-120.	143.4	1084	0.11569
403	425	22.428	-120.	144.8	1084	0.11622
403	434	24.064	-120.	143.4	1084	0.11569
403	424	22.411	-120.	142.4	1084	0.11535
404	425	22.428	-120.	144.8	1084	0.11622
404	424	22.411	-120.	142.4	1084	0.11535
404	417	21.839	-120.	142.89	1084	0.11552
405	425	22.428	-120.	144.8	1084	0.11622
405	417	21.839	-120.	142.89	1084	0.11552
405	411	21.309	-120.	145.7	1084	0.11657
406	425	22.428	-120.	144.8	1084	0.11622
406	411	21.309	-120.	145.7	1084	0.11657
406	414	21.609	-120.	146.7	1084	0.11695
407	425	22.428	-120.	144.8	1084	0.11622
407	414	21.609	-120.	146.7	1084	0.11695
407	430	23.336	-120.	147.74	1084	0.11734
408	403	20.72	-120.	143.77	1084	0.11585
408	393	19.016	-120.	145.11	1084	0.11636
408	399	19.899	-120.	140.87	1084	0.11482
409	403	20.72	-120.	143.77	1084	0.11585
409	399	19.899	-120.	140.87	1084	0.11482
409	413	21.536	-120.	141.87	1084	0.11517
410	403	20.72	-120.	143.77	1084	0.11585
410	413	21.536	-120.	141.87	1084	0.11517
410	417	21.839	-120.	142.89	1084	0.11552
411	403	20.72	-120.	143.77	1084	0.11585
411	417	21.839	-120.	142.89	1084	0.11552
411	411	21.309	-120.	145.7	1084	0.11657
412	403	20.72	-120.	143.77	1084	0.11585
412	411	21.309	-120.	145.7	1084	0.11657
412	404	20.723	-120.	146.15	1084	0.11675
413	403	20.72	-120.	143.77	1084	0.11585
413	404	20.723	-120.	146.15	1084	0.11675
413	393	19.016	-120.	145.11	1084	0.11636
414	411	21.309	-120.	145.7	1084	0.11657
414	404	20.723	-120.	146.15	1084	0.11675
414	414	21.609	-120.	146.7	1084	0.11695
415	346	11.663	-120.	147.66	1097	0.11744
415	349	11.922	-120.	148.61	1097	0.11777
415	354	12.635	-120.	148.36	1097	0.11767
416	342	11.047	-120.	150.83	1097	0.11854
416	334	10.335	-120.	151.03	1097	0.11861
416	345	11.293	-120.	151.76	1097	0.11885
417	351	12.422	-120.	150.4	1097	0.1184
417	354	12.635	-120.	148.36	1097	0.11767
417	362	14.46	-120.	149.69	1097	0.11814
418	351	12.422	-120.	150.4	1097	0.1184
418	362	14.46	-120.	149.69	1097	0.11814
418	356	13.174	-120.	153.16	1097	0.11934
419	351	12.422	-120.	150.4	1097	0.1184
419	356	13.174	-120.	153.16	1097	0.11934
419	345	11.293	-120.	151.76	1097	0.11885
420	351	12.422	-120.	150.4	1097	0.1184
420	345	11.293	-120.	151.76	1097	0.11885
420	342	11.047	-120.	150.83	1097	0.11854
421	351	12.422	-120.	150.4	1097	0.1184
421	342	11.047	-120.	150.83	1097	0.11854
421	349	11.922	-120.	148.61	1097	0.11777
422	351	12.422	-120.	150.4	1097	0.1184
422	349	11.922	-120.	148.61	1097	0.11777
422	354	12.635	-120.	148.36	1097	0.11767
423	338	10.553	-120.	149.02	1097	0.11795
423	334	10.335	-120.	151.03	1097	0.11861
423	323	8.4836	-120.	149.65	1097	0.11819
424	338	10.553	-120.	149.02	1097	0.11795
424	323	8.4836	-120.	149.65	1097	0.11819
424	332	9.8655	-120.	146.33	1097	0.11704
425	338	10.553	-120.	149.02	1097	0.11795
425	332	9.8655	-120.	146.33	1097	0.11704
425	346	11.663	-120.	147.66	1097	0.11744
426	338	10.553	-120.	149.02	1097	0.11795
426	346	11.663	-120.	147.66	1097	0.11744
426	349	11.922	-120.	148.61	1097	0.11777
427	338	10.553	-120.	149.02	1097	0.11795
427	349	11.922	-120.	148.61	1097	0.11777
427	342	11.047	-120.	150.83	1097	0.11854
428	338	10.553	-120.	149.02	1097	0.11795
428	342	11.047	-120.	150.83	1097	0.11854
428	334	10.335	-120.	151.03	1097	0.11861
429	393	19.016	-120.	145.11	1104	0.11636
429	399	19.899	-120.	140.87	1104	0.11482
429	375	16.361	-120.	143.44	1104	0.11574
430	436	24.303	-120.	140.3	1108	0.11466
430	440	24.802	-120.	139.73	1108	0.11449
430	438	24.441	-120.	138.64	1108	0.11418
431	450	26.414	-120.	140.68	1108	0.11476
431	455	26.788	-120.	141.73	1108	0.11509
431	457	26.876	-120.	140.1	1108	0.11458
432	446	25.708	-120.	138.62	1108	0.11417
432	438	24.441	-120.	138.64	1108	0.11418
432	439	24.656	-120.	135.59	1108	0.11344
433	446	25.708	-120.	138.62	1108	0.11417
433	439	24.656	-120.	135.59	1108	0.11344
433	460	27.061	-120.	136.97	1108	0.11374
434	446	25.708	-120.	138.62	1108	0.11417
434	460	27.061	-120.	136.97	1108	0.11374
434	457	26.876	-120.	140.1	1108	0.11458
435	446	25.708	-120.	138.62	1108	0.11417
435	457	26.876	-120.	140.1	1108	0.11458
435	450	26.414	-120.	140.68	1108	0.11476
436	446	25.708	-120.	138.62	1108	0.11417
436	450	26.414	-120.	140.68	1108	0.11476
436	440	24.802	-120.	139.73	1108	0.11449
437	446	25.708	-120.	138.62	1108	0.11417
437	440	24.802	-120.	139.73	1108	0.11449
437	438	24.441	-120.	138.64	1108	0.11418
438	445	25.493	-120.	141.79	1108	0.11512
438	455	26.788	-120.	141.73	1108	0.11509
438	452	26.586	-120.	144.91	1108	0.11621
439	445	25.493	-120.	141.79	1108	0.11512
439	452	26.586	-120.	144.91	1108	0.11621
439	434	24.064	-120.	143.4	1108	0.11569
440	445	25.493	-120.	141.79	1108	0.11512
440	434	24.064	-120.	143.4	1108	0.11569
440	436	24.303	-120.	140.3	1108	0.11466
441	445	25.493	-120.	141.79	1108	0.11512
441	436	24.303	-120.	140.3	1108	0.11466
441	440	24.802	-120.	139.73	1108	0.11449
442	445	25.493	-120.	141.79	1108	0.11512
442	440	24.802	-120.	139.73	1108	0.11449
442	450	26.414	-120.	140.68	1108	0.11476
443	445	25.493	-120.	141.79	1108	0.11512
443	450	26.414	-120.	140.68	1108	0.11476
443	455	26.788	-120.	141.73	1108	0.11509
444	88	-25.431	-120.	120.69	1109	0.12848
444	44	-28.087	-120.	123.61	1109	0.12777
444	96	-24.974	-120.	125.04	1109	0.12729
445	362	14.46	-120.	149.69	1115	0.11814
445	356	13.174	-120.	153.16	1115	0.11934
445	380	17.167	-120.	151.53	1115	0.11882
446	308	5.588	-120.	147.24	1140	0.11765
446	323	8.4836	-120.	149.65	1140	0.11819
446	332	9.8655	-120.	146.33	1140	0.11704
447	508	30.804	-120.	116.74	1153	0.11438
447	480	29.255	-120.	116.32	1153	0.11454
447	506	30.803	-120.	114.51	1153	0.11505
448	508	30.804	-120.	116.74	1153	0.11438
448	506	30.803	-120.	114.51	1153	0.11505
448	527	31.894	-120.	115.	1153	0.11488
449	508	30.804	-120.	116.74	1153	0.11438
449	527	31.894	-120.	115.	1153	0.11488
449	532	32.19	-120.	117.81	1153	0.11407
450	508	30.804	-120.	116.74	1153	0.11438
450	532	32.19	-120.	117.81	1153	0.11407
450	515	31.257	-120.	118.83	1153	0.11384
451	508	30.804	-120.	116.74	1153	0.11438
451	515	31.257	-120.	118.83	1153	0.11384
451	487	29.425	-120.	117.94	1153	0.11411
452	508	30.804	-120.	116.74	1153	0.11438
452	487	29.425	-120.	117.94	1153	0.11411
452	480	29.255	-120.	116.32	1153	0.11454
453	532	32.19	-120.	117.81	1153	0.11407
453	527	31.894	-120.	115.	1153	0.11488
453	555	33.96	-120.	115.92	1153	0.1146
454	480	29.255	-120.	116.32	1153	0.11454
454	477	28.754	-120.	113.62	1153	0.11538
454	506	30.803	-120.	114.51	1153	0.11505
455	487	29.425	-120.	117.94	1153	0.11411
455	515	31.257	-120.	118.83	1153	0.11384
455	491	29.497	-120.	120.69	1153	0.11348
456	466	27.921	-120.	96.479	1215	0.12218
456	441	24.832	-120.	93.474	1215	0.12316
456	431	23.352	-120.	95.976	1215	0.12236
457	67	-26.804	-120.	117.53	1253	0.12913
457	66	-26.814	-120.	115.45	1253	0.12943
457	93	-25.189	-120.	116.32	1253	0.12927
458	67	-26.804	-120.	117.53	1253	0.12913
458	93	-25.189	-120.	116.32	1253	0.12927
458	91	-25.359	-120.	117.94	1253	0.12902
459	67	-26.804	-120.	117.53	1253	0.12913
459	91	-25.359	-120.	117.94	1253	0.12902
459	60	-27.268	-120.	119.76	1253	0.12872
460	67	-26.804	-120.	117.53	1253	0.12913
460	60	-27.268	-120.	119.76	1253	0.12872
460	39	-28.244	-120.	119.26	1253	0.12884
461	67	-26.804	-120.	117.53	1253	0.12913
461	39	-28.244	-120.	119.26	1253	0.12884
461	46	-27.948	-120.	116.45	1253	0.12932
462	67	-26.804	-120.	117.53	1253	0.12913
462	46	-27.948	-120.	116.45	1253	0.12932
462	66	-26.814	-120.	115.45	1253	0.12943
463	60	-27.268	-120.	119.76	1253	0.12872
463	91	-25.359	-120.	117.94	1253	0.12902
463	88	-25.431	-120.	120.69	1253	0.12848
464	66	-26.814	-120.	115.45	1253	0.12943
464	100	-24.688	-120.	113.62	1253	0.12955
464	93	-25.189	-120.	116.32	1253	0.12927
465	46	-27.948	-120.	116.45	1253	0.12932
465	39	-28.244	-120.	119.26	1253	0.12884
465	16	-30.093	-120.	118.32	1253	0.12902
466	33	-28.882	-120.	111.23	1255	0.12968
466	61	-27.224	-120.	112.18	1255	0.12967
466	30	-29.43	-120.	114.03	1255	0.12957
467	13	-30.536	-120.	112.93	1255	0.12962
467	33	-28.882	-120.	111.23	1255	0.12968
467	30	-29.43	-120.	114.03	1255	0.12957
468	13	-30.536	-120.	112.93	1255	0.12962
468	30	-29.43	-120.	114.03	1255	0.12957
468	11	-30.578	-120.	114.99	1255	0.12947
469	13	-30.536	-120.	112.93	1255	0.12962
469	11	-30.578	-120.	114.99	1255	0.12947
469	4	-32.421	-120.	113.97	1255	0.12952
470	13	-30.536	-120.	112.93	1255	0.12962
470	4	-32.421	-120.	113.97	1255	0.12952
470	5	-32.159	-120.	112.62	1255	0.1296
471	13	-30.536	-120.	112.93	1255	0.12962
471	5	-32.159	-120.	112.62	1255	0.1296
471	22	-29.748	-120.	110.74	1255	0.12967
472	13	-30.536	-120.	112.93	1255	0.12962
472	22	-29.748	-120.	110.74	1255	0.12967
472	33	-28.882	-120.	111.23	1255	0.12968
473	4	-32.421	-120.	113.97	1255	0.12952
473	11	-30.578	-120.	114.99	1255	0.12947
473	1	-32.805	-120.	116.88	1255	0.1292
474	5	-32.159	-120.	112.62	1255	0.1296
474	7	-31.417	-120.	109.78	1255	0.12962
474	22	-29.748	-120.	110.74	1255	0.12967
475	381	17.43	-120.	91.87	1256	0.1235
475	392	18.881	-120.	89.348	1256	0.12397
475	364	14.983	-120.	87.508	1256	0.12398
476	81	-26.046	-120.	131.25	1264	0.1251
476	94	-25.087	-120.	131.	1264	0.12519
476	72	-26.322	-120.	130.55	1264	0.12538
477	49	-27.864	-120.	131.72	1264	0.12492
477	41	-28.225	-120.	133.31	1264	0.12429
477	10	-30.643	-120.	132.48	1264	0.12463
478	49	-27.864	-120.	131.72	1264	0.12492
478	10	-30.643	-120.	132.48	1264	0.12463
478	35	-28.656	-120.	129.72	1264	0.1257
479	49	-27.864	-120.	131.72	1264	0.12492
479	35	-28.656	-120.	129.72	1264	0.1257
479	72	-26.322	-120.	130.55	1264	0.12538
480	49	-27.864	-120.	131.72	1264	0.12492
480	72	-26.322	-120.	130.55	1264	0.12538
480	81	-26.046	-120.	131.25	1264	0.1251
481	49	-27.864	-120.	131.72	1264	0.12492
481	81	-26.046	-120.	131.25	1264	0.1251
481	58	-27.289	-120.	133.05	1264	0.12439
482	49	-27.864	-120.	131.72	1264	0.12492
482	58	-27.289	-120.	133.05	1264	0.12439
482	41	-28.225	-120.	133.31	1264	0.12429
483	64	-26.981	-120.	133.72	1264	0.12412
483	58	-27.289	-120.	133.05	1264	0.12439
483	41	-28.225	-120.	133.31	1264	0.12429
484	87	-25.462	-120.	132.56	1264	0.12458
484	101	-24.589	-120.	134.53	1264	0.12377
484	115	-22.777	-120.	131.8	1264	0.12485
485	87	-25.462	-120.	132.56	1264	0.12458
485	115	-22.777	-120.	131.8	1264	0.12485
485	94	-25.087	-120.	131.	1264	0.12519
486	87	-25.462	-120.	132.56	1264	0.12458
486	94	-25.087	-120.	131.	1264	0.12519
486	81	-26.046	-120.	131.25	1264	0.1251
487	87	-25.462	-120.	132.56	1264	0.12458
487	81	-26.046	-120.	131.25	1264	0.1251
487	58	-27.289	-120.	133.05	1264	0.12439
488	87	-25.462	-120.	132.56	1264	0.12458
488	58	-27.289	-120.	133.05	1264	0.12439
488	64	-26.981	-120.	133.72	1264	0.12412
489	87	-25.462	-120.	132.56	1264	0.12458
489	64	-26.981	-120.	133.72	1264	0.12412
489	101	-24.589	-120.	134.53	1264	0.12377
490	184	-14.334	-120.	145.42	1276	0.11962
490	186	-13.704	-120.	145.83	1276	0.11951
490	191	-13.215	-120.	145.	1276	0.11969
491	173	-16.43	-120.	146.22	1276	0.11945
491	152	-19.63	-120.	147.46	1276	0.1191
491	181	-14.63	-120.	147.4	1276	0.11917
492	173	-16.43	-120.	146.22	1276	0.11945
492	181	-14.63	-120.	147.4	1276	0.11917
492	186	-13.704	-120.	145.83	1276	0.11951
493	173	-16.43	-120.	146.22	1276	0.11945
493	186	-13.704	-120.	145.83	1276	0.11951
493	184	-14.334	-120.	145.42	1276	0.11962
494	173	-16.43	-120.	146.22	1276	0.11945
494	184	-14.334	-120.	145.42	1276	0.11962
494	168	-17.598	-120.	145.4	1276	0.11968
495	173	-16.43	-120.	146.22	1276	0.11945
495	168	-17.598	-120.	145.4	1276	0.11968
495	160	-18.684	-120.	145.81	1276	0.11956
496	173	-16.43	-120.	146.22	1276	0.11945
496	160	-18.684	-120.	145.81	1276	0.11956
496	152	-19.63	-120.	147.46	1276	0.1191
497	179	-15.481	-120.	144.59	1276	0.11987
497	169	-17.251	-120.	143.32	1276	0.1203
497	197	-12.295	-120.	143.44	1276	0.12005
498	179	-15.481	-120.	144.59	1276	0.11987
498	197	-12.295	-120.	143.44	1276	0.12005
498	191	-13.215	-120.	145.	1276	0.11969
499	179	-15.481	-120.	144.59	1276	0.11987
499	191	-13.215	-120.	145.	1276	0.11969
499	184	-14.334	-120.	145.42	1276	0.11962
500	179	-15.481	-120.	144.59	1276	0.11987
500	184	-14.334	-120.	145.42	1276	0.11962
500	168	-17.598	-120.	145.4	1276	0.11968
501	179	-15.481	-120.	144.59	1276	0.11987
501	168	-17.598	-120.	145.4	1276	0.11968
501	164	-18.192	-120.	144.96	1276	0.11981
502	179	-15.481	-120.	144.59	1276	0.11987
502	164	-18.192	-120.	144.96	1276	0.11981
502	169	-17.251	-120.	143.32	1276	0.1203
503	168	-17.598	-120.	145.4	1276	0.11968
503	164	-18.192	-120.	144.96	1276	0.11981
503	160	-18.684	-120.	145.81	1276	0.11956
504	20	-29.906	-120.	105.74	1287	0.12926
504	7	-31.417	-120.	109.78	1287	0.12962
504	55	-27.388	-120.	107.17	1287	0.12947
505	203	-11.708	-120.	147.15	1310	0.11918
505	191	-13.215	-120.	145.	1310	0.11969
505	211	-10.674	-120.	146.2	1310	0.11932
506	203	-11.708	-120.	147.15	1310	0.11918
506	211	-10.674	-120.	146.2	1310	0.11932
506	216	-9.7773	-120.	147.68	1310	0.11904
507	203	-11.708	-120.	147.15	1310	0.11918
507	216	-9.7773	-120.	147.68	1310	0.11904
507	209	-10.796	-120.	149.39	1310	0.11883
508	203	-11.708	-120.	147.15	1310	0.11918
508	209	-10.796	-120.	149.39	1310	0.11883
508	200	-12.084	-120.	148.78	1310	0.11891
509	203	-11.708	-120.	147.15	1310	0.11918
509	200	-12.084	-120.	148.78	1310	0.11891
509	186	-13.704	-120.	145.83	1310	0.11951
510	203	-11.708	-120.	147.15	1310	0.11918
510	186	-13.704	-120.	145.83	1310	0.11951
510	191	-13.215	-120.	145.	1310	0.11969
511	209	-10.796	-120.	149.39	1310	0.11883
511	216	-9.7773	-120.	147.68	1310	0.11904
511	226	-8.113	-120.	150.47	1310	0.11874
512	191	-13.215	-120.	145.	1310	0.11969
512	197	-12.295	-120.	143.44	1310	0.12005
512	211	-10.674	-120.	146.2	1310	0.11932
513	186	-13.704	-120.	145.83	1310	0.11951
513	200	-12.084	-120.	148.78	1310	0.11891
513	181	-14.63	-120.	147.4	1310	0.11917
514	288	1.8045	-120.	154.98	1350	0.11937
514	311	6.1077	-120.	154.74	1350	0.11956
514	296	3.2389	-120.	152.16	1350	0.11889
515	430	23.336	-120.	147.74	1355	0.11734
515	452	26.586	-120.	144.91	1355	0.11621
515	434	24.064	-120.	143.4	1355	0.11569
516	372	15.89	-120.	146.87	1362	0.11707
516	369	15.629	-120.	145.89	1362	0.1167
516	366	15.218	-120.	147.21	1362	0.1172
517	379	17.139	-120.	146.16	1362	0.11679
517	393	19.016	-120.	145.11	1362	0.11636
517	375	16.361	-120.	143.44	1362	0.11574
518	379	17.139	-120.	146.16	1362	0.11679
518	375	16.361	-120.	143.44	1362	0.11574
518	369	15.629	-120.	145.89	1362	0.1167
519	379	17.139	-120.	146.16	1362	0.11679
519	369	15.629	-120.	145.89	1362	0.1167
519	372	15.89	-120.	146.87	1362	0.11707
520	379	17.139	-120.	146.16	1362	0.11679
520	372	15.89	-120.	146.87	1362	0.11707
520	383	17.646	-120.	148.02	1362	0.11749
521	379	17.139	-120.	146.16	1362	0.11679
521	383	17.646	-120.	148.02	1362	0.11749
521	386	18.289	-120.	147.65	1362	0.11735
522	379	17.139	-120.	146.16	1362	0.11679
522	386	18.289	-120.	147.65	1362	0.11735
522	393	19.016	-120.	145.11	1362	0.11636
523	376	16.383	-120.	148.72	1362	0.11776
523	380	17.167	-120.	151.53	1362	0.11882
523	362	14.46	-120.	149.69	1362	0.11814
524	376	16.383	-120.	148.72	1362	0.11776
524	362	14.46	-120.	149.69	1362	0.11814
524	366	15.218	-120.	147.21	1362	0.1172
525	376	16.383	-120.	148.72	1362	0.11776
525	366	15.218	-120.	147.21	1362	0.1172
525	372	15.89	-120.	146.87	1362	0.11707
526	376	16.383	-120.	148.72	1362	0.11776
526	372	15.89	-120.	146.87	1362	0.11707
526	383	17.646	-120.	148.02	1362	0.11749
527	376	16.383	-120.	148.72	1362	0.11776
527	383	17.646	-120.	148.02	1362	0.11749
527	384	17.918	-120.	148.97	1362	0.11785
528	376	16.383	-120.	148.72	1362	0.11776
528	384	17.918	-120.	148.97	1362	0.11785
528	380	17.167	-120.	151.53	1362	0.11882
529	383	17.646	-120.	148.02	1362	0.11749
529	384	17.918	-120.	148.97	1362	0.11785
529	386	18.289	-120.	147.65	1362	0.11735
530	358	13.591	-120.	146.55	1363	0.11698
530	359	13.941	-120.	144.75	1363	0.11629
530	370	15.629	-120.	145.89	1363	0.1167
531	358	13.591	-120.	146.55	1363	0.11698
531	370	15.629	-120.	145.89	1363	0.1167
531	367	15.218	-120.	147.21	1363	0.1172
532	358	13.591	-120.	146.55	1363	0.11698
532	367	15.218	-120.	147.21	1363	0.1172
532	355	12.635	-120.	148.36	1363	0.11767
533	358	13.591	-120.	146.55	1363	0.11698
533	355	12.635	-120.	148.36	1363	0.11767
533	347	11.663	-120.	147.66	1363	0.11744
534	358	13.591	-120.	146.55	1363	0.11698
534	347	11.663	-120.	147.66	1363	0.11744
534	352	12.46	-120.	145.41	1363	0.11659
535	358	13.591	-120.	146.55	1363	0.11698
535	352	12.46	-120.	145.41	1363	0.11659
535	359	13.941	-120.	144.75	1363	0.11629
536	355	12.635	-120.	148.36	1363	0.11767
536	367	15.218	-120.	147.21	1363	0.1172
536	362	14.46	-120.	149.69	1363	0.11814
537	359	13.941	-120.	144.75	1363	0.11629
537	375	16.361	-120.	143.44	1363	0.11574
537	370	15.629	-120.	145.89	1363	0.1167
538	352	12.46	-120.	145.41	1363	0.11659
538	347	11.663	-120.	147.66	1363	0.11744
538	332	9.8655	-120.	146.33	1363	0.11704
539	172	-16.628	-120.	96.27	1435	0.12676
539	174	-16.334	-120.	97.294	1435	0.12712
539	176	-16.032	-120.	95.811	1435	0.12659
540	167	-17.726	-120.	97.196	1435	0.12709
540	153	-19.369	-120.	98.573	1435	0.12757
540	171	-16.855	-120.	100.05	1435	0.12805
541	167	-17.726	-120.	97.196	1435	0.12709
541	171	-16.855	-120.	100.05	1435	0.12805
541	174	-16.334	-120.	97.294	1435	0.12712
542	167	-17.726	-120.	97.196	1435	0.12709
542	174	-16.334	-120.	97.294	1435	0.12712
542	172	-16.628	-120.	96.27	1435	0.12676
543	167	-17.726	-120.	97.196	1435	0.12709
543	172	-16.628	-120.	96.27	1435	0.12676
543	162	-18.302	-120.	95.252	1435	0.1264
544	167	-17.726	-120.	97.196	1435	0.12709
544	162	-18.302	-120.	95.252	1435	0.1264
544	155	-18.865	-120.	95.735	1435	0.12658
545	167	-17.726	-120.	97.196	1435	0.12709
545	155	-18.865	-120.	95.735	1435	0.12658
545	153	-19.369	-120.	98.573	1435	0.12757
546	170	-17.191	-120.	94.333	1435	0.12604
546	165	-18.085	-120.	91.387	1435	0.12489
546	178	-15.485	-120.	93.018	1435	0.12551
547	170	-17.191	-120.	94.333	1435	0.12604
547	178	-15.485	-120.	93.018	1435	0.12551
547	176	-16.032	-120.	95.811	1435	0.12659
548	170	-17.191	-120.	94.333	1435	0.12604
548	176	-16.032	-120.	95.811	1435	0.12659
548	172	-16.628	-120.	96.27	1435	0.12676
549	170	-17.191	-120.	94.333	1435	0.12604
549	172	-16.628	-120.	96.27	1435	0.12676
549	162	-18.302	-120.	95.252	1435	0.1264
550	170	-17.191	-120.	94.333	1435	0.12604
550	162	-18.302	-120.	95.252	1435	0.1264
550	161	-18.611	-120.	94.262	1435	0.12603
551	170	-17.191	-120.	94.333	1435	0.12604
551	161	-18.611	-120.	94.262	1435	0.12603
551	165	-18.085	-120.	91.387	1435	0.12489
552	162	-18.302	-120.	95.252	1435	0.1264
552	161	-18.611	-120.	94.262	1435	0.12603
552	155	-18.865	-120.	95.735	1435	0.12658
553	183	-14.413	-120.	89.13	1437	0.12397
553	165	-18.085	-120.	91.387	1437	0.12489
553	178	-15.485	-120.	93.018	1437	0.12551
554	272	-0.59171	-120.	88.013	1449	0.12364
554	290	2.2612	-120.	87.855	1449	0.12362
554	285	1.3031	-120.	89.681	1449	0.124
555	282	0.78947	-120.	85.044	1449	0.123
555	298	3.7317	-120.	85.064	1449	0.12318
555	292	2.7559	-120.	86.903	1449	0.12345
556	280	0.51125	-120.	86.679	1449	0.12334
556	282	0.78947	-120.	85.044	1449	0.123
556	292	2.7559	-120.	86.903	1449	0.12345
557	280	0.51125	-120.	86.679	1449	0.12334
557	292	2.7559	-120.	86.903	1449	0.12345
557	290	2.2612	-120.	87.855	1449	0.12362
558	280	0.51125	-120.	86.679	1449	0.12334
558	290	2.2612	-120.	87.855	1449	0.12362
558	272	-0.59171	-120.	88.013	1449	0.12364
559	280	0.51125	-120.	86.679	1449	0.12334
559	272	-0.59171	-120.	88.013	1449	0.12364
559	264	-1.5709	-120.	87.142	1449	0.12341
560	280	0.51125	-120.	86.679	1449	0.12334
560	264	-1.5709	-120.	87.142	1449	0.12341
560	273	-0.57654	-120.	85.119	1449	0.12294
561	280	0.51125	-120.	86.679	1449	0.12334
561	273	-0.57654	-120.	85.119	1449	0.12294
561	282	0.78947	-120.	85.044	1449	0.123
562	253	-3.4987	-120.	85.463	1449	0.12288
562	273	-0.57654	-120.	85.119	1449	0.12294
562	264	-1.5709	-120.	87.142	1449	0.12341
563	327	9.1417	-120.	90.688	1451	0.12378
563	322	8.4091	-120.	90.519	1451	0.1238
563	329	9.39	-120.	91.764	1451	0.12375
564	325	8.6798	-120.	88.651	1451	0.12376
564	321	8.0152	-120.	85.538	1451	0.12354
564	313	6.5826	-120.	88.167	1451	0.12371
565	325	8.6798	-120.	88.651	1451	0.12376
565	313	6.5826	-120.	88.167	1451	0.12371
565	322	8.4091	-120.	90.519	1451	0.1238
566	325	8.6798	-120.	88.651	1451	0.12376
566	322	8.4091	-120.	90.519	1451	0.1238
566	327	9.1417	-120.	90.688	1451	0.12378
567	325	8.6798	-120.	88.651	1451	0.12376
567	327	9.1417	-120.	90.688	1451	0.12378
567	333	10.073	-120.	89.023	1451	0.12378
568	325	8.6798	-120.	88.651	1451	0.12376
568	333	10.073	-120.	89.023	1451	0.12378
568	330	9.8569	-120.	87.974	1451	0.12377
569	325	8.6798	-120.	88.651	1451	0.12376
569	330	9.8569	-120.	87.974	1451	0.12377
569	321	8.0152	-120.	85.538	1451	0.12354
570	337	10.526	-120.	91.072	1451	0.12372
570	353	12.589	-120.	91.638	1451	0.1236
570	343	11.174	-120.	94.093	1451	0.12343
571	337	10.526	-120.	91.072	1451	0.12372
571	343	11.174	-120.	94.093	1451	0.12343
571	329	9.39	-120.	91.764	1451	0.12375
572	337	10.526	-120.	91.072	1451	0.12372
572	329	9.39	-120.	91.764	1451	0.12375
572	327	9.1417	-120.	90.688	1451	0.12378
573	337	10.526	-120.	91.072	1451	0.12372
573	327	9.1417	-120.	90.688	1451	0.12378
573	333	10.073	-120.	89.023	1451	0.12378
574	337	10.526	-120.	91.072	1451	0.12372
574	333	10.073	-120.	89.023	1451	0.12378
574	339	10.786	-120.	89.228	1451	0.12378
575	337	10.526	-120.	91.072	1451	0.12372
575	339	10.786	-120.	89.228	1451	0.12378
575	353	12.589	-120.	91.638	1451	0.1236
576	333	10.073	-120.	89.023	1451	0.12378
576	339	10.786	-120.	89.228	1451	0.12378
576	330	9.8569	-120.	87.974	1451	0.12377
577	516	31.257	-120.	118.83	1455	0.11384
577	537	32.231	-120.	118.57	1455	0.11388
577	533	32.19	-120.	117.81	1455	0.11407
578	559	34.106	-120.	119.51	1455	0.11366
578	560	34.106	-120.	120.25	1455	0.11351
578	568	35.062	-120.	119.27	1455	0.11373
579	558	34.076	-120.	118.07	1455	0.114
579	533	32.19	-120.	117.81	1455	0.11407
579	555	33.96	-120.	115.92	1455	0.1146
580	558	34.076	-120.	118.07	1455	0.114
580	555	33.96	-120.	115.92	1455	0.1146
580	575	36.909	-120.	117.34	1455	0.11424
581	558	34.076	-120.	118.07	1455	0.114
581	575	36.909	-120.	117.34	1455	0.11424
581	568	35.062	-120.	119.27	1455	0.11373
582	558	34.076	-120.	118.07	1455	0.114
582	568	35.062	-120.	119.27	1455	0.11373
582	559	34.106	-120.	119.51	1455	0.11366
583	558	34.076	-120.	118.07	1455	0.114
583	559	34.106	-120.	119.51	1455	0.11366
583	537	32.231	-120.	118.57	1455	0.11388
584	558	34.076	-120.	118.07	1455	0.114
584	537	32.231	-120.	118.57	1455	0.11388
584	533	32.19	-120.	117.81	1455	0.11407
585	538	32.245	-120.	120.	1455	0.11356
585	560	34.106	-120.	120.25	1455	0.11351
585	539	32.274	-120.	122.15	1455	0.11316
586	538	32.245	-120.	120.	1455	0.11356
586	539	32.274	-120.	122.15	1455	0.11316
586	491	29.497	-120.	120.69	1455	0.11348
587	538	32.245	-120.	120.	1455	0.11356
587	491	29.497	-120.	120.69	1455	0.11348
587	516	31.257	-120.	118.83	1455	0.11384
588	538	32.245	-120.	120.	1455	0.11356
588	516	31.257	-120.	118.83	1455	0.11384
588	537	32.231	-120.	118.57	1455	0.11388
589	538	32.245	-120.	120.	1455	0.11356
589	537	32.231	-120.	118.57	1455	0.11388
589	559	34.106	-120.	119.51	1455	0.11366
590	538	32.245	-120.	120.	1455	0.11356
590	559	34.106	-120.	119.51	1455	0.11366
590	560	34.106	-120.	120.25	1455	0.11351
591	523	31.753	-120.	114.26	1519	0.11512
591	507	30.803	-120.	114.51	1519	0.11505
591	528	31.894	-120.	115.	1519	0.11488
592	518	31.423	-120.	112.87	1519	0.11559
592	511	30.932	-120.	110.76	1519	0.11636
592	477	28.754	-120.	113.62	1519	0.11538
593	518	31.423	-120.	112.87	1519	0.11559
593	477	28.754	-120.	113.62	1519	0.11538
593	507	30.803	-120.	114.51	1519	0.11505
594	518	31.423	-120.	112.87	1519	0.11559
594	507	30.803	-120.	114.51	1519	0.11505
594	523	31.753	-120.	114.26	1519	0.11512
595	518	31.423	-120.	112.87	1519	0.11559
595	523	31.753	-120.	114.26	1519	0.11512
595	548	33.238	-120.	112.39	1519	0.11575
596	518	31.423	-120.	112.87	1519	0.11559
596	548	33.238	-120.	112.39	1519	0.11575
596	545	33.06	-120.	111.67	1519	0.11601
597	518	31.423	-120.	112.87	1519	0.11559
597	545	33.06	-120.	111.67	1519	0.11601
597	511	30.932	-120.	110.76	1519	0.11636
598	551	33.555	-120.	113.8	1519	0.11527
598	573	36.317	-120.	113.07	1519	0.11554
598	555	33.96	-120.	115.92	1519	0.1146
599	551	33.555	-120.	113.8	1519	0.11527
599	555	33.96	-120.	115.92	1519	0.1146
599	528	31.894	-120.	115.	1519	0.11488
600	551	33.555	-120.	113.8	1519	0.11527
600	528	31.894	-120.	115.	1519	0.11488
600	523	31.753	-120.	114.26	1519	0.11512
601	551	33.555	-120.	113.8	1519	0.11527
601	523	31.753	-120.	114.26	1519	0.11512
601	548	33.238	-120.	112.39	1519	0.11575
602	551	33.555	-120.	113.8	1519	0.11527
602	548	33.238	-120.	112.39	1519	0.11575
602	563	34.168	-120.	112.14	1519	0.11585
603	551	33.555	-120.	113.8	1519	0.11527
603	563	34.168	-120.	112.14	1519	0.11585
603	573	36.317	-120.	113.07	1519	0.11554
604	548	33.238	-120.	112.39	1519	0.11575
604	563	34.168	-120.	112.14	1519	0.11585
604	545	33.06	-120.	111.67	1519	0.11601
605	544	33.06	-120.	111.67	1521	0.11601
605	511	30.932	-120.	110.76	1521	0.11636
605	535	32.207	-120.	108.95	1521	0.11707
606	553	33.855	-120.	109.98	1521	0.11666
606	544	33.06	-120.	111.67	1521	0.11601
606	535	32.207	-120.	108.95	1521	0.11707
607	553	33.855	-120.	109.98	1521	0.11666
607	535	32.207	-120.	108.95	1521	0.11707
607	543	32.875	-120.	108.	1521	0.11745
608	553	33.855	-120.	109.98	1521	0.11666
608	543	32.875	-120.	108.	1521	0.11745
608	569	35.206	-120.	108.91	1521	0.11708
609	553	33.855	-120.	109.98	1521	0.11666
609	569	35.206	-120.	108.91	1521	0.11708
609	571	35.614	-120.	110.21	1521	0.11658
610	553	33.855	-120.	109.98	1521	0.11666
610	571	35.614	-120.	110.21	1521	0.11658
610	562	34.168	-120.	112.14	1521	0.11585
611	553	33.855	-120.	109.98	1521	0.11666
611	562	34.168	-120.	112.14	1521	0.11585
611	544	33.06	-120.	111.67	1521	0.11601
612	569	35.206	-120.	108.91	1521	0.11708
612	543	32.875	-120.	108.	1521	0.11745
612	561	34.155	-120.	106.16	1521	0.1182
613	571	35.614	-120.	110.21	1521	0.11658
613	573	36.317	-120.	113.07	1521	0.11554
613	562	34.168	-120.	112.14	1521	0.11585
614	461	27.302	-120.	105.87	1528	0.11837
614	464	27.85	-120.	104.3	1528	0.11903
614	482	29.263	-120.	106.75	1528	0.11798
615	461	27.302	-120.	105.87	1528	0.11837
615	482	29.263	-120.	106.75	1528	0.11798
615	475	28.622	-120.	107.7	1528	0.1176
616	461	27.302	-120.	105.87	1528	0.11837
616	475	28.622	-120.	107.7	1528	0.1176
616	448	26.217	-120.	106.97	1528	0.11792
617	461	27.302	-120.	105.87	1528	0.11837
617	448	26.217	-120.	106.97	1528	0.11792
617	443	25.406	-120.	105.57	1528	0.11852
618	461	27.302	-120.	105.87	1528	0.11837
618	443	25.406	-120.	105.57	1528	0.11852
618	451	26.451	-120.	103.94	1528	0.1192
619	461	27.302	-120.	105.87	1528	0.11837
619	451	26.451	-120.	103.94	1528	0.1192
619	464	27.85	-120.	104.3	1528	0.11903
620	448	26.217	-120.	106.97	1528	0.11792
620	475	28.622	-120.	107.7	1528	0.1176
620	462	27.402	-120.	109.46	1528	0.11691
621	464	27.85	-120.	104.3	1528	0.11903
621	499	30.485	-120.	104.97	1528	0.11873
621	482	29.263	-120.	106.75	1528	0.11798
622	451	26.451	-120.	103.94	1528	0.1192
622	443	25.406	-120.	105.57	1528	0.11852
622	432	23.847	-120.	103.3	1528	0.11951
623	353	12.589	-120.	91.638	1530	0.1236
623	340	10.786	-120.	89.228	1530	0.12378
623	357	13.535	-120.	90.005	1530	0.12375
624	321	8.0152	-120.	85.538	1530	0.12354
624	341	10.891	-120.	86.162	1530	0.12377
624	331	9.8569	-120.	87.974	1530	0.12377
625	364	14.983	-120.	87.508	1530	0.12398
625	360	14.027	-120.	89.153	1530	0.12383
625	350	12.207	-120.	86.534	1530	0.12385
626	348	11.884	-120.	88.176	1530	0.12382
626	357	13.535	-120.	90.005	1530	0.12375
626	340	10.786	-120.	89.228	1530	0.12378
627	348	11.884	-120.	88.176	1530	0.12382
627	340	10.786	-120.	89.228	1530	0.12378
627	331	9.8569	-120.	87.974	1530	0.12377
628	348	11.884	-120.	88.176	1530	0.12382
628	331	9.8569	-120.	87.974	1530	0.12377
628	341	10.891	-120.	86.162	1530	0.12377
629	348	11.884	-120.	88.176	1530	0.12382
629	341	10.891	-120.	86.162	1530	0.12377
629	350	12.207	-120.	86.534	1530	0.12385
630	348	11.884	-120.	88.176	1530	0.12382
630	350	12.207	-120.	86.534	1530	0.12385
630	360	14.027	-120.	89.153	1530	0.12383
631	348	11.884	-120.	88.176	1530	0.12382
631	360	14.027	-120.	89.153	1530	0.12383
631	357	13.535	-120.	90.005	1530	0.12375
632	371	15.86	-120.	93.118	1531	0.12328
632	374	16.06	-120.	94.294	1531	0.12302
632	378	16.533	-120.	93.457	1531	0.12319
633	363	14.571	-120.	92.538	1531	0.12342
633	353	12.589	-120.	91.638	1531	0.1236
633	365	15.169	-120.	95.872	1531	0.1227
634	363	14.571	-120.	92.538	1531	0.12342
634	365	15.169	-120.	95.872	1531	0.1227
634	374	16.06	-120.	94.294	1531	0.12302
635	363	14.571	-120.	92.538	1531	0.12342
635	374	16.06	-120.	94.294	1531	0.12302
635	371	15.86	-120.	93.118	1531	0.12328
636	363	14.571	-120.	92.538	1531	0.12342
636	371	15.86	-120.	93.118	1531	0.12328
636	361	14.21	-120.	90.302	1531	0.12373
637	363	14.571	-120.	92.538	1531	0.12342
637	361	14.21	-120.	90.302	1531	0.12373
637	357	13.535	-120.	90.005	1531	0.12375
638	363	14.571	-120.	92.538	1531	0.12342
638	357	13.535	-120.	90.005	1531	0.12375
638	353	12.589	-120.	91.638	1531	0.1236
639	368	15.507	-120.	90.901	1531	0.12366
639	364	14.983	-120.	87.508	1531	0.12398
639	381	17.43	-120.	91.87	1531	0.1235
640	368	15.507	-120.	90.901	1531	0.12366
640	381	17.43	-120.	91.87	1531	0.1235
640	378	16.533	-120.	93.457	1531	0.12319
641	368	15.507	-120.	90.901	1531	0.12366
641	378	16.533	-120.	93.457	1531	0.12319
641	371	15.86	-120.	93.118	1531	0.12328
642	368	15.507	-120.	90.901	1531	0.12366
642	371	15.86	-120.	93.118	1531	0.12328
642	361	14.21	-120.	90.302	1531	0.12373
643	368	15.507	-120.	90.901	1531	0.12366
643	361	14.21	-120.	90.302	1531	0.12373
643	360	14.027	-120.	89.153	1531	0.12383
644	368	15.507	-120.	90.901	1531	0.12366
644	360	14.027	-120.	89.153	1531	0.12383
644	364	14.983	-120.	87.508	1531	0.12398
645	361	14.21	-120.	90.302	1531	0.12373
645	360	14.027	-120.	89.153	1531	0.12383
645	357	13.535	-120.	90.005	1531	0.12375
646	432	23.847	-120.	103.3	1544	0.11951
646	444	25.409	-120.	100.72	1544	0.12057
646	407	20.921	-120.	100.05	1544	0.12094
647	449	26.403	-120.	99.043	1546	0.12122
647	468	28.095	-120.	101.35	1546	0.12027
647	444	25.409	-120.	100.72	1546	0.12057
648	501	30.617	-120.	99.84	1546	0.12087
648	536	32.209	-120.	102.31	1546	0.11984
648	489	29.49	-120.	101.66	1546	0.12013
649	472	28.556	-120.	99.8	1546	0.1209
649	501	30.617	-120.	99.84	1546	0.12087
649	489	29.49	-120.	101.66	1546	0.12013
650	472	28.556	-120.	99.8	1546	0.1209
650	489	29.49	-120.	101.66	1546	0.12013
650	468	28.095	-120.	101.35	1546	0.12027
651	472	28.556	-120.	99.8	1546	0.1209
651	468	28.095	-120.	101.35	1546	0.12027
651	449	26.403	-120.	99.043	1546	0.12122
652	472	28.556	-120.	99.8	1546	0.1209
652	449	26.403	-120.	99.043	1546	0.12122
652	459	26.924	-120.	98.172	1546	0.12156
653	472	28.556	-120.	99.8	1546	0.1209
653	459	26.924	-120.	98.172	1546	0.12156
653	496	29.807	-120.	98.737	1546	0.12131
654	472	28.556	-120.	99.8	1546	0.1209
654	496	29.807	-120.	98.737	1546	0.12131
654	501	30.617	-120.	99.84	1546	0.12087
655	466	27.921	-120.	96.479	1546	0.12218
655	496	29.807	-120.	98.737	1546	0.12131
655	459	26.924	-120.	98.172	1546	0.12156
656	428	22.931	-120.	98.116	1547	0.12162
656	423	22.388	-120.	97.593	1547	0.12182
656	419	21.882	-120.	98.448	1547	0.12152
657	433	23.908	-120.	99.146	1547	0.12121
657	449	26.403	-120.	99.043	1547	0.12122
657	444	25.409	-120.	100.72	1547	0.12057
658	433	23.908	-120.	99.146	1547	0.12121
658	444	25.409	-120.	100.72	1547	0.12057
658	407	20.921	-120.	100.05	1547	0.12094
659	433	23.908	-120.	99.146	1547	0.12121
659	407	20.921	-120.	100.05	1547	0.12094
659	419	21.882	-120.	98.448	1547	0.12152
660	433	23.908	-120.	99.146	1547	0.12121
660	419	21.882	-120.	98.448	1547	0.12152
660	428	22.931	-120.	98.116	1547	0.12162
661	433	23.908	-120.	99.146	1547	0.12121
661	428	22.931	-120.	98.116	1547	0.12162
661	447	25.899	-120.	98.502	1547	0.12144
662	433	23.908	-120.	99.146	1547	0.12121
662	447	25.899	-120.	98.502	1547	0.12144
662	449	26.403	-120.	99.043	1547	0.12122
663	459	26.924	-120.	98.172	1547	0.12156
663	447	25.899	-120.	98.502	1547	0.12144
663	449	26.403	-120.	99.043	1547	0.12122
664	442	24.902	-120.	97.473	1547	0.12183
664	466	27.921	-120.	96.479	1547	0.12218
664	431	23.352	-120.	95.976	1547	0.12236
665	442	24.902	-120.	97.473	1547	0.12183
665	431	23.352	-120.	95.976	1547	0.12236
665	423	22.388	-120.	97.593	1547	0.12182
666	442	24.902	-120.	97.473	1547	0.12183
666	423	22.388	-120.	97.593	1547	0.12182
666	428	22.931	-120.	98.116	1547	0.12162
667	442	24.902	-120.	97.473	1547	0.12183
667	428	22.931	-120.	98.116	1547	0.12162
667	447	25.899	-120.	98.502	1547	0.12144
668	442	24.902	-120.	97.473	1547	0.12183
668	447	25.899	-120.	98.502	1547	0.12144
668	459	26.924	-120.	98.172	1547	0.12156
669	442	24.902	-120.	97.473	1547	0.12183
669	459	26.924	-120.	98.172	1547	0.12156
669	466	27.921	-120.	96.479	1547	0.12218
670	395	19.847	-120.	97.24	1566	0.12202
670	418	21.882	-120.	98.448	1566	0.12152
670	391	18.828	-120.	98.263	1566	0.1217
671	395	19.847	-120.	97.24	1566	0.12202
671	391	18.828	-120.	98.263	1566	0.1217
671	382	17.516	-120.	97.31	1566	0.1221
672	395	19.847	-120.	97.24	1566	0.12202
672	382	17.516	-120.	97.31	1566	0.1221
672	389	18.369	-120.	95.895	1566	0.12252
673	395	19.847	-120.	97.24	1566	0.12202
673	389	18.369	-120.	95.895	1566	0.12252
673	402	20.101	-120.	95.931	1566	0.12244
674	395	19.847	-120.	97.24	1566	0.12202
674	402	20.101	-120.	95.931	1566	0.12244
674	422	22.388	-120.	97.593	1566	0.12182
675	395	19.847	-120.	97.24	1566	0.12202
675	422	22.388	-120.	97.593	1566	0.12182
675	418	21.882	-120.	98.448	1566	0.12152
676	389	18.369	-120.	95.895	1566	0.12252
676	382	17.516	-120.	97.31	1566	0.1221
676	365	15.169	-120.	95.872	1566	0.1227
677	418	21.882	-120.	98.448	1566	0.12152
677	407	20.921	-120.	100.05	1566	0.12094
677	391	18.828	-120.	98.263	1566	0.1217
678	422	22.388	-120.	97.593	1566	0.12182
678	402	20.101	-120.	95.931	1566	0.12244
678	431	23.352	-120.	95.976	1566	0.12236
679	439	24.656	-120.	135.59	1581	0.11344
679	479	29.242	-120.	133.19	1581	0.11303
679	456	26.843	-120.	131.8	1581	0.1129
680	460	27.061	-120.	136.97	1582	0.11374
680	479	29.242	-120.	133.19	1582	0.11303
680	439	24.656	-120.	135.59	1582	0.11344
681	539	32.274	-120.	122.15	1583	0.11316
681	491	29.497	-120.	120.69	1583	0.11348
681	478	29.04	-120.	125.04	1583	0.11288
682	556	34.028	-120.	123.11	1585	0.11303
682	539	32.274	-120.	122.15	1585	0.11316
682	560	34.106	-120.	120.25	1585	0.11351
683	570	35.354	-120.	121.36	1585	0.11332
683	556	34.028	-120.	123.11	1585	0.11303
683	560	34.106	-120.	120.25	1585	0.11351
684	570	35.354	-120.	121.36	1585	0.11332
684	560	34.106	-120.	120.25	1585	0.11351
684	568	35.062	-120.	119.27	1585	0.11373
685	570	35.354	-120.	121.36	1585	0.11332
685	568	35.062	-120.	119.27	1585	0.11373
685	577	37.01	-120.	120.28	1585	0.11356
686	570	35.354	-120.	121.36	1585	0.11332
686	577	37.01	-120.	120.28	1585	0.11356
686	576	36.972	-120.	121.65	1585	0.11331
687	570	35.354	-120.	121.36	1585	0.11332
687	576	36.972	-120.	121.65	1585	0.11331
687	566	34.943	-120.	123.6	1585	0.11298
688	570	35.354	-120.	121.36	1585	0.11332
688	566	34.943	-120.	123.6	1585	0.11298
688	556	34.028	-120.	123.11	1585	0.11303
689	577	37.01	-120.	120.28	1585	0.11356
689	568	35.062	-120.	119.27	1585	0.11373
689	575	36.909	-120.	117.34	1585	0.11424
690	576	36.972	-120.	121.65	1585	0.11331
690	574	36.709	-120.	124.58	1585	0.11292
690	566	34.943	-120.	123.6	1585	0.11298
691	524	31.758	-120.	125.71	1588	0.11277
691	503	30.725	-120.	125.95	1588	0.11276
691	519	31.619	-120.	126.45	1588	0.11273
692	552	33.712	-120.	125.26	1588	0.1128
692	565	34.943	-120.	123.6	1588	0.11298
692	574	36.709	-120.	124.58	1588	0.11292
693	552	33.712	-120.	125.26	1588	0.1128
693	574	36.709	-120.	124.58	1588	0.11292
693	549	33.314	-120.	127.38	1588	0.1127
694	552	33.712	-120.	125.26	1588	0.1128
694	549	33.314	-120.	127.38	1588	0.1127
694	519	31.619	-120.	126.45	1588	0.11273
695	552	33.712	-120.	125.26	1588	0.1128
695	519	31.619	-120.	126.45	1588	0.11273
695	524	31.758	-120.	125.71	1588	0.11277
696	552	33.712	-120.	125.26	1588	0.1128
696	524	31.758	-120.	125.71	1588	0.11277
696	554	33.93	-120.	123.84	1588	0.11294
697	552	33.712	-120.	125.26	1588	0.1128
697	554	33.93	-120.	123.84	1588	0.11294
697	565	34.943	-120.	123.6	1588	0.11298
698	557	34.028	-120.	123.11	1588	0.11303
698	554	33.93	-120.	123.84	1588	0.11294
698	565	34.943	-120.	123.6	1588	0.11298
699	530	31.959	-120.	124.3	1588	0.11289
699	539	32.274	-120.	122.15	1588	0.11316
699	478	29.04	-120.	125.04	1588	0.11288
700	530	31.959	-120.	124.3	1588	0.11289
700	478	29.04	-120.	125.04	1588	0.11288
700	503	30.725	-120.	125.95	1588	0.11276
701	530	31.959	-120.	124.3	1588	0.11289
701	503	30.725	-120.	125.95	1588	0.11276
701	524	31.758	-120.	125.71	1588	0.11277
702	530	31.959	-120.	124.3	1588	0.11289
702	524	31.758	-120.	125.71	1588	0.11277
702	554	33.93	-120.	123.84	1588	0.11294
703	530	31.959	-120.	124.3	1588	0.11289
703	554	33.93	-120.	123.84	1588	0.11294
703	557	34.028	-120.	123.11	1588	0.11303
704	530	31.959	-120.	124.3	1588	0.11289
704	557	34.028	-120.	123.11	1588	0.11303
704	539	32.274	-120.	122.15	1588	0.11316
705	549	33.314	-120.	127.38	1589	0.1127
705	572	35.883	-120.	128.81	1589	0.11274
705	574	36.709	-120.	124.58	1589	0.11292
706	495	29.794	-120.	128.1	1591	0.11271
706	470	28.397	-120.	127.71	1591	0.11275
706	502	30.725	-120.	125.95	1591	0.11276
707	495	29.794	-120.	128.1	1591	0.11271
707	502	30.725	-120.	125.95	1591	0.11276
707	520	31.619	-120.	126.45	1591	0.11273
708	495	29.794	-120.	128.1	1591	0.11271
708	520	31.619	-120.	126.45	1591	0.11273
708	505	30.745	-120.	129.14	1591	0.1127
709	495	29.794	-120.	128.1	1591	0.11271
709	505	30.745	-120.	129.14	1591	0.1127
709	485	29.384	-120.	130.08	1591	0.11274
710	495	29.794	-120.	128.1	1591	0.11271
710	485	29.384	-120.	130.08	1591	0.11274
710	465	27.896	-120.	129.26	1591	0.11275
711	495	29.794	-120.	128.1	1591	0.11271
711	465	27.896	-120.	129.26	1591	0.11275
711	470	28.397	-120.	127.71	1591	0.11275
712	505	30.745	-120.	129.14	1591	0.1127
712	520	31.619	-120.	126.45	1591	0.11273
712	549	33.314	-120.	127.38	1591	0.1127
713	470	28.397	-120.	127.71	1591	0.11275
713	478	29.04	-120.	125.04	1591	0.11288
713	502	30.725	-120.	125.95	1591	0.11276
714	465	27.896	-120.	129.26	1591	0.11275
714	485	29.384	-120.	130.08	1591	0.11274
714	456	26.843	-120.	131.8	1591	0.1129
715	500	30.508	-120.	129.85	1592	0.11273
715	504	30.745	-120.	129.14	1592	0.1127
715	484	29.384	-120.	130.08	1592	0.11274
716	540	32.636	-120.	129.42	1592	0.11271
716	572	35.883	-120.	128.81	1592	0.11274
716	549	33.314	-120.	127.38	1592	0.1127
717	540	32.636	-120.	129.42	1592	0.11271
717	549	33.314	-120.	127.38	1592	0.1127
717	504	30.745	-120.	129.14	1592	0.1127
718	540	32.636	-120.	129.42	1592	0.11271
718	504	30.745	-120.	129.14	1592	0.1127
718	500	30.508	-120.	129.85	1592	0.11273
719	540	32.636	-120.	129.42	1592	0.11271
719	500	30.508	-120.	129.85	1592	0.11273
719	531	32.136	-120.	130.77	1592	0.11278
720	540	32.636	-120.	129.42	1592	0.11271
720	531	32.136	-120.	130.77	1592	0.11278
720	547	33.229	-120.	130.57	1592	0.11278
721	540	32.636	-120.	129.42	1592	0.11271
721	547	33.229	-120.	130.57	1592	0.11278
721	572	35.883	-120.	128.81	1592	0.11274
722	497	29.996	-120.	131.19	1592	0.11281
722	479	29.242	-120.	133.19	1592	0.11303
722	456	26.843	-120.	131.8	1592	0.1129
723	497	29.996	-120.	131.19	1592	0.11281
723	456	26.843	-120.	131.8	1592	0.1129
723	484	29.384	-120.	130.08	1592	0.11274
724	497	29.996	-120.	131.19	1592	0.11281
724	484	29.384	-120.	130.08	1592	0.11274
724	500	30.508	-120.	129.85	1592	0.11273
725	497	29.996	-120.	131.19	1592	0.11281
725	500	30.508	-120.	129.85	1592	0.11273
725	531	32.136	-120.	130.77	1592	0.11278
726	497	29.996	-120.	131.19	1592	0.11281
726	531	32.136	-120.	130.77	1592	0.11278
726	525	31.866	-120.	131.46	1592	0.11284
727	497	29.996	-120.	131.19	1592	0.11281
727	525	31.866	-120.	131.46	1592	0.11284
727	479	29.242	-120.	133.19	1592	0.11303
728	531	32.136	-120.	130.77	1592	0.11278
728	525	31.866	-120.	131.46	1592	0.11284
728	547	33.229	-120.	130.57	1592	0.11278
729	494	29.577	-120.	107.44	1594	0.1177
729	481	29.263	-120.	106.75	1594	0.11798
729	474	28.622	-120.	107.7	1594	0.1176
730	517	31.382	-120.	106.93	1594	0.11789
730	561	34.155	-120.	106.16	1594	0.1182
730	499	30.485	-120.	104.97	1594	0.11873
731	517	31.382	-120.	106.93	1594	0.11789
731	499	30.485	-120.	104.97	1594	0.11873
731	481	29.263	-120.	106.75	1594	0.11798
732	517	31.382	-120.	106.93	1594	0.11789
732	481	29.263	-120.	106.75	1594	0.11798
732	494	29.577	-120.	107.44	1594	0.1177
733	517	31.382	-120.	106.93	1594	0.11789
733	494	29.577	-120.	107.44	1594	0.1177
733	529	31.935	-120.	108.26	1594	0.11735
734	517	31.382	-120.	106.93	1594	0.11789
734	529	31.935	-120.	108.26	1594	0.11735
734	542	32.875	-120.	108.	1594	0.11745
735	517	31.382	-120.	106.93	1594	0.11789
735	542	32.875	-120.	108.	1594	0.11745
735	561	34.155	-120.	106.16	1594	0.1182
736	498	30.113	-120.	108.76	1594	0.11716
736	511	30.932	-120.	110.76	1594	0.11636
736	462	27.402	-120.	109.46	1594	0.11691
737	498	30.113	-120.	108.76	1594	0.11716
737	462	27.402	-120.	109.46	1594	0.11691
737	474	28.622	-120.	107.7	1594	0.1176
738	498	30.113	-120.	108.76	1594	0.11716
738	474	28.622	-120.	107.7	1594	0.1176
738	494	29.577	-120.	107.44	1594	0.1177
739	498	30.113	-120.	108.76	1594	0.11716
739	494	29.577	-120.	107.44	1594	0.1177
739	529	31.935	-120.	108.26	1594	0.11735
740	498	30.113	-120.	108.76	1594	0.11716
740	529	31.935	-120.	108.26	1594	0.11735
740	534	32.207	-120.	108.95	1594	0.11707
741	498	30.113	-120.	108.76	1594	0.11716
741	534	32.207	-120.	108.95	1594	0.11707
741	511	30.932	-120.	110.76	1594	0.11636
742	529	31.935	-120.	108.26	1594	0.11735
742	534	32.207	-120.	108.95	1594	0.11707
742	542	32.875	-120.	108.	1594	0.11745
743	477	28.754	-120.	113.62	1595	0.11538
743	511	30.932	-120.	110.76	1595	0.11636
743	462	27.402	-120.	109.46	1595	0.11691
744	561	34.155	-120.	106.16	1598	0.1182
744	536	32.209	-120.	102.31	1598	0.11984
744	499	30.485	-120.	104.97	1598	0.11873
745	107	-23.785	-120.	100.93	1649	0.12829
745	110	-23.545	-120.	96.143	1649	0.12678
745	73	-26.285	-120.	99.47	1649	0.12789
746	136	-21.358	-120.	102.37	1650	0.12864
746	130	-21.726	-120.	101.28	1650	0.12837
746	123	-22.197	-120.	101.87	1650	0.12852
747	133	-21.51	-120.	98.163	1650	0.12745
747	138	-21.019	-120.	97.611	1650	0.12726
747	125	-21.878	-120.	97.108	1650	0.1271
748	119	-22.44	-120.	99.25	1650	0.1278
748	123	-22.197	-120.	101.87	1650	0.12852
748	107	-23.785	-120.	100.93	1650	0.12829
749	119	-22.44	-120.	99.25	1650	0.1278
749	107	-23.785	-120.	100.93	1650	0.12829
749	110	-23.545	-120.	96.143	1650	0.12678
750	119	-22.44	-120.	99.25	1650	0.1278
750	110	-23.545	-120.	96.143	1650	0.12678
750	125	-21.878	-120.	97.108	1650	0.1271
751	119	-22.44	-120.	99.25	1650	0.1278
751	125	-21.878	-120.	97.108	1650	0.1271
751	133	-21.51	-120.	98.163	1650	0.12745
752	119	-22.44	-120.	99.25	1650	0.1278
752	133	-21.51	-120.	98.163	1650	0.12745
752	130	-21.726	-120.	101.28	1650	0.12837
753	119	-22.44	-120.	99.25	1650	0.1278
753	130	-21.726	-120.	101.28	1650	0.12837
753	123	-22.197	-120.	101.87	1650	0.12852
754	140	-20.794	-120.	100.22	1650	0.12808
754	138	-21.019	-120.	97.611	1650	0.12726
754	153	-19.369	-120.	98.573	1650	0.12757
755	140	-20.794	-120.	100.22	1650	0.12808
755	153	-19.369	-120.	98.573	1650	0.12757
755	151	-19.781	-120.	103.3	1650	0.12886
756	140	-20.794	-120.	100.22	1650	0.12808
756	151	-19.781	-120.	103.3	1650	0.12886
756	136	-21.358	-120.	102.37	1650	0.12864
757	140	-20.794	-120.	100.22	1650	0.12808
757	136	-21.358	-120.	102.37	1650	0.12864
757	130	-21.726	-120.	101.28	1650	0.12837
758	140	-20.794	-120.	100.22	1650	0.12808
758	130	-21.726	-120.	101.28	1650	0.12837
758	133	-21.51	-120.	98.163	1650	0.12745
759	140	-20.794	-120.	100.22	1650	0.12808
759	133	-21.51	-120.	98.163	1650	0.12745
759	138	-21.019	-120.	97.611	1650	0.12726
760	171	-16.855	-120.	100.05	1654	0.12805
760	153	-19.369	-120.	98.573	1654	0.12757
760	151	-19.781	-120.	103.3	1654	0.12886
761	221	-8.7706	-120.	146.81	1667	0.11912
761	229	-7.1945	-120.	148.83	1667	0.11883
761	217	-9.7773	-120.	147.68	1667	0.11904
762	221	-8.7706	-120.	146.81	1667	0.11912
762	217	-9.7773	-120.	147.68	1667	0.11904
762	212	-10.674	-120.	146.2	1667	0.11932
763	221	-8.7706	-120.	146.81	1667	0.11912
763	212	-10.674	-120.	146.2	1667	0.11932
763	215	-9.8754	-120.	144.75	1667	0.11954
764	221	-8.7706	-120.	146.81	1667	0.11912
764	215	-9.8754	-120.	144.75	1667	0.11954
764	224	-8.3944	-120.	145.41	1667	0.11928
765	221	-8.7706	-120.	146.81	1667	0.11912
765	224	-8.3944	-120.	145.41	1667	0.11928
765	233	-6.7075	-120.	147.97	1667	0.11887
766	221	-8.7706	-120.	146.81	1667	0.11912
766	233	-6.7075	-120.	147.97	1667	0.11887
766	229	-7.1945	-120.	148.83	1667	0.11883
767	215	-9.8754	-120.	144.75	1667	0.11954
767	212	-10.674	-120.	146.2	1667	0.11932
767	197	-12.295	-120.	143.44	1667	0.12005
768	229	-7.1945	-120.	148.83	1667	0.11883
768	226	-8.113	-120.	150.47	1667	0.11874
768	217	-9.7773	-120.	147.68	1667	0.11904
769	233	-6.7075	-120.	147.97	1667	0.11887
769	224	-8.3944	-120.	145.41	1667	0.11928
769	240	-5.7995	-120.	146.33	1667	0.11891
770	486	29.388	-120.	135.79	1726	0.11348
770	479	29.242	-120.	133.19	1726	0.11303
770	460	27.061	-120.	136.97	1726	0.11374
771	486	29.388	-120.	135.79	1726	0.11348
771	460	27.061	-120.	136.97	1726	0.11374
771	476	28.693	-120.	137.9	1726	0.11396
772	486	29.388	-120.	135.79	1726	0.11348
772	476	28.693	-120.	137.9	1726	0.11396
772	492	29.517	-120.	137.53	1726	0.11386
773	486	29.388	-120.	135.79	1726	0.11348
773	492	29.517	-120.	137.53	1726	0.11386
773	512	30.952	-120.	135.04	1726	0.11333
774	486	29.388	-120.	135.79	1726	0.11348
774	512	30.952	-120.	135.04	1726	0.11333
774	509	30.864	-120.	134.14	1726	0.11317
775	486	29.388	-120.	135.79	1726	0.11348
775	509	30.864	-120.	134.14	1726	0.11317
775	479	29.242	-120.	133.19	1726	0.11303
776	513	31.043	-120.	136.75	1726	0.11368
776	550	33.344	-120.	135.59	1726	0.11345
776	514	31.189	-120.	139.32	1726	0.11433
777	513	31.043	-120.	136.75	1726	0.11368
777	514	31.189	-120.	139.32	1726	0.11433
777	493	29.543	-120.	138.38	1726	0.11408
778	513	31.043	-120.	136.75	1726	0.11368
778	493	29.543	-120.	138.38	1726	0.11408
778	492	29.517	-120.	137.53	1726	0.11386
779	513	31.043	-120.	136.75	1726	0.11368
779	492	29.517	-120.	137.53	1726	0.11386
779	512	30.952	-120.	135.04	1726	0.11333
780	513	31.043	-120.	136.75	1726	0.11368
780	512	30.952	-120.	135.04	1726	0.11333
780	521	31.71	-120.	134.63	1726	0.11326
781	513	31.043	-120.	136.75	1726	0.11368
781	521	31.71	-120.	134.63	1726	0.11326
781	550	33.344	-120.	135.59	1726	0.11345
782	492	29.517	-120.	137.53	1726	0.11386
782	476	28.693	-120.	137.9	1726	0.11396
782	493	29.543	-120.	138.38	1726	0.11408
783	512	30.952	-120.	135.04	1726	0.11333
783	521	31.71	-120.	134.63	1726	0.11326
783	509	30.864	-120.	134.14	1726	0.11317
784	476	28.693	-120.	137.9	1744	0.11396
784	458	26.876	-120.	140.1	1744	0.11458
784	460	27.061	-120.	136.97	1744	0.11374
785	473	28.593	-120.	142.76	1744	0.11542
785	452	26.586	-120.	144.91	1744	0.11621
785	454	26.788	-120.	141.73	1744	0.11509
786	469	28.326	-120.	140.43	1744	0.11467
786	473	28.593	-120.	142.76	1744	0.11542
786	454	26.788	-120.	141.73	1744	0.11509
787	469	28.326	-120.	140.43	1744	0.11467
787	454	26.788	-120.	141.73	1744	0.11509
787	458	26.876	-120.	140.1	1744	0.11458
788	469	28.326	-120.	140.43	1744	0.11467
788	458	26.876	-120.	140.1	1744	0.11458
788	476	28.693	-120.	137.9	1744	0.11396
789	469	28.326	-120.	140.43	1744	0.11467
789	476	28.693	-120.	137.9	1744	0.11396
789	493	29.543	-120.	138.38	1744	0.11408
790	469	28.326	-120.	140.43	1744	0.11467
790	493	29.543	-120.	138.38	1744	0.11408
790	488	29.463	-120.	141.7	1744	0.11506
791	469	28.326	-120.	140.43	1744	0.11467
791	488	29.463	-120.	141.7	1744	0.11506
791	473	28.593	-120.	142.76	1744	0.11542
792	514	31.189	-120.	139.32	1744	0.11433
792	488	29.463	-120.	141.7	1744	0.11506
792	493	29.543	-120.	138.38	1744	0.11408
793	390	18.671	-120.	94.527	1810	0.12288
793	388	18.369	-120.	95.895	1810	0.12252
793	373	16.06	-120.	94.294	1810	0.12302
794	390	18.671	-120.	94.527	1810	0.12288
794	373	16.06	-120.	94.294	1810	0.12302
794	377	16.533	-120.	93.457	1810	0.12319
795	390	18.671	-120.	94.527	1810	0.12288
795	377	16.533	-120.	93.457	1810	0.12319
795	397	19.897	-120.	93.386	1810	0.12316
796	390	18.671	-120.	94.527	1810	0.12288
796	397	19.897	-120.	93.386	1810	0.12316
796	409	21.067	-120.	94.197	1810	0.12293
797	390	18.671	-120.	94.527	1810	0.12288
797	409	21.067	-120.	94.197	1810	0.12293
797	401	20.101	-120.	95.931	1810	0.12244
798	390	18.671	-120.	94.527	1810	0.12288
798	401	20.101	-120.	95.931	1810	0.12244
798	388	18.369	-120.	95.895	1810	0.12252
799	397	19.897	-120.	93.386	1810	0.12316
799	377	16.533	-120.	93.457	1810	0.12319
799	381	17.43	-120.	91.87	1810	0.1235
800	388	18.369	-120.	95.895	1810	0.12252
800	365	15.169	-120.	95.872	1810	0.1227
800	373	16.06	-120.	94.294	1810	0.12302
801	401	20.101	-120.	95.931	1810	0.12244
801	409	21.067	-120.	94.197	1810	0.12293
801	431	23.352	-120.	95.976	1810	0.12236
802	406	20.74	-120.	93.354	1811	0.12316
802	398	19.897	-120.	93.386	1811	0.12316
802	410	21.067	-120.	94.197	1811	0.12293
803	400	20.015	-120.	91.744	1811	0.12355
803	392	18.881	-120.	89.348	1811	0.12397
803	381	17.43	-120.	91.87	1811	0.1235
804	400	20.015	-120.	91.744	1811	0.12355
804	381	17.43	-120.	91.87	1811	0.1235
804	398	19.897	-120.	93.386	1811	0.12316
805	400	20.015	-120.	91.744	1811	0.12355
805	398	19.897	-120.	93.386	1811	0.12316
805	406	20.74	-120.	93.354	1811	0.12316
806	400	20.015	-120.	91.744	1811	0.12355
806	406	20.74	-120.	93.354	1811	0.12316
806	416	21.743	-120.	91.638	1811	0.1236
807	400	20.015	-120.	91.744	1811	0.12355
807	416	21.743	-120.	91.638	1811	0.1236
807	412	21.398	-120.	90.871	1811	0.12376
808	400	20.015	-120.	91.744	1811	0.12355
808	412	21.398	-120.	90.871	1811	0.12376
808	392	18.881	-120.	89.348	1811	0.12397
809	421	22.376	-120.	93.382	1811	0.12316
809	441	24.832	-120.	93.474	1811	0.12316
809	431	23.352	-120.	95.976	1811	0.12236
810	421	22.376	-120.	93.382	1811	0.12316
810	431	23.352	-120.	95.976	1811	0.12236
810	410	21.067	-120.	94.197	1811	0.12293
811	421	22.376	-120.	93.382	1811	0.12316
811	410	21.067	-120.	94.197	1811	0.12293
811	406	20.74	-120.	93.354	1811	0.12316
812	421	22.376	-120.	93.382	1811	0.12316
812	406	20.74	-120.	93.354	1811	0.12316
812	416	21.743	-120.	91.638	1811	0.1236
813	421	22.376	-120.	93.382	1811	0.12316
813	416	21.743	-120.	91.638	1811	0.1236
813	426	22.522	-120.	91.651	1811	0.12361
814	421	22.376	-120.	93.382	1811	0.12316
814	426	22.522	-120.	91.651	1811	0.12361
814	441	24.832	-120.	93.474	1811	0.12316
815	416	21.743	-120.	91.638	1811	0.1236
815	426	22.522	-120.	91.651	1811	0.12361
815	412	21.398	-120.	90.871	1811	0.12376
