小面	点	X坐标 (mm)	Y坐标 (mm)	Z坐标 (mm)	单元数	定向变形 (mm)
0	256	-2.9777	-120.	149.89	577	0.11082
0	268	-1.0913	-120.	151.9	577	0.11125
0	252	-3.9312	-120.	151.58	577	0.11115
1	288	1.8045	-120.	154.98	577	0.11238
1	267	-1.1343	-120.	154.83	577	0.11209
1	276	-0.11815	-120.	152.95	577	0.11158
2	243	-5.3928	-120.	154.18	577	0.11156
2	248	-4.4252	-120.	152.47	577	0.1113
2	259	-2.4941	-120.	154.68	577	0.11193
3	261	-2.1991	-120.	153.07	577	0.11153
3	252	-3.9312	-120.	151.58	577	0.11115
3	268	-1.0913	-120.	151.9	577	0.11125
4	261	-2.1991	-120.	153.07	577	0.11153
4	268	-1.0913	-120.	151.9	577	0.11125
4	276	-0.11815	-120.	152.95	577	0.11158
5	261	-2.1991	-120.	153.07	577	0.11153
5	276	-0.11815	-120.	152.95	577	0.11158
5	267	-1.1343	-120.	154.83	577	0.11209
6	261	-2.1991	-120.	153.07	577	0.11153
6	267	-1.1343	-120.	154.83	577	0.11209
6	259	-2.4941	-120.	154.68	577	0.11193
7	261	-2.1991	-120.	153.07	577	0.11153
7	259	-2.4941	-120.	154.68	577	0.11193
7	248	-4.4252	-120.	152.47	577	0.1113
8	261	-2.1991	-120.	153.07	577	0.11153
8	248	-4.4252	-120.	152.47	577	0.1113
8	252	-3.9312	-120.	151.58	577	0.11115
9	526	31.866	-120.	131.46	610	0.10354
9	510	30.864	-120.	134.14	610	0.10375
9	479	29.242	-120.	133.19	610	0.10363
10	564	34.544	-120.	132.9	610	0.10367
10	550	33.344	-120.	135.59	610	0.10401
10	522	31.71	-120.	134.63	610	0.10383
11	541	32.873	-120.	132.56	610	0.10361
11	564	34.544	-120.	132.9	610	0.10367
11	522	31.71	-120.	134.63	610	0.10383
12	541	32.873	-120.	132.56	610	0.10361
12	522	31.71	-120.	134.63	610	0.10383
12	510	30.864	-120.	134.14	610	0.10375
13	541	32.873	-120.	132.56	610	0.10361
13	510	30.864	-120.	134.14	610	0.10375
13	526	31.866	-120.	131.46	610	0.10354
14	541	32.873	-120.	132.56	610	0.10361
14	526	31.866	-120.	131.46	610	0.10354
14	546	33.229	-120.	130.57	610	0.10354
15	541	32.873	-120.	132.56	610	0.10361
15	546	33.229	-120.	130.57	610	0.10354
15	567	35.024	-120.	131.62	610	0.1036
16	541	32.873	-120.	132.56	610	0.10361
16	567	35.024	-120.	131.62	610	0.1036
16	564	34.544	-120.	132.9	610	0.10367
17	572	35.883	-120.	128.81	610	0.10367
17	567	35.024	-120.	131.62	610	0.1036
17	546	33.229	-120.	130.57	610	0.10354
18	109	-23.556	-120.	106.6	619	0.12795
18	124	-22.151	-120.	106.97	619	0.12795
18	98	-24.934	-120.	108.56	619	0.12804
19	109	-23.556	-120.	106.6	619	0.12795
19	98	-24.934	-120.	108.56	619	0.12804
19	83	-25.781	-120.	108.08	619	0.12804
20	109	-23.556	-120.	106.6	619	0.12795
20	83	-25.781	-120.	108.08	619	0.12804
20	104	-24.368	-120.	105.63	619	0.12785
21	109	-23.556	-120.	106.6	619	0.12795
21	104	-24.368	-120.	105.63	619	0.12785
21	117	-22.763	-120.	104.8	619	0.12773
22	109	-23.556	-120.	106.6	619	0.12795
22	117	-22.763	-120.	104.8	619	0.12773
22	137	-21.34	-120.	105.57	619	0.12783
23	109	-23.556	-120.	106.6	619	0.12795
23	137	-21.34	-120.	105.57	619	0.12783
23	124	-22.151	-120.	106.97	619	0.12795
24	104	-24.368	-120.	105.63	619	0.12785
24	83	-25.781	-120.	108.08	619	0.12804
24	55	-27.388	-120.	107.17	619	0.12799
25	124	-22.151	-120.	106.97	619	0.12795
25	112	-23.336	-120.	109.46	619	0.12798
25	98	-24.934	-120.	108.56	619	0.12804
26	137	-21.34	-120.	105.57	619	0.12783
26	117	-22.763	-120.	104.8	619	0.12773
26	151	-19.781	-120.	103.3	619	0.12745
27	153	-19.369	-120.	98.573	622	0.12583
27	139	-21.019	-120.	97.611	622	0.12541
27	155	-18.865	-120.	95.735	622	0.12447
28	110	-23.545	-120.	96.143	622	0.12475
28	134	-21.451	-120.	94.077	622	0.12364
28	126	-21.878	-120.	97.108	622	0.12519
29	165	-18.085	-120.	91.387	622	0.12201
29	161	-18.611	-120.	94.262	622	0.12369
29	144	-20.419	-120.	93.178	622	0.12313
30	145	-20.374	-120.	95.329	622	0.12428
30	155	-18.865	-120.	95.735	622	0.12447
30	139	-21.019	-120.	97.611	622	0.12541
31	145	-20.374	-120.	95.329	622	0.12428
31	139	-21.019	-120.	97.611	622	0.12541
31	126	-21.878	-120.	97.108	622	0.12519
32	145	-20.374	-120.	95.329	622	0.12428
32	126	-21.878	-120.	97.108	622	0.12519
32	134	-21.451	-120.	94.077	622	0.12364
33	145	-20.374	-120.	95.329	622	0.12428
33	134	-21.451	-120.	94.077	622	0.12364
33	144	-20.419	-120.	93.178	622	0.12313
34	145	-20.374	-120.	95.329	622	0.12428
34	144	-20.419	-120.	93.178	622	0.12313
34	161	-18.611	-120.	94.262	622	0.12369
35	145	-20.374	-120.	95.329	622	0.12428
35	161	-18.611	-120.	94.262	622	0.12369
35	155	-18.865	-120.	95.735	622	0.12447
36	285	1.3031	-120.	89.681	635	0.12064
36	275	-0.15357	-120.	92.615	635	0.12199
36	300	4.2195	-120.	92.615	635	0.12133
37	80	-26.056	-120.	108.78	712	0.12804
37	97	-24.934	-120.	108.56	712	0.12804
37	82	-25.781	-120.	108.08	712	0.12804
38	43	-28.173	-120.	109.18	712	0.12803
38	23	-29.748	-120.	110.74	712	0.12793
38	7	-31.417	-120.	109.78	712	0.12794
39	43	-28.173	-120.	109.18	712	0.12803
39	7	-31.417	-120.	109.78	712	0.12794
39	55	-27.388	-120.	107.17	712	0.12799
40	43	-28.173	-120.	109.18	712	0.12803
40	55	-27.388	-120.	107.17	712	0.12799
40	82	-25.781	-120.	108.08	712	0.12804
41	43	-28.173	-120.	109.18	712	0.12803
41	82	-25.781	-120.	108.08	712	0.12804
41	80	-26.056	-120.	108.78	712	0.12804
42	43	-28.173	-120.	109.18	712	0.12803
42	80	-26.056	-120.	108.78	712	0.12804
42	36	-28.65	-120.	110.53	712	0.12797
43	43	-28.173	-120.	109.18	712	0.12803
43	36	-28.65	-120.	110.53	712	0.12797
43	23	-29.748	-120.	110.74	712	0.12793
44	32	-28.882	-120.	111.23	712	0.1279
44	36	-28.65	-120.	110.53	712	0.12797
44	23	-29.748	-120.	110.74	712	0.12793
45	68	-26.514	-120.	110.12	712	0.128
45	61	-27.224	-120.	112.18	712	0.12779
45	112	-23.336	-120.	109.46	712	0.12798
46	68	-26.514	-120.	110.12	712	0.128
46	112	-23.336	-120.	109.46	712	0.12798
46	97	-24.934	-120.	108.56	712	0.12804
47	68	-26.514	-120.	110.12	712	0.128
47	97	-24.934	-120.	108.56	712	0.12804
47	80	-26.056	-120.	108.78	712	0.12804
48	68	-26.514	-120.	110.12	712	0.128
48	80	-26.056	-120.	108.78	712	0.12804
48	36	-28.65	-120.	110.53	712	0.12797
49	68	-26.514	-120.	110.12	712	0.128
49	36	-28.65	-120.	110.53	712	0.12797
49	32	-28.882	-120.	111.23	712	0.1279
50	68	-26.514	-120.	110.12	712	0.128
50	32	-28.882	-120.	111.23	712	0.1279
50	61	-27.224	-120.	112.18	712	0.12779
51	241	-5.7764	-120.	90.758	716	0.12144
51	235	-6.5008	-120.	90.968	716	0.12158
51	237	-6.2516	-120.	91.919	716	0.12211
52	225	-8.3372	-120.	89.613	716	0.12082
52	223	-8.5933	-120.	88.683	716	0.12028
52	220	-9.0374	-120.	89.857	716	0.12096
53	227	-7.8565	-120.	91.427	716	0.12187
53	237	-6.2516	-120.	91.919	716	0.12211
53	231	-7.1082	-120.	94.093	716	0.12342
54	227	-7.8565	-120.	91.427	716	0.12187
54	231	-7.1082	-120.	94.093	716	0.12342
54	214	-9.904	-120.	92.112	716	0.12231
55	227	-7.8565	-120.	91.427	716	0.12187
55	214	-9.904	-120.	92.112	716	0.12231
55	220	-9.0374	-120.	89.857	716	0.12096
56	227	-7.8565	-120.	91.427	716	0.12187
56	220	-9.0374	-120.	89.857	716	0.12096
56	225	-8.3372	-120.	89.613	716	0.12082
57	227	-7.8565	-120.	91.427	716	0.12187
57	225	-8.3372	-120.	89.613	716	0.12082
57	235	-6.5008	-120.	90.968	716	0.12158
58	227	-7.8565	-120.	91.427	716	0.12187
58	235	-6.5008	-120.	90.968	716	0.12158
58	237	-6.2516	-120.	91.919	716	0.12211
59	232	-6.9679	-120.	89.165	716	0.12056
59	223	-8.5933	-120.	88.683	716	0.12028
59	228	-7.7041	-120.	86.405	716	0.11902
60	232	-6.9679	-120.	89.165	716	0.12056
60	228	-7.7041	-120.	86.405	716	0.11902
60	245	-4.8957	-120.	88.564	716	0.12023
61	232	-6.9679	-120.	89.165	716	0.12056
61	245	-4.8957	-120.	88.564	716	0.12023
61	241	-5.7764	-120.	90.758	716	0.12144
62	232	-6.9679	-120.	89.165	716	0.12056
62	241	-5.7764	-120.	90.758	716	0.12144
62	235	-6.5008	-120.	90.968	716	0.12158
63	232	-6.9679	-120.	89.165	716	0.12056
63	235	-6.5008	-120.	90.968	716	0.12158
63	225	-8.3372	-120.	89.613	716	0.12082
64	232	-6.9679	-120.	89.165	716	0.12056
64	225	-8.3372	-120.	89.613	716	0.12082
64	223	-8.5933	-120.	88.683	716	0.12028
65	177	-15.833	-120.	140.87	735	0.11351
65	169	-17.251	-120.	143.32	735	0.11251
65	197	-12.295	-120.	143.44	735	0.11213
66	1	-32.805	-120.	116.88	751	0.12659
66	0	-32.924	-120.	121.19	751	0.12493
66	16	-30.093	-120.	118.32	751	0.12618
67	226	-8.113	-120.	150.47	765	0.11097
67	218	-9.54	-120.	153.01	765	0.11103
67	243	-5.3928	-120.	154.18	765	0.11156
68	250	-4.0658	-120.	91.691	802	0.12189
68	263	-2.0045	-120.	91.016	802	0.1214
68	257	-2.8829	-120.	92.974	802	0.12247
69	250	-4.0658	-120.	91.691	802	0.12189
69	257	-2.8829	-120.	92.974	802	0.12247
69	247	-4.4686	-120.	93.311	802	0.1228
70	250	-4.0658	-120.	91.691	802	0.12189
70	247	-4.4686	-120.	93.311	802	0.1228
70	238	-6.2516	-120.	91.919	802	0.12211
71	250	-4.0658	-120.	91.691	802	0.12189
71	238	-6.2516	-120.	91.919	802	0.12211
71	242	-5.7764	-120.	90.758	802	0.12144
72	250	-4.0658	-120.	91.691	802	0.12189
72	242	-5.7764	-120.	90.758	802	0.12144
72	254	-3.011	-120.	90.17	802	0.12103
73	250	-4.0658	-120.	91.691	802	0.12189
73	254	-3.011	-120.	90.17	802	0.12103
73	263	-2.0045	-120.	91.016	802	0.1214
74	238	-6.2516	-120.	91.919	802	0.12211
74	247	-4.4686	-120.	93.311	802	0.1228
74	231	-7.1082	-120.	94.093	802	0.12342
75	263	-2.0045	-120.	91.016	802	0.1214
75	275	-0.15357	-120.	92.615	802	0.12199
75	257	-2.8829	-120.	92.974	802	0.12247
76	254	-3.011	-120.	90.17	802	0.12103
76	242	-5.7764	-120.	90.758	802	0.12144
76	245	-4.8957	-120.	88.564	802	0.12023
77	353	12.589	-120.	91.638	810	0.12027
77	343	11.174	-120.	94.093	810	0.12025
77	365	15.169	-120.	95.872	810	0.11931
78	427	22.928	-120.	139.99	840	0.10521
78	413	21.536	-120.	141.87	840	0.10595
78	420	21.895	-120.	138.97	840	0.10483
79	427	22.928	-120.	139.99	840	0.10521
79	420	21.895	-120.	138.97	840	0.10483
79	429	22.98	-120.	137.77	840	0.10448
80	427	22.928	-120.	139.99	840	0.10521
80	429	22.98	-120.	137.77	840	0.10448
80	437	24.441	-120.	138.64	840	0.10477
81	427	22.928	-120.	139.99	840	0.10521
81	437	24.441	-120.	138.64	840	0.10477
81	435	24.303	-120.	140.3	840	0.10534
82	427	22.928	-120.	139.99	840	0.10521
82	435	24.303	-120.	140.3	840	0.10534
82	424	22.411	-120.	142.4	840	0.10619
83	427	22.928	-120.	139.99	840	0.10521
83	424	22.411	-120.	142.4	840	0.10619
83	413	21.536	-120.	141.87	840	0.10595
84	437	24.441	-120.	138.64	840	0.10477
84	429	22.98	-120.	137.77	840	0.10448
84	439	24.656	-120.	135.59	840	0.10397
85	413	21.536	-120.	141.87	840	0.10595
85	399	19.899	-120.	140.87	840	0.10549
85	420	21.895	-120.	138.97	840	0.10483
86	424	22.411	-120.	142.4	840	0.10619
86	435	24.303	-120.	140.3	840	0.10534
86	434	24.064	-120.	143.4	840	0.10664
87	240	-5.7995	-120.	146.33	842	0.11073
87	256	-2.9777	-120.	149.89	842	0.11082
87	265	-1.522	-120.	147.24	842	0.11014
88	35	-28.656	-120.	129.72	857	0.12037
88	6	-31.929	-120.	128.36	857	0.12118
88	10	-30.643	-120.	132.48	857	0.11869
89	152	-19.63	-120.	147.46	858	0.1111
89	175	-16.089	-120.	149.92	858	0.11073
89	181	-14.63	-120.	147.4	858	0.11123
90	214	-9.904	-120.	92.112	861	0.12231
90	206	-11.103	-120.	95.872	861	0.12454
90	231	-7.1082	-120.	94.093	861	0.12342
91	56	-27.376	-120.	127.13	865	0.1219
91	63	-27.196	-120.	127.86	865	0.12147
91	70	-26.429	-120.	126.87	865	0.12203
92	31	-29.171	-120.	127.62	865	0.12162
92	6	-31.929	-120.	128.36	865	0.12118
92	35	-28.656	-120.	129.72	865	0.12037
93	31	-29.171	-120.	127.62	865	0.12162
93	35	-28.656	-120.	129.72	865	0.12037
93	63	-27.196	-120.	127.86	865	0.12147
94	31	-29.171	-120.	127.62	865	0.12162
94	63	-27.196	-120.	127.86	865	0.12147
94	56	-27.376	-120.	127.13	865	0.1219
95	31	-29.171	-120.	127.62	865	0.12162
95	56	-27.376	-120.	127.13	865	0.1219
95	28	-29.468	-120.	126.21	865	0.12243
96	31	-29.171	-120.	127.62	865	0.12162
96	28	-29.468	-120.	126.21	865	0.12243
96	15	-30.401	-120.	126.46	865	0.12229
97	31	-29.171	-120.	127.62	865	0.12162
97	15	-30.401	-120.	126.46	865	0.12229
97	6	-31.929	-120.	128.36	865	0.12118
98	52	-27.657	-120.	125.72	865	0.12269
98	44	-28.087	-120.	123.61	865	0.12383
98	96	-24.974	-120.	125.04	865	0.12302
99	52	-27.657	-120.	125.72	865	0.12269
99	96	-24.974	-120.	125.04	865	0.12302
99	70	-26.429	-120.	126.87	865	0.12203
100	52	-27.657	-120.	125.72	865	0.12269
100	70	-26.429	-120.	126.87	865	0.12203
100	56	-27.376	-120.	127.13	865	0.1219
101	52	-27.657	-120.	125.72	865	0.12269
101	56	-27.376	-120.	127.13	865	0.1219
101	28	-29.468	-120.	126.21	865	0.12243
102	52	-27.657	-120.	125.72	865	0.12269
102	28	-29.468	-120.	126.21	865	0.12243
102	25	-29.607	-120.	125.48	865	0.12283
103	52	-27.657	-120.	125.72	865	0.12269
103	25	-29.607	-120.	125.48	865	0.12283
103	44	-28.087	-120.	123.61	865	0.12383
104	28	-29.468	-120.	126.21	865	0.12243
104	25	-29.607	-120.	125.48	865	0.12283
104	15	-30.401	-120.	126.46	865	0.12229
105	44	-28.087	-120.	123.61	867	0.12383
105	24	-29.607	-120.	125.48	867	0.12283
105	19	-29.999	-120.	122.65	867	0.12431
106	6	-31.929	-120.	128.36	867	0.12118
106	3	-32.513	-120.	125.48	867	0.12281
106	14	-30.401	-120.	126.46	867	0.12229
107	0	-32.924	-120.	121.19	867	0.12493
107	9	-30.996	-120.	122.16	867	0.12454
107	2	-32.701	-120.	124.13	867	0.12352
108	8	-31.036	-120.	124.39	867	0.12341
108	19	-29.999	-120.	122.65	867	0.12431
108	24	-29.607	-120.	125.48	867	0.12283
109	8	-31.036	-120.	124.39	867	0.12341
109	24	-29.607	-120.	125.48	867	0.12283
109	14	-30.401	-120.	126.46	867	0.12229
110	8	-31.036	-120.	124.39	867	0.12341
110	14	-30.401	-120.	126.46	867	0.12229
110	3	-32.513	-120.	125.48	867	0.12281
111	8	-31.036	-120.	124.39	867	0.12341
111	3	-32.513	-120.	125.48	867	0.12281
111	2	-32.701	-120.	124.13	867	0.12352
112	8	-31.036	-120.	124.39	867	0.12341
112	2	-32.701	-120.	124.13	867	0.12352
112	9	-30.996	-120.	122.16	867	0.12454
113	8	-31.036	-120.	124.39	867	0.12341
113	9	-30.996	-120.	122.16	867	0.12454
113	19	-29.999	-120.	122.65	867	0.12431
114	204	-11.69	-120.	149.52	879	0.11095
114	208	-10.796	-120.	149.39	879	0.11096
114	199	-12.084	-120.	148.78	879	0.11102
115	207	-10.848	-120.	150.93	879	0.1109
115	218	-9.54	-120.	153.01	879	0.11103
115	226	-8.113	-120.	150.47	879	0.11097
116	207	-10.848	-120.	150.93	879	0.1109
116	226	-8.113	-120.	150.47	879	0.11097
116	208	-10.796	-120.	149.39	879	0.11096
117	207	-10.848	-120.	150.93	879	0.1109
117	208	-10.796	-120.	149.39	879	0.11096
117	204	-11.69	-120.	149.52	879	0.11095
118	207	-10.848	-120.	150.93	879	0.1109
118	204	-11.69	-120.	149.52	879	0.11095
118	194	-12.675	-120.	151.25	879	0.1108
119	207	-10.848	-120.	150.93	879	0.1109
119	194	-12.675	-120.	151.25	879	0.1108
119	198	-12.273	-120.	151.92	879	0.1108
120	207	-10.848	-120.	150.93	879	0.1109
120	198	-12.273	-120.	151.92	879	0.1108
120	218	-9.54	-120.	153.01	879	0.11103
121	190	-13.446	-120.	149.7	879	0.11089
121	175	-16.089	-120.	149.92	879	0.11073
121	181	-14.63	-120.	147.4	879	0.11123
122	190	-13.446	-120.	149.7	879	0.11089
122	181	-14.63	-120.	147.4	879	0.11123
122	199	-12.084	-120.	148.78	879	0.11102
123	190	-13.446	-120.	149.7	879	0.11089
123	199	-12.084	-120.	148.78	879	0.11102
123	204	-11.69	-120.	149.52	879	0.11095
124	190	-13.446	-120.	149.7	879	0.11089
124	204	-11.69	-120.	149.52	879	0.11095
124	194	-12.675	-120.	151.25	879	0.1108
125	190	-13.446	-120.	149.7	879	0.11089
125	194	-12.675	-120.	151.25	879	0.1108
125	188	-13.511	-120.	151.33	879	0.11074
126	190	-13.446	-120.	149.7	879	0.11089
126	188	-13.511	-120.	151.33	879	0.11074
126	175	-16.089	-120.	149.92	879	0.11073
127	194	-12.675	-120.	151.25	879	0.1108
127	188	-13.511	-120.	151.33	879	0.11074
127	198	-12.273	-120.	151.92	879	0.1108
128	463	27.448	-120.	103.66	890	0.11467
128	451	26.451	-120.	103.94	890	0.11452
128	464	27.85	-120.	104.3	890	0.11427
129	453	26.629	-120.	102.49	890	0.11538
129	444	25.409	-120.	100.72	890	0.11643
129	432	23.847	-120.	103.3	890	0.11496
130	453	26.629	-120.	102.49	890	0.11538
130	432	23.847	-120.	103.3	890	0.11496
130	451	26.451	-120.	103.94	890	0.11452
131	453	26.629	-120.	102.49	890	0.11538
131	451	26.451	-120.	103.94	890	0.11452
131	463	27.448	-120.	103.66	890	0.11467
132	453	26.629	-120.	102.49	890	0.11538
132	463	27.448	-120.	103.66	890	0.11467
132	471	28.524	-120.	101.95	890	0.11566
133	453	26.629	-120.	102.49	890	0.11538
133	471	28.524	-120.	101.95	890	0.11566
133	467	28.095	-120.	101.35	890	0.11602
134	453	26.629	-120.	102.49	890	0.11538
134	467	28.095	-120.	101.35	890	0.11602
134	444	25.409	-120.	100.72	890	0.11643
135	483	29.334	-120.	103.14	890	0.11495
135	536	32.209	-120.	102.31	890	0.11541
135	499	30.485	-120.	104.97	890	0.11383
136	483	29.334	-120.	103.14	890	0.11495
136	499	30.485	-120.	104.97	890	0.11383
136	464	27.85	-120.	104.3	890	0.11427
137	483	29.334	-120.	103.14	890	0.11495
137	464	27.85	-120.	104.3	890	0.11427
137	463	27.448	-120.	103.66	890	0.11467
138	483	29.334	-120.	103.14	890	0.11495
138	463	27.448	-120.	103.66	890	0.11467
138	471	28.524	-120.	101.95	890	0.11566
139	483	29.334	-120.	103.14	890	0.11495
139	471	28.524	-120.	101.95	890	0.11566
139	490	29.49	-120.	101.66	890	0.11582
140	483	29.334	-120.	103.14	890	0.11495
140	490	29.49	-120.	101.66	890	0.11582
140	536	32.209	-120.	102.31	890	0.11541
141	471	28.524	-120.	101.95	890	0.11566
141	490	29.49	-120.	101.66	890	0.11582
141	467	28.095	-120.	101.35	890	0.11602
142	50	-27.848	-120.	115.7	894	0.12703
142	45	-27.948	-120.	116.45	894	0.12681
142	65	-26.814	-120.	115.45	894	0.12709
143	53	-27.595	-120.	114.29	894	0.12739
143	29	-29.43	-120.	114.03	894	0.12744
143	61	-27.224	-120.	112.18	894	0.12779
144	53	-27.595	-120.	114.29	894	0.12739
144	61	-27.224	-120.	112.18	894	0.12779
144	100	-24.688	-120.	113.62	894	0.12746
145	53	-27.595	-120.	114.29	894	0.12739
145	100	-24.688	-120.	113.62	894	0.12746
145	65	-26.814	-120.	115.45	894	0.12709
146	53	-27.595	-120.	114.29	894	0.12739
146	65	-26.814	-120.	115.45	894	0.12709
146	50	-27.848	-120.	115.7	894	0.12703
147	53	-27.595	-120.	114.29	894	0.12739
147	50	-27.848	-120.	115.7	894	0.12703
147	26	-29.567	-120.	114.76	894	0.12727
148	53	-27.595	-120.	114.29	894	0.12739
148	26	-29.567	-120.	114.76	894	0.12727
148	29	-29.43	-120.	114.03	894	0.12744
149	12	-30.578	-120.	114.99	894	0.1272
149	26	-29.567	-120.	114.76	894	0.12727
149	29	-29.43	-120.	114.03	894	0.12744
150	21	-29.807	-120.	116.19	894	0.12689
150	1	-32.805	-120.	116.88	894	0.12659
150	16	-30.093	-120.	118.32	894	0.12618
151	21	-29.807	-120.	116.19	894	0.12689
151	16	-30.093	-120.	118.32	894	0.12618
151	45	-27.948	-120.	116.45	894	0.12681
152	21	-29.807	-120.	116.19	894	0.12689
152	45	-27.948	-120.	116.45	894	0.12681
152	50	-27.848	-120.	115.7	894	0.12703
153	21	-29.807	-120.	116.19	894	0.12689
153	50	-27.848	-120.	115.7	894	0.12703
153	26	-29.567	-120.	114.76	894	0.12727
154	21	-29.807	-120.	116.19	894	0.12689
154	26	-29.567	-120.	114.76	894	0.12727
154	12	-30.578	-120.	114.99	894	0.1272
155	21	-29.807	-120.	116.19	894	0.12689
155	12	-30.578	-120.	114.99	894	0.1272
155	1	-32.805	-120.	116.88	894	0.12659
156	40	-28.243	-120.	120.02	900	0.12551
156	59	-27.268	-120.	119.76	900	0.1256
156	38	-28.244	-120.	119.26	900	0.12582
157	42	-28.178	-120.	121.44	900	0.12489
157	44	-28.087	-120.	123.61	900	0.12383
157	88	-25.431	-120.	120.69	900	0.12515
158	42	-28.178	-120.	121.44	900	0.12489
158	88	-25.431	-120.	120.69	900	0.12515
158	59	-27.268	-120.	119.76	900	0.1256
159	42	-28.178	-120.	121.44	900	0.12489
159	59	-27.268	-120.	119.76	900	0.1256
159	40	-28.243	-120.	120.02	900	0.12551
160	42	-28.178	-120.	121.44	900	0.12489
160	40	-28.243	-120.	120.02	900	0.12551
160	18	-30.04	-120.	121.91	900	0.12467
161	42	-28.178	-120.	121.44	900	0.12489
161	18	-30.04	-120.	121.91	900	0.12467
161	19	-29.999	-120.	122.65	900	0.12431
162	42	-28.178	-120.	121.44	900	0.12489
162	19	-29.999	-120.	122.65	900	0.12431
162	44	-28.087	-120.	123.61	900	0.12383
163	17	-30.09	-120.	120.48	900	0.12532
163	0	-32.924	-120.	121.19	900	0.12493
163	16	-30.093	-120.	118.32	900	0.12618
164	17	-30.09	-120.	120.48	900	0.12532
164	16	-30.093	-120.	118.32	900	0.12618
164	38	-28.244	-120.	119.26	900	0.12582
165	17	-30.09	-120.	120.48	900	0.12532
165	38	-28.244	-120.	119.26	900	0.12582
165	40	-28.243	-120.	120.02	900	0.12551
166	17	-30.09	-120.	120.48	900	0.12532
166	40	-28.243	-120.	120.02	900	0.12551
166	18	-30.04	-120.	121.91	900	0.12467
167	17	-30.09	-120.	120.48	900	0.12532
167	18	-30.04	-120.	121.91	900	0.12467
167	9	-30.996	-120.	122.16	900	0.12454
168	17	-30.09	-120.	120.48	900	0.12532
168	9	-30.996	-120.	122.16	900	0.12454
168	0	-32.924	-120.	121.19	900	0.12493
169	18	-30.04	-120.	121.91	900	0.12467
169	9	-30.996	-120.	122.16	900	0.12454
169	19	-29.999	-120.	122.65	900	0.12431
170	101	-24.589	-120.	134.53	905	0.11737
170	143	-20.59	-120.	135.59	905	0.11666
170	115	-22.777	-120.	131.8	905	0.11903
171	236	-6.4699	-120.	149.04	910	0.11088
171	234	-6.7075	-120.	147.97	910	0.11086
171	230	-7.1945	-120.	148.83	910	0.1109
172	239	-6.0411	-120.	151.07	910	0.11104
172	249	-4.4252	-120.	152.47	910	0.1113
172	243	-5.3928	-120.	154.18	910	0.11156
173	239	-6.0411	-120.	151.07	910	0.11104
173	243	-5.3928	-120.	154.18	910	0.11156
173	226	-8.113	-120.	150.47	910	0.11097
174	239	-6.0411	-120.	151.07	910	0.11104
174	226	-8.113	-120.	150.47	910	0.11097
174	230	-7.1945	-120.	148.83	910	0.1109
175	239	-6.0411	-120.	151.07	910	0.11104
175	230	-7.1945	-120.	148.83	910	0.1109
175	236	-6.4699	-120.	149.04	910	0.11088
176	239	-6.0411	-120.	151.07	910	0.11104
176	236	-6.4699	-120.	149.04	910	0.11088
176	246	-4.6513	-120.	151.42	910	0.1111
177	239	-6.0411	-120.	151.07	910	0.11104
177	246	-4.6513	-120.	151.42	910	0.1111
177	249	-4.4252	-120.	152.47	910	0.1113
178	251	-3.9312	-120.	151.58	910	0.11115
178	246	-4.6513	-120.	151.42	910	0.1111
178	249	-4.4252	-120.	152.47	910	0.1113
179	244	-5.0895	-120.	149.37	910	0.11084
179	256	-2.9777	-120.	149.89	910	0.11082
179	240	-5.7995	-120.	146.33	910	0.11073
180	244	-5.0895	-120.	149.37	910	0.11084
180	240	-5.7995	-120.	146.33	910	0.11073
180	234	-6.7075	-120.	147.97	910	0.11086
181	244	-5.0895	-120.	149.37	910	0.11084
181	234	-6.7075	-120.	147.97	910	0.11086
181	236	-6.4699	-120.	149.04	910	0.11088
182	244	-5.0895	-120.	149.37	910	0.11084
182	236	-6.4699	-120.	149.04	910	0.11088
182	246	-4.6513	-120.	151.42	910	0.1111
183	244	-5.0895	-120.	149.37	910	0.11084
183	246	-4.6513	-120.	151.42	910	0.1111
183	251	-3.9312	-120.	151.58	910	0.11115
184	244	-5.0895	-120.	149.37	910	0.11084
184	251	-3.9312	-120.	151.58	910	0.11115
184	256	-2.9777	-120.	149.89	910	0.11082
185	304	4.9242	-120.	150.14	912	0.11052
185	302	4.6741	-120.	149.18	912	0.11011
185	299	4.1731	-120.	150.21	912	0.11057
186	312	6.3385	-120.	149.94	912	0.11038
186	323	8.4836	-120.	149.65	912	0.11017
186	308	5.588	-120.	147.24	912	0.10916
187	312	6.3385	-120.	149.94	912	0.11038
187	308	5.588	-120.	147.24	912	0.10916
187	302	4.6741	-120.	149.18	912	0.11011
188	312	6.3385	-120.	149.94	912	0.11038
188	302	4.6741	-120.	149.18	912	0.11011
188	304	4.9242	-120.	150.14	912	0.11052
189	312	6.3385	-120.	149.94	912	0.11038
189	304	4.9242	-120.	150.14	912	0.11052
189	314	6.814	-120.	151.77	912	0.11124
190	312	6.3385	-120.	149.94	912	0.11038
190	314	6.814	-120.	151.77	912	0.11124
190	320	7.5469	-120.	151.66	912	0.11119
191	312	6.3385	-120.	149.94	912	0.11038
191	320	7.5469	-120.	151.66	912	0.11119
191	323	8.4836	-120.	149.65	912	0.11017
192	307	5.3872	-120.	151.95	912	0.11131
192	311	6.1077	-120.	154.74	912	0.11258
192	296	3.2389	-120.	152.16	912	0.11138
193	307	5.3872	-120.	151.95	912	0.11131
193	296	3.2389	-120.	152.16	912	0.11138
193	299	4.1731	-120.	150.21	912	0.11057
194	307	5.3872	-120.	151.95	912	0.11131
194	299	4.1731	-120.	150.21	912	0.11057
194	304	4.9242	-120.	150.14	912	0.11052
195	307	5.3872	-120.	151.95	912	0.11131
195	304	4.9242	-120.	150.14	912	0.11052
195	314	6.814	-120.	151.77	912	0.11124
196	307	5.3872	-120.	151.95	912	0.11131
196	314	6.814	-120.	151.77	912	0.11124
196	316	7.065	-120.	152.71	912	0.11169
197	307	5.3872	-120.	151.95	912	0.11131
197	316	7.065	-120.	152.71	912	0.11169
197	311	6.1077	-120.	154.74	912	0.11258
198	314	6.814	-120.	151.77	912	0.11124
198	316	7.065	-120.	152.71	912	0.11169
198	320	7.5469	-120.	151.66	912	0.11119
199	387	18.289	-120.	147.65	935	0.10893
199	393	19.016	-120.	145.11	935	0.10753
199	405	20.723	-120.	146.15	935	0.10808
200	396	19.872	-120.	148.18	935	0.1092
200	387	18.289	-120.	147.65	935	0.10893
200	405	20.723	-120.	146.15	935	0.10808
201	396	19.872	-120.	148.18	935	0.1092
201	405	20.723	-120.	146.15	935	0.10808
201	415	21.609	-120.	146.7	935	0.10836
202	396	19.872	-120.	148.18	935	0.1092
202	415	21.609	-120.	146.7	935	0.10836
202	408	20.929	-120.	149.43	935	0.10988
203	396	19.872	-120.	148.18	935	0.1092
203	408	20.929	-120.	149.43	935	0.10988
203	394	19.764	-120.	150.15	935	0.1103
204	396	19.872	-120.	148.18	935	0.1092
204	394	19.764	-120.	150.15	935	0.1103
204	385	17.918	-120.	148.97	935	0.10967
205	396	19.872	-120.	148.18	935	0.1092
205	385	17.918	-120.	148.97	935	0.10967
205	387	18.289	-120.	147.65	935	0.10893
206	408	20.929	-120.	149.43	935	0.10988
206	415	21.609	-120.	146.7	935	0.10836
206	430	23.336	-120.	147.74	935	0.10889
207	394	19.764	-120.	150.15	935	0.1103
207	380	17.167	-120.	151.53	935	0.11113
207	385	17.918	-120.	148.97	935	0.10967
208	291	2.4319	-120.	148.95	938	0.11018
208	299	4.1731	-120.	150.21	938	0.11057
208	287	1.3459	-120.	150.21	938	0.11071
209	291	2.4319	-120.	148.95	938	0.11018
209	287	1.3459	-120.	150.21	938	0.11071
209	279	0.33219	-120.	149.18	938	0.11045
210	291	2.4319	-120.	148.95	938	0.11018
210	279	0.33219	-120.	149.18	938	0.11045
210	284	1.2224	-120.	147.46	938	0.10979
211	291	2.4319	-120.	148.95	938	0.11018
211	284	1.2224	-120.	147.46	938	0.10979
211	294	2.8435	-120.	147.46	938	0.10957
212	291	2.4319	-120.	148.95	938	0.11018
212	294	2.8435	-120.	147.46	938	0.10957
212	302	4.6741	-120.	149.18	938	0.11011
213	291	2.4319	-120.	148.95	938	0.11018
213	302	4.6741	-120.	149.18	938	0.11011
213	299	4.1731	-120.	150.21	938	0.11057
214	284	1.2224	-120.	147.46	938	0.10979
214	279	0.33219	-120.	149.18	938	0.11045
214	265	-1.522	-120.	147.24	938	0.11014
215	299	4.1731	-120.	150.21	938	0.11057
215	296	3.2389	-120.	152.16	938	0.11138
215	287	1.3459	-120.	150.21	938	0.11071
216	302	4.6741	-120.	149.18	938	0.11011
216	294	2.8435	-120.	147.46	938	0.10957
216	308	5.588	-120.	147.24	938	0.10916
217	335	10.335	-120.	151.03	942	0.11088
217	319	7.5469	-120.	151.66	942	0.11119
217	323	8.4836	-120.	149.65	942	0.11017
218	326	9.0131	-120.	154.27	942	0.11249
218	311	6.1077	-120.	154.74	942	0.11258
218	317	7.065	-120.	152.71	942	0.11169
219	328	9.2669	-120.	152.57	942	0.11166
219	326	9.0131	-120.	154.27	942	0.11249
219	317	7.065	-120.	152.71	942	0.11169
220	328	9.2669	-120.	152.57	942	0.11166
220	317	7.065	-120.	152.71	942	0.11169
220	319	7.5469	-120.	151.66	942	0.11119
221	328	9.2669	-120.	152.57	942	0.11166
221	319	7.5469	-120.	151.66	942	0.11119
221	335	10.335	-120.	151.03	942	0.11088
222	328	9.2669	-120.	152.57	942	0.11166
222	335	10.335	-120.	151.03	942	0.11088
222	344	11.293	-120.	151.76	942	0.11126
223	328	9.2669	-120.	152.57	942	0.11166
223	344	11.293	-120.	151.76	942	0.11126
223	336	10.348	-120.	153.98	942	0.11238
224	328	9.2669	-120.	152.57	942	0.11166
224	336	10.348	-120.	153.98	942	0.11238
224	326	9.0131	-120.	154.27	942	0.11249
225	356	13.174	-120.	153.16	942	0.11202
225	336	10.348	-120.	153.98	942	0.11238
225	344	11.293	-120.	151.76	942	0.11126
226	219	-9.0374	-120.	89.857	965	0.12096
226	214	-9.904	-120.	92.112	965	0.12231
226	205	-11.685	-120.	90.932	965	0.12163
227	210	-10.696	-120.	89.164	965	0.12056
227	219	-9.0374	-120.	89.857	965	0.12096
227	205	-11.685	-120.	90.932	965	0.12163
228	210	-10.696	-120.	89.164	965	0.12056
228	205	-11.685	-120.	90.932	965	0.12163
228	195	-12.608	-120.	90.314	965	0.12127
229	210	-10.696	-120.	89.164	965	0.12056
229	195	-12.608	-120.	90.314	965	0.12127
229	202	-11.761	-120.	87.856	965	0.11981
230	210	-10.696	-120.	89.164	965	0.12056
230	202	-11.761	-120.	87.856	965	0.11981
230	213	-10.493	-120.	87.342	965	0.11951
231	210	-10.696	-120.	89.164	965	0.12056
231	213	-10.493	-120.	87.342	965	0.11951
231	222	-8.5933	-120.	88.683	965	0.12028
232	210	-10.696	-120.	89.164	965	0.12056
232	222	-8.5933	-120.	88.683	965	0.12028
232	219	-9.0374	-120.	89.857	965	0.12096
233	202	-11.761	-120.	87.856	965	0.11981
233	195	-12.608	-120.	90.314	965	0.12127
233	183	-14.413	-120.	89.13	965	0.12058
234	213	-10.493	-120.	87.342	965	0.11951
234	228	-7.7041	-120.	86.405	965	0.11902
234	222	-8.5933	-120.	88.683	965	0.12028
235	193	-12.821	-120.	94.742	966	0.1239
235	192	-13.091	-120.	93.772	966	0.12333
235	185	-13.745	-120.	94.149	966	0.12356
236	196	-12.345	-120.	91.267	966	0.12184
236	205	-11.685	-120.	90.932	966	0.12163
236	195	-12.608	-120.	90.314	966	0.12127
237	187	-13.615	-120.	91.942	966	0.12226
237	185	-13.745	-120.	94.149	966	0.12356
237	178	-15.485	-120.	93.018	966	0.12292
238	187	-13.615	-120.	91.942	966	0.12226
238	178	-15.485	-120.	93.018	966	0.12292
238	183	-14.413	-120.	89.13	966	0.12058
239	187	-13.615	-120.	91.942	966	0.12226
239	183	-14.413	-120.	89.13	966	0.12058
239	195	-12.608	-120.	90.314	966	0.12127
240	187	-13.615	-120.	91.942	966	0.12226
240	195	-12.608	-120.	90.314	966	0.12127
240	196	-12.345	-120.	91.267	966	0.12184
241	187	-13.615	-120.	91.942	966	0.12226
241	196	-12.345	-120.	91.267	966	0.12184
241	192	-13.091	-120.	93.772	966	0.12333
242	187	-13.615	-120.	91.942	966	0.12226
242	192	-13.091	-120.	93.772	966	0.12333
242	185	-13.745	-120.	94.149	966	0.12356
243	201	-11.825	-120.	93.116	966	0.12293
243	205	-11.685	-120.	90.932	966	0.12163
243	214	-9.904	-120.	92.112	966	0.12231
244	201	-11.825	-120.	93.116	966	0.12293
244	214	-9.904	-120.	92.112	966	0.12231
244	206	-11.103	-120.	95.872	966	0.12454
245	201	-11.825	-120.	93.116	966	0.12293
245	206	-11.103	-120.	95.872	966	0.12454
245	193	-12.821	-120.	94.742	966	0.1239
246	201	-11.825	-120.	93.116	966	0.12293
246	193	-12.821	-120.	94.742	966	0.1239
246	192	-13.091	-120.	93.772	966	0.12333
247	201	-11.825	-120.	93.116	966	0.12293
247	192	-13.091	-120.	93.772	966	0.12333
247	196	-12.345	-120.	91.267	966	0.12184
248	201	-11.825	-120.	93.116	966	0.12293
248	196	-12.345	-120.	91.267	966	0.12184
248	205	-11.685	-120.	90.932	966	0.12163
249	281	0.59341	-120.	150.18	972	0.11073
249	286	1.3459	-120.	150.21	972	0.11071
249	278	0.33219	-120.	149.18	972	0.11045
250	283	1.0853	-120.	152.07	972	0.11133
250	288	1.8045	-120.	154.98	972	0.11238
250	296	3.2389	-120.	152.16	972	0.11138
251	283	1.0853	-120.	152.07	972	0.11133
251	296	3.2389	-120.	152.16	972	0.11138
251	286	1.3459	-120.	150.21	972	0.11071
252	283	1.0853	-120.	152.07	972	0.11133
252	286	1.3459	-120.	150.21	972	0.11071
252	281	0.59341	-120.	150.18	972	0.11073
253	283	1.0853	-120.	152.07	972	0.11133
253	281	0.59341	-120.	150.18	972	0.11073
253	274	-0.353	-120.	151.97	972	0.11128
254	283	1.0853	-120.	152.07	972	0.11133
254	274	-0.353	-120.	151.97	972	0.11128
254	277	-0.11815	-120.	152.95	972	0.11158
255	283	1.0853	-120.	152.07	972	0.11133
255	277	-0.11815	-120.	152.95	972	0.11158
255	288	1.8045	-120.	154.98	972	0.11238
256	271	-0.83641	-120.	150.06	972	0.11076
256	256	-2.9777	-120.	149.89	972	0.11082
256	265	-1.522	-120.	147.24	972	0.11014
257	271	-0.83641	-120.	150.06	972	0.11076
257	265	-1.522	-120.	147.24	972	0.11014
257	278	0.33219	-120.	149.18	972	0.11045
258	271	-0.83641	-120.	150.06	972	0.11076
258	278	0.33219	-120.	149.18	972	0.11045
258	281	0.59341	-120.	150.18	972	0.11073
259	271	-0.83641	-120.	150.06	972	0.11076
259	281	0.59341	-120.	150.18	972	0.11073
259	274	-0.353	-120.	151.97	972	0.11128
260	271	-0.83641	-120.	150.06	972	0.11076
260	274	-0.353	-120.	151.97	972	0.11128
260	269	-1.0913	-120.	151.9	972	0.11125
261	271	-0.83641	-120.	150.06	972	0.11076
261	269	-1.0913	-120.	151.9	972	0.11125
261	256	-2.9777	-120.	149.89	972	0.11082
262	274	-0.353	-120.	151.97	972	0.11128
262	269	-1.0913	-120.	151.9	972	0.11125
262	277	-0.11815	-120.	152.95	972	0.11158
263	57	-27.373	-120.	138.94	975	0.11482
263	99	-24.821	-120.	142.41	975	0.11299
263	113	-23.261	-120.	139.86	975	0.11427
264	318	7.3448	-120.	91.56	976	0.12068
264	329	9.39	-120.	91.764	976	0.12048
264	324	8.5345	-120.	93.311	976	0.1207
265	318	7.3448	-120.	91.56	976	0.12068
265	324	8.5345	-120.	93.311	976	0.1207
265	315	6.9488	-120.	92.974	976	0.12095
266	318	7.3448	-120.	91.56	976	0.12068
266	315	6.9488	-120.	92.974	976	0.12095
266	306	5.1429	-120.	90.861	976	0.12078
267	318	7.3448	-120.	91.56	976	0.12068
267	306	5.1429	-120.	90.861	976	0.12078
267	310	5.6436	-120.	89.931	976	0.12052
268	318	7.3448	-120.	91.56	976	0.12068
268	310	5.6436	-120.	89.931	976	0.12052
268	322	8.4091	-120.	90.519	976	0.12045
269	318	7.3448	-120.	91.56	976	0.12068
269	322	8.4091	-120.	90.519	976	0.12045
269	329	9.39	-120.	91.764	976	0.12048
270	306	5.1429	-120.	90.861	976	0.12078
270	315	6.9488	-120.	92.974	976	0.12095
270	300	4.2195	-120.	92.615	976	0.12133
271	329	9.39	-120.	91.764	976	0.12048
271	343	11.174	-120.	94.093	976	0.12025
271	324	8.5345	-120.	93.311	976	0.1207
272	322	8.4091	-120.	90.519	976	0.12045
272	310	5.6436	-120.	89.931	976	0.12052
272	313	6.5826	-120.	88.167	976	0.12009
273	260	-2.2653	-120.	90.059	979	0.12095
273	255	-3.011	-120.	90.17	979	0.12103
273	262	-2.0045	-120.	91.016	979	0.1214
274	270	-0.84033	-120.	89.911	979	0.12082
274	272	-0.59171	-120.	88.013	979	0.11997
274	285	1.3031	-120.	89.681	979	0.12064
275	270	-0.84033	-120.	89.911	979	0.12082
275	285	1.3031	-120.	89.681	979	0.12064
275	275	-0.15357	-120.	92.615	979	0.12199
276	270	-0.84033	-120.	89.911	979	0.12082
276	275	-0.15357	-120.	92.615	979	0.12199
276	262	-2.0045	-120.	91.016	979	0.1214
277	270	-0.84033	-120.	89.911	979	0.12082
277	262	-2.0045	-120.	91.016	979	0.1214
277	260	-2.2653	-120.	90.059	979	0.12095
278	270	-0.84033	-120.	89.911	979	0.12082
278	260	-2.2653	-120.	90.059	979	0.12095
278	266	-1.3299	-120.	88.083	979	0.12
279	270	-0.84033	-120.	89.911	979	0.12082
279	266	-1.3299	-120.	88.083	979	0.12
279	272	-0.59171	-120.	88.013	979	0.11997
280	264	-1.5709	-120.	87.142	979	0.11957
280	266	-1.3299	-120.	88.083	979	0.12
280	272	-0.59171	-120.	88.013	979	0.11997
281	258	-2.7619	-120.	88.247	979	0.12007
281	253	-3.4987	-120.	85.463	979	0.11869
281	245	-4.8957	-120.	88.564	979	0.12023
282	258	-2.7619	-120.	88.247	979	0.12007
282	245	-4.8957	-120.	88.564	979	0.12023
282	255	-3.011	-120.	90.17	979	0.12103
283	258	-2.7619	-120.	88.247	979	0.12007
283	255	-3.011	-120.	90.17	979	0.12103
283	260	-2.2653	-120.	90.059	979	0.12095
284	258	-2.7619	-120.	88.247	979	0.12007
284	260	-2.2653	-120.	90.059	979	0.12095
284	266	-1.3299	-120.	88.083	979	0.12
285	258	-2.7619	-120.	88.247	979	0.12007
285	266	-1.3299	-120.	88.083	979	0.12
285	264	-1.5709	-120.	87.142	979	0.11957
286	258	-2.7619	-120.	88.247	979	0.12007
286	264	-1.5709	-120.	87.142	979	0.11957
286	253	-3.4987	-120.	85.463	979	0.11869
287	309	5.6436	-120.	89.931	984	0.12052
287	303	4.8924	-120.	89.862	984	0.12053
287	305	5.1429	-120.	90.861	984	0.12078
288	295	3.0008	-120.	87.884	984	0.11996
288	293	2.7559	-120.	86.903	984	0.11961
288	289	2.2612	-120.	87.855	984	0.11994
289	297	3.47	-120.	89.793	984	0.12058
289	305	5.1429	-120.	90.861	984	0.12078
289	300	4.2195	-120.	92.615	984	0.12133
290	297	3.47	-120.	89.793	984	0.12058
290	300	4.2195	-120.	92.615	984	0.12133
290	285	1.3031	-120.	89.681	984	0.12064
291	297	3.47	-120.	89.793	984	0.12058
291	285	1.3031	-120.	89.681	984	0.12064
291	289	2.2612	-120.	87.855	984	0.11994
292	297	3.47	-120.	89.793	984	0.12058
292	289	2.2612	-120.	87.855	984	0.11994
292	295	3.0008	-120.	87.884	984	0.11996
293	297	3.47	-120.	89.793	984	0.12058
293	295	3.0008	-120.	87.884	984	0.11996
293	303	4.8924	-120.	89.862	984	0.12053
294	297	3.47	-120.	89.793	984	0.12058
294	303	4.8924	-120.	89.862	984	0.12053
294	305	5.1429	-120.	90.861	984	0.12078
295	301	4.4345	-120.	87.969	984	0.12001
295	293	2.7559	-120.	86.903	984	0.11961
295	298	3.7317	-120.	85.064	984	0.11904
296	301	4.4345	-120.	87.969	984	0.12001
296	298	3.7317	-120.	85.064	984	0.11904
296	313	6.5826	-120.	88.167	984	0.12009
297	301	4.4345	-120.	87.969	984	0.12001
297	313	6.5826	-120.	88.167	984	0.12009
297	309	5.6436	-120.	89.931	984	0.12052
298	301	4.4345	-120.	87.969	984	0.12001
298	309	5.6436	-120.	89.931	984	0.12052
298	303	4.8924	-120.	89.862	984	0.12053
299	301	4.4345	-120.	87.969	984	0.12001
299	303	4.8924	-120.	89.862	984	0.12053
299	295	3.0008	-120.	87.884	984	0.11996
300	301	4.4345	-120.	87.969	984	0.12001
300	295	3.0008	-120.	87.884	984	0.11996
300	293	2.7559	-120.	86.903	984	0.11961
301	182	-14.524	-120.	96.261	995	0.12473
301	176	-16.032	-120.	95.811	995	0.12448
301	185	-13.745	-120.	94.149	995	0.12356
302	182	-14.524	-120.	96.261	995	0.12473
302	185	-13.745	-120.	94.149	995	0.12356
302	193	-12.821	-120.	94.742	995	0.1239
303	182	-14.524	-120.	96.261	995	0.12473
303	193	-12.821	-120.	94.742	995	0.1239
303	189	-13.45	-120.	97.31	995	0.1253
304	182	-14.524	-120.	96.261	995	0.12473
304	189	-13.45	-120.	97.31	995	0.1253
304	180	-14.762	-120.	98.263	995	0.12574
305	182	-14.524	-120.	96.261	995	0.12473
305	180	-14.762	-120.	98.263	995	0.12574
305	174	-16.334	-120.	97.294	995	0.12523
306	182	-14.524	-120.	96.261	995	0.12473
306	174	-16.334	-120.	97.294	995	0.12523
306	176	-16.032	-120.	95.811	995	0.12448
307	189	-13.45	-120.	97.31	995	0.1253
307	193	-12.821	-120.	94.742	995	0.1239
307	206	-11.103	-120.	95.872	995	0.12454
308	176	-16.032	-120.	95.811	995	0.12448
308	178	-15.485	-120.	93.018	995	0.12292
308	185	-13.745	-120.	94.149	995	0.12356
309	174	-16.334	-120.	97.294	995	0.12523
309	180	-14.762	-120.	98.263	995	0.12574
309	171	-16.855	-120.	100.05	995	0.12648
310	253	-3.4987	-120.	85.463	996	0.11869
310	228	-7.7041	-120.	86.405	996	0.11902
310	245	-4.8957	-120.	88.564	996	0.12023
311	169	-17.251	-120.	143.32	997	0.11251
311	163	-18.192	-120.	144.96	997	0.11193
311	148	-20.24	-120.	142.97	997	0.11273
312	152	-19.63	-120.	147.46	997	0.1111
312	127	-21.862	-120.	145.54	997	0.11169
312	159	-18.684	-120.	145.81	997	0.11164
313	99	-24.821	-120.	142.41	997	0.11299
313	129	-21.791	-120.	142.79	997	0.11282
313	114	-22.843	-120.	144.59	997	0.11205
314	142	-20.602	-120.	144.44	997	0.11213
314	148	-20.24	-120.	142.97	997	0.11273
314	163	-18.192	-120.	144.96	997	0.11193
315	142	-20.602	-120.	144.44	997	0.11213
315	163	-18.192	-120.	144.96	997	0.11193
315	159	-18.684	-120.	145.81	997	0.11164
316	142	-20.602	-120.	144.44	997	0.11213
316	159	-18.684	-120.	145.81	997	0.11164
316	127	-21.862	-120.	145.54	997	0.11169
317	142	-20.602	-120.	144.44	997	0.11213
317	127	-21.862	-120.	145.54	997	0.11169
317	114	-22.843	-120.	144.59	997	0.11205
318	142	-20.602	-120.	144.44	997	0.11213
318	114	-22.843	-120.	144.59	997	0.11205
318	129	-21.791	-120.	142.79	997	0.11282
319	142	-20.602	-120.	144.44	997	0.11213
319	129	-21.791	-120.	142.79	997	0.11282
319	148	-20.24	-120.	142.97	997	0.11273
320	575	36.909	-120.	117.34	999	0.10688
320	573	36.317	-120.	113.07	999	0.10901
320	555	33.96	-120.	115.92	999	0.10749
321	313	6.5826	-120.	88.167	1004	0.12009
321	321	8.0152	-120.	85.538	1004	0.11959
321	298	3.7317	-120.	85.064	1004	0.11904
322	108	-23.689	-120.	103.77	1024	0.12752
322	103	-24.368	-120.	105.63	1024	0.12785
322	78	-26.081	-120.	104.59	1024	0.12767
323	108	-23.689	-120.	103.77	1024	0.12752
323	78	-26.081	-120.	104.59	1024	0.12767
323	90	-25.369	-120.	103.36	1024	0.12742
324	108	-23.689	-120.	103.77	1024	0.12752
324	90	-25.369	-120.	103.36	1024	0.12742
324	122	-22.197	-120.	101.87	1024	0.12704
325	108	-23.689	-120.	103.77	1024	0.12752
325	122	-22.197	-120.	101.87	1024	0.12704
325	135	-21.358	-120.	102.37	1024	0.12718
326	108	-23.689	-120.	103.77	1024	0.12752
326	135	-21.358	-120.	102.37	1024	0.12718
326	116	-22.763	-120.	104.8	1024	0.12773
327	108	-23.689	-120.	103.77	1024	0.12752
327	116	-22.763	-120.	104.8	1024	0.12773
327	103	-24.368	-120.	105.63	1024	0.12785
328	122	-22.197	-120.	101.87	1024	0.12704
328	90	-25.369	-120.	103.36	1024	0.12742
328	107	-23.785	-120.	100.93	1024	0.12675
329	103	-24.368	-120.	105.63	1024	0.12785
329	55	-27.388	-120.	107.17	1024	0.12799
329	78	-26.081	-120.	104.59	1024	0.12767
330	116	-22.763	-120.	104.8	1024	0.12773
330	135	-21.358	-120.	102.37	1024	0.12718
330	151	-19.781	-120.	103.3	1024	0.12745
331	84	-25.691	-120.	136.27	1035	0.11633
331	64	-26.981	-120.	133.72	1035	0.1179
331	101	-24.589	-120.	134.53	1035	0.11737
332	27	-29.479	-120.	135.18	1035	0.11703
332	10	-30.643	-120.	132.48	1035	0.11869
332	41	-28.225	-120.	133.31	1035	0.11816
333	54	-27.584	-120.	135.34	1035	0.11691
333	27	-29.479	-120.	135.18	1035	0.11703
333	41	-28.225	-120.	133.31	1035	0.11816
334	54	-27.584	-120.	135.34	1035	0.11691
334	41	-28.225	-120.	133.31	1035	0.11816
334	64	-26.981	-120.	133.72	1035	0.1179
335	54	-27.584	-120.	135.34	1035	0.11691
335	64	-26.981	-120.	133.72	1035	0.1179
335	84	-25.691	-120.	136.27	1035	0.11633
336	54	-27.584	-120.	135.34	1035	0.11691
336	84	-25.691	-120.	136.27	1035	0.11633
336	75	-26.268	-120.	137.17	1035	0.11581
337	54	-27.584	-120.	135.34	1035	0.11691
337	75	-26.268	-120.	137.17	1035	0.11581
337	34	-28.862	-120.	136.4	1035	0.1163
338	54	-27.584	-120.	135.34	1035	0.11691
338	34	-28.862	-120.	136.4	1035	0.1163
338	27	-29.479	-120.	135.18	1035	0.11703
339	57	-27.373	-120.	138.94	1035	0.11482
339	34	-28.862	-120.	136.4	1035	0.1163
339	75	-26.268	-120.	137.17	1035	0.11581
340	131	-21.647	-120.	137.26	1036	0.11569
340	118	-22.638	-120.	137.55	1036	0.11554
340	120	-22.202	-120.	138.16	1036	0.11519
341	92	-25.296	-120.	136.9	1036	0.11596
341	85	-25.691	-120.	136.27	1036	0.11633
341	74	-26.268	-120.	137.17	1036	0.11581
342	102	-24.506	-120.	138.1	1036	0.11526
342	120	-22.202	-120.	138.16	1036	0.11519
342	113	-23.261	-120.	139.86	1036	0.11427
343	102	-24.506	-120.	138.1	1036	0.11526
343	113	-23.261	-120.	139.86	1036	0.11427
343	57	-27.373	-120.	138.94	1036	0.11482
344	102	-24.506	-120.	138.1	1036	0.11526
344	57	-27.373	-120.	138.94	1036	0.11482
344	74	-26.268	-120.	137.17	1036	0.11581
345	102	-24.506	-120.	138.1	1036	0.11526
345	74	-26.268	-120.	137.17	1036	0.11581
345	92	-25.296	-120.	136.9	1036	0.11596
346	102	-24.506	-120.	138.1	1036	0.11526
346	92	-25.296	-120.	136.9	1036	0.11596
346	118	-22.638	-120.	137.55	1036	0.11554
347	102	-24.506	-120.	138.1	1036	0.11526
347	118	-22.638	-120.	137.55	1036	0.11554
347	120	-22.202	-120.	138.16	1036	0.11519
348	111	-23.409	-120.	136.35	1036	0.11625
348	85	-25.691	-120.	136.27	1036	0.11633
348	101	-24.589	-120.	134.53	1036	0.11737
349	111	-23.409	-120.	136.35	1036	0.11625
349	101	-24.589	-120.	134.53	1036	0.11737
349	143	-20.59	-120.	135.59	1036	0.11666
350	111	-23.409	-120.	136.35	1036	0.11625
350	143	-20.59	-120.	135.59	1036	0.11666
350	131	-21.647	-120.	137.26	1036	0.11569
351	111	-23.409	-120.	136.35	1036	0.11625
351	131	-21.647	-120.	137.26	1036	0.11569
351	118	-22.638	-120.	137.55	1036	0.11554
352	111	-23.409	-120.	136.35	1036	0.11625
352	118	-22.638	-120.	137.55	1036	0.11554
352	92	-25.296	-120.	136.9	1036	0.11596
353	111	-23.409	-120.	136.35	1036	0.11625
353	92	-25.296	-120.	136.9	1036	0.11596
353	85	-25.691	-120.	136.27	1036	0.11633
354	149	-19.941	-120.	138.82	1037	0.11476
354	166	-17.829	-120.	138.97	1037	0.1146
354	158	-18.742	-120.	140.49	1037	0.11383
355	149	-19.941	-120.	138.82	1037	0.11476
355	158	-18.742	-120.	140.49	1037	0.11383
355	147	-20.31	-120.	140.26	1037	0.114
356	149	-19.941	-120.	138.82	1037	0.11476
356	147	-20.31	-120.	140.26	1037	0.114
356	121	-22.202	-120.	138.16	1037	0.11519
357	149	-19.941	-120.	138.82	1037	0.11476
357	121	-22.202	-120.	138.16	1037	0.11519
357	132	-21.647	-120.	137.26	1037	0.11569
358	149	-19.941	-120.	138.82	1037	0.11476
358	132	-21.647	-120.	137.26	1037	0.11569
358	154	-18.914	-120.	137.77	1037	0.11532
359	149	-19.941	-120.	138.82	1037	0.11476
359	154	-18.914	-120.	137.77	1037	0.11532
359	166	-17.829	-120.	138.97	1037	0.1146
360	121	-22.202	-120.	138.16	1037	0.11519
360	147	-20.31	-120.	140.26	1037	0.114
360	113	-23.261	-120.	139.86	1037	0.11427
361	166	-17.829	-120.	138.97	1037	0.1146
361	177	-15.833	-120.	140.87	1037	0.11351
361	158	-18.742	-120.	140.49	1037	0.11383
362	154	-18.914	-120.	137.77	1037	0.11532
362	132	-21.647	-120.	137.26	1037	0.11569
362	143	-20.59	-120.	135.59	1037	0.11666
363	86	-25.532	-120.	128.87	1041	0.12085
363	71	-26.322	-120.	130.55	1041	0.11985
363	62	-27.196	-120.	127.86	1041	0.12147
364	86	-25.532	-120.	128.87	1041	0.12085
364	62	-27.196	-120.	127.86	1041	0.12147
364	69	-26.429	-120.	126.87	1041	0.12203
365	86	-25.532	-120.	128.87	1041	0.12085
365	69	-26.429	-120.	126.87	1041	0.12203
365	105	-24.331	-120.	127.71	1041	0.1215
366	86	-25.532	-120.	128.87	1041	0.12085
366	105	-24.331	-120.	127.71	1041	0.1215
366	106	-23.83	-120.	129.26	1041	0.12059
367	86	-25.532	-120.	128.87	1041	0.12085
367	106	-23.83	-120.	129.26	1041	0.12059
367	95	-25.087	-120.	131.	1041	0.11956
368	86	-25.532	-120.	128.87	1041	0.12085
368	95	-25.087	-120.	131.	1041	0.11956
368	71	-26.322	-120.	130.55	1041	0.11985
369	105	-24.331	-120.	127.71	1041	0.1215
369	69	-26.429	-120.	126.87	1041	0.12203
369	96	-24.974	-120.	125.04	1041	0.12302
370	71	-26.322	-120.	130.55	1041	0.11985
370	35	-28.656	-120.	129.72	1041	0.12037
370	62	-27.196	-120.	127.86	1041	0.12147
371	95	-25.087	-120.	131.	1041	0.11956
371	106	-23.83	-120.	129.26	1041	0.12059
371	115	-22.777	-120.	131.8	1041	0.11903
372	61	-27.224	-120.	112.18	1056	0.12779
372	100	-24.688	-120.	113.62	1056	0.12746
372	112	-23.336	-120.	109.46	1056	0.12798
373	150	-19.798	-120.	140.81	1065	0.11371
373	157	-18.742	-120.	140.49	1065	0.11383
373	146	-20.31	-120.	140.26	1065	0.114
374	156	-18.773	-120.	141.82	1065	0.1132
374	169	-17.251	-120.	143.32	1065	0.11251
374	177	-15.833	-120.	140.87	1065	0.11351
375	156	-18.773	-120.	141.82	1065	0.1132
375	177	-15.833	-120.	140.87	1065	0.11351
375	157	-18.742	-120.	140.49	1065	0.11383
376	156	-18.773	-120.	141.82	1065	0.1132
376	157	-18.742	-120.	140.49	1065	0.11383
376	150	-19.798	-120.	140.81	1065	0.11371
377	156	-18.773	-120.	141.82	1065	0.1132
377	150	-19.798	-120.	140.81	1065	0.11371
377	141	-20.774	-120.	142.45	1065	0.11296
378	156	-18.773	-120.	141.82	1065	0.1132
378	141	-20.774	-120.	142.45	1065	0.11296
378	148	-20.24	-120.	142.97	1065	0.11273
379	156	-18.773	-120.	141.82	1065	0.1132
379	148	-20.24	-120.	142.97	1065	0.11273
379	169	-17.251	-120.	143.32	1065	0.11251
380	128	-21.792	-120.	141.43	1065	0.11345
380	99	-24.821	-120.	142.41	1065	0.11299
380	113	-23.261	-120.	139.86	1065	0.11427
381	128	-21.792	-120.	141.43	1065	0.11345
381	113	-23.261	-120.	139.86	1065	0.11427
381	146	-20.31	-120.	140.26	1065	0.114
382	128	-21.792	-120.	141.43	1065	0.11345
382	146	-20.31	-120.	140.26	1065	0.114
382	150	-19.798	-120.	140.81	1065	0.11371
383	128	-21.792	-120.	141.43	1065	0.11345
383	150	-19.798	-120.	140.81	1065	0.11371
383	141	-20.774	-120.	142.45	1065	0.11296
384	128	-21.792	-120.	141.43	1065	0.11345
384	141	-20.774	-120.	142.45	1065	0.11296
384	129	-21.791	-120.	142.79	1065	0.11282
385	128	-21.792	-120.	141.43	1065	0.11345
385	129	-21.791	-120.	142.79	1065	0.11282
385	99	-24.821	-120.	142.41	1065	0.11299
386	141	-20.774	-120.	142.45	1065	0.11296
386	129	-21.791	-120.	142.79	1065	0.11282
386	148	-20.24	-120.	142.97	1065	0.11273
387	77	-26.164	-120.	103.72	1069	0.1275
387	79	-26.081	-120.	104.59	1069	0.12767
387	89	-25.369	-120.	103.36	1069	0.12742
388	76	-26.232	-120.	102.02	1069	0.12709
388	47	-27.911	-120.	101.92	1069	0.12706
388	73	-26.285	-120.	99.47	1069	0.12625
389	76	-26.232	-120.	102.02	1069	0.12709
389	73	-26.285	-120.	99.47	1069	0.12625
389	107	-23.785	-120.	100.93	1069	0.12675
390	76	-26.232	-120.	102.02	1069	0.12709
390	107	-23.785	-120.	100.93	1069	0.12675
390	89	-25.369	-120.	103.36	1069	0.12742
391	76	-26.232	-120.	102.02	1069	0.12709
391	89	-25.369	-120.	103.36	1069	0.12742
391	77	-26.164	-120.	103.72	1069	0.1275
392	76	-26.232	-120.	102.02	1069	0.12709
392	77	-26.164	-120.	103.72	1069	0.1275
392	48	-27.878	-120.	102.73	1069	0.12727
393	76	-26.232	-120.	102.02	1069	0.12709
393	48	-27.878	-120.	102.73	1069	0.12727
393	47	-27.911	-120.	101.92	1069	0.12706
394	37	-28.595	-120.	103.11	1069	0.12735
394	48	-27.878	-120.	102.73	1069	0.12727
394	47	-27.911	-120.	101.92	1069	0.12706
395	51	-27.669	-120.	104.51	1069	0.12765
395	20	-29.906	-120.	105.74	1069	0.12781
395	55	-27.388	-120.	107.17	1069	0.12799
396	51	-27.669	-120.	104.51	1069	0.12765
396	55	-27.388	-120.	107.17	1069	0.12799
396	79	-26.081	-120.	104.59	1069	0.12767
397	51	-27.669	-120.	104.51	1069	0.12765
397	79	-26.081	-120.	104.59	1069	0.12767
397	77	-26.164	-120.	103.72	1069	0.1275
398	51	-27.669	-120.	104.51	1069	0.12765
398	77	-26.164	-120.	103.72	1069	0.1275
398	48	-27.878	-120.	102.73	1069	0.12727
399	51	-27.669	-120.	104.51	1069	0.12765
399	48	-27.878	-120.	102.73	1069	0.12727
399	37	-28.595	-120.	103.11	1069	0.12735
400	51	-27.669	-120.	104.51	1069	0.12765
400	37	-28.595	-120.	103.11	1069	0.12735
400	20	-29.906	-120.	105.74	1069	0.12781
401	417	21.839	-120.	142.89	1084	0.10642
401	424	22.411	-120.	142.4	1084	0.10619
401	413	21.536	-120.	141.87	1084	0.10595
402	425	22.428	-120.	144.8	1084	0.10735
402	430	23.336	-120.	147.74	1084	0.10889
402	434	24.064	-120.	143.4	1084	0.10664
403	425	22.428	-120.	144.8	1084	0.10735
403	434	24.064	-120.	143.4	1084	0.10664
403	424	22.411	-120.	142.4	1084	0.10619
404	425	22.428	-120.	144.8	1084	0.10735
404	424	22.411	-120.	142.4	1084	0.10619
404	417	21.839	-120.	142.89	1084	0.10642
405	425	22.428	-120.	144.8	1084	0.10735
405	417	21.839	-120.	142.89	1084	0.10642
405	411	21.309	-120.	145.7	1084	0.10783
406	425	22.428	-120.	144.8	1084	0.10735
406	411	21.309	-120.	145.7	1084	0.10783
406	414	21.609	-120.	146.7	1084	0.10836
407	425	22.428	-120.	144.8	1084	0.10735
407	414	21.609	-120.	146.7	1084	0.10836
407	430	23.336	-120.	147.74	1084	0.10889
408	403	20.72	-120.	143.77	1084	0.10684
408	393	19.016	-120.	145.11	1084	0.10753
408	399	19.899	-120.	140.87	1084	0.10549
409	403	20.72	-120.	143.77	1084	0.10684
409	399	19.899	-120.	140.87	1084	0.10549
409	413	21.536	-120.	141.87	1084	0.10595
410	403	20.72	-120.	143.77	1084	0.10684
410	413	21.536	-120.	141.87	1084	0.10595
410	417	21.839	-120.	142.89	1084	0.10642
411	403	20.72	-120.	143.77	1084	0.10684
411	417	21.839	-120.	142.89	1084	0.10642
411	411	21.309	-120.	145.7	1084	0.10783
412	403	20.72	-120.	143.77	1084	0.10684
412	411	21.309	-120.	145.7	1084	0.10783
412	404	20.723	-120.	146.15	1084	0.10808
413	403	20.72	-120.	143.77	1084	0.10684
413	404	20.723	-120.	146.15	1084	0.10808
413	393	19.016	-120.	145.11	1084	0.10753
414	411	21.309	-120.	145.7	1084	0.10783
414	404	20.723	-120.	146.15	1084	0.10808
414	414	21.609	-120.	146.7	1084	0.10836
415	346	11.663	-120.	147.66	1097	0.10902
415	349	11.922	-120.	148.61	1097	0.10954
415	354	12.635	-120.	148.36	1097	0.10939
416	342	11.047	-120.	150.83	1097	0.11076
416	334	10.335	-120.	151.03	1097	0.11088
416	345	11.293	-120.	151.76	1097	0.11126
417	351	12.422	-120.	150.4	1097	0.11052
417	354	12.635	-120.	148.36	1097	0.10939
417	362	14.46	-120.	149.69	1097	0.11012
418	351	12.422	-120.	150.4	1097	0.11052
418	362	14.46	-120.	149.69	1097	0.11012
418	356	13.174	-120.	153.16	1097	0.11202
419	351	12.422	-120.	150.4	1097	0.11052
419	356	13.174	-120.	153.16	1097	0.11202
419	345	11.293	-120.	151.76	1097	0.11126
420	351	12.422	-120.	150.4	1097	0.11052
420	345	11.293	-120.	151.76	1097	0.11126
420	342	11.047	-120.	150.83	1097	0.11076
421	351	12.422	-120.	150.4	1097	0.11052
421	342	11.047	-120.	150.83	1097	0.11076
421	349	11.922	-120.	148.61	1097	0.10954
422	351	12.422	-120.	150.4	1097	0.11052
422	349	11.922	-120.	148.61	1097	0.10954
422	354	12.635	-120.	148.36	1097	0.10939
423	338	10.553	-120.	149.02	1097	0.1098
423	334	10.335	-120.	151.03	1097	0.11088
423	323	8.4836	-120.	149.65	1097	0.11017
424	338	10.553	-120.	149.02	1097	0.1098
424	323	8.4836	-120.	149.65	1097	0.11017
424	332	9.8655	-120.	146.33	1097	0.10835
425	338	10.553	-120.	149.02	1097	0.1098
425	332	9.8655	-120.	146.33	1097	0.10835
425	346	11.663	-120.	147.66	1097	0.10902
426	338	10.553	-120.	149.02	1097	0.1098
426	346	11.663	-120.	147.66	1097	0.10902
426	349	11.922	-120.	148.61	1097	0.10954
427	338	10.553	-120.	149.02	1097	0.1098
427	349	11.922	-120.	148.61	1097	0.10954
427	342	11.047	-120.	150.83	1097	0.11076
428	338	10.553	-120.	149.02	1097	0.1098
428	342	11.047	-120.	150.83	1097	0.11076
428	334	10.335	-120.	151.03	1097	0.11088
429	393	19.016	-120.	145.11	1104	0.10753
429	399	19.899	-120.	140.87	1104	0.10549
429	375	16.361	-120.	143.44	1104	0.10664
430	436	24.303	-120.	140.3	1108	0.10534
430	440	24.802	-120.	139.73	1108	0.10513
430	438	24.441	-120.	138.64	1108	0.10477
431	450	26.414	-120.	140.68	1108	0.10547
431	455	26.788	-120.	141.73	1108	0.10587
431	457	26.876	-120.	140.1	1108	0.10525
432	446	25.708	-120.	138.62	1108	0.10476
432	438	24.441	-120.	138.64	1108	0.10477
432	439	24.656	-120.	135.59	1108	0.10397
433	446	25.708	-120.	138.62	1108	0.10476
433	439	24.656	-120.	135.59	1108	0.10397
433	460	27.061	-120.	136.97	1108	0.10429
434	446	25.708	-120.	138.62	1108	0.10476
434	460	27.061	-120.	136.97	1108	0.10429
434	457	26.876	-120.	140.1	1108	0.10525
435	446	25.708	-120.	138.62	1108	0.10476
435	457	26.876	-120.	140.1	1108	0.10525
435	450	26.414	-120.	140.68	1108	0.10547
436	446	25.708	-120.	138.62	1108	0.10476
436	450	26.414	-120.	140.68	1108	0.10547
436	440	24.802	-120.	139.73	1108	0.10513
437	446	25.708	-120.	138.62	1108	0.10476
437	440	24.802	-120.	139.73	1108	0.10513
437	438	24.441	-120.	138.64	1108	0.10477
438	445	25.493	-120.	141.79	1108	0.10591
438	455	26.788	-120.	141.73	1108	0.10587
438	452	26.586	-120.	144.91	1108	0.10733
439	445	25.493	-120.	141.79	1108	0.10591
439	452	26.586	-120.	144.91	1108	0.10733
439	434	24.064	-120.	143.4	1108	0.10664
440	445	25.493	-120.	141.79	1108	0.10591
440	434	24.064	-120.	143.4	1108	0.10664
440	436	24.303	-120.	140.3	1108	0.10534
441	445	25.493	-120.	141.79	1108	0.10591
441	436	24.303	-120.	140.3	1108	0.10534
441	440	24.802	-120.	139.73	1108	0.10513
442	445	25.493	-120.	141.79	1108	0.10591
442	440	24.802	-120.	139.73	1108	0.10513
442	450	26.414	-120.	140.68	1108	0.10547
443	445	25.493	-120.	141.79	1108	0.10591
443	450	26.414	-120.	140.68	1108	0.10547
443	455	26.788	-120.	141.73	1108	0.10587
444	88	-25.431	-120.	120.69	1109	0.12515
444	44	-28.087	-120.	123.61	1109	0.12383
444	96	-24.974	-120.	125.04	1109	0.12302
445	362	14.46	-120.	149.69	1115	0.11012
445	356	13.174	-120.	153.16	1115	0.11202
445	380	17.167	-120.	151.53	1115	0.11113
446	308	5.588	-120.	147.24	1140	0.10916
446	323	8.4836	-120.	149.65	1140	0.11017
446	332	9.8655	-120.	146.33	1140	0.10835
447	508	30.804	-120.	116.74	1153	0.10713
447	480	29.255	-120.	116.32	1153	0.10737
447	506	30.803	-120.	114.51	1153	0.10823
448	508	30.804	-120.	116.74	1153	0.10713
448	506	30.803	-120.	114.51	1153	0.10823
448	527	31.894	-120.	115.	1153	0.10796
449	508	30.804	-120.	116.74	1153	0.10713
449	527	31.894	-120.	115.	1153	0.10796
449	532	32.19	-120.	117.81	1153	0.10661
450	508	30.804	-120.	116.74	1153	0.10713
450	532	32.19	-120.	117.81	1153	0.10661
450	515	31.257	-120.	118.83	1153	0.10619
451	508	30.804	-120.	116.74	1153	0.10713
451	515	31.257	-120.	118.83	1153	0.10619
451	487	29.425	-120.	117.94	1153	0.10664
452	508	30.804	-120.	116.74	1153	0.10713
452	487	29.425	-120.	117.94	1153	0.10664
452	480	29.255	-120.	116.32	1153	0.10737
453	532	32.19	-120.	117.81	1153	0.10661
453	527	31.894	-120.	115.	1153	0.10796
453	555	33.96	-120.	115.92	1153	0.10749
454	480	29.255	-120.	116.32	1153	0.10737
454	477	28.754	-120.	113.62	1153	0.10875
454	506	30.803	-120.	114.51	1153	0.10823
455	487	29.425	-120.	117.94	1153	0.10664
455	515	31.257	-120.	118.83	1153	0.10619
455	491	29.497	-120.	120.69	1153	0.10551
456	466	27.921	-120.	96.479	1215	0.11858
456	441	24.832	-120.	93.474	1215	0.1198
456	431	23.352	-120.	95.976	1215	0.11881
457	67	-26.804	-120.	117.53	1253	0.12643
457	66	-26.814	-120.	115.45	1253	0.12709
457	93	-25.189	-120.	116.32	1253	0.12676
458	67	-26.804	-120.	117.53	1253	0.12643
458	93	-25.189	-120.	116.32	1253	0.12676
458	91	-25.359	-120.	117.94	1253	0.12623
459	67	-26.804	-120.	117.53	1253	0.12643
459	91	-25.359	-120.	117.94	1253	0.12623
459	60	-27.268	-120.	119.76	1253	0.1256
460	67	-26.804	-120.	117.53	1253	0.12643
460	60	-27.268	-120.	119.76	1253	0.1256
460	39	-28.244	-120.	119.26	1253	0.12582
461	67	-26.804	-120.	117.53	1253	0.12643
461	39	-28.244	-120.	119.26	1253	0.12582
461	46	-27.948	-120.	116.45	1253	0.12681
462	67	-26.804	-120.	117.53	1253	0.12643
462	46	-27.948	-120.	116.45	1253	0.12681
462	66	-26.814	-120.	115.45	1253	0.12709
463	60	-27.268	-120.	119.76	1253	0.1256
463	91	-25.359	-120.	117.94	1253	0.12623
463	88	-25.431	-120.	120.69	1253	0.12515
464	66	-26.814	-120.	115.45	1253	0.12709
464	100	-24.688	-120.	113.62	1253	0.12746
464	93	-25.189	-120.	116.32	1253	0.12676
465	46	-27.948	-120.	116.45	1253	0.12681
465	39	-28.244	-120.	119.26	1253	0.12582
465	16	-30.093	-120.	118.32	1253	0.12618
466	33	-28.882	-120.	111.23	1255	0.1279
466	61	-27.224	-120.	112.18	1255	0.12779
466	30	-29.43	-120.	114.03	1255	0.12744
467	13	-30.536	-120.	112.93	1255	0.12763
467	33	-28.882	-120.	111.23	1255	0.1279
467	30	-29.43	-120.	114.03	1255	0.12744
468	13	-30.536	-120.	112.93	1255	0.12763
468	30	-29.43	-120.	114.03	1255	0.12744
468	11	-30.578	-120.	114.99	1255	0.1272
469	13	-30.536	-120.	112.93	1255	0.12763
469	11	-30.578	-120.	114.99	1255	0.1272
469	4	-32.421	-120.	113.97	1255	0.12737
470	13	-30.536	-120.	112.93	1255	0.12763
470	4	-32.421	-120.	113.97	1255	0.12737
470	5	-32.159	-120.	112.62	1255	0.12762
471	13	-30.536	-120.	112.93	1255	0.12763
471	5	-32.159	-120.	112.62	1255	0.12762
471	22	-29.748	-120.	110.74	1255	0.12793
472	13	-30.536	-120.	112.93	1255	0.12763
472	22	-29.748	-120.	110.74	1255	0.12793
472	33	-28.882	-120.	111.23	1255	0.1279
473	4	-32.421	-120.	113.97	1255	0.12737
473	11	-30.578	-120.	114.99	1255	0.1272
473	1	-32.805	-120.	116.88	1255	0.12659
474	5	-32.159	-120.	112.62	1255	0.12762
474	7	-31.417	-120.	109.78	1255	0.12794
474	22	-29.748	-120.	110.74	1255	0.12793
475	381	17.43	-120.	91.87	1256	0.12014
475	392	18.881	-120.	89.348	1256	0.12061
475	364	14.983	-120.	87.508	1256	0.12044
476	81	-26.046	-120.	131.25	1264	0.11941
476	94	-25.087	-120.	131.	1264	0.11956
476	72	-26.322	-120.	130.55	1264	0.11985
477	49	-27.864	-120.	131.72	1264	0.11914
477	41	-28.225	-120.	133.31	1264	0.11816
477	10	-30.643	-120.	132.48	1264	0.11869
478	49	-27.864	-120.	131.72	1264	0.11914
478	10	-30.643	-120.	132.48	1264	0.11869
478	35	-28.656	-120.	129.72	1264	0.12037
479	49	-27.864	-120.	131.72	1264	0.11914
479	35	-28.656	-120.	129.72	1264	0.12037
479	72	-26.322	-120.	130.55	1264	0.11985
480	49	-27.864	-120.	131.72	1264	0.11914
480	72	-26.322	-120.	130.55	1264	0.11985
480	81	-26.046	-120.	131.25	1264	0.11941
481	49	-27.864	-120.	131.72	1264	0.11914
481	81	-26.046	-120.	131.25	1264	0.11941
481	58	-27.289	-120.	133.05	1264	0.11832
482	49	-27.864	-120.	131.72	1264	0.11914
482	58	-27.289	-120.	133.05	1264	0.11832
482	41	-28.225	-120.	133.31	1264	0.11816
483	64	-26.981	-120.	133.72	1264	0.1179
483	58	-27.289	-120.	133.05	1264	0.11832
483	41	-28.225	-120.	133.31	1264	0.11816
484	87	-25.462	-120.	132.56	1264	0.1186
484	101	-24.589	-120.	134.53	1264	0.11737
484	115	-22.777	-120.	131.8	1264	0.11903
485	87	-25.462	-120.	132.56	1264	0.1186
485	115	-22.777	-120.	131.8	1264	0.11903
485	94	-25.087	-120.	131.	1264	0.11956
486	87	-25.462	-120.	132.56	1264	0.1186
486	94	-25.087	-120.	131.	1264	0.11956
486	81	-26.046	-120.	131.25	1264	0.11941
487	87	-25.462	-120.	132.56	1264	0.1186
487	81	-26.046	-120.	131.25	1264	0.11941
487	58	-27.289	-120.	133.05	1264	0.11832
488	87	-25.462	-120.	132.56	1264	0.1186
488	58	-27.289	-120.	133.05	1264	0.11832
488	64	-26.981	-120.	133.72	1264	0.1179
489	87	-25.462	-120.	132.56	1264	0.1186
489	64	-26.981	-120.	133.72	1264	0.1179
489	101	-24.589	-120.	134.53	1264	0.11737
490	184	-14.334	-120.	145.42	1276	0.1117
490	186	-13.704	-120.	145.83	1276	0.11157
490	191	-13.215	-120.	145.	1276	0.11175
491	173	-16.43	-120.	146.22	1276	0.11153
491	152	-19.63	-120.	147.46	1276	0.1111
491	181	-14.63	-120.	147.4	1276	0.11123
492	173	-16.43	-120.	146.22	1276	0.11153
492	181	-14.63	-120.	147.4	1276	0.11123
492	186	-13.704	-120.	145.83	1276	0.11157
493	173	-16.43	-120.	146.22	1276	0.11153
493	186	-13.704	-120.	145.83	1276	0.11157
493	184	-14.334	-120.	145.42	1276	0.1117
494	173	-16.43	-120.	146.22	1276	0.11153
494	184	-14.334	-120.	145.42	1276	0.1117
494	168	-17.598	-120.	145.4	1276	0.11178
495	173	-16.43	-120.	146.22	1276	0.11153
495	168	-17.598	-120.	145.4	1276	0.11178
495	160	-18.684	-120.	145.81	1276	0.11164
496	173	-16.43	-120.	146.22	1276	0.11153
496	160	-18.684	-120.	145.81	1276	0.11164
496	152	-19.63	-120.	147.46	1276	0.1111
497	179	-15.481	-120.	144.59	1276	0.11199
497	169	-17.251	-120.	143.32	1276	0.11251
497	197	-12.295	-120.	143.44	1276	0.11213
498	179	-15.481	-120.	144.59	1276	0.11199
498	197	-12.295	-120.	143.44	1276	0.11213
498	191	-13.215	-120.	145.	1276	0.11175
499	179	-15.481	-120.	144.59	1276	0.11199
499	191	-13.215	-120.	145.	1276	0.11175
499	184	-14.334	-120.	145.42	1276	0.1117
500	179	-15.481	-120.	144.59	1276	0.11199
500	184	-14.334	-120.	145.42	1276	0.1117
500	168	-17.598	-120.	145.4	1276	0.11178
501	179	-15.481	-120.	144.59	1276	0.11199
501	168	-17.598	-120.	145.4	1276	0.11178
501	164	-18.192	-120.	144.96	1276	0.11193
502	179	-15.481	-120.	144.59	1276	0.11199
502	164	-18.192	-120.	144.96	1276	0.11193
502	169	-17.251	-120.	143.32	1276	0.11251
503	168	-17.598	-120.	145.4	1276	0.11178
503	164	-18.192	-120.	144.96	1276	0.11193
503	160	-18.684	-120.	145.81	1276	0.11164
504	20	-29.906	-120.	105.74	1287	0.12781
504	7	-31.417	-120.	109.78	1287	0.12794
504	55	-27.388	-120.	107.17	1287	0.12799
505	203	-11.708	-120.	147.15	1310	0.11123
505	191	-13.215	-120.	145.	1310	0.11175
505	211	-10.674	-120.	146.2	1310	0.11133
506	203	-11.708	-120.	147.15	1310	0.11123
506	211	-10.674	-120.	146.2	1310	0.11133
506	216	-9.7773	-120.	147.68	1310	0.11108
507	203	-11.708	-120.	147.15	1310	0.11123
507	216	-9.7773	-120.	147.68	1310	0.11108
507	209	-10.796	-120.	149.39	1310	0.11096
508	203	-11.708	-120.	147.15	1310	0.11123
508	209	-10.796	-120.	149.39	1310	0.11096
508	200	-12.084	-120.	148.78	1310	0.11102
509	203	-11.708	-120.	147.15	1310	0.11123
509	200	-12.084	-120.	148.78	1310	0.11102
509	186	-13.704	-120.	145.83	1310	0.11157
510	203	-11.708	-120.	147.15	1310	0.11123
510	186	-13.704	-120.	145.83	1310	0.11157
510	191	-13.215	-120.	145.	1310	0.11175
511	209	-10.796	-120.	149.39	1310	0.11096
511	216	-9.7773	-120.	147.68	1310	0.11108
511	226	-8.113	-120.	150.47	1310	0.11097
512	191	-13.215	-120.	145.	1310	0.11175
512	197	-12.295	-120.	143.44	1310	0.11213
512	211	-10.674	-120.	146.2	1310	0.11133
513	186	-13.704	-120.	145.83	1310	0.11157
513	200	-12.084	-120.	148.78	1310	0.11102
513	181	-14.63	-120.	147.4	1310	0.11123
514	288	1.8045	-120.	154.98	1350	0.11238
514	311	6.1077	-120.	154.74	1350	0.11258
514	296	3.2389	-120.	152.16	1350	0.11138
515	430	23.336	-120.	147.74	1355	0.10889
515	452	26.586	-120.	144.91	1355	0.10733
515	434	24.064	-120.	143.4	1355	0.10664
516	372	15.89	-120.	146.87	1362	0.10852
516	369	15.629	-120.	145.89	1362	0.10798
516	366	15.218	-120.	147.21	1362	0.10871
517	379	17.139	-120.	146.16	1362	0.10812
517	393	19.016	-120.	145.11	1362	0.10753
517	375	16.361	-120.	143.44	1362	0.10664
518	379	17.139	-120.	146.16	1362	0.10812
518	375	16.361	-120.	143.44	1362	0.10664
518	369	15.629	-120.	145.89	1362	0.10798
519	379	17.139	-120.	146.16	1362	0.10812
519	369	15.629	-120.	145.89	1362	0.10798
519	372	15.89	-120.	146.87	1362	0.10852
520	379	17.139	-120.	146.16	1362	0.10812
520	372	15.89	-120.	146.87	1362	0.10852
520	383	17.646	-120.	148.02	1362	0.10914
521	379	17.139	-120.	146.16	1362	0.10812
521	383	17.646	-120.	148.02	1362	0.10914
521	386	18.289	-120.	147.65	1362	0.10893
522	379	17.139	-120.	146.16	1362	0.10812
522	386	18.289	-120.	147.65	1362	0.10893
522	393	19.016	-120.	145.11	1362	0.10753
523	376	16.383	-120.	148.72	1362	0.10954
523	380	17.167	-120.	151.53	1362	0.11113
523	362	14.46	-120.	149.69	1362	0.11012
524	376	16.383	-120.	148.72	1362	0.10954
524	362	14.46	-120.	149.69	1362	0.11012
524	366	15.218	-120.	147.21	1362	0.10871
525	376	16.383	-120.	148.72	1362	0.10954
525	366	15.218	-120.	147.21	1362	0.10871
525	372	15.89	-120.	146.87	1362	0.10852
526	376	16.383	-120.	148.72	1362	0.10954
526	372	15.89	-120.	146.87	1362	0.10852
526	383	17.646	-120.	148.02	1362	0.10914
527	376	16.383	-120.	148.72	1362	0.10954
527	383	17.646	-120.	148.02	1362	0.10914
527	384	17.918	-120.	148.97	1362	0.10967
528	376	16.383	-120.	148.72	1362	0.10954
528	384	17.918	-120.	148.97	1362	0.10967
528	380	17.167	-120.	151.53	1362	0.11113
529	383	17.646	-120.	148.02	1362	0.10914
529	384	17.918	-120.	148.97	1362	0.10967
529	386	18.289	-120.	147.65	1362	0.10893
530	358	13.591	-120.	146.55	1363	0.10835
530	359	13.941	-120.	144.75	1363	0.10736
530	370	15.629	-120.	145.89	1363	0.10798
531	358	13.591	-120.	146.55	1363	0.10835
531	370	15.629	-120.	145.89	1363	0.10798
531	367	15.218	-120.	147.21	1363	0.10871
532	358	13.591	-120.	146.55	1363	0.10835
532	367	15.218	-120.	147.21	1363	0.10871
532	355	12.635	-120.	148.36	1363	0.10939
533	358	13.591	-120.	146.55	1363	0.10835
533	355	12.635	-120.	148.36	1363	0.10939
533	347	11.663	-120.	147.66	1363	0.10902
534	358	13.591	-120.	146.55	1363	0.10835
534	347	11.663	-120.	147.66	1363	0.10902
534	352	12.46	-120.	145.41	1363	0.10775
535	358	13.591	-120.	146.55	1363	0.10835
535	352	12.46	-120.	145.41	1363	0.10775
535	359	13.941	-120.	144.75	1363	0.10736
536	355	12.635	-120.	148.36	1363	0.10939
536	367	15.218	-120.	147.21	1363	0.10871
536	362	14.46	-120.	149.69	1363	0.11012
537	359	13.941	-120.	144.75	1363	0.10736
537	375	16.361	-120.	143.44	1363	0.10664
537	370	15.629	-120.	145.89	1363	0.10798
538	352	12.46	-120.	145.41	1363	0.10775
538	347	11.663	-120.	147.66	1363	0.10902
538	332	9.8655	-120.	146.33	1363	0.10835
539	172	-16.628	-120.	96.27	1435	0.12472
539	174	-16.334	-120.	97.294	1435	0.12523
539	176	-16.032	-120.	95.811	1435	0.12448
540	167	-17.726	-120.	97.196	1435	0.12518
540	153	-19.369	-120.	98.573	1435	0.12583
540	171	-16.855	-120.	100.05	1435	0.12648
541	167	-17.726	-120.	97.196	1435	0.12518
541	171	-16.855	-120.	100.05	1435	0.12648
541	174	-16.334	-120.	97.294	1435	0.12523
542	167	-17.726	-120.	97.196	1435	0.12518
542	174	-16.334	-120.	97.294	1435	0.12523
542	172	-16.628	-120.	96.27	1435	0.12472
543	167	-17.726	-120.	97.196	1435	0.12518
543	172	-16.628	-120.	96.27	1435	0.12472
543	162	-18.302	-120.	95.252	1435	0.12421
544	167	-17.726	-120.	97.196	1435	0.12518
544	162	-18.302	-120.	95.252	1435	0.12421
544	155	-18.865	-120.	95.735	1435	0.12447
545	167	-17.726	-120.	97.196	1435	0.12518
545	155	-18.865	-120.	95.735	1435	0.12447
545	153	-19.369	-120.	98.573	1435	0.12583
546	170	-17.191	-120.	94.333	1435	0.1237
546	165	-18.085	-120.	91.387	1435	0.12201
546	178	-15.485	-120.	93.018	1435	0.12292
547	170	-17.191	-120.	94.333	1435	0.1237
547	178	-15.485	-120.	93.018	1435	0.12292
547	176	-16.032	-120.	95.811	1435	0.12448
548	170	-17.191	-120.	94.333	1435	0.1237
548	176	-16.032	-120.	95.811	1435	0.12448
548	172	-16.628	-120.	96.27	1435	0.12472
549	170	-17.191	-120.	94.333	1435	0.1237
549	172	-16.628	-120.	96.27	1435	0.12472
549	162	-18.302	-120.	95.252	1435	0.12421
550	170	-17.191	-120.	94.333	1435	0.1237
550	162	-18.302	-120.	95.252	1435	0.12421
550	161	-18.611	-120.	94.262	1435	0.12369
551	170	-17.191	-120.	94.333	1435	0.1237
551	161	-18.611	-120.	94.262	1435	0.12369
551	165	-18.085	-120.	91.387	1435	0.12201
552	162	-18.302	-120.	95.252	1435	0.12421
552	161	-18.611	-120.	94.262	1435	0.12369
552	155	-18.865	-120.	95.735	1435	0.12447
553	183	-14.413	-120.	89.13	1437	0.12058
553	165	-18.085	-120.	91.387	1437	0.12201
553	178	-15.485	-120.	93.018	1437	0.12292
554	272	-0.59171	-120.	88.013	1449	0.11997
554	290	2.2612	-120.	87.855	1449	0.11994
554	285	1.3031	-120.	89.681	1449	0.12064
555	282	0.78947	-120.	85.044	1449	0.11879
555	298	3.7317	-120.	85.064	1449	0.11904
555	292	2.7559	-120.	86.903	1449	0.11961
556	280	0.51125	-120.	86.679	1449	0.11944
556	282	0.78947	-120.	85.044	1449	0.11879
556	292	2.7559	-120.	86.903	1449	0.11961
557	280	0.51125	-120.	86.679	1449	0.11944
557	292	2.7559	-120.	86.903	1449	0.11961
557	290	2.2612	-120.	87.855	1449	0.11994
558	280	0.51125	-120.	86.679	1449	0.11944
558	290	2.2612	-120.	87.855	1449	0.11994
558	272	-0.59171	-120.	88.013	1449	0.11997
559	280	0.51125	-120.	86.679	1449	0.11944
559	272	-0.59171	-120.	88.013	1449	0.11997
559	264	-1.5709	-120.	87.142	1449	0.11957
560	280	0.51125	-120.	86.679	1449	0.11944
560	264	-1.5709	-120.	87.142	1449	0.11957
560	273	-0.57654	-120.	85.119	1449	0.11873
561	280	0.51125	-120.	86.679	1449	0.11944
561	273	-0.57654	-120.	85.119	1449	0.11873
561	282	0.78947	-120.	85.044	1449	0.11879
562	253	-3.4987	-120.	85.463	1449	0.11869
562	273	-0.57654	-120.	85.119	1449	0.11873
562	264	-1.5709	-120.	87.142	1449	0.11957
563	327	9.1417	-120.	90.688	1451	0.12043
563	322	8.4091	-120.	90.519	1451	0.12045
563	329	9.39	-120.	91.764	1451	0.12048
564	325	8.6798	-120.	88.651	1451	0.12021
564	321	8.0152	-120.	85.538	1451	0.11959
564	313	6.5826	-120.	88.167	1451	0.12009
565	325	8.6798	-120.	88.651	1451	0.12021
565	313	6.5826	-120.	88.167	1451	0.12009
565	322	8.4091	-120.	90.519	1451	0.12045
566	325	8.6798	-120.	88.651	1451	0.12021
566	322	8.4091	-120.	90.519	1451	0.12045
566	327	9.1417	-120.	90.688	1451	0.12043
567	325	8.6798	-120.	88.651	1451	0.12021
567	327	9.1417	-120.	90.688	1451	0.12043
567	333	10.073	-120.	89.023	1451	0.12027
568	325	8.6798	-120.	88.651	1451	0.12021
568	333	10.073	-120.	89.023	1451	0.12027
568	330	9.8569	-120.	87.974	1451	0.12016
569	325	8.6798	-120.	88.651	1451	0.12021
569	330	9.8569	-120.	87.974	1451	0.12016
569	321	8.0152	-120.	85.538	1451	0.11959
570	337	10.526	-120.	91.072	1451	0.12038
570	353	12.589	-120.	91.638	1451	0.12027
570	343	11.174	-120.	94.093	1451	0.12025
571	337	10.526	-120.	91.072	1451	0.12038
571	343	11.174	-120.	94.093	1451	0.12025
571	329	9.39	-120.	91.764	1451	0.12048
572	337	10.526	-120.	91.072	1451	0.12038
572	329	9.39	-120.	91.764	1451	0.12048
572	327	9.1417	-120.	90.688	1451	0.12043
573	337	10.526	-120.	91.072	1451	0.12038
573	327	9.1417	-120.	90.688	1451	0.12043
573	333	10.073	-120.	89.023	1451	0.12027
574	337	10.526	-120.	91.072	1451	0.12038
574	333	10.073	-120.	89.023	1451	0.12027
574	339	10.786	-120.	89.228	1451	0.12029
575	337	10.526	-120.	91.072	1451	0.12038
575	339	10.786	-120.	89.228	1451	0.12029
575	353	12.589	-120.	91.638	1451	0.12027
576	333	10.073	-120.	89.023	1451	0.12027
576	339	10.786	-120.	89.228	1451	0.12029
576	330	9.8569	-120.	87.974	1451	0.12016
577	516	31.257	-120.	118.83	1455	0.10619
577	537	32.231	-120.	118.57	1455	0.10628
577	533	32.19	-120.	117.81	1455	0.10661
578	559	34.106	-120.	119.51	1455	0.10589
578	560	34.106	-120.	120.25	1455	0.1056
578	568	35.062	-120.	119.27	1455	0.10599
579	558	34.076	-120.	118.07	1455	0.10649
579	533	32.19	-120.	117.81	1455	0.10661
579	555	33.96	-120.	115.92	1455	0.10749
580	558	34.076	-120.	118.07	1455	0.10649
580	555	33.96	-120.	115.92	1455	0.10749
580	575	36.909	-120.	117.34	1455	0.10688
581	558	34.076	-120.	118.07	1455	0.10649
581	575	36.909	-120.	117.34	1455	0.10688
581	568	35.062	-120.	119.27	1455	0.10599
582	558	34.076	-120.	118.07	1455	0.10649
582	568	35.062	-120.	119.27	1455	0.10599
582	559	34.106	-120.	119.51	1455	0.10589
583	558	34.076	-120.	118.07	1455	0.10649
583	559	34.106	-120.	119.51	1455	0.10589
583	537	32.231	-120.	118.57	1455	0.10628
584	558	34.076	-120.	118.07	1455	0.10649
584	537	32.231	-120.	118.57	1455	0.10628
584	533	32.19	-120.	117.81	1455	0.10661
585	538	32.245	-120.	120.	1455	0.1057
585	560	34.106	-120.	120.25	1455	0.1056
585	539	32.274	-120.	122.15	1455	0.10493
586	538	32.245	-120.	120.	1455	0.1057
586	539	32.274	-120.	122.15	1455	0.10493
586	491	29.497	-120.	120.69	1455	0.10551
587	538	32.245	-120.	120.	1455	0.1057
587	491	29.497	-120.	120.69	1455	0.10551
587	516	31.257	-120.	118.83	1455	0.10619
588	538	32.245	-120.	120.	1455	0.1057
588	516	31.257	-120.	118.83	1455	0.10619
588	537	32.231	-120.	118.57	1455	0.10628
589	538	32.245	-120.	120.	1455	0.1057
589	537	32.231	-120.	118.57	1455	0.10628
589	559	34.106	-120.	119.51	1455	0.10589
590	538	32.245	-120.	120.	1455	0.1057
590	559	34.106	-120.	119.51	1455	0.10589
590	560	34.106	-120.	120.25	1455	0.1056
591	523	31.753	-120.	114.26	1519	0.10835
591	507	30.803	-120.	114.51	1519	0.10823
591	528	31.894	-120.	115.	1519	0.10796
592	518	31.423	-120.	112.87	1519	0.1091
592	511	30.932	-120.	110.76	1519	0.11031
592	477	28.754	-120.	113.62	1519	0.10875
593	518	31.423	-120.	112.87	1519	0.1091
593	477	28.754	-120.	113.62	1519	0.10875
593	507	30.803	-120.	114.51	1519	0.10823
594	518	31.423	-120.	112.87	1519	0.1091
594	507	30.803	-120.	114.51	1519	0.10823
594	523	31.753	-120.	114.26	1519	0.10835
595	518	31.423	-120.	112.87	1519	0.1091
595	523	31.753	-120.	114.26	1519	0.10835
595	548	33.238	-120.	112.39	1519	0.10936
596	518	31.423	-120.	112.87	1519	0.1091
596	548	33.238	-120.	112.39	1519	0.10936
596	545	33.06	-120.	111.67	1519	0.10977
597	518	31.423	-120.	112.87	1519	0.1091
597	545	33.06	-120.	111.67	1519	0.10977
597	511	30.932	-120.	110.76	1519	0.11031
598	551	33.555	-120.	113.8	1519	0.10859
598	573	36.317	-120.	113.07	1519	0.10901
598	555	33.96	-120.	115.92	1519	0.10749
599	551	33.555	-120.	113.8	1519	0.10859
599	555	33.96	-120.	115.92	1519	0.10749
599	528	31.894	-120.	115.	1519	0.10796
600	551	33.555	-120.	113.8	1519	0.10859
600	528	31.894	-120.	115.	1519	0.10796
600	523	31.753	-120.	114.26	1519	0.10835
601	551	33.555	-120.	113.8	1519	0.10859
601	523	31.753	-120.	114.26	1519	0.10835
601	548	33.238	-120.	112.39	1519	0.10936
602	551	33.555	-120.	113.8	1519	0.10859
602	548	33.238	-120.	112.39	1519	0.10936
602	563	34.168	-120.	112.14	1519	0.10951
603	551	33.555	-120.	113.8	1519	0.10859
603	563	34.168	-120.	112.14	1519	0.10951
603	573	36.317	-120.	113.07	1519	0.10901
604	548	33.238	-120.	112.39	1519	0.10936
604	563	34.168	-120.	112.14	1519	0.10951
604	545	33.06	-120.	111.67	1519	0.10977
605	544	33.06	-120.	111.67	1521	0.10977
605	511	30.932	-120.	110.76	1521	0.11031
605	535	32.207	-120.	108.95	1521	0.11139
606	553	33.855	-120.	109.98	1521	0.11076
606	544	33.06	-120.	111.67	1521	0.10977
606	535	32.207	-120.	108.95	1521	0.11139
607	553	33.855	-120.	109.98	1521	0.11076
607	535	32.207	-120.	108.95	1521	0.11139
607	543	32.875	-120.	108.	1521	0.11195
608	553	33.855	-120.	109.98	1521	0.11076
608	543	32.875	-120.	108.	1521	0.11195
608	569	35.206	-120.	108.91	1521	0.11139
609	553	33.855	-120.	109.98	1521	0.11076
609	569	35.206	-120.	108.91	1521	0.11139
609	571	35.614	-120.	110.21	1521	0.11063
610	553	33.855	-120.	109.98	1521	0.11076
610	571	35.614	-120.	110.21	1521	0.11063
610	562	34.168	-120.	112.14	1521	0.10951
611	553	33.855	-120.	109.98	1521	0.11076
611	562	34.168	-120.	112.14	1521	0.10951
611	544	33.06	-120.	111.67	1521	0.10977
612	569	35.206	-120.	108.91	1521	0.11139
612	543	32.875	-120.	108.	1521	0.11195
612	561	34.155	-120.	106.16	1521	0.11306
613	571	35.614	-120.	110.21	1521	0.11063
613	573	36.317	-120.	113.07	1521	0.10901
613	562	34.168	-120.	112.14	1521	0.10951
614	461	27.302	-120.	105.87	1528	0.11331
614	464	27.85	-120.	104.3	1528	0.11427
614	482	29.263	-120.	106.75	1528	0.11275
615	461	27.302	-120.	105.87	1528	0.11331
615	482	29.263	-120.	106.75	1528	0.11275
615	475	28.622	-120.	107.7	1528	0.11218
616	461	27.302	-120.	105.87	1528	0.11331
616	475	28.622	-120.	107.7	1528	0.11218
616	448	26.217	-120.	106.97	1528	0.11266
617	461	27.302	-120.	105.87	1528	0.11331
617	448	26.217	-120.	106.97	1528	0.11266
617	443	25.406	-120.	105.57	1528	0.11353
618	461	27.302	-120.	105.87	1528	0.11331
618	443	25.406	-120.	105.57	1528	0.11353
618	451	26.451	-120.	103.94	1528	0.11452
619	461	27.302	-120.	105.87	1528	0.11331
619	451	26.451	-120.	103.94	1528	0.11452
619	464	27.85	-120.	104.3	1528	0.11427
620	448	26.217	-120.	106.97	1528	0.11266
620	475	28.622	-120.	107.7	1528	0.11218
620	462	27.402	-120.	109.46	1528	0.11113
621	464	27.85	-120.	104.3	1528	0.11427
621	499	30.485	-120.	104.97	1528	0.11383
621	482	29.263	-120.	106.75	1528	0.11275
622	451	26.451	-120.	103.94	1528	0.11452
622	443	25.406	-120.	105.57	1528	0.11353
622	432	23.847	-120.	103.3	1528	0.11496
623	353	12.589	-120.	91.638	1530	0.12027
623	340	10.786	-120.	89.228	1530	0.12029
623	357	13.535	-120.	90.005	1530	0.12034
624	321	8.0152	-120.	85.538	1530	0.11959
624	341	10.891	-120.	86.162	1530	0.11999
624	331	9.8569	-120.	87.974	1530	0.12016
625	364	14.983	-120.	87.508	1530	0.12044
625	360	14.027	-120.	89.153	1530	0.12037
625	350	12.207	-120.	86.534	1530	0.12015
626	348	11.884	-120.	88.176	1530	0.12026
626	357	13.535	-120.	90.005	1530	0.12034
626	340	10.786	-120.	89.228	1530	0.12029
627	348	11.884	-120.	88.176	1530	0.12026
627	340	10.786	-120.	89.228	1530	0.12029
627	331	9.8569	-120.	87.974	1530	0.12016
628	348	11.884	-120.	88.176	1530	0.12026
628	331	9.8569	-120.	87.974	1530	0.12016
628	341	10.891	-120.	86.162	1530	0.11999
629	348	11.884	-120.	88.176	1530	0.12026
629	341	10.891	-120.	86.162	1530	0.11999
629	350	12.207	-120.	86.534	1530	0.12015
630	348	11.884	-120.	88.176	1530	0.12026
630	350	12.207	-120.	86.534	1530	0.12015
630	360	14.027	-120.	89.153	1530	0.12037
631	348	11.884	-120.	88.176	1530	0.12026
631	360	14.027	-120.	89.153	1530	0.12037
631	357	13.535	-120.	90.005	1530	0.12034
632	371	15.86	-120.	93.118	1531	0.11992
632	374	16.06	-120.	94.294	1531	0.11964
632	378	16.533	-120.	93.457	1531	0.11982
633	363	14.571	-120.	92.538	1531	0.12009
633	353	12.589	-120.	91.638	1531	0.12027
633	365	15.169	-120.	95.872	1531	0.11931
634	363	14.571	-120.	92.538	1531	0.12009
634	365	15.169	-120.	95.872	1531	0.11931
634	374	16.06	-120.	94.294	1531	0.11964
635	363	14.571	-120.	92.538	1531	0.12009
635	374	16.06	-120.	94.294	1531	0.11964
635	371	15.86	-120.	93.118	1531	0.11992
636	363	14.571	-120.	92.538	1531	0.12009
636	371	15.86	-120.	93.118	1531	0.11992
636	361	14.21	-120.	90.302	1531	0.12033
637	363	14.571	-120.	92.538	1531	0.12009
637	361	14.21	-120.	90.302	1531	0.12033
637	357	13.535	-120.	90.005	1531	0.12034
638	363	14.571	-120.	92.538	1531	0.12009
638	357	13.535	-120.	90.005	1531	0.12034
638	353	12.589	-120.	91.638	1531	0.12027
639	368	15.507	-120.	90.901	1531	0.12028
639	364	14.983	-120.	87.508	1531	0.12044
639	381	17.43	-120.	91.87	1531	0.12014
640	368	15.507	-120.	90.901	1531	0.12028
640	381	17.43	-120.	91.87	1531	0.12014
640	378	16.533	-120.	93.457	1531	0.11982
641	368	15.507	-120.	90.901	1531	0.12028
641	378	16.533	-120.	93.457	1531	0.11982
641	371	15.86	-120.	93.118	1531	0.11992
642	368	15.507	-120.	90.901	1531	0.12028
642	371	15.86	-120.	93.118	1531	0.11992
642	361	14.21	-120.	90.302	1531	0.12033
643	368	15.507	-120.	90.901	1531	0.12028
643	361	14.21	-120.	90.302	1531	0.12033
643	360	14.027	-120.	89.153	1531	0.12037
644	368	15.507	-120.	90.901	1531	0.12028
644	360	14.027	-120.	89.153	1531	0.12037
644	364	14.983	-120.	87.508	1531	0.12044
645	361	14.21	-120.	90.302	1531	0.12033
645	360	14.027	-120.	89.153	1531	0.12037
645	357	13.535	-120.	90.005	1531	0.12034
646	432	23.847	-120.	103.3	1544	0.11496
646	444	25.409	-120.	100.72	1544	0.11643
646	407	20.921	-120.	100.05	1544	0.11695
647	449	26.403	-120.	99.043	1546	0.11732
647	468	28.095	-120.	101.35	1546	0.11602
647	444	25.409	-120.	100.72	1546	0.11643
648	501	30.617	-120.	99.84	1546	0.11684
648	536	32.209	-120.	102.31	1546	0.11541
648	489	29.49	-120.	101.66	1546	0.11582
649	472	28.556	-120.	99.8	1546	0.11688
649	501	30.617	-120.	99.84	1546	0.11684
649	489	29.49	-120.	101.66	1546	0.11582
650	472	28.556	-120.	99.8	1546	0.11688
650	489	29.49	-120.	101.66	1546	0.11582
650	468	28.095	-120.	101.35	1546	0.11602
651	472	28.556	-120.	99.8	1546	0.11688
651	468	28.095	-120.	101.35	1546	0.11602
651	449	26.403	-120.	99.043	1546	0.11732
652	472	28.556	-120.	99.8	1546	0.11688
652	449	26.403	-120.	99.043	1546	0.11732
652	459	26.924	-120.	98.172	1546	0.11776
653	472	28.556	-120.	99.8	1546	0.11688
653	459	26.924	-120.	98.172	1546	0.11776
653	496	29.807	-120.	98.737	1546	0.11744
654	472	28.556	-120.	99.8	1546	0.11688
654	496	29.807	-120.	98.737	1546	0.11744
654	501	30.617	-120.	99.84	1546	0.11684
655	466	27.921	-120.	96.479	1546	0.11858
655	496	29.807	-120.	98.737	1546	0.11744
655	459	26.924	-120.	98.172	1546	0.11776
656	428	22.931	-120.	98.116	1547	0.11785
656	423	22.388	-120.	97.593	1547	0.11811
656	419	21.882	-120.	98.448	1547	0.11772
657	433	23.908	-120.	99.146	1547	0.11731
657	449	26.403	-120.	99.043	1547	0.11732
657	444	25.409	-120.	100.72	1547	0.11643
658	433	23.908	-120.	99.146	1547	0.11731
658	444	25.409	-120.	100.72	1547	0.11643
658	407	20.921	-120.	100.05	1547	0.11695
659	433	23.908	-120.	99.146	1547	0.11731
659	407	20.921	-120.	100.05	1547	0.11695
659	419	21.882	-120.	98.448	1547	0.11772
660	433	23.908	-120.	99.146	1547	0.11731
660	419	21.882	-120.	98.448	1547	0.11772
660	428	22.931	-120.	98.116	1547	0.11785
661	433	23.908	-120.	99.146	1547	0.11731
661	428	22.931	-120.	98.116	1547	0.11785
661	447	25.899	-120.	98.502	1547	0.1176
662	433	23.908	-120.	99.146	1547	0.11731
662	447	25.899	-120.	98.502	1547	0.1176
662	449	26.403	-120.	99.043	1547	0.11732
663	459	26.924	-120.	98.172	1547	0.11776
663	447	25.899	-120.	98.502	1547	0.1176
663	449	26.403	-120.	99.043	1547	0.11732
664	442	24.902	-120.	97.473	1547	0.11812
664	466	27.921	-120.	96.479	1547	0.11858
664	431	23.352	-120.	95.976	1547	0.11881
665	442	24.902	-120.	97.473	1547	0.11812
665	431	23.352	-120.	95.976	1547	0.11881
665	423	22.388	-120.	97.593	1547	0.11811
666	442	24.902	-120.	97.473	1547	0.11812
666	423	22.388	-120.	97.593	1547	0.11811
666	428	22.931	-120.	98.116	1547	0.11785
667	442	24.902	-120.	97.473	1547	0.11812
667	428	22.931	-120.	98.116	1547	0.11785
667	447	25.899	-120.	98.502	1547	0.1176
668	442	24.902	-120.	97.473	1547	0.11812
668	447	25.899	-120.	98.502	1547	0.1176
668	459	26.924	-120.	98.172	1547	0.11776
669	442	24.902	-120.	97.473	1547	0.11812
669	459	26.924	-120.	98.172	1547	0.11776
669	466	27.921	-120.	96.479	1547	0.11858
670	395	19.847	-120.	97.24	1566	0.11838
670	418	21.882	-120.	98.448	1566	0.11772
670	391	18.828	-120.	98.263	1566	0.11799
671	395	19.847	-120.	97.24	1566	0.11838
671	391	18.828	-120.	98.263	1566	0.11799
671	382	17.516	-120.	97.31	1566	0.11853
672	395	19.847	-120.	97.24	1566	0.11838
672	382	17.516	-120.	97.31	1566	0.11853
672	389	18.369	-120.	95.895	1566	0.11903
673	395	19.847	-120.	97.24	1566	0.11838
673	389	18.369	-120.	95.895	1566	0.11903
673	402	20.101	-120.	95.931	1566	0.11892
674	395	19.847	-120.	97.24	1566	0.11838
674	402	20.101	-120.	95.931	1566	0.11892
674	422	22.388	-120.	97.593	1566	0.11811
675	395	19.847	-120.	97.24	1566	0.11838
675	422	22.388	-120.	97.593	1566	0.11811
675	418	21.882	-120.	98.448	1566	0.11772
676	389	18.369	-120.	95.895	1566	0.11903
676	382	17.516	-120.	97.31	1566	0.11853
676	365	15.169	-120.	95.872	1566	0.11931
677	418	21.882	-120.	98.448	1566	0.11772
677	407	20.921	-120.	100.05	1566	0.11695
677	391	18.828	-120.	98.263	1566	0.11799
678	422	22.388	-120.	97.593	1566	0.11811
678	402	20.101	-120.	95.931	1566	0.11892
678	431	23.352	-120.	95.976	1566	0.11881
679	439	24.656	-120.	135.59	1581	0.10397
679	479	29.242	-120.	133.19	1581	0.10363
679	456	26.843	-120.	131.8	1581	0.10357
680	460	27.061	-120.	136.97	1582	0.10429
680	479	29.242	-120.	133.19	1582	0.10363
680	439	24.656	-120.	135.59	1582	0.10397
681	539	32.274	-120.	122.15	1583	0.10493
681	491	29.497	-120.	120.69	1583	0.10551
681	478	29.04	-120.	125.04	1583	0.10424
682	556	34.028	-120.	123.11	1585	0.10465
682	539	32.274	-120.	122.15	1585	0.10493
682	560	34.106	-120.	120.25	1585	0.1056
683	570	35.354	-120.	121.36	1585	0.10522
683	556	34.028	-120.	123.11	1585	0.10465
683	560	34.106	-120.	120.25	1585	0.1056
684	570	35.354	-120.	121.36	1585	0.10522
684	560	34.106	-120.	120.25	1585	0.1056
684	568	35.062	-120.	119.27	1585	0.10599
685	570	35.354	-120.	121.36	1585	0.10522
685	568	35.062	-120.	119.27	1585	0.10599
685	577	37.01	-120.	120.28	1585	0.10566
686	570	35.354	-120.	121.36	1585	0.10522
686	577	37.01	-120.	120.28	1585	0.10566
686	576	36.972	-120.	121.65	1585	0.10518
687	570	35.354	-120.	121.36	1585	0.10522
687	576	36.972	-120.	121.65	1585	0.10518
687	566	34.943	-120.	123.6	1585	0.10453
688	570	35.354	-120.	121.36	1585	0.10522
688	566	34.943	-120.	123.6	1585	0.10453
688	556	34.028	-120.	123.11	1585	0.10465
689	577	37.01	-120.	120.28	1585	0.10566
689	568	35.062	-120.	119.27	1585	0.10599
689	575	36.909	-120.	117.34	1585	0.10688
690	576	36.972	-120.	121.65	1585	0.10518
690	574	36.709	-120.	124.58	1585	0.10435
690	566	34.943	-120.	123.6	1585	0.10453
691	524	31.758	-120.	125.71	1588	0.10402
691	503	30.725	-120.	125.95	1588	0.10399
691	519	31.619	-120.	126.45	1588	0.10389
692	552	33.712	-120.	125.26	1588	0.10412
692	565	34.943	-120.	123.6	1588	0.10453
692	574	36.709	-120.	124.58	1588	0.10435
693	552	33.712	-120.	125.26	1588	0.10412
693	574	36.709	-120.	124.58	1588	0.10435
693	549	33.314	-120.	127.38	1588	0.10375
694	552	33.712	-120.	125.26	1588	0.10412
694	549	33.314	-120.	127.38	1588	0.10375
694	519	31.619	-120.	126.45	1588	0.10389
695	552	33.712	-120.	125.26	1588	0.10412
695	519	31.619	-120.	126.45	1588	0.10389
695	524	31.758	-120.	125.71	1588	0.10402
696	552	33.712	-120.	125.26	1588	0.10412
696	524	31.758	-120.	125.71	1588	0.10402
696	554	33.93	-120.	123.84	1588	0.10445
697	552	33.712	-120.	125.26	1588	0.10412
697	554	33.93	-120.	123.84	1588	0.10445
697	565	34.943	-120.	123.6	1588	0.10453
698	557	34.028	-120.	123.11	1588	0.10465
698	554	33.93	-120.	123.84	1588	0.10445
698	565	34.943	-120.	123.6	1588	0.10453
699	530	31.959	-120.	124.3	1588	0.10433
699	539	32.274	-120.	122.15	1588	0.10493
699	478	29.04	-120.	125.04	1588	0.10424
700	530	31.959	-120.	124.3	1588	0.10433
700	478	29.04	-120.	125.04	1588	0.10424
700	503	30.725	-120.	125.95	1588	0.10399
701	530	31.959	-120.	124.3	1588	0.10433
701	503	30.725	-120.	125.95	1588	0.10399
701	524	31.758	-120.	125.71	1588	0.10402
702	530	31.959	-120.	124.3	1588	0.10433
702	524	31.758	-120.	125.71	1588	0.10402
702	554	33.93	-120.	123.84	1588	0.10445
703	530	31.959	-120.	124.3	1588	0.10433
703	554	33.93	-120.	123.84	1588	0.10445
703	557	34.028	-120.	123.11	1588	0.10465
704	530	31.959	-120.	124.3	1588	0.10433
704	557	34.028	-120.	123.11	1588	0.10465
704	539	32.274	-120.	122.15	1588	0.10493
705	549	33.314	-120.	127.38	1589	0.10375
705	572	35.883	-120.	128.81	1589	0.10367
705	574	36.709	-120.	124.58	1589	0.10435
706	495	29.794	-120.	128.1	1591	0.10369
706	470	28.397	-120.	127.71	1591	0.10379
706	502	30.725	-120.	125.95	1591	0.10399
707	495	29.794	-120.	128.1	1591	0.10369
707	502	30.725	-120.	125.95	1591	0.10399
707	520	31.619	-120.	126.45	1591	0.10389
708	495	29.794	-120.	128.1	1591	0.10369
708	520	31.619	-120.	126.45	1591	0.10389
708	505	30.745	-120.	129.14	1591	0.10357
709	495	29.794	-120.	128.1	1591	0.10369
709	505	30.745	-120.	129.14	1591	0.10357
709	485	29.384	-120.	130.08	1591	0.10353
710	495	29.794	-120.	128.1	1591	0.10369
710	485	29.384	-120.	130.08	1591	0.10353
710	465	27.896	-120.	129.26	1591	0.10364
711	495	29.794	-120.	128.1	1591	0.10369
711	465	27.896	-120.	129.26	1591	0.10364
711	470	28.397	-120.	127.71	1591	0.10379
712	505	30.745	-120.	129.14	1591	0.10357
712	520	31.619	-120.	126.45	1591	0.10389
712	549	33.314	-120.	127.38	1591	0.10375
713	470	28.397	-120.	127.71	1591	0.10379
713	478	29.04	-120.	125.04	1591	0.10424
713	502	30.725	-120.	125.95	1591	0.10399
714	465	27.896	-120.	129.26	1591	0.10364
714	485	29.384	-120.	130.08	1591	0.10353
714	456	26.843	-120.	131.8	1591	0.10357
715	500	30.508	-120.	129.85	1592	0.10354
715	504	30.745	-120.	129.14	1592	0.10357
715	484	29.384	-120.	130.08	1592	0.10353
716	540	32.636	-120.	129.42	1592	0.10356
716	572	35.883	-120.	128.81	1592	0.10367
716	549	33.314	-120.	127.38	1592	0.10375
717	540	32.636	-120.	129.42	1592	0.10356
717	549	33.314	-120.	127.38	1592	0.10375
717	504	30.745	-120.	129.14	1592	0.10357
718	540	32.636	-120.	129.42	1592	0.10356
718	504	30.745	-120.	129.14	1592	0.10357
718	500	30.508	-120.	129.85	1592	0.10354
719	540	32.636	-120.	129.42	1592	0.10356
719	500	30.508	-120.	129.85	1592	0.10354
719	531	32.136	-120.	130.77	1592	0.10353
720	540	32.636	-120.	129.42	1592	0.10356
720	531	32.136	-120.	130.77	1592	0.10353
720	547	33.229	-120.	130.57	1592	0.10354
721	540	32.636	-120.	129.42	1592	0.10356
721	547	33.229	-120.	130.57	1592	0.10354
721	572	35.883	-120.	128.81	1592	0.10367
722	497	29.996	-120.	131.19	1592	0.10352
722	479	29.242	-120.	133.19	1592	0.10363
722	456	26.843	-120.	131.8	1592	0.10357
723	497	29.996	-120.	131.19	1592	0.10352
723	456	26.843	-120.	131.8	1592	0.10357
723	484	29.384	-120.	130.08	1592	0.10353
724	497	29.996	-120.	131.19	1592	0.10352
724	484	29.384	-120.	130.08	1592	0.10353
724	500	30.508	-120.	129.85	1592	0.10354
725	497	29.996	-120.	131.19	1592	0.10352
725	500	30.508	-120.	129.85	1592	0.10354
725	531	32.136	-120.	130.77	1592	0.10353
726	497	29.996	-120.	131.19	1592	0.10352
726	531	32.136	-120.	130.77	1592	0.10353
726	525	31.866	-120.	131.46	1592	0.10354
727	497	29.996	-120.	131.19	1592	0.10352
727	525	31.866	-120.	131.46	1592	0.10354
727	479	29.242	-120.	133.19	1592	0.10363
728	531	32.136	-120.	130.77	1592	0.10353
728	525	31.866	-120.	131.46	1592	0.10354
728	547	33.229	-120.	130.57	1592	0.10354
729	494	29.577	-120.	107.44	1594	0.11233
729	481	29.263	-120.	106.75	1594	0.11275
729	474	28.622	-120.	107.7	1594	0.11218
730	517	31.382	-120.	106.93	1594	0.11262
730	561	34.155	-120.	106.16	1594	0.11306
730	499	30.485	-120.	104.97	1594	0.11383
731	517	31.382	-120.	106.93	1594	0.11262
731	499	30.485	-120.	104.97	1594	0.11383
731	481	29.263	-120.	106.75	1594	0.11275
732	517	31.382	-120.	106.93	1594	0.11262
732	481	29.263	-120.	106.75	1594	0.11275
732	494	29.577	-120.	107.44	1594	0.11233
733	517	31.382	-120.	106.93	1594	0.11262
733	494	29.577	-120.	107.44	1594	0.11233
733	529	31.935	-120.	108.26	1594	0.11181
734	517	31.382	-120.	106.93	1594	0.11262
734	529	31.935	-120.	108.26	1594	0.11181
734	542	32.875	-120.	108.	1594	0.11195
735	517	31.382	-120.	106.93	1594	0.11262
735	542	32.875	-120.	108.	1594	0.11195
735	561	34.155	-120.	106.16	1594	0.11306
736	498	30.113	-120.	108.76	1594	0.11152
736	511	30.932	-120.	110.76	1594	0.11031
736	462	27.402	-120.	109.46	1594	0.11113
737	498	30.113	-120.	108.76	1594	0.11152
737	462	27.402	-120.	109.46	1594	0.11113
737	474	28.622	-120.	107.7	1594	0.11218
738	498	30.113	-120.	108.76	1594	0.11152
738	474	28.622	-120.	107.7	1594	0.11218
738	494	29.577	-120.	107.44	1594	0.11233
739	498	30.113	-120.	108.76	1594	0.11152
739	494	29.577	-120.	107.44	1594	0.11233
739	529	31.935	-120.	108.26	1594	0.11181
740	498	30.113	-120.	108.76	1594	0.11152
740	529	31.935	-120.	108.26	1594	0.11181
740	534	32.207	-120.	108.95	1594	0.11139
741	498	30.113	-120.	108.76	1594	0.11152
741	534	32.207	-120.	108.95	1594	0.11139
741	511	30.932	-120.	110.76	1594	0.11031
742	529	31.935	-120.	108.26	1594	0.11181
742	534	32.207	-120.	108.95	1594	0.11139
742	542	32.875	-120.	108.	1594	0.11195
743	477	28.754	-120.	113.62	1595	0.10875
743	511	30.932	-120.	110.76	1595	0.11031
743	462	27.402	-120.	109.46	1595	0.11113
744	561	34.155	-120.	106.16	1598	0.11306
744	536	32.209	-120.	102.31	1598	0.11541
744	499	30.485	-120.	104.97	1598	0.11383
745	107	-23.785	-120.	100.93	1649	0.12675
745	110	-23.545	-120.	96.143	1649	0.12475
745	73	-26.285	-120.	99.47	1649	0.12625
746	136	-21.358	-120.	102.37	1650	0.12718
746	130	-21.726	-120.	101.28	1650	0.12686
746	123	-22.197	-120.	101.87	1650	0.12704
747	133	-21.51	-120.	98.163	1650	0.12567
747	138	-21.019	-120.	97.611	1650	0.12541
747	125	-21.878	-120.	97.108	1650	0.12519
748	119	-22.44	-120.	99.25	1650	0.12613
748	123	-22.197	-120.	101.87	1650	0.12704
748	107	-23.785	-120.	100.93	1650	0.12675
749	119	-22.44	-120.	99.25	1650	0.12613
749	107	-23.785	-120.	100.93	1650	0.12675
749	110	-23.545	-120.	96.143	1650	0.12475
750	119	-22.44	-120.	99.25	1650	0.12613
750	110	-23.545	-120.	96.143	1650	0.12475
750	125	-21.878	-120.	97.108	1650	0.12519
751	119	-22.44	-120.	99.25	1650	0.12613
751	125	-21.878	-120.	97.108	1650	0.12519
751	133	-21.51	-120.	98.163	1650	0.12567
752	119	-22.44	-120.	99.25	1650	0.12613
752	133	-21.51	-120.	98.163	1650	0.12567
752	130	-21.726	-120.	101.28	1650	0.12686
753	119	-22.44	-120.	99.25	1650	0.12613
753	130	-21.726	-120.	101.28	1650	0.12686
753	123	-22.197	-120.	101.87	1650	0.12704
754	140	-20.794	-120.	100.22	1650	0.12649
754	138	-21.019	-120.	97.611	1650	0.12541
754	153	-19.369	-120.	98.573	1650	0.12583
755	140	-20.794	-120.	100.22	1650	0.12649
755	153	-19.369	-120.	98.573	1650	0.12583
755	151	-19.781	-120.	103.3	1650	0.12745
756	140	-20.794	-120.	100.22	1650	0.12649
756	151	-19.781	-120.	103.3	1650	0.12745
756	136	-21.358	-120.	102.37	1650	0.12718
757	140	-20.794	-120.	100.22	1650	0.12649
757	136	-21.358	-120.	102.37	1650	0.12718
757	130	-21.726	-120.	101.28	1650	0.12686
758	140	-20.794	-120.	100.22	1650	0.12649
758	130	-21.726	-120.	101.28	1650	0.12686
758	133	-21.51	-120.	98.163	1650	0.12567
759	140	-20.794	-120.	100.22	1650	0.12649
759	133	-21.51	-120.	98.163	1650	0.12567
759	138	-21.019	-120.	97.611	1650	0.12541
760	171	-16.855	-120.	100.05	1654	0.12648
760	153	-19.369	-120.	98.573	1654	0.12583
760	151	-19.781	-120.	103.3	1654	0.12745
761	221	-8.7706	-120.	146.81	1667	0.11109
761	229	-7.1945	-120.	148.83	1667	0.1109
761	217	-9.7773	-120.	147.68	1667	0.11108
762	221	-8.7706	-120.	146.81	1667	0.11109
762	217	-9.7773	-120.	147.68	1667	0.11108
762	212	-10.674	-120.	146.2	1667	0.11133
763	221	-8.7706	-120.	146.81	1667	0.11109
763	212	-10.674	-120.	146.2	1667	0.11133
763	215	-9.8754	-120.	144.75	1667	0.1115
764	221	-8.7706	-120.	146.81	1667	0.11109
764	215	-9.8754	-120.	144.75	1667	0.1115
764	224	-8.3944	-120.	145.41	1667	0.11118
765	221	-8.7706	-120.	146.81	1667	0.11109
765	224	-8.3944	-120.	145.41	1667	0.11118
765	233	-6.7075	-120.	147.97	1667	0.11086
766	221	-8.7706	-120.	146.81	1667	0.11109
766	233	-6.7075	-120.	147.97	1667	0.11086
766	229	-7.1945	-120.	148.83	1667	0.1109
767	215	-9.8754	-120.	144.75	1667	0.1115
767	212	-10.674	-120.	146.2	1667	0.11133
767	197	-12.295	-120.	143.44	1667	0.11213
768	229	-7.1945	-120.	148.83	1667	0.1109
768	226	-8.113	-120.	150.47	1667	0.11097
768	217	-9.7773	-120.	147.68	1667	0.11108
769	233	-6.7075	-120.	147.97	1667	0.11086
769	224	-8.3944	-120.	145.41	1667	0.11118
769	240	-5.7995	-120.	146.33	1667	0.11073
770	486	29.388	-120.	135.79	1726	0.10402
770	479	29.242	-120.	133.19	1726	0.10363
770	460	27.061	-120.	136.97	1726	0.10429
771	486	29.388	-120.	135.79	1726	0.10402
771	460	27.061	-120.	136.97	1726	0.10429
771	476	28.693	-120.	137.9	1726	0.10453
772	486	29.388	-120.	135.79	1726	0.10402
772	476	28.693	-120.	137.9	1726	0.10453
772	492	29.517	-120.	137.53	1726	0.10442
773	486	29.388	-120.	135.79	1726	0.10402
773	492	29.517	-120.	137.53	1726	0.10442
773	512	30.952	-120.	135.04	1726	0.10389
774	486	29.388	-120.	135.79	1726	0.10402
774	512	30.952	-120.	135.04	1726	0.10389
774	509	30.864	-120.	134.14	1726	0.10375
775	486	29.388	-120.	135.79	1726	0.10402
775	509	30.864	-120.	134.14	1726	0.10375
775	479	29.242	-120.	133.19	1726	0.10363
776	513	31.043	-120.	136.75	1726	0.10423
776	550	33.344	-120.	135.59	1726	0.10401
776	514	31.189	-120.	139.32	1726	0.10496
777	513	31.043	-120.	136.75	1726	0.10423
777	514	31.189	-120.	139.32	1726	0.10496
777	493	29.543	-120.	138.38	1726	0.10467
778	513	31.043	-120.	136.75	1726	0.10423
778	493	29.543	-120.	138.38	1726	0.10467
778	492	29.517	-120.	137.53	1726	0.10442
779	513	31.043	-120.	136.75	1726	0.10423
779	492	29.517	-120.	137.53	1726	0.10442
779	512	30.952	-120.	135.04	1726	0.10389
780	513	31.043	-120.	136.75	1726	0.10423
780	512	30.952	-120.	135.04	1726	0.10389
780	521	31.71	-120.	134.63	1726	0.10383
781	513	31.043	-120.	136.75	1726	0.10423
781	521	31.71	-120.	134.63	1726	0.10383
781	550	33.344	-120.	135.59	1726	0.10401
782	492	29.517	-120.	137.53	1726	0.10442
782	476	28.693	-120.	137.9	1726	0.10453
782	493	29.543	-120.	138.38	1726	0.10467
783	512	30.952	-120.	135.04	1726	0.10389
783	521	31.71	-120.	134.63	1726	0.10383
783	509	30.864	-120.	134.14	1726	0.10375
784	476	28.693	-120.	137.9	1744	0.10453
784	458	26.876	-120.	140.1	1744	0.10525
784	460	27.061	-120.	136.97	1744	0.10429
785	473	28.593	-120.	142.76	1744	0.10628
785	452	26.586	-120.	144.91	1744	0.10733
785	454	26.788	-120.	141.73	1744	0.10587
786	469	28.326	-120.	140.43	1744	0.10535
786	473	28.593	-120.	142.76	1744	0.10628
786	454	26.788	-120.	141.73	1744	0.10587
787	469	28.326	-120.	140.43	1744	0.10535
787	454	26.788	-120.	141.73	1744	0.10587
787	458	26.876	-120.	140.1	1744	0.10525
788	469	28.326	-120.	140.43	1744	0.10535
788	458	26.876	-120.	140.1	1744	0.10525
788	476	28.693	-120.	137.9	1744	0.10453
789	469	28.326	-120.	140.43	1744	0.10535
789	476	28.693	-120.	137.9	1744	0.10453
789	493	29.543	-120.	138.38	1744	0.10467
790	469	28.326	-120.	140.43	1744	0.10535
790	493	29.543	-120.	138.38	1744	0.10467
790	488	29.463	-120.	141.7	1744	0.10583
791	469	28.326	-120.	140.43	1744	0.10535
791	488	29.463	-120.	141.7	1744	0.10583
791	473	28.593	-120.	142.76	1744	0.10628
792	514	31.189	-120.	139.32	1744	0.10496
792	488	29.463	-120.	141.7	1744	0.10583
792	493	29.543	-120.	138.38	1744	0.10467
793	390	18.671	-120.	94.527	1810	0.11945
793	388	18.369	-120.	95.895	1810	0.11903
793	373	16.06	-120.	94.294	1810	0.11964
794	390	18.671	-120.	94.527	1810	0.11945
794	373	16.06	-120.	94.294	1810	0.11964
794	377	16.533	-120.	93.457	1810	0.11982
795	390	18.671	-120.	94.527	1810	0.11945
795	377	16.533	-120.	93.457	1810	0.11982
795	397	19.897	-120.	93.386	1810	0.11977
796	390	18.671	-120.	94.527	1810	0.11945
796	397	19.897	-120.	93.386	1810	0.11977
796	409	21.067	-120.	94.197	1810	0.11951
797	390	18.671	-120.	94.527	1810	0.11945
797	409	21.067	-120.	94.197	1810	0.11951
797	401	20.101	-120.	95.931	1810	0.11892
798	390	18.671	-120.	94.527	1810	0.11945
798	401	20.101	-120.	95.931	1810	0.11892
798	388	18.369	-120.	95.895	1810	0.11903
799	397	19.897	-120.	93.386	1810	0.11977
799	377	16.533	-120.	93.457	1810	0.11982
799	381	17.43	-120.	91.87	1810	0.12014
800	388	18.369	-120.	95.895	1810	0.11903
800	365	15.169	-120.	95.872	1810	0.11931
800	373	16.06	-120.	94.294	1810	0.11964
801	401	20.101	-120.	95.931	1810	0.11892
801	409	21.067	-120.	94.197	1810	0.11951
801	431	23.352	-120.	95.976	1810	0.11881
802	406	20.74	-120.	93.354	1811	0.11978
802	398	19.897	-120.	93.386	1811	0.11977
802	410	21.067	-120.	94.197	1811	0.11951
803	400	20.015	-120.	91.744	1811	0.12021
803	392	18.881	-120.	89.348	1811	0.12061
803	381	17.43	-120.	91.87	1811	0.12014
804	400	20.015	-120.	91.744	1811	0.12021
804	381	17.43	-120.	91.87	1811	0.12014
804	398	19.897	-120.	93.386	1811	0.11977
805	400	20.015	-120.	91.744	1811	0.12021
805	398	19.897	-120.	93.386	1811	0.11977
805	406	20.74	-120.	93.354	1811	0.11978
806	400	20.015	-120.	91.744	1811	0.12021
806	406	20.74	-120.	93.354	1811	0.11978
806	416	21.743	-120.	91.638	1811	0.12028
807	400	20.015	-120.	91.744	1811	0.12021
807	416	21.743	-120.	91.638	1811	0.12028
807	412	21.398	-120.	90.871	1811	0.12045
808	400	20.015	-120.	91.744	1811	0.12021
808	412	21.398	-120.	90.871	1811	0.12045
808	392	18.881	-120.	89.348	1811	0.12061
809	421	22.376	-120.	93.382	1811	0.11978
809	441	24.832	-120.	93.474	1811	0.1198
809	431	23.352	-120.	95.976	1811	0.11881
810	421	22.376	-120.	93.382	1811	0.11978
810	431	23.352	-120.	95.976	1811	0.11881
810	410	21.067	-120.	94.197	1811	0.11951
811	421	22.376	-120.	93.382	1811	0.11978
811	410	21.067	-120.	94.197	1811	0.11951
811	406	20.74	-120.	93.354	1811	0.11978
812	421	22.376	-120.	93.382	1811	0.11978
812	406	20.74	-120.	93.354	1811	0.11978
812	416	21.743	-120.	91.638	1811	0.12028
813	421	22.376	-120.	93.382	1811	0.11978
813	416	21.743	-120.	91.638	1811	0.12028
813	426	22.522	-120.	91.651	1811	0.1203
814	421	22.376	-120.	93.382	1811	0.11978
814	426	22.522	-120.	91.651	1811	0.1203
814	441	24.832	-120.	93.474	1811	0.1198
815	416	21.743	-120.	91.638	1811	0.12028
815	426	22.522	-120.	91.651	1811	0.1203
815	412	21.398	-120.	90.871	1811	0.12045
