小面	点	X坐标 (mm)	Y坐标 (mm)	Z坐标 (mm)	单元数	定向变形 (mm)
0	256	-2.9777	-120.	149.89	577	0.10956
0	268	-1.0913	-120.	151.9	577	0.11003
0	252	-3.9312	-120.	151.58	577	0.10992
1	288	1.8045	-120.	154.98	577	0.11122
1	267	-1.1343	-120.	154.83	577	0.11092
1	276	-0.11815	-120.	152.95	577	0.11037
2	243	-5.3928	-120.	154.18	577	0.11038
2	248	-4.4252	-120.	152.47	577	0.11009
2	259	-2.4941	-120.	154.68	577	0.11076
3	261	-2.1991	-120.	153.07	577	0.11033
3	252	-3.9312	-120.	151.58	577	0.10992
3	268	-1.0913	-120.	151.9	577	0.11003
4	261	-2.1991	-120.	153.07	577	0.11033
4	268	-1.0913	-120.	151.9	577	0.11003
4	276	-0.11815	-120.	152.95	577	0.11037
5	261	-2.1991	-120.	153.07	577	0.11033
5	276	-0.11815	-120.	152.95	577	0.11037
5	267	-1.1343	-120.	154.83	577	0.11092
6	261	-2.1991	-120.	153.07	577	0.11033
6	267	-1.1343	-120.	154.83	577	0.11092
6	259	-2.4941	-120.	154.68	577	0.11076
7	261	-2.1991	-120.	153.07	577	0.11033
7	259	-2.4941	-120.	154.68	577	0.11076
7	248	-4.4252	-120.	152.47	577	0.11009
8	261	-2.1991	-120.	153.07	577	0.11033
8	248	-4.4252	-120.	152.47	577	0.11009
8	252	-3.9312	-120.	151.58	577	0.10992
9	526	31.866	-120.	131.46	610	0.10221
9	510	30.864	-120.	134.14	610	0.1024
9	479	29.242	-120.	133.19	610	0.10228
10	564	34.544	-120.	132.9	610	0.10233
10	550	33.344	-120.	135.59	610	0.10265
10	522	31.71	-120.	134.63	610	0.10247
11	541	32.873	-120.	132.56	610	0.10227
11	564	34.544	-120.	132.9	610	0.10233
11	522	31.71	-120.	134.63	610	0.10247
12	541	32.873	-120.	132.56	610	0.10227
12	522	31.71	-120.	134.63	610	0.10247
12	510	30.864	-120.	134.14	610	0.1024
13	541	32.873	-120.	132.56	610	0.10227
13	510	30.864	-120.	134.14	610	0.1024
13	526	31.866	-120.	131.46	610	0.10221
14	541	32.873	-120.	132.56	610	0.10227
14	526	31.866	-120.	131.46	610	0.10221
14	546	33.229	-120.	130.57	610	0.10223
15	541	32.873	-120.	132.56	610	0.10227
15	546	33.229	-120.	130.57	610	0.10223
15	567	35.024	-120.	131.62	610	0.10228
16	541	32.873	-120.	132.56	610	0.10227
16	567	35.024	-120.	131.62	610	0.10228
16	564	34.544	-120.	132.9	610	0.10233
17	572	35.883	-120.	128.81	610	0.10238
17	567	35.024	-120.	131.62	610	0.10228
17	546	33.229	-120.	130.57	610	0.10223
18	109	-23.556	-120.	106.6	619	0.12721
18	124	-22.151	-120.	106.97	619	0.12721
18	98	-24.934	-120.	108.56	619	0.12728
19	109	-23.556	-120.	106.6	619	0.12721
19	98	-24.934	-120.	108.56	619	0.12728
19	83	-25.781	-120.	108.08	619	0.12728
20	109	-23.556	-120.	106.6	619	0.12721
20	83	-25.781	-120.	108.08	619	0.12728
20	104	-24.368	-120.	105.63	619	0.12711
21	109	-23.556	-120.	106.6	619	0.12721
21	104	-24.368	-120.	105.63	619	0.12711
21	117	-22.763	-120.	104.8	619	0.127
22	109	-23.556	-120.	106.6	619	0.12721
22	117	-22.763	-120.	104.8	619	0.127
22	137	-21.34	-120.	105.57	619	0.12709
23	109	-23.556	-120.	106.6	619	0.12721
23	137	-21.34	-120.	105.57	619	0.12709
23	124	-22.151	-120.	106.97	619	0.12721
24	104	-24.368	-120.	105.63	619	0.12711
24	83	-25.781	-120.	108.08	619	0.12728
24	55	-27.388	-120.	107.17	619	0.12724
25	124	-22.151	-120.	106.97	619	0.12721
25	112	-23.336	-120.	109.46	619	0.12721
25	98	-24.934	-120.	108.56	619	0.12728
26	137	-21.34	-120.	105.57	619	0.12709
26	117	-22.763	-120.	104.8	619	0.127
26	151	-19.781	-120.	103.3	619	0.12672
27	153	-19.369	-120.	98.573	622	0.12509
27	139	-21.019	-120.	97.611	622	0.12467
27	155	-18.865	-120.	95.735	622	0.12371
28	110	-23.545	-120.	96.143	622	0.124
28	134	-21.451	-120.	94.077	622	0.12287
28	126	-21.878	-120.	97.108	622	0.12445
29	165	-18.085	-120.	91.387	622	0.1212
29	161	-18.611	-120.	94.262	622	0.12291
29	144	-20.419	-120.	93.178	622	0.12234
30	145	-20.374	-120.	95.329	622	0.12352
30	155	-18.865	-120.	95.735	622	0.12371
30	139	-21.019	-120.	97.611	622	0.12467
31	145	-20.374	-120.	95.329	622	0.12352
31	139	-21.019	-120.	97.611	622	0.12467
31	126	-21.878	-120.	97.108	622	0.12445
32	145	-20.374	-120.	95.329	622	0.12352
32	126	-21.878	-120.	97.108	622	0.12445
32	134	-21.451	-120.	94.077	622	0.12287
33	145	-20.374	-120.	95.329	622	0.12352
33	134	-21.451	-120.	94.077	622	0.12287
33	144	-20.419	-120.	93.178	622	0.12234
34	145	-20.374	-120.	95.329	622	0.12352
34	144	-20.419	-120.	93.178	622	0.12234
34	161	-18.611	-120.	94.262	622	0.12291
35	145	-20.374	-120.	95.329	622	0.12352
35	161	-18.611	-120.	94.262	622	0.12291
35	155	-18.865	-120.	95.735	622	0.12371
36	285	1.3031	-120.	89.681	635	0.11978
36	275	-0.15357	-120.	92.615	635	0.12119
36	300	4.2195	-120.	92.615	635	0.12053
37	80	-26.056	-120.	108.78	712	0.12728
37	97	-24.934	-120.	108.56	712	0.12728
37	82	-25.781	-120.	108.08	712	0.12728
38	43	-28.173	-120.	109.18	712	0.12727
38	23	-29.748	-120.	110.74	712	0.12715
38	7	-31.417	-120.	109.78	712	0.12717
39	43	-28.173	-120.	109.18	712	0.12727
39	7	-31.417	-120.	109.78	712	0.12717
39	55	-27.388	-120.	107.17	712	0.12724
40	43	-28.173	-120.	109.18	712	0.12727
40	55	-27.388	-120.	107.17	712	0.12724
40	82	-25.781	-120.	108.08	712	0.12728
41	43	-28.173	-120.	109.18	712	0.12727
41	82	-25.781	-120.	108.08	712	0.12728
41	80	-26.056	-120.	108.78	712	0.12728
42	43	-28.173	-120.	109.18	712	0.12727
42	80	-26.056	-120.	108.78	712	0.12728
42	36	-28.65	-120.	110.53	712	0.12719
43	43	-28.173	-120.	109.18	712	0.12727
43	36	-28.65	-120.	110.53	712	0.12719
43	23	-29.748	-120.	110.74	712	0.12715
44	32	-28.882	-120.	111.23	712	0.12711
44	36	-28.65	-120.	110.53	712	0.12719
44	23	-29.748	-120.	110.74	712	0.12715
45	68	-26.514	-120.	110.12	712	0.12723
45	61	-27.224	-120.	112.18	712	0.12699
45	112	-23.336	-120.	109.46	712	0.12721
46	68	-26.514	-120.	110.12	712	0.12723
46	112	-23.336	-120.	109.46	712	0.12721
46	97	-24.934	-120.	108.56	712	0.12728
47	68	-26.514	-120.	110.12	712	0.12723
47	97	-24.934	-120.	108.56	712	0.12728
47	80	-26.056	-120.	108.78	712	0.12728
48	68	-26.514	-120.	110.12	712	0.12723
48	80	-26.056	-120.	108.78	712	0.12728
48	36	-28.65	-120.	110.53	712	0.12719
49	68	-26.514	-120.	110.12	712	0.12723
49	36	-28.65	-120.	110.53	712	0.12719
49	32	-28.882	-120.	111.23	712	0.12711
50	68	-26.514	-120.	110.12	712	0.12723
50	32	-28.882	-120.	111.23	712	0.12711
50	61	-27.224	-120.	112.18	712	0.12699
51	241	-5.7764	-120.	90.758	716	0.12061
51	235	-6.5008	-120.	90.968	716	0.12075
51	237	-6.2516	-120.	91.919	716	0.1213
52	225	-8.3372	-120.	89.613	716	0.11996
52	223	-8.5933	-120.	88.683	716	0.11941
52	220	-9.0374	-120.	89.857	716	0.12011
53	227	-7.8565	-120.	91.427	716	0.12105
53	237	-6.2516	-120.	91.919	716	0.1213
53	231	-7.1082	-120.	94.093	716	0.12265
54	227	-7.8565	-120.	91.427	716	0.12105
54	231	-7.1082	-120.	94.093	716	0.12265
54	214	-9.904	-120.	92.112	716	0.12151
55	227	-7.8565	-120.	91.427	716	0.12105
55	214	-9.904	-120.	92.112	716	0.12151
55	220	-9.0374	-120.	89.857	716	0.12011
56	227	-7.8565	-120.	91.427	716	0.12105
56	220	-9.0374	-120.	89.857	716	0.12011
56	225	-8.3372	-120.	89.613	716	0.11996
57	227	-7.8565	-120.	91.427	716	0.12105
57	225	-8.3372	-120.	89.613	716	0.11996
57	235	-6.5008	-120.	90.968	716	0.12075
58	227	-7.8565	-120.	91.427	716	0.12105
58	235	-6.5008	-120.	90.968	716	0.12075
58	237	-6.2516	-120.	91.919	716	0.1213
59	232	-6.9679	-120.	89.165	716	0.1197
59	223	-8.5933	-120.	88.683	716	0.11941
59	228	-7.7041	-120.	86.405	716	0.1181
60	232	-6.9679	-120.	89.165	716	0.1197
60	228	-7.7041	-120.	86.405	716	0.1181
60	245	-4.8957	-120.	88.564	716	0.11935
61	232	-6.9679	-120.	89.165	716	0.1197
61	245	-4.8957	-120.	88.564	716	0.11935
61	241	-5.7764	-120.	90.758	716	0.12061
62	232	-6.9679	-120.	89.165	716	0.1197
62	241	-5.7764	-120.	90.758	716	0.12061
62	235	-6.5008	-120.	90.968	716	0.12075
63	232	-6.9679	-120.	89.165	716	0.1197
63	235	-6.5008	-120.	90.968	716	0.12075
63	225	-8.3372	-120.	89.613	716	0.11996
64	232	-6.9679	-120.	89.165	716	0.1197
64	225	-8.3372	-120.	89.613	716	0.11996
64	223	-8.5933	-120.	88.683	716	0.11941
65	177	-15.833	-120.	140.87	735	0.11222
65	169	-17.251	-120.	143.32	735	0.11122
65	197	-12.295	-120.	143.44	735	0.11083
66	1	-32.805	-120.	116.88	751	0.12571
66	0	-32.924	-120.	121.19	751	0.12398
66	16	-30.093	-120.	118.32	751	0.12528
67	226	-8.113	-120.	150.47	765	0.10972
67	218	-9.54	-120.	153.01	765	0.10982
67	243	-5.3928	-120.	154.18	765	0.11038
68	250	-4.0658	-120.	91.691	802	0.12108
68	263	-2.0045	-120.	91.016	802	0.12057
68	257	-2.8829	-120.	92.974	802	0.12168
69	250	-4.0658	-120.	91.691	802	0.12108
69	257	-2.8829	-120.	92.974	802	0.12168
69	247	-4.4686	-120.	93.311	802	0.12201
70	250	-4.0658	-120.	91.691	802	0.12108
70	247	-4.4686	-120.	93.311	802	0.12201
70	238	-6.2516	-120.	91.919	802	0.1213
71	250	-4.0658	-120.	91.691	802	0.12108
71	238	-6.2516	-120.	91.919	802	0.1213
71	242	-5.7764	-120.	90.758	802	0.12061
72	250	-4.0658	-120.	91.691	802	0.12108
72	242	-5.7764	-120.	90.758	802	0.12061
72	254	-3.011	-120.	90.17	802	0.12019
73	250	-4.0658	-120.	91.691	802	0.12108
73	254	-3.011	-120.	90.17	802	0.12019
73	263	-2.0045	-120.	91.016	802	0.12057
74	238	-6.2516	-120.	91.919	802	0.1213
74	247	-4.4686	-120.	93.311	802	0.12201
74	231	-7.1082	-120.	94.093	802	0.12265
75	263	-2.0045	-120.	91.016	802	0.12057
75	275	-0.15357	-120.	92.615	802	0.12119
75	257	-2.8829	-120.	92.974	802	0.12168
76	254	-3.011	-120.	90.17	802	0.12019
76	242	-5.7764	-120.	90.758	802	0.12061
76	245	-4.8957	-120.	88.564	802	0.11935
77	353	12.589	-120.	91.638	810	0.11943
77	343	11.174	-120.	94.093	810	0.11943
77	365	15.169	-120.	95.872	810	0.11849
78	427	22.928	-120.	139.99	840	0.10385
78	413	21.536	-120.	141.87	840	0.10459
78	420	21.895	-120.	138.97	840	0.10346
79	427	22.928	-120.	139.99	840	0.10385
79	420	21.895	-120.	138.97	840	0.10346
79	429	22.98	-120.	137.77	840	0.10311
80	427	22.928	-120.	139.99	840	0.10385
80	429	22.98	-120.	137.77	840	0.10311
80	437	24.441	-120.	138.64	840	0.10341
81	427	22.928	-120.	139.99	840	0.10385
81	437	24.441	-120.	138.64	840	0.10341
81	435	24.303	-120.	140.3	840	0.10397
82	427	22.928	-120.	139.99	840	0.10385
82	435	24.303	-120.	140.3	840	0.10397
82	424	22.411	-120.	142.4	840	0.10484
83	427	22.928	-120.	139.99	840	0.10385
83	424	22.411	-120.	142.4	840	0.10484
83	413	21.536	-120.	141.87	840	0.10459
84	437	24.441	-120.	138.64	840	0.10341
84	429	22.98	-120.	137.77	840	0.10311
84	439	24.656	-120.	135.59	840	0.10261
85	413	21.536	-120.	141.87	840	0.10459
85	399	19.899	-120.	140.87	840	0.10413
85	420	21.895	-120.	138.97	840	0.10346
86	424	22.411	-120.	142.4	840	0.10484
86	435	24.303	-120.	140.3	840	0.10397
86	434	24.064	-120.	143.4	840	0.10529
87	240	-5.7995	-120.	146.33	842	0.10943
87	256	-2.9777	-120.	149.89	842	0.10956
87	265	-1.522	-120.	147.24	842	0.10883
88	35	-28.656	-120.	129.72	857	0.11925
88	6	-31.929	-120.	128.36	857	0.12008
88	10	-30.643	-120.	132.48	857	0.11752
89	152	-19.63	-120.	147.46	858	0.10982
89	175	-16.089	-120.	149.92	858	0.10946
89	181	-14.63	-120.	147.4	858	0.10995
90	214	-9.904	-120.	92.112	861	0.12151
90	206	-11.103	-120.	95.872	861	0.12379
90	231	-7.1082	-120.	94.093	861	0.12265
91	56	-27.376	-120.	127.13	865	0.12083
91	63	-27.196	-120.	127.86	865	0.12039
91	70	-26.429	-120.	126.87	865	0.12097
92	31	-29.171	-120.	127.62	865	0.12054
92	6	-31.929	-120.	128.36	865	0.12008
92	35	-28.656	-120.	129.72	865	0.11925
93	31	-29.171	-120.	127.62	865	0.12054
93	35	-28.656	-120.	129.72	865	0.11925
93	63	-27.196	-120.	127.86	865	0.12039
94	31	-29.171	-120.	127.62	865	0.12054
94	63	-27.196	-120.	127.86	865	0.12039
94	56	-27.376	-120.	127.13	865	0.12083
95	31	-29.171	-120.	127.62	865	0.12054
95	56	-27.376	-120.	127.13	865	0.12083
95	28	-29.468	-120.	126.21	865	0.12137
96	31	-29.171	-120.	127.62	865	0.12054
96	28	-29.468	-120.	126.21	865	0.12137
96	15	-30.401	-120.	126.46	865	0.12123
97	31	-29.171	-120.	127.62	865	0.12054
97	15	-30.401	-120.	126.46	865	0.12123
97	6	-31.929	-120.	128.36	865	0.12008
98	52	-27.657	-120.	125.72	865	0.12165
98	44	-28.087	-120.	123.61	865	0.12283
98	96	-24.974	-120.	125.04	865	0.12199
99	52	-27.657	-120.	125.72	865	0.12165
99	96	-24.974	-120.	125.04	865	0.12199
99	70	-26.429	-120.	126.87	865	0.12097
100	52	-27.657	-120.	125.72	865	0.12165
100	70	-26.429	-120.	126.87	865	0.12097
100	56	-27.376	-120.	127.13	865	0.12083
101	52	-27.657	-120.	125.72	865	0.12165
101	56	-27.376	-120.	127.13	865	0.12083
101	28	-29.468	-120.	126.21	865	0.12137
102	52	-27.657	-120.	125.72	865	0.12165
102	28	-29.468	-120.	126.21	865	0.12137
102	25	-29.607	-120.	125.48	865	0.12179
103	52	-27.657	-120.	125.72	865	0.12165
103	25	-29.607	-120.	125.48	865	0.12179
103	44	-28.087	-120.	123.61	865	0.12283
104	28	-29.468	-120.	126.21	865	0.12137
104	25	-29.607	-120.	125.48	865	0.12179
104	15	-30.401	-120.	126.46	865	0.12123
105	44	-28.087	-120.	123.61	867	0.12283
105	24	-29.607	-120.	125.48	867	0.12179
105	19	-29.999	-120.	122.65	867	0.12333
106	6	-31.929	-120.	128.36	867	0.12008
106	3	-32.513	-120.	125.48	867	0.12177
106	14	-30.401	-120.	126.46	867	0.12123
107	0	-32.924	-120.	121.19	867	0.12398
107	9	-30.996	-120.	122.16	867	0.12356
107	2	-32.701	-120.	124.13	867	0.1225
108	8	-31.036	-120.	124.39	867	0.12239
108	19	-29.999	-120.	122.65	867	0.12333
108	24	-29.607	-120.	125.48	867	0.12179
109	8	-31.036	-120.	124.39	867	0.12239
109	24	-29.607	-120.	125.48	867	0.12179
109	14	-30.401	-120.	126.46	867	0.12123
110	8	-31.036	-120.	124.39	867	0.12239
110	14	-30.401	-120.	126.46	867	0.12123
110	3	-32.513	-120.	125.48	867	0.12177
111	8	-31.036	-120.	124.39	867	0.12239
111	3	-32.513	-120.	125.48	867	0.12177
111	2	-32.701	-120.	124.13	867	0.1225
112	8	-31.036	-120.	124.39	867	0.12239
112	2	-32.701	-120.	124.13	867	0.1225
112	9	-30.996	-120.	122.16	867	0.12356
113	8	-31.036	-120.	124.39	867	0.12239
113	9	-30.996	-120.	122.16	867	0.12356
113	19	-29.999	-120.	122.65	867	0.12333
114	204	-11.69	-120.	149.52	879	0.10969
114	208	-10.796	-120.	149.39	879	0.1097
114	199	-12.084	-120.	148.78	879	0.10975
115	207	-10.848	-120.	150.93	879	0.10965
115	218	-9.54	-120.	153.01	879	0.10982
115	226	-8.113	-120.	150.47	879	0.10972
116	207	-10.848	-120.	150.93	879	0.10965
116	226	-8.113	-120.	150.47	879	0.10972
116	208	-10.796	-120.	149.39	879	0.1097
117	207	-10.848	-120.	150.93	879	0.10965
117	208	-10.796	-120.	149.39	879	0.1097
117	204	-11.69	-120.	149.52	879	0.10969
118	207	-10.848	-120.	150.93	879	0.10965
118	204	-11.69	-120.	149.52	879	0.10969
118	194	-12.675	-120.	151.25	879	0.10955
119	207	-10.848	-120.	150.93	879	0.10965
119	194	-12.675	-120.	151.25	879	0.10955
119	198	-12.273	-120.	151.92	879	0.10956
120	207	-10.848	-120.	150.93	879	0.10965
120	198	-12.273	-120.	151.92	879	0.10956
120	218	-9.54	-120.	153.01	879	0.10982
121	190	-13.446	-120.	149.7	879	0.10963
121	175	-16.089	-120.	149.92	879	0.10946
121	181	-14.63	-120.	147.4	879	0.10995
122	190	-13.446	-120.	149.7	879	0.10963
122	181	-14.63	-120.	147.4	879	0.10995
122	199	-12.084	-120.	148.78	879	0.10975
123	190	-13.446	-120.	149.7	879	0.10963
123	199	-12.084	-120.	148.78	879	0.10975
123	204	-11.69	-120.	149.52	879	0.10969
124	190	-13.446	-120.	149.7	879	0.10963
124	204	-11.69	-120.	149.52	879	0.10969
124	194	-12.675	-120.	151.25	879	0.10955
125	190	-13.446	-120.	149.7	879	0.10963
125	194	-12.675	-120.	151.25	879	0.10955
125	188	-13.511	-120.	151.33	879	0.10949
126	190	-13.446	-120.	149.7	879	0.10963
126	188	-13.511	-120.	151.33	879	0.10949
126	175	-16.089	-120.	149.92	879	0.10946
127	194	-12.675	-120.	151.25	879	0.10955
127	188	-13.511	-120.	151.33	879	0.10949
127	198	-12.273	-120.	151.92	879	0.10956
128	463	27.448	-120.	103.66	890	0.11377
128	451	26.451	-120.	103.94	890	0.11362
128	464	27.85	-120.	104.3	890	0.11337
129	453	26.629	-120.	102.49	890	0.1145
129	444	25.409	-120.	100.72	890	0.11557
129	432	23.847	-120.	103.3	890	0.11407
130	453	26.629	-120.	102.49	890	0.1145
130	432	23.847	-120.	103.3	890	0.11407
130	451	26.451	-120.	103.94	890	0.11362
131	453	26.629	-120.	102.49	890	0.1145
131	451	26.451	-120.	103.94	890	0.11362
131	463	27.448	-120.	103.66	890	0.11377
132	453	26.629	-120.	102.49	890	0.1145
132	463	27.448	-120.	103.66	890	0.11377
132	471	28.524	-120.	101.95	890	0.11479
133	453	26.629	-120.	102.49	890	0.1145
133	471	28.524	-120.	101.95	890	0.11479
133	467	28.095	-120.	101.35	890	0.11515
134	453	26.629	-120.	102.49	890	0.1145
134	467	28.095	-120.	101.35	890	0.11515
134	444	25.409	-120.	100.72	890	0.11557
135	483	29.334	-120.	103.14	890	0.11406
135	536	32.209	-120.	102.31	890	0.11453
135	499	30.485	-120.	104.97	890	0.11292
136	483	29.334	-120.	103.14	890	0.11406
136	499	30.485	-120.	104.97	890	0.11292
136	464	27.85	-120.	104.3	890	0.11337
137	483	29.334	-120.	103.14	890	0.11406
137	464	27.85	-120.	104.3	890	0.11337
137	463	27.448	-120.	103.66	890	0.11377
138	483	29.334	-120.	103.14	890	0.11406
138	463	27.448	-120.	103.66	890	0.11377
138	471	28.524	-120.	101.95	890	0.11479
139	483	29.334	-120.	103.14	890	0.11406
139	471	28.524	-120.	101.95	890	0.11479
139	490	29.49	-120.	101.66	890	0.11494
140	483	29.334	-120.	103.14	890	0.11406
140	490	29.49	-120.	101.66	890	0.11494
140	536	32.209	-120.	102.31	890	0.11453
141	471	28.524	-120.	101.95	890	0.11479
141	490	29.49	-120.	101.66	890	0.11494
141	467	28.095	-120.	101.35	890	0.11515
142	50	-27.848	-120.	115.7	894	0.12618
142	45	-27.948	-120.	116.45	894	0.12595
142	65	-26.814	-120.	115.45	894	0.12624
143	53	-27.595	-120.	114.29	894	0.12656
143	29	-29.43	-120.	114.03	894	0.12661
143	61	-27.224	-120.	112.18	894	0.12699
144	53	-27.595	-120.	114.29	894	0.12656
144	61	-27.224	-120.	112.18	894	0.12699
144	100	-24.688	-120.	113.62	894	0.12664
145	53	-27.595	-120.	114.29	894	0.12656
145	100	-24.688	-120.	113.62	894	0.12664
145	65	-26.814	-120.	115.45	894	0.12624
146	53	-27.595	-120.	114.29	894	0.12656
146	65	-26.814	-120.	115.45	894	0.12624
146	50	-27.848	-120.	115.7	894	0.12618
147	53	-27.595	-120.	114.29	894	0.12656
147	50	-27.848	-120.	115.7	894	0.12618
147	26	-29.567	-120.	114.76	894	0.12643
148	53	-27.595	-120.	114.29	894	0.12656
148	26	-29.567	-120.	114.76	894	0.12643
148	29	-29.43	-120.	114.03	894	0.12661
149	12	-30.578	-120.	114.99	894	0.12635
149	26	-29.567	-120.	114.76	894	0.12643
149	29	-29.43	-120.	114.03	894	0.12661
150	21	-29.807	-120.	116.19	894	0.12603
150	1	-32.805	-120.	116.88	894	0.12571
150	16	-30.093	-120.	118.32	894	0.12528
151	21	-29.807	-120.	116.19	894	0.12603
151	16	-30.093	-120.	118.32	894	0.12528
151	45	-27.948	-120.	116.45	894	0.12595
152	21	-29.807	-120.	116.19	894	0.12603
152	45	-27.948	-120.	116.45	894	0.12595
152	50	-27.848	-120.	115.7	894	0.12618
153	21	-29.807	-120.	116.19	894	0.12603
153	50	-27.848	-120.	115.7	894	0.12618
153	26	-29.567	-120.	114.76	894	0.12643
154	21	-29.807	-120.	116.19	894	0.12603
154	26	-29.567	-120.	114.76	894	0.12643
154	12	-30.578	-120.	114.99	894	0.12635
155	21	-29.807	-120.	116.19	894	0.12603
155	12	-30.578	-120.	114.99	894	0.12635
155	1	-32.805	-120.	116.88	894	0.12571
156	40	-28.243	-120.	120.02	900	0.12458
156	59	-27.268	-120.	119.76	900	0.12467
156	38	-28.244	-120.	119.26	900	0.1249
157	42	-28.178	-120.	121.44	900	0.12393
157	44	-28.087	-120.	123.61	900	0.12283
157	88	-25.431	-120.	120.69	900	0.1242
158	42	-28.178	-120.	121.44	900	0.12393
158	88	-25.431	-120.	120.69	900	0.1242
158	59	-27.268	-120.	119.76	900	0.12467
159	42	-28.178	-120.	121.44	900	0.12393
159	59	-27.268	-120.	119.76	900	0.12467
159	40	-28.243	-120.	120.02	900	0.12458
160	42	-28.178	-120.	121.44	900	0.12393
160	40	-28.243	-120.	120.02	900	0.12458
160	18	-30.04	-120.	121.91	900	0.1237
161	42	-28.178	-120.	121.44	900	0.12393
161	18	-30.04	-120.	121.91	900	0.1237
161	19	-29.999	-120.	122.65	900	0.12333
162	42	-28.178	-120.	121.44	900	0.12393
162	19	-29.999	-120.	122.65	900	0.12333
162	44	-28.087	-120.	123.61	900	0.12283
163	17	-30.09	-120.	120.48	900	0.12437
163	0	-32.924	-120.	121.19	900	0.12398
163	16	-30.093	-120.	118.32	900	0.12528
164	17	-30.09	-120.	120.48	900	0.12437
164	16	-30.093	-120.	118.32	900	0.12528
164	38	-28.244	-120.	119.26	900	0.1249
165	17	-30.09	-120.	120.48	900	0.12437
165	38	-28.244	-120.	119.26	900	0.1249
165	40	-28.243	-120.	120.02	900	0.12458
166	17	-30.09	-120.	120.48	900	0.12437
166	40	-28.243	-120.	120.02	900	0.12458
166	18	-30.04	-120.	121.91	900	0.1237
167	17	-30.09	-120.	120.48	900	0.12437
167	18	-30.04	-120.	121.91	900	0.1237
167	9	-30.996	-120.	122.16	900	0.12356
168	17	-30.09	-120.	120.48	900	0.12437
168	9	-30.996	-120.	122.16	900	0.12356
168	0	-32.924	-120.	121.19	900	0.12398
169	18	-30.04	-120.	121.91	900	0.1237
169	9	-30.996	-120.	122.16	900	0.12356
169	19	-29.999	-120.	122.65	900	0.12333
170	101	-24.589	-120.	134.53	905	0.11617
170	143	-20.59	-120.	135.59	905	0.11544
170	115	-22.777	-120.	131.8	905	0.11787
171	236	-6.4699	-120.	149.04	910	0.10961
171	234	-6.7075	-120.	147.97	910	0.10957
171	230	-7.1945	-120.	148.83	910	0.10963
172	239	-6.0411	-120.	151.07	910	0.1098
172	249	-4.4252	-120.	152.47	910	0.11009
172	243	-5.3928	-120.	154.18	910	0.11038
173	239	-6.0411	-120.	151.07	910	0.1098
173	243	-5.3928	-120.	154.18	910	0.11038
173	226	-8.113	-120.	150.47	910	0.10972
174	239	-6.0411	-120.	151.07	910	0.1098
174	226	-8.113	-120.	150.47	910	0.10972
174	230	-7.1945	-120.	148.83	910	0.10963
175	239	-6.0411	-120.	151.07	910	0.1098
175	230	-7.1945	-120.	148.83	910	0.10963
175	236	-6.4699	-120.	149.04	910	0.10961
176	239	-6.0411	-120.	151.07	910	0.1098
176	236	-6.4699	-120.	149.04	910	0.10961
176	246	-4.6513	-120.	151.42	910	0.10987
177	239	-6.0411	-120.	151.07	910	0.1098
177	246	-4.6513	-120.	151.42	910	0.10987
177	249	-4.4252	-120.	152.47	910	0.11009
178	251	-3.9312	-120.	151.58	910	0.10992
178	246	-4.6513	-120.	151.42	910	0.10987
178	249	-4.4252	-120.	152.47	910	0.11009
179	244	-5.0895	-120.	149.37	910	0.10957
179	256	-2.9777	-120.	149.89	910	0.10956
179	240	-5.7995	-120.	146.33	910	0.10943
180	244	-5.0895	-120.	149.37	910	0.10957
180	240	-5.7995	-120.	146.33	910	0.10943
180	234	-6.7075	-120.	147.97	910	0.10957
181	244	-5.0895	-120.	149.37	910	0.10957
181	234	-6.7075	-120.	147.97	910	0.10957
181	236	-6.4699	-120.	149.04	910	0.10961
182	244	-5.0895	-120.	149.37	910	0.10957
182	236	-6.4699	-120.	149.04	910	0.10961
182	246	-4.6513	-120.	151.42	910	0.10987
183	244	-5.0895	-120.	149.37	910	0.10957
183	246	-4.6513	-120.	151.42	910	0.10987
183	251	-3.9312	-120.	151.58	910	0.10992
184	244	-5.0895	-120.	149.37	910	0.10957
184	251	-3.9312	-120.	151.58	910	0.10992
184	256	-2.9777	-120.	149.89	910	0.10956
185	304	4.9242	-120.	150.14	912	0.10926
185	302	4.6741	-120.	149.18	912	0.10883
185	299	4.1731	-120.	150.21	912	0.10931
186	312	6.3385	-120.	149.94	912	0.10912
186	323	8.4836	-120.	149.65	912	0.1089
186	308	5.588	-120.	147.24	912	0.10785
187	312	6.3385	-120.	149.94	912	0.10912
187	308	5.588	-120.	147.24	912	0.10785
187	302	4.6741	-120.	149.18	912	0.10883
188	312	6.3385	-120.	149.94	912	0.10912
188	302	4.6741	-120.	149.18	912	0.10883
188	304	4.9242	-120.	150.14	912	0.10926
189	312	6.3385	-120.	149.94	912	0.10912
189	304	4.9242	-120.	150.14	912	0.10926
189	314	6.814	-120.	151.77	912	0.11001
190	312	6.3385	-120.	149.94	912	0.10912
190	314	6.814	-120.	151.77	912	0.11001
190	320	7.5469	-120.	151.66	912	0.10996
191	312	6.3385	-120.	149.94	912	0.10912
191	320	7.5469	-120.	151.66	912	0.10996
191	323	8.4836	-120.	149.65	912	0.1089
192	307	5.3872	-120.	151.95	912	0.11009
192	311	6.1077	-120.	154.74	912	0.11141
192	296	3.2389	-120.	152.16	912	0.11016
193	307	5.3872	-120.	151.95	912	0.11009
193	296	3.2389	-120.	152.16	912	0.11016
193	299	4.1731	-120.	150.21	912	0.10931
194	307	5.3872	-120.	151.95	912	0.11009
194	299	4.1731	-120.	150.21	912	0.10931
194	304	4.9242	-120.	150.14	912	0.10926
195	307	5.3872	-120.	151.95	912	0.11009
195	304	4.9242	-120.	150.14	912	0.10926
195	314	6.814	-120.	151.77	912	0.11001
196	307	5.3872	-120.	151.95	912	0.11009
196	314	6.814	-120.	151.77	912	0.11001
196	316	7.065	-120.	152.71	912	0.11048
197	307	5.3872	-120.	151.95	912	0.11009
197	316	7.065	-120.	152.71	912	0.11048
197	311	6.1077	-120.	154.74	912	0.11141
198	314	6.814	-120.	151.77	912	0.11001
198	316	7.065	-120.	152.71	912	0.11048
198	320	7.5469	-120.	151.66	912	0.10996
199	387	18.289	-120.	147.65	935	0.10763
199	393	19.016	-120.	145.11	935	0.1062
199	405	20.723	-120.	146.15	935	0.10675
200	396	19.872	-120.	148.18	935	0.1079
200	387	18.289	-120.	147.65	935	0.10763
200	405	20.723	-120.	146.15	935	0.10675
201	396	19.872	-120.	148.18	935	0.1079
201	405	20.723	-120.	146.15	935	0.10675
201	415	21.609	-120.	146.7	935	0.10704
202	396	19.872	-120.	148.18	935	0.1079
202	415	21.609	-120.	146.7	935	0.10704
202	408	20.929	-120.	149.43	935	0.1086
203	396	19.872	-120.	148.18	935	0.1079
203	408	20.929	-120.	149.43	935	0.1086
203	394	19.764	-120.	150.15	935	0.10904
204	396	19.872	-120.	148.18	935	0.1079
204	394	19.764	-120.	150.15	935	0.10904
204	385	17.918	-120.	148.97	935	0.10838
205	396	19.872	-120.	148.18	935	0.1079
205	385	17.918	-120.	148.97	935	0.10838
205	387	18.289	-120.	147.65	935	0.10763
206	408	20.929	-120.	149.43	935	0.1086
206	415	21.609	-120.	146.7	935	0.10704
206	430	23.336	-120.	147.74	935	0.10759
207	394	19.764	-120.	150.15	935	0.10904
207	380	17.167	-120.	151.53	935	0.10989
207	385	17.918	-120.	148.97	935	0.10838
208	291	2.4319	-120.	148.95	938	0.1089
208	299	4.1731	-120.	150.21	938	0.10931
208	287	1.3459	-120.	150.21	938	0.10945
209	291	2.4319	-120.	148.95	938	0.1089
209	287	1.3459	-120.	150.21	938	0.10945
209	279	0.33219	-120.	149.18	938	0.10917
210	291	2.4319	-120.	148.95	938	0.1089
210	279	0.33219	-120.	149.18	938	0.10917
210	284	1.2224	-120.	147.46	938	0.10849
211	291	2.4319	-120.	148.95	938	0.1089
211	284	1.2224	-120.	147.46	938	0.10849
211	294	2.8435	-120.	147.46	938	0.10826
212	291	2.4319	-120.	148.95	938	0.1089
212	294	2.8435	-120.	147.46	938	0.10826
212	302	4.6741	-120.	149.18	938	0.10883
213	291	2.4319	-120.	148.95	938	0.1089
213	302	4.6741	-120.	149.18	938	0.10883
213	299	4.1731	-120.	150.21	938	0.10931
214	284	1.2224	-120.	147.46	938	0.10849
214	279	0.33219	-120.	149.18	938	0.10917
214	265	-1.522	-120.	147.24	938	0.10883
215	299	4.1731	-120.	150.21	938	0.10931
215	296	3.2389	-120.	152.16	938	0.11016
215	287	1.3459	-120.	150.21	938	0.10945
216	302	4.6741	-120.	149.18	938	0.10883
216	294	2.8435	-120.	147.46	938	0.10826
216	308	5.588	-120.	147.24	938	0.10785
217	335	10.335	-120.	151.03	942	0.10964
217	319	7.5469	-120.	151.66	942	0.10996
217	323	8.4836	-120.	149.65	942	0.1089
218	326	9.0131	-120.	154.27	942	0.11131
218	311	6.1077	-120.	154.74	942	0.11141
218	317	7.065	-120.	152.71	942	0.11048
219	328	9.2669	-120.	152.57	942	0.11045
219	326	9.0131	-120.	154.27	942	0.11131
219	317	7.065	-120.	152.71	942	0.11048
220	328	9.2669	-120.	152.57	942	0.11045
220	317	7.065	-120.	152.71	942	0.11048
220	319	7.5469	-120.	151.66	942	0.10996
221	328	9.2669	-120.	152.57	942	0.11045
221	319	7.5469	-120.	151.66	942	0.10996
221	335	10.335	-120.	151.03	942	0.10964
222	328	9.2669	-120.	152.57	942	0.11045
222	335	10.335	-120.	151.03	942	0.10964
222	344	11.293	-120.	151.76	942	0.11003
223	328	9.2669	-120.	152.57	942	0.11045
223	344	11.293	-120.	151.76	942	0.11003
223	336	10.348	-120.	153.98	942	0.1112
224	328	9.2669	-120.	152.57	942	0.11045
224	336	10.348	-120.	153.98	942	0.1112
224	326	9.0131	-120.	154.27	942	0.11131
225	356	13.174	-120.	153.16	942	0.11082
225	336	10.348	-120.	153.98	942	0.1112
225	344	11.293	-120.	151.76	942	0.11003
226	219	-9.0374	-120.	89.857	965	0.12011
226	214	-9.904	-120.	92.112	965	0.12151
226	205	-11.685	-120.	90.932	965	0.1208
227	210	-10.696	-120.	89.164	965	0.1197
227	219	-9.0374	-120.	89.857	965	0.12011
227	205	-11.685	-120.	90.932	965	0.1208
228	210	-10.696	-120.	89.164	965	0.1197
228	205	-11.685	-120.	90.932	965	0.1208
228	195	-12.608	-120.	90.314	965	0.12043
229	210	-10.696	-120.	89.164	965	0.1197
229	195	-12.608	-120.	90.314	965	0.12043
229	202	-11.761	-120.	87.856	965	0.11892
230	210	-10.696	-120.	89.164	965	0.1197
230	202	-11.761	-120.	87.856	965	0.11892
230	213	-10.493	-120.	87.342	965	0.11861
231	210	-10.696	-120.	89.164	965	0.1197
231	213	-10.493	-120.	87.342	965	0.11861
231	222	-8.5933	-120.	88.683	965	0.11941
232	210	-10.696	-120.	89.164	965	0.1197
232	222	-8.5933	-120.	88.683	965	0.11941
232	219	-9.0374	-120.	89.857	965	0.12011
233	202	-11.761	-120.	87.856	965	0.11892
233	195	-12.608	-120.	90.314	965	0.12043
233	183	-14.413	-120.	89.13	965	0.11972
234	213	-10.493	-120.	87.342	965	0.11861
234	228	-7.7041	-120.	86.405	965	0.1181
234	222	-8.5933	-120.	88.683	965	0.11941
235	193	-12.821	-120.	94.742	966	0.12313
235	192	-13.091	-120.	93.772	966	0.12255
235	185	-13.745	-120.	94.149	966	0.12278
236	196	-12.345	-120.	91.267	966	0.12101
236	205	-11.685	-120.	90.932	966	0.1208
236	195	-12.608	-120.	90.314	966	0.12043
237	187	-13.615	-120.	91.942	966	0.12145
237	185	-13.745	-120.	94.149	966	0.12278
237	178	-15.485	-120.	93.018	966	0.12213
238	187	-13.615	-120.	91.942	966	0.12145
238	178	-15.485	-120.	93.018	966	0.12213
238	183	-14.413	-120.	89.13	966	0.11972
239	187	-13.615	-120.	91.942	966	0.12145
239	183	-14.413	-120.	89.13	966	0.11972
239	195	-12.608	-120.	90.314	966	0.12043
240	187	-13.615	-120.	91.942	966	0.12145
240	195	-12.608	-120.	90.314	966	0.12043
240	196	-12.345	-120.	91.267	966	0.12101
241	187	-13.615	-120.	91.942	966	0.12145
241	196	-12.345	-120.	91.267	966	0.12101
241	192	-13.091	-120.	93.772	966	0.12255
242	187	-13.615	-120.	91.942	966	0.12145
242	192	-13.091	-120.	93.772	966	0.12255
242	185	-13.745	-120.	94.149	966	0.12278
243	201	-11.825	-120.	93.116	966	0.12214
243	205	-11.685	-120.	90.932	966	0.1208
243	214	-9.904	-120.	92.112	966	0.12151
244	201	-11.825	-120.	93.116	966	0.12214
244	214	-9.904	-120.	92.112	966	0.12151
244	206	-11.103	-120.	95.872	966	0.12379
245	201	-11.825	-120.	93.116	966	0.12214
245	206	-11.103	-120.	95.872	966	0.12379
245	193	-12.821	-120.	94.742	966	0.12313
246	201	-11.825	-120.	93.116	966	0.12214
246	193	-12.821	-120.	94.742	966	0.12313
246	192	-13.091	-120.	93.772	966	0.12255
247	201	-11.825	-120.	93.116	966	0.12214
247	192	-13.091	-120.	93.772	966	0.12255
247	196	-12.345	-120.	91.267	966	0.12101
248	201	-11.825	-120.	93.116	966	0.12214
248	196	-12.345	-120.	91.267	966	0.12101
248	205	-11.685	-120.	90.932	966	0.1208
249	281	0.59341	-120.	150.18	972	0.10948
249	286	1.3459	-120.	150.21	972	0.10945
249	278	0.33219	-120.	149.18	972	0.10917
250	283	1.0853	-120.	152.07	972	0.11011
250	288	1.8045	-120.	154.98	972	0.11122
250	296	3.2389	-120.	152.16	972	0.11016
251	283	1.0853	-120.	152.07	972	0.11011
251	296	3.2389	-120.	152.16	972	0.11016
251	286	1.3459	-120.	150.21	972	0.10945
252	283	1.0853	-120.	152.07	972	0.11011
252	286	1.3459	-120.	150.21	972	0.10945
252	281	0.59341	-120.	150.18	972	0.10948
253	283	1.0853	-120.	152.07	972	0.11011
253	281	0.59341	-120.	150.18	972	0.10948
253	274	-0.353	-120.	151.97	972	0.11006
254	283	1.0853	-120.	152.07	972	0.11011
254	274	-0.353	-120.	151.97	972	0.11006
254	277	-0.11815	-120.	152.95	972	0.11037
255	283	1.0853	-120.	152.07	972	0.11011
255	277	-0.11815	-120.	152.95	972	0.11037
255	288	1.8045	-120.	154.98	972	0.11122
256	271	-0.83641	-120.	150.06	972	0.10951
256	256	-2.9777	-120.	149.89	972	0.10956
256	265	-1.522	-120.	147.24	972	0.10883
257	271	-0.83641	-120.	150.06	972	0.10951
257	265	-1.522	-120.	147.24	972	0.10883
257	278	0.33219	-120.	149.18	972	0.10917
258	271	-0.83641	-120.	150.06	972	0.10951
258	278	0.33219	-120.	149.18	972	0.10917
258	281	0.59341	-120.	150.18	972	0.10948
259	271	-0.83641	-120.	150.06	972	0.10951
259	281	0.59341	-120.	150.18	972	0.10948
259	274	-0.353	-120.	151.97	972	0.11006
260	271	-0.83641	-120.	150.06	972	0.10951
260	274	-0.353	-120.	151.97	972	0.11006
260	269	-1.0913	-120.	151.9	972	0.11003
261	271	-0.83641	-120.	150.06	972	0.10951
261	269	-1.0913	-120.	151.9	972	0.11003
261	256	-2.9777	-120.	149.89	972	0.10956
262	274	-0.353	-120.	151.97	972	0.11006
262	269	-1.0913	-120.	151.9	972	0.11003
262	277	-0.11815	-120.	152.95	972	0.11037
263	57	-27.373	-120.	138.94	975	0.11356
263	99	-24.821	-120.	142.41	975	0.11171
263	113	-23.261	-120.	139.86	975	0.113
264	318	7.3448	-120.	91.56	976	0.11985
264	329	9.39	-120.	91.764	976	0.11965
264	324	8.5345	-120.	93.311	976	0.11989
265	318	7.3448	-120.	91.56	976	0.11985
265	324	8.5345	-120.	93.311	976	0.11989
265	315	6.9488	-120.	92.974	976	0.12013
266	318	7.3448	-120.	91.56	976	0.11985
266	315	6.9488	-120.	92.974	976	0.12013
266	306	5.1429	-120.	90.861	976	0.11994
267	318	7.3448	-120.	91.56	976	0.11985
267	306	5.1429	-120.	90.861	976	0.11994
267	310	5.6436	-120.	89.931	976	0.11966
268	318	7.3448	-120.	91.56	976	0.11985
268	310	5.6436	-120.	89.931	976	0.11966
268	322	8.4091	-120.	90.519	976	0.1196
269	318	7.3448	-120.	91.56	976	0.11985
269	322	8.4091	-120.	90.519	976	0.1196
269	329	9.39	-120.	91.764	976	0.11965
270	306	5.1429	-120.	90.861	976	0.11994
270	315	6.9488	-120.	92.974	976	0.12013
270	300	4.2195	-120.	92.615	976	0.12053
271	329	9.39	-120.	91.764	976	0.11965
271	343	11.174	-120.	94.093	976	0.11943
271	324	8.5345	-120.	93.311	976	0.11989
272	322	8.4091	-120.	90.519	976	0.1196
272	310	5.6436	-120.	89.931	976	0.11966
272	313	6.5826	-120.	88.167	976	0.11921
273	260	-2.2653	-120.	90.059	979	0.1201
273	255	-3.011	-120.	90.17	979	0.12019
273	262	-2.0045	-120.	91.016	979	0.12057
274	270	-0.84033	-120.	89.911	979	0.11997
274	272	-0.59171	-120.	88.013	979	0.11908
274	285	1.3031	-120.	89.681	979	0.11978
275	270	-0.84033	-120.	89.911	979	0.11997
275	285	1.3031	-120.	89.681	979	0.11978
275	275	-0.15357	-120.	92.615	979	0.12119
276	270	-0.84033	-120.	89.911	979	0.11997
276	275	-0.15357	-120.	92.615	979	0.12119
276	262	-2.0045	-120.	91.016	979	0.12057
277	270	-0.84033	-120.	89.911	979	0.11997
277	262	-2.0045	-120.	91.016	979	0.12057
277	260	-2.2653	-120.	90.059	979	0.1201
278	270	-0.84033	-120.	89.911	979	0.11997
278	260	-2.2653	-120.	90.059	979	0.1201
278	266	-1.3299	-120.	88.083	979	0.11911
279	270	-0.84033	-120.	89.911	979	0.11997
279	266	-1.3299	-120.	88.083	979	0.11911
279	272	-0.59171	-120.	88.013	979	0.11908
280	264	-1.5709	-120.	87.142	979	0.11867
280	266	-1.3299	-120.	88.083	979	0.11911
280	272	-0.59171	-120.	88.013	979	0.11908
281	258	-2.7619	-120.	88.247	979	0.11919
281	253	-3.4987	-120.	85.463	979	0.11775
281	245	-4.8957	-120.	88.564	979	0.11935
282	258	-2.7619	-120.	88.247	979	0.11919
282	245	-4.8957	-120.	88.564	979	0.11935
282	255	-3.011	-120.	90.17	979	0.12019
283	258	-2.7619	-120.	88.247	979	0.11919
283	255	-3.011	-120.	90.17	979	0.12019
283	260	-2.2653	-120.	90.059	979	0.1201
284	258	-2.7619	-120.	88.247	979	0.11919
284	260	-2.2653	-120.	90.059	979	0.1201
284	266	-1.3299	-120.	88.083	979	0.11911
285	258	-2.7619	-120.	88.247	979	0.11919
285	266	-1.3299	-120.	88.083	979	0.11911
285	264	-1.5709	-120.	87.142	979	0.11867
286	258	-2.7619	-120.	88.247	979	0.11919
286	264	-1.5709	-120.	87.142	979	0.11867
286	253	-3.4987	-120.	85.463	979	0.11775
287	309	5.6436	-120.	89.931	984	0.11966
287	303	4.8924	-120.	89.862	984	0.11968
287	305	5.1429	-120.	90.861	984	0.11994
288	295	3.0008	-120.	87.884	984	0.11907
288	293	2.7559	-120.	86.903	984	0.1187
288	289	2.2612	-120.	87.855	984	0.11904
289	297	3.47	-120.	89.793	984	0.11973
289	305	5.1429	-120.	90.861	984	0.11994
289	300	4.2195	-120.	92.615	984	0.12053
290	297	3.47	-120.	89.793	984	0.11973
290	300	4.2195	-120.	92.615	984	0.12053
290	285	1.3031	-120.	89.681	984	0.11978
291	297	3.47	-120.	89.793	984	0.11973
291	285	1.3031	-120.	89.681	984	0.11978
291	289	2.2612	-120.	87.855	984	0.11904
292	297	3.47	-120.	89.793	984	0.11973
292	289	2.2612	-120.	87.855	984	0.11904
292	295	3.0008	-120.	87.884	984	0.11907
293	297	3.47	-120.	89.793	984	0.11973
293	295	3.0008	-120.	87.884	984	0.11907
293	303	4.8924	-120.	89.862	984	0.11968
294	297	3.47	-120.	89.793	984	0.11973
294	303	4.8924	-120.	89.862	984	0.11968
294	305	5.1429	-120.	90.861	984	0.11994
295	301	4.4345	-120.	87.969	984	0.11912
295	293	2.7559	-120.	86.903	984	0.1187
295	298	3.7317	-120.	85.064	984	0.1181
296	301	4.4345	-120.	87.969	984	0.11912
296	298	3.7317	-120.	85.064	984	0.1181
296	313	6.5826	-120.	88.167	984	0.11921
297	301	4.4345	-120.	87.969	984	0.11912
297	313	6.5826	-120.	88.167	984	0.11921
297	309	5.6436	-120.	89.931	984	0.11966
298	301	4.4345	-120.	87.969	984	0.11912
298	309	5.6436	-120.	89.931	984	0.11966
298	303	4.8924	-120.	89.862	984	0.11968
299	301	4.4345	-120.	87.969	984	0.11912
299	303	4.8924	-120.	89.862	984	0.11968
299	295	3.0008	-120.	87.884	984	0.11907
300	301	4.4345	-120.	87.969	984	0.11912
300	295	3.0008	-120.	87.884	984	0.11907
300	293	2.7559	-120.	86.903	984	0.1187
301	182	-14.524	-120.	96.261	995	0.12398
301	176	-16.032	-120.	95.811	995	0.12373
301	185	-13.745	-120.	94.149	995	0.12278
302	182	-14.524	-120.	96.261	995	0.12398
302	185	-13.745	-120.	94.149	995	0.12278
302	193	-12.821	-120.	94.742	995	0.12313
303	182	-14.524	-120.	96.261	995	0.12398
303	193	-12.821	-120.	94.742	995	0.12313
303	189	-13.45	-120.	97.31	995	0.12456
304	182	-14.524	-120.	96.261	995	0.12398
304	189	-13.45	-120.	97.31	995	0.12456
304	180	-14.762	-120.	98.263	995	0.12501
305	182	-14.524	-120.	96.261	995	0.12398
305	180	-14.762	-120.	98.263	995	0.12501
305	174	-16.334	-120.	97.294	995	0.12449
306	182	-14.524	-120.	96.261	995	0.12398
306	174	-16.334	-120.	97.294	995	0.12449
306	176	-16.032	-120.	95.811	995	0.12373
307	189	-13.45	-120.	97.31	995	0.12456
307	193	-12.821	-120.	94.742	995	0.12313
307	206	-11.103	-120.	95.872	995	0.12379
308	176	-16.032	-120.	95.811	995	0.12373
308	178	-15.485	-120.	93.018	995	0.12213
308	185	-13.745	-120.	94.149	995	0.12278
309	174	-16.334	-120.	97.294	995	0.12449
309	180	-14.762	-120.	98.263	995	0.12501
309	171	-16.855	-120.	100.05	995	0.12576
310	253	-3.4987	-120.	85.463	996	0.11775
310	228	-7.7041	-120.	86.405	996	0.1181
310	245	-4.8957	-120.	88.564	996	0.11935
311	169	-17.251	-120.	143.32	997	0.11122
311	163	-18.192	-120.	144.96	997	0.11064
311	148	-20.24	-120.	142.97	997	0.11144
312	152	-19.63	-120.	147.46	997	0.10982
312	127	-21.862	-120.	145.54	997	0.1104
312	159	-18.684	-120.	145.81	997	0.11035
313	99	-24.821	-120.	142.41	997	0.11171
313	129	-21.791	-120.	142.79	997	0.11154
313	114	-22.843	-120.	144.59	997	0.11076
314	142	-20.602	-120.	144.44	997	0.11084
314	148	-20.24	-120.	142.97	997	0.11144
314	163	-18.192	-120.	144.96	997	0.11064
315	142	-20.602	-120.	144.44	997	0.11084
315	163	-18.192	-120.	144.96	997	0.11064
315	159	-18.684	-120.	145.81	997	0.11035
316	142	-20.602	-120.	144.44	997	0.11084
316	159	-18.684	-120.	145.81	997	0.11035
316	127	-21.862	-120.	145.54	997	0.1104
317	142	-20.602	-120.	144.44	997	0.11084
317	127	-21.862	-120.	145.54	997	0.1104
317	114	-22.843	-120.	144.59	997	0.11076
318	142	-20.602	-120.	144.44	997	0.11084
318	114	-22.843	-120.	144.59	997	0.11076
318	129	-21.791	-120.	142.79	997	0.11154
319	142	-20.602	-120.	144.44	997	0.11084
319	129	-21.791	-120.	142.79	997	0.11154
319	148	-20.24	-120.	142.97	997	0.11144
320	575	36.909	-120.	117.34	999	0.10576
320	573	36.317	-120.	113.07	999	0.10797
320	555	33.96	-120.	115.92	999	0.1064
321	313	6.5826	-120.	88.167	1004	0.11921
321	321	8.0152	-120.	85.538	1004	0.11866
321	298	3.7317	-120.	85.064	1004	0.1181
322	108	-23.689	-120.	103.77	1024	0.12679
322	103	-24.368	-120.	105.63	1024	0.12711
322	78	-26.081	-120.	104.59	1024	0.12694
323	108	-23.689	-120.	103.77	1024	0.12679
323	78	-26.081	-120.	104.59	1024	0.12694
323	90	-25.369	-120.	103.36	1024	0.1267
324	108	-23.689	-120.	103.77	1024	0.12679
324	90	-25.369	-120.	103.36	1024	0.1267
324	122	-22.197	-120.	101.87	1024	0.12631
325	108	-23.689	-120.	103.77	1024	0.12679
325	122	-22.197	-120.	101.87	1024	0.12631
325	135	-21.358	-120.	102.37	1024	0.12646
326	108	-23.689	-120.	103.77	1024	0.12679
326	135	-21.358	-120.	102.37	1024	0.12646
326	116	-22.763	-120.	104.8	1024	0.127
327	108	-23.689	-120.	103.77	1024	0.12679
327	116	-22.763	-120.	104.8	1024	0.127
327	103	-24.368	-120.	105.63	1024	0.12711
328	122	-22.197	-120.	101.87	1024	0.12631
328	90	-25.369	-120.	103.36	1024	0.1267
328	107	-23.785	-120.	100.93	1024	0.12602
329	103	-24.368	-120.	105.63	1024	0.12711
329	55	-27.388	-120.	107.17	1024	0.12724
329	78	-26.081	-120.	104.59	1024	0.12694
330	116	-22.763	-120.	104.8	1024	0.127
330	135	-21.358	-120.	102.37	1024	0.12646
330	151	-19.781	-120.	103.3	1024	0.12672
331	84	-25.691	-120.	136.27	1035	0.1151
331	64	-26.981	-120.	133.72	1035	0.11671
331	101	-24.589	-120.	134.53	1035	0.11617
332	27	-29.479	-120.	135.18	1035	0.11582
332	10	-30.643	-120.	132.48	1035	0.11752
332	41	-28.225	-120.	133.31	1035	0.11698
333	54	-27.584	-120.	135.34	1035	0.1157
333	27	-29.479	-120.	135.18	1035	0.11582
333	41	-28.225	-120.	133.31	1035	0.11698
334	54	-27.584	-120.	135.34	1035	0.1157
334	41	-28.225	-120.	133.31	1035	0.11698
334	64	-26.981	-120.	133.72	1035	0.11671
335	54	-27.584	-120.	135.34	1035	0.1157
335	64	-26.981	-120.	133.72	1035	0.11671
335	84	-25.691	-120.	136.27	1035	0.1151
336	54	-27.584	-120.	135.34	1035	0.1157
336	84	-25.691	-120.	136.27	1035	0.1151
336	75	-26.268	-120.	137.17	1035	0.11456
337	54	-27.584	-120.	135.34	1035	0.1157
337	75	-26.268	-120.	137.17	1035	0.11456
337	34	-28.862	-120.	136.4	1035	0.11507
338	54	-27.584	-120.	135.34	1035	0.1157
338	34	-28.862	-120.	136.4	1035	0.11507
338	27	-29.479	-120.	135.18	1035	0.11582
339	57	-27.373	-120.	138.94	1035	0.11356
339	34	-28.862	-120.	136.4	1035	0.11507
339	75	-26.268	-120.	137.17	1035	0.11456
340	131	-21.647	-120.	137.26	1036	0.11445
340	118	-22.638	-120.	137.55	1036	0.1143
340	120	-22.202	-120.	138.16	1036	0.11393
341	92	-25.296	-120.	136.9	1036	0.11472
341	85	-25.691	-120.	136.27	1036	0.1151
341	74	-26.268	-120.	137.17	1036	0.11456
342	102	-24.506	-120.	138.1	1036	0.11401
342	120	-22.202	-120.	138.16	1036	0.11393
342	113	-23.261	-120.	139.86	1036	0.113
343	102	-24.506	-120.	138.1	1036	0.11401
343	113	-23.261	-120.	139.86	1036	0.113
343	57	-27.373	-120.	138.94	1036	0.11356
344	102	-24.506	-120.	138.1	1036	0.11401
344	57	-27.373	-120.	138.94	1036	0.11356
344	74	-26.268	-120.	137.17	1036	0.11456
345	102	-24.506	-120.	138.1	1036	0.11401
345	74	-26.268	-120.	137.17	1036	0.11456
345	92	-25.296	-120.	136.9	1036	0.11472
346	102	-24.506	-120.	138.1	1036	0.11401
346	92	-25.296	-120.	136.9	1036	0.11472
346	118	-22.638	-120.	137.55	1036	0.1143
347	102	-24.506	-120.	138.1	1036	0.11401
347	118	-22.638	-120.	137.55	1036	0.1143
347	120	-22.202	-120.	138.16	1036	0.11393
348	111	-23.409	-120.	136.35	1036	0.11502
348	85	-25.691	-120.	136.27	1036	0.1151
348	101	-24.589	-120.	134.53	1036	0.11617
349	111	-23.409	-120.	136.35	1036	0.11502
349	101	-24.589	-120.	134.53	1036	0.11617
349	143	-20.59	-120.	135.59	1036	0.11544
350	111	-23.409	-120.	136.35	1036	0.11502
350	143	-20.59	-120.	135.59	1036	0.11544
350	131	-21.647	-120.	137.26	1036	0.11445
351	111	-23.409	-120.	136.35	1036	0.11502
351	131	-21.647	-120.	137.26	1036	0.11445
351	118	-22.638	-120.	137.55	1036	0.1143
352	111	-23.409	-120.	136.35	1036	0.11502
352	118	-22.638	-120.	137.55	1036	0.1143
352	92	-25.296	-120.	136.9	1036	0.11472
353	111	-23.409	-120.	136.35	1036	0.11502
353	92	-25.296	-120.	136.9	1036	0.11472
353	85	-25.691	-120.	136.27	1036	0.1151
354	149	-19.941	-120.	138.82	1037	0.1135
354	166	-17.829	-120.	138.97	1037	0.11334
354	158	-18.742	-120.	140.49	1037	0.11255
355	149	-19.941	-120.	138.82	1037	0.1135
355	158	-18.742	-120.	140.49	1037	0.11255
355	147	-20.31	-120.	140.26	1037	0.11272
356	149	-19.941	-120.	138.82	1037	0.1135
356	147	-20.31	-120.	140.26	1037	0.11272
356	121	-22.202	-120.	138.16	1037	0.11393
357	149	-19.941	-120.	138.82	1037	0.1135
357	121	-22.202	-120.	138.16	1037	0.11393
357	132	-21.647	-120.	137.26	1037	0.11445
358	149	-19.941	-120.	138.82	1037	0.1135
358	132	-21.647	-120.	137.26	1037	0.11445
358	154	-18.914	-120.	137.77	1037	0.11407
359	149	-19.941	-120.	138.82	1037	0.1135
359	154	-18.914	-120.	137.77	1037	0.11407
359	166	-17.829	-120.	138.97	1037	0.11334
360	121	-22.202	-120.	138.16	1037	0.11393
360	147	-20.31	-120.	140.26	1037	0.11272
360	113	-23.261	-120.	139.86	1037	0.113
361	166	-17.829	-120.	138.97	1037	0.11334
361	177	-15.833	-120.	140.87	1037	0.11222
361	158	-18.742	-120.	140.49	1037	0.11255
362	154	-18.914	-120.	137.77	1037	0.11407
362	132	-21.647	-120.	137.26	1037	0.11445
362	143	-20.59	-120.	135.59	1037	0.11544
363	86	-25.532	-120.	128.87	1041	0.11974
363	71	-26.322	-120.	130.55	1041	0.11871
363	62	-27.196	-120.	127.86	1041	0.12039
364	86	-25.532	-120.	128.87	1041	0.11974
364	62	-27.196	-120.	127.86	1041	0.12039
364	69	-26.429	-120.	126.87	1041	0.12097
365	86	-25.532	-120.	128.87	1041	0.11974
365	69	-26.429	-120.	126.87	1041	0.12097
365	105	-24.331	-120.	127.71	1041	0.12042
366	86	-25.532	-120.	128.87	1041	0.11974
366	105	-24.331	-120.	127.71	1041	0.12042
366	106	-23.83	-120.	129.26	1041	0.11948
367	86	-25.532	-120.	128.87	1041	0.11974
367	106	-23.83	-120.	129.26	1041	0.11948
367	95	-25.087	-120.	131.	1041	0.11841
368	86	-25.532	-120.	128.87	1041	0.11974
368	95	-25.087	-120.	131.	1041	0.11841
368	71	-26.322	-120.	130.55	1041	0.11871
369	105	-24.331	-120.	127.71	1041	0.12042
369	69	-26.429	-120.	126.87	1041	0.12097
369	96	-24.974	-120.	125.04	1041	0.12199
370	71	-26.322	-120.	130.55	1041	0.11871
370	35	-28.656	-120.	129.72	1041	0.11925
370	62	-27.196	-120.	127.86	1041	0.12039
371	95	-25.087	-120.	131.	1041	0.11841
371	106	-23.83	-120.	129.26	1041	0.11948
371	115	-22.777	-120.	131.8	1041	0.11787
372	61	-27.224	-120.	112.18	1056	0.12699
372	100	-24.688	-120.	113.62	1056	0.12664
372	112	-23.336	-120.	109.46	1056	0.12721
373	150	-19.798	-120.	140.81	1065	0.11243
373	157	-18.742	-120.	140.49	1065	0.11255
373	146	-20.31	-120.	140.26	1065	0.11272
374	156	-18.773	-120.	141.82	1065	0.11192
374	169	-17.251	-120.	143.32	1065	0.11122
374	177	-15.833	-120.	140.87	1065	0.11222
375	156	-18.773	-120.	141.82	1065	0.11192
375	177	-15.833	-120.	140.87	1065	0.11222
375	157	-18.742	-120.	140.49	1065	0.11255
376	156	-18.773	-120.	141.82	1065	0.11192
376	157	-18.742	-120.	140.49	1065	0.11255
376	150	-19.798	-120.	140.81	1065	0.11243
377	156	-18.773	-120.	141.82	1065	0.11192
377	150	-19.798	-120.	140.81	1065	0.11243
377	141	-20.774	-120.	142.45	1065	0.11168
378	156	-18.773	-120.	141.82	1065	0.11192
378	141	-20.774	-120.	142.45	1065	0.11168
378	148	-20.24	-120.	142.97	1065	0.11144
379	156	-18.773	-120.	141.82	1065	0.11192
379	148	-20.24	-120.	142.97	1065	0.11144
379	169	-17.251	-120.	143.32	1065	0.11122
380	128	-21.792	-120.	141.43	1065	0.11217
380	99	-24.821	-120.	142.41	1065	0.11171
380	113	-23.261	-120.	139.86	1065	0.113
381	128	-21.792	-120.	141.43	1065	0.11217
381	113	-23.261	-120.	139.86	1065	0.113
381	146	-20.31	-120.	140.26	1065	0.11272
382	128	-21.792	-120.	141.43	1065	0.11217
382	146	-20.31	-120.	140.26	1065	0.11272
382	150	-19.798	-120.	140.81	1065	0.11243
383	128	-21.792	-120.	141.43	1065	0.11217
383	150	-19.798	-120.	140.81	1065	0.11243
383	141	-20.774	-120.	142.45	1065	0.11168
384	128	-21.792	-120.	141.43	1065	0.11217
384	141	-20.774	-120.	142.45	1065	0.11168
384	129	-21.791	-120.	142.79	1065	0.11154
385	128	-21.792	-120.	141.43	1065	0.11217
385	129	-21.791	-120.	142.79	1065	0.11154
385	99	-24.821	-120.	142.41	1065	0.11171
386	141	-20.774	-120.	142.45	1065	0.11168
386	129	-21.791	-120.	142.79	1065	0.11154
386	148	-20.24	-120.	142.97	1065	0.11144
387	77	-26.164	-120.	103.72	1069	0.12677
387	79	-26.081	-120.	104.59	1069	0.12694
387	89	-25.369	-120.	103.36	1069	0.1267
388	76	-26.232	-120.	102.02	1069	0.12636
388	47	-27.911	-120.	101.92	1069	0.12633
388	73	-26.285	-120.	99.47	1069	0.12552
389	76	-26.232	-120.	102.02	1069	0.12636
389	73	-26.285	-120.	99.47	1069	0.12552
389	107	-23.785	-120.	100.93	1069	0.12602
390	76	-26.232	-120.	102.02	1069	0.12636
390	107	-23.785	-120.	100.93	1069	0.12602
390	89	-25.369	-120.	103.36	1069	0.1267
391	76	-26.232	-120.	102.02	1069	0.12636
391	89	-25.369	-120.	103.36	1069	0.1267
391	77	-26.164	-120.	103.72	1069	0.12677
392	76	-26.232	-120.	102.02	1069	0.12636
392	77	-26.164	-120.	103.72	1069	0.12677
392	48	-27.878	-120.	102.73	1069	0.12654
393	76	-26.232	-120.	102.02	1069	0.12636
393	48	-27.878	-120.	102.73	1069	0.12654
393	47	-27.911	-120.	101.92	1069	0.12633
394	37	-28.595	-120.	103.11	1069	0.12663
394	48	-27.878	-120.	102.73	1069	0.12654
394	47	-27.911	-120.	101.92	1069	0.12633
395	51	-27.669	-120.	104.51	1069	0.12691
395	20	-29.906	-120.	105.74	1069	0.12707
395	55	-27.388	-120.	107.17	1069	0.12724
396	51	-27.669	-120.	104.51	1069	0.12691
396	55	-27.388	-120.	107.17	1069	0.12724
396	79	-26.081	-120.	104.59	1069	0.12694
397	51	-27.669	-120.	104.51	1069	0.12691
397	79	-26.081	-120.	104.59	1069	0.12694
397	77	-26.164	-120.	103.72	1069	0.12677
398	51	-27.669	-120.	104.51	1069	0.12691
398	77	-26.164	-120.	103.72	1069	0.12677
398	48	-27.878	-120.	102.73	1069	0.12654
399	51	-27.669	-120.	104.51	1069	0.12691
399	48	-27.878	-120.	102.73	1069	0.12654
399	37	-28.595	-120.	103.11	1069	0.12663
400	51	-27.669	-120.	104.51	1069	0.12691
400	37	-28.595	-120.	103.11	1069	0.12663
400	20	-29.906	-120.	105.74	1069	0.12707
401	417	21.839	-120.	142.89	1084	0.10507
401	424	22.411	-120.	142.4	1084	0.10484
401	413	21.536	-120.	141.87	1084	0.10459
402	425	22.428	-120.	144.8	1084	0.10601
402	430	23.336	-120.	147.74	1084	0.10759
402	434	24.064	-120.	143.4	1084	0.10529
403	425	22.428	-120.	144.8	1084	0.10601
403	434	24.064	-120.	143.4	1084	0.10529
403	424	22.411	-120.	142.4	1084	0.10484
404	425	22.428	-120.	144.8	1084	0.10601
404	424	22.411	-120.	142.4	1084	0.10484
404	417	21.839	-120.	142.89	1084	0.10507
405	425	22.428	-120.	144.8	1084	0.10601
405	417	21.839	-120.	142.89	1084	0.10507
405	411	21.309	-120.	145.7	1084	0.1065
406	425	22.428	-120.	144.8	1084	0.10601
406	411	21.309	-120.	145.7	1084	0.1065
406	414	21.609	-120.	146.7	1084	0.10704
407	425	22.428	-120.	144.8	1084	0.10601
407	414	21.609	-120.	146.7	1084	0.10704
407	430	23.336	-120.	147.74	1084	0.10759
408	403	20.72	-120.	143.77	1084	0.10549
408	393	19.016	-120.	145.11	1084	0.1062
408	399	19.899	-120.	140.87	1084	0.10413
409	403	20.72	-120.	143.77	1084	0.10549
409	399	19.899	-120.	140.87	1084	0.10413
409	413	21.536	-120.	141.87	1084	0.10459
410	403	20.72	-120.	143.77	1084	0.10549
410	413	21.536	-120.	141.87	1084	0.10459
410	417	21.839	-120.	142.89	1084	0.10507
411	403	20.72	-120.	143.77	1084	0.10549
411	417	21.839	-120.	142.89	1084	0.10507
411	411	21.309	-120.	145.7	1084	0.1065
412	403	20.72	-120.	143.77	1084	0.10549
412	411	21.309	-120.	145.7	1084	0.1065
412	404	20.723	-120.	146.15	1084	0.10675
413	403	20.72	-120.	143.77	1084	0.10549
413	404	20.723	-120.	146.15	1084	0.10675
413	393	19.016	-120.	145.11	1084	0.1062
414	411	21.309	-120.	145.7	1084	0.1065
414	404	20.723	-120.	146.15	1084	0.10675
414	414	21.609	-120.	146.7	1084	0.10704
415	346	11.663	-120.	147.66	1097	0.10772
415	349	11.922	-120.	148.61	1097	0.10826
415	354	12.635	-120.	148.36	1097	0.1081
416	342	11.047	-120.	150.83	1097	0.10952
416	334	10.335	-120.	151.03	1097	0.10964
416	345	11.293	-120.	151.76	1097	0.11003
417	351	12.422	-120.	150.4	1097	0.10927
417	354	12.635	-120.	148.36	1097	0.1081
417	362	14.46	-120.	149.69	1097	0.10885
418	351	12.422	-120.	150.4	1097	0.10927
418	362	14.46	-120.	149.69	1097	0.10885
418	356	13.174	-120.	153.16	1097	0.11082
419	351	12.422	-120.	150.4	1097	0.10927
419	356	13.174	-120.	153.16	1097	0.11082
419	345	11.293	-120.	151.76	1097	0.11003
420	351	12.422	-120.	150.4	1097	0.10927
420	345	11.293	-120.	151.76	1097	0.11003
420	342	11.047	-120.	150.83	1097	0.10952
421	351	12.422	-120.	150.4	1097	0.10927
421	342	11.047	-120.	150.83	1097	0.10952
421	349	11.922	-120.	148.61	1097	0.10826
422	351	12.422	-120.	150.4	1097	0.10927
422	349	11.922	-120.	148.61	1097	0.10826
422	354	12.635	-120.	148.36	1097	0.1081
423	338	10.553	-120.	149.02	1097	0.10852
423	334	10.335	-120.	151.03	1097	0.10964
423	323	8.4836	-120.	149.65	1097	0.1089
424	338	10.553	-120.	149.02	1097	0.10852
424	323	8.4836	-120.	149.65	1097	0.1089
424	332	9.8655	-120.	146.33	1097	0.10702
425	338	10.553	-120.	149.02	1097	0.10852
425	332	9.8655	-120.	146.33	1097	0.10702
425	346	11.663	-120.	147.66	1097	0.10772
426	338	10.553	-120.	149.02	1097	0.10852
426	346	11.663	-120.	147.66	1097	0.10772
426	349	11.922	-120.	148.61	1097	0.10826
427	338	10.553	-120.	149.02	1097	0.10852
427	349	11.922	-120.	148.61	1097	0.10826
427	342	11.047	-120.	150.83	1097	0.10952
428	338	10.553	-120.	149.02	1097	0.10852
428	342	11.047	-120.	150.83	1097	0.10952
428	334	10.335	-120.	151.03	1097	0.10964
429	393	19.016	-120.	145.11	1104	0.1062
429	399	19.899	-120.	140.87	1104	0.10413
429	375	16.361	-120.	143.44	1104	0.10528
430	436	24.303	-120.	140.3	1108	0.10397
430	440	24.802	-120.	139.73	1108	0.10377
430	438	24.441	-120.	138.64	1108	0.10341
431	450	26.414	-120.	140.68	1108	0.1041
431	455	26.788	-120.	141.73	1108	0.10451
431	457	26.876	-120.	140.1	1108	0.10389
432	446	25.708	-120.	138.62	1108	0.1034
432	438	24.441	-120.	138.64	1108	0.10341
432	439	24.656	-120.	135.59	1108	0.10261
433	446	25.708	-120.	138.62	1108	0.1034
433	439	24.656	-120.	135.59	1108	0.10261
433	460	27.061	-120.	136.97	1108	0.10293
434	446	25.708	-120.	138.62	1108	0.1034
434	460	27.061	-120.	136.97	1108	0.10293
434	457	26.876	-120.	140.1	1108	0.10389
435	446	25.708	-120.	138.62	1108	0.1034
435	457	26.876	-120.	140.1	1108	0.10389
435	450	26.414	-120.	140.68	1108	0.1041
436	446	25.708	-120.	138.62	1108	0.1034
436	450	26.414	-120.	140.68	1108	0.1041
436	440	24.802	-120.	139.73	1108	0.10377
437	446	25.708	-120.	138.62	1108	0.1034
437	440	24.802	-120.	139.73	1108	0.10377
437	438	24.441	-120.	138.64	1108	0.10341
438	445	25.493	-120.	141.79	1108	0.10455
438	455	26.788	-120.	141.73	1108	0.10451
438	452	26.586	-120.	144.91	1108	0.10599
439	445	25.493	-120.	141.79	1108	0.10455
439	452	26.586	-120.	144.91	1108	0.10599
439	434	24.064	-120.	143.4	1108	0.10529
440	445	25.493	-120.	141.79	1108	0.10455
440	434	24.064	-120.	143.4	1108	0.10529
440	436	24.303	-120.	140.3	1108	0.10397
441	445	25.493	-120.	141.79	1108	0.10455
441	436	24.303	-120.	140.3	1108	0.10397
441	440	24.802	-120.	139.73	1108	0.10377
442	445	25.493	-120.	141.79	1108	0.10455
442	440	24.802	-120.	139.73	1108	0.10377
442	450	26.414	-120.	140.68	1108	0.1041
443	445	25.493	-120.	141.79	1108	0.10455
443	450	26.414	-120.	140.68	1108	0.1041
443	455	26.788	-120.	141.73	1108	0.10451
444	88	-25.431	-120.	120.69	1109	0.1242
444	44	-28.087	-120.	123.61	1109	0.12283
444	96	-24.974	-120.	125.04	1109	0.12199
445	362	14.46	-120.	149.69	1115	0.10885
445	356	13.174	-120.	153.16	1115	0.11082
445	380	17.167	-120.	151.53	1115	0.10989
446	308	5.588	-120.	147.24	1140	0.10785
446	323	8.4836	-120.	149.65	1140	0.1089
446	332	9.8655	-120.	146.33	1140	0.10702
447	508	30.804	-120.	116.74	1153	0.10602
447	480	29.255	-120.	116.32	1153	0.10627
447	506	30.803	-120.	114.51	1153	0.10716
448	508	30.804	-120.	116.74	1153	0.10602
448	506	30.803	-120.	114.51	1153	0.10716
448	527	31.894	-120.	115.	1153	0.10688
449	508	30.804	-120.	116.74	1153	0.10602
449	527	31.894	-120.	115.	1153	0.10688
449	532	32.19	-120.	117.81	1153	0.10548
450	508	30.804	-120.	116.74	1153	0.10602
450	532	32.19	-120.	117.81	1153	0.10548
450	515	31.257	-120.	118.83	1153	0.10504
451	508	30.804	-120.	116.74	1153	0.10602
451	515	31.257	-120.	118.83	1153	0.10504
451	487	29.425	-120.	117.94	1153	0.10551
452	508	30.804	-120.	116.74	1153	0.10602
452	487	29.425	-120.	117.94	1153	0.10551
452	480	29.255	-120.	116.32	1153	0.10627
453	532	32.19	-120.	117.81	1153	0.10548
453	527	31.894	-120.	115.	1153	0.10688
453	555	33.96	-120.	115.92	1153	0.1064
454	480	29.255	-120.	116.32	1153	0.10627
454	477	28.754	-120.	113.62	1153	0.1077
454	506	30.803	-120.	114.51	1153	0.10716
455	487	29.425	-120.	117.94	1153	0.10551
455	515	31.257	-120.	118.83	1153	0.10504
455	491	29.497	-120.	120.69	1153	0.10434
456	466	27.921	-120.	96.479	1215	0.11775
456	441	24.832	-120.	93.474	1215	0.11897
456	431	23.352	-120.	95.976	1215	0.11797
457	67	-26.804	-120.	117.53	1253	0.12555
457	66	-26.814	-120.	115.45	1253	0.12624
457	93	-25.189	-120.	116.32	1253	0.12589
458	67	-26.804	-120.	117.53	1253	0.12555
458	93	-25.189	-120.	116.32	1253	0.12589
458	91	-25.359	-120.	117.94	1253	0.12533
459	67	-26.804	-120.	117.53	1253	0.12555
459	91	-25.359	-120.	117.94	1253	0.12533
459	60	-27.268	-120.	119.76	1253	0.12467
460	67	-26.804	-120.	117.53	1253	0.12555
460	60	-27.268	-120.	119.76	1253	0.12467
460	39	-28.244	-120.	119.26	1253	0.1249
461	67	-26.804	-120.	117.53	1253	0.12555
461	39	-28.244	-120.	119.26	1253	0.1249
461	46	-27.948	-120.	116.45	1253	0.12595
462	67	-26.804	-120.	117.53	1253	0.12555
462	46	-27.948	-120.	116.45	1253	0.12595
462	66	-26.814	-120.	115.45	1253	0.12624
463	60	-27.268	-120.	119.76	1253	0.12467
463	91	-25.359	-120.	117.94	1253	0.12533
463	88	-25.431	-120.	120.69	1253	0.1242
464	66	-26.814	-120.	115.45	1253	0.12624
464	100	-24.688	-120.	113.62	1253	0.12664
464	93	-25.189	-120.	116.32	1253	0.12589
465	46	-27.948	-120.	116.45	1253	0.12595
465	39	-28.244	-120.	119.26	1253	0.1249
465	16	-30.093	-120.	118.32	1253	0.12528
466	33	-28.882	-120.	111.23	1255	0.12711
466	61	-27.224	-120.	112.18	1255	0.12699
466	30	-29.43	-120.	114.03	1255	0.12661
467	13	-30.536	-120.	112.93	1255	0.12682
467	33	-28.882	-120.	111.23	1255	0.12711
467	30	-29.43	-120.	114.03	1255	0.12661
468	13	-30.536	-120.	112.93	1255	0.12682
468	30	-29.43	-120.	114.03	1255	0.12661
468	11	-30.578	-120.	114.99	1255	0.12635
469	13	-30.536	-120.	112.93	1255	0.12682
469	11	-30.578	-120.	114.99	1255	0.12635
469	4	-32.421	-120.	113.97	1255	0.12654
470	13	-30.536	-120.	112.93	1255	0.12682
470	4	-32.421	-120.	113.97	1255	0.12654
470	5	-32.159	-120.	112.62	1255	0.12682
471	13	-30.536	-120.	112.93	1255	0.12682
471	5	-32.159	-120.	112.62	1255	0.12682
471	22	-29.748	-120.	110.74	1255	0.12715
472	13	-30.536	-120.	112.93	1255	0.12682
472	22	-29.748	-120.	110.74	1255	0.12715
472	33	-28.882	-120.	111.23	1255	0.12711
473	4	-32.421	-120.	113.97	1255	0.12654
473	11	-30.578	-120.	114.99	1255	0.12635
473	1	-32.805	-120.	116.88	1255	0.12571
474	5	-32.159	-120.	112.62	1255	0.12682
474	7	-31.417	-120.	109.78	1255	0.12717
474	22	-29.748	-120.	110.74	1255	0.12715
475	381	17.43	-120.	91.87	1256	0.1193
475	392	18.881	-120.	89.348	1256	0.11975
475	364	14.983	-120.	87.508	1256	0.11955
476	81	-26.046	-120.	131.25	1264	0.11826
476	94	-25.087	-120.	131.	1264	0.11841
476	72	-26.322	-120.	130.55	1264	0.11871
477	49	-27.864	-120.	131.72	1264	0.11798
477	41	-28.225	-120.	133.31	1264	0.11698
477	10	-30.643	-120.	132.48	1264	0.11752
478	49	-27.864	-120.	131.72	1264	0.11798
478	10	-30.643	-120.	132.48	1264	0.11752
478	35	-28.656	-120.	129.72	1264	0.11925
479	49	-27.864	-120.	131.72	1264	0.11798
479	35	-28.656	-120.	129.72	1264	0.11925
479	72	-26.322	-120.	130.55	1264	0.11871
480	49	-27.864	-120.	131.72	1264	0.11798
480	72	-26.322	-120.	130.55	1264	0.11871
480	81	-26.046	-120.	131.25	1264	0.11826
481	49	-27.864	-120.	131.72	1264	0.11798
481	81	-26.046	-120.	131.25	1264	0.11826
481	58	-27.289	-120.	133.05	1264	0.11714
482	49	-27.864	-120.	131.72	1264	0.11798
482	58	-27.289	-120.	133.05	1264	0.11714
482	41	-28.225	-120.	133.31	1264	0.11698
483	64	-26.981	-120.	133.72	1264	0.11671
483	58	-27.289	-120.	133.05	1264	0.11714
483	41	-28.225	-120.	133.31	1264	0.11698
484	87	-25.462	-120.	132.56	1264	0.11743
484	101	-24.589	-120.	134.53	1264	0.11617
484	115	-22.777	-120.	131.8	1264	0.11787
485	87	-25.462	-120.	132.56	1264	0.11743
485	115	-22.777	-120.	131.8	1264	0.11787
485	94	-25.087	-120.	131.	1264	0.11841
486	87	-25.462	-120.	132.56	1264	0.11743
486	94	-25.087	-120.	131.	1264	0.11841
486	81	-26.046	-120.	131.25	1264	0.11826
487	87	-25.462	-120.	132.56	1264	0.11743
487	81	-26.046	-120.	131.25	1264	0.11826
487	58	-27.289	-120.	133.05	1264	0.11714
488	87	-25.462	-120.	132.56	1264	0.11743
488	58	-27.289	-120.	133.05	1264	0.11714
488	64	-26.981	-120.	133.72	1264	0.11671
489	87	-25.462	-120.	132.56	1264	0.11743
489	64	-26.981	-120.	133.72	1264	0.11671
489	101	-24.589	-120.	134.53	1264	0.11617
490	184	-14.334	-120.	145.42	1276	0.11041
490	186	-13.704	-120.	145.83	1276	0.11028
490	191	-13.215	-120.	145.	1276	0.11046
491	173	-16.43	-120.	146.22	1276	0.11024
491	152	-19.63	-120.	147.46	1276	0.10982
491	181	-14.63	-120.	147.4	1276	0.10995
492	173	-16.43	-120.	146.22	1276	0.11024
492	181	-14.63	-120.	147.4	1276	0.10995
492	186	-13.704	-120.	145.83	1276	0.11028
493	173	-16.43	-120.	146.22	1276	0.11024
493	186	-13.704	-120.	145.83	1276	0.11028
493	184	-14.334	-120.	145.42	1276	0.11041
494	173	-16.43	-120.	146.22	1276	0.11024
494	184	-14.334	-120.	145.42	1276	0.11041
494	168	-17.598	-120.	145.4	1276	0.11049
495	173	-16.43	-120.	146.22	1276	0.11024
495	168	-17.598	-120.	145.4	1276	0.11049
495	160	-18.684	-120.	145.81	1276	0.11035
496	173	-16.43	-120.	146.22	1276	0.11024
496	160	-18.684	-120.	145.81	1276	0.11035
496	152	-19.63	-120.	147.46	1276	0.10982
497	179	-15.481	-120.	144.59	1276	0.1107
497	169	-17.251	-120.	143.32	1276	0.11122
497	197	-12.295	-120.	143.44	1276	0.11083
498	179	-15.481	-120.	144.59	1276	0.1107
498	197	-12.295	-120.	143.44	1276	0.11083
498	191	-13.215	-120.	145.	1276	0.11046
499	179	-15.481	-120.	144.59	1276	0.1107
499	191	-13.215	-120.	145.	1276	0.11046
499	184	-14.334	-120.	145.42	1276	0.11041
500	179	-15.481	-120.	144.59	1276	0.1107
500	184	-14.334	-120.	145.42	1276	0.11041
500	168	-17.598	-120.	145.4	1276	0.11049
501	179	-15.481	-120.	144.59	1276	0.1107
501	168	-17.598	-120.	145.4	1276	0.11049
501	164	-18.192	-120.	144.96	1276	0.11064
502	179	-15.481	-120.	144.59	1276	0.1107
502	164	-18.192	-120.	144.96	1276	0.11064
502	169	-17.251	-120.	143.32	1276	0.11122
503	168	-17.598	-120.	145.4	1276	0.11049
503	164	-18.192	-120.	144.96	1276	0.11064
503	160	-18.684	-120.	145.81	1276	0.11035
504	20	-29.906	-120.	105.74	1287	0.12707
504	7	-31.417	-120.	109.78	1287	0.12717
504	55	-27.388	-120.	107.17	1287	0.12724
505	203	-11.708	-120.	147.15	1310	0.10994
505	191	-13.215	-120.	145.	1310	0.11046
505	211	-10.674	-120.	146.2	1310	0.11004
506	203	-11.708	-120.	147.15	1310	0.10994
506	211	-10.674	-120.	146.2	1310	0.11004
506	216	-9.7773	-120.	147.68	1310	0.1098
507	203	-11.708	-120.	147.15	1310	0.10994
507	216	-9.7773	-120.	147.68	1310	0.1098
507	209	-10.796	-120.	149.39	1310	0.1097
508	203	-11.708	-120.	147.15	1310	0.10994
508	209	-10.796	-120.	149.39	1310	0.1097
508	200	-12.084	-120.	148.78	1310	0.10975
509	203	-11.708	-120.	147.15	1310	0.10994
509	200	-12.084	-120.	148.78	1310	0.10975
509	186	-13.704	-120.	145.83	1310	0.11028
510	203	-11.708	-120.	147.15	1310	0.10994
510	186	-13.704	-120.	145.83	1310	0.11028
510	191	-13.215	-120.	145.	1310	0.11046
511	209	-10.796	-120.	149.39	1310	0.1097
511	216	-9.7773	-120.	147.68	1310	0.1098
511	226	-8.113	-120.	150.47	1310	0.10972
512	191	-13.215	-120.	145.	1310	0.11046
512	197	-12.295	-120.	143.44	1310	0.11083
512	211	-10.674	-120.	146.2	1310	0.11004
513	186	-13.704	-120.	145.83	1310	0.11028
513	200	-12.084	-120.	148.78	1310	0.10975
513	181	-14.63	-120.	147.4	1310	0.10995
514	288	1.8045	-120.	154.98	1350	0.11122
514	311	6.1077	-120.	154.74	1350	0.11141
514	296	3.2389	-120.	152.16	1350	0.11016
515	430	23.336	-120.	147.74	1355	0.10759
515	452	26.586	-120.	144.91	1355	0.10599
515	434	24.064	-120.	143.4	1355	0.10529
516	372	15.89	-120.	146.87	1362	0.1072
516	369	15.629	-120.	145.89	1362	0.10665
516	366	15.218	-120.	147.21	1362	0.1074
517	379	17.139	-120.	146.16	1362	0.1068
517	393	19.016	-120.	145.11	1362	0.1062
517	375	16.361	-120.	143.44	1362	0.10528
518	379	17.139	-120.	146.16	1362	0.1068
518	375	16.361	-120.	143.44	1362	0.10528
518	369	15.629	-120.	145.89	1362	0.10665
519	379	17.139	-120.	146.16	1362	0.1068
519	369	15.629	-120.	145.89	1362	0.10665
519	372	15.89	-120.	146.87	1362	0.1072
520	379	17.139	-120.	146.16	1362	0.1068
520	372	15.89	-120.	146.87	1362	0.1072
520	383	17.646	-120.	148.02	1362	0.10784
521	379	17.139	-120.	146.16	1362	0.1068
521	383	17.646	-120.	148.02	1362	0.10784
521	386	18.289	-120.	147.65	1362	0.10763
522	379	17.139	-120.	146.16	1362	0.1068
522	386	18.289	-120.	147.65	1362	0.10763
522	393	19.016	-120.	145.11	1362	0.1062
523	376	16.383	-120.	148.72	1362	0.10826
523	380	17.167	-120.	151.53	1362	0.10989
523	362	14.46	-120.	149.69	1362	0.10885
524	376	16.383	-120.	148.72	1362	0.10826
524	362	14.46	-120.	149.69	1362	0.10885
524	366	15.218	-120.	147.21	1362	0.1074
525	376	16.383	-120.	148.72	1362	0.10826
525	366	15.218	-120.	147.21	1362	0.1074
525	372	15.89	-120.	146.87	1362	0.1072
526	376	16.383	-120.	148.72	1362	0.10826
526	372	15.89	-120.	146.87	1362	0.1072
526	383	17.646	-120.	148.02	1362	0.10784
527	376	16.383	-120.	148.72	1362	0.10826
527	383	17.646	-120.	148.02	1362	0.10784
527	384	17.918	-120.	148.97	1362	0.10838
528	376	16.383	-120.	148.72	1362	0.10826
528	384	17.918	-120.	148.97	1362	0.10838
528	380	17.167	-120.	151.53	1362	0.10989
529	383	17.646	-120.	148.02	1362	0.10784
529	384	17.918	-120.	148.97	1362	0.10838
529	386	18.289	-120.	147.65	1362	0.10763
530	358	13.591	-120.	146.55	1363	0.10703
530	359	13.941	-120.	144.75	1363	0.10601
530	370	15.629	-120.	145.89	1363	0.10665
531	358	13.591	-120.	146.55	1363	0.10703
531	370	15.629	-120.	145.89	1363	0.10665
531	367	15.218	-120.	147.21	1363	0.1074
532	358	13.591	-120.	146.55	1363	0.10703
532	367	15.218	-120.	147.21	1363	0.1074
532	355	12.635	-120.	148.36	1363	0.1081
533	358	13.591	-120.	146.55	1363	0.10703
533	355	12.635	-120.	148.36	1363	0.1081
533	347	11.663	-120.	147.66	1363	0.10772
534	358	13.591	-120.	146.55	1363	0.10703
534	347	11.663	-120.	147.66	1363	0.10772
534	352	12.46	-120.	145.41	1363	0.10641
535	358	13.591	-120.	146.55	1363	0.10703
535	352	12.46	-120.	145.41	1363	0.10641
535	359	13.941	-120.	144.75	1363	0.10601
536	355	12.635	-120.	148.36	1363	0.1081
536	367	15.218	-120.	147.21	1363	0.1074
536	362	14.46	-120.	149.69	1363	0.10885
537	359	13.941	-120.	144.75	1363	0.10601
537	375	16.361	-120.	143.44	1363	0.10528
537	370	15.629	-120.	145.89	1363	0.10665
538	352	12.46	-120.	145.41	1363	0.10641
538	347	11.663	-120.	147.66	1363	0.10772
538	332	9.8655	-120.	146.33	1363	0.10702
539	172	-16.628	-120.	96.27	1435	0.12397
539	174	-16.334	-120.	97.294	1435	0.12449
539	176	-16.032	-120.	95.811	1435	0.12373
540	167	-17.726	-120.	97.196	1435	0.12444
540	153	-19.369	-120.	98.573	1435	0.12509
540	171	-16.855	-120.	100.05	1435	0.12576
541	167	-17.726	-120.	97.196	1435	0.12444
541	171	-16.855	-120.	100.05	1435	0.12576
541	174	-16.334	-120.	97.294	1435	0.12449
542	167	-17.726	-120.	97.196	1435	0.12444
542	174	-16.334	-120.	97.294	1435	0.12449
542	172	-16.628	-120.	96.27	1435	0.12397
543	167	-17.726	-120.	97.196	1435	0.12444
543	172	-16.628	-120.	96.27	1435	0.12397
543	162	-18.302	-120.	95.252	1435	0.12345
544	167	-17.726	-120.	97.196	1435	0.12444
544	162	-18.302	-120.	95.252	1435	0.12345
544	155	-18.865	-120.	95.735	1435	0.12371
545	167	-17.726	-120.	97.196	1435	0.12444
545	155	-18.865	-120.	95.735	1435	0.12371
545	153	-19.369	-120.	98.573	1435	0.12509
546	170	-17.191	-120.	94.333	1435	0.12292
546	165	-18.085	-120.	91.387	1435	0.1212
546	178	-15.485	-120.	93.018	1435	0.12213
547	170	-17.191	-120.	94.333	1435	0.12292
547	178	-15.485	-120.	93.018	1435	0.12213
547	176	-16.032	-120.	95.811	1435	0.12373
548	170	-17.191	-120.	94.333	1435	0.12292
548	176	-16.032	-120.	95.811	1435	0.12373
548	172	-16.628	-120.	96.27	1435	0.12397
549	170	-17.191	-120.	94.333	1435	0.12292
549	172	-16.628	-120.	96.27	1435	0.12397
549	162	-18.302	-120.	95.252	1435	0.12345
550	170	-17.191	-120.	94.333	1435	0.12292
550	162	-18.302	-120.	95.252	1435	0.12345
550	161	-18.611	-120.	94.262	1435	0.12291
551	170	-17.191	-120.	94.333	1435	0.12292
551	161	-18.611	-120.	94.262	1435	0.12291
551	165	-18.085	-120.	91.387	1435	0.1212
552	162	-18.302	-120.	95.252	1435	0.12345
552	161	-18.611	-120.	94.262	1435	0.12291
552	155	-18.865	-120.	95.735	1435	0.12371
553	183	-14.413	-120.	89.13	1437	0.11972
553	165	-18.085	-120.	91.387	1437	0.1212
553	178	-15.485	-120.	93.018	1437	0.12213
554	272	-0.59171	-120.	88.013	1449	0.11908
554	290	2.2612	-120.	87.855	1449	0.11904
554	285	1.3031	-120.	89.681	1449	0.11978
555	282	0.78947	-120.	85.044	1449	0.11785
555	298	3.7317	-120.	85.064	1449	0.1181
555	292	2.7559	-120.	86.903	1449	0.1187
556	280	0.51125	-120.	86.679	1449	0.11852
556	282	0.78947	-120.	85.044	1449	0.11785
556	292	2.7559	-120.	86.903	1449	0.1187
557	280	0.51125	-120.	86.679	1449	0.11852
557	292	2.7559	-120.	86.903	1449	0.1187
557	290	2.2612	-120.	87.855	1449	0.11904
558	280	0.51125	-120.	86.679	1449	0.11852
558	290	2.2612	-120.	87.855	1449	0.11904
558	272	-0.59171	-120.	88.013	1449	0.11908
559	280	0.51125	-120.	86.679	1449	0.11852
559	272	-0.59171	-120.	88.013	1449	0.11908
559	264	-1.5709	-120.	87.142	1449	0.11867
560	280	0.51125	-120.	86.679	1449	0.11852
560	264	-1.5709	-120.	87.142	1449	0.11867
560	273	-0.57654	-120.	85.119	1449	0.11778
561	280	0.51125	-120.	86.679	1449	0.11852
561	273	-0.57654	-120.	85.119	1449	0.11778
561	282	0.78947	-120.	85.044	1449	0.11785
562	253	-3.4987	-120.	85.463	1449	0.11775
562	273	-0.57654	-120.	85.119	1449	0.11778
562	264	-1.5709	-120.	87.142	1449	0.11867
563	327	9.1417	-120.	90.688	1451	0.11958
563	322	8.4091	-120.	90.519	1451	0.1196
563	329	9.39	-120.	91.764	1451	0.11965
564	325	8.6798	-120.	88.651	1451	0.11933
564	321	8.0152	-120.	85.538	1451	0.11866
564	313	6.5826	-120.	88.167	1451	0.11921
565	325	8.6798	-120.	88.651	1451	0.11933
565	313	6.5826	-120.	88.167	1451	0.11921
565	322	8.4091	-120.	90.519	1451	0.1196
566	325	8.6798	-120.	88.651	1451	0.11933
566	322	8.4091	-120.	90.519	1451	0.1196
566	327	9.1417	-120.	90.688	1451	0.11958
567	325	8.6798	-120.	88.651	1451	0.11933
567	327	9.1417	-120.	90.688	1451	0.11958
567	333	10.073	-120.	89.023	1451	0.1194
568	325	8.6798	-120.	88.651	1451	0.11933
568	333	10.073	-120.	89.023	1451	0.1194
568	330	9.8569	-120.	87.974	1451	0.11927
569	325	8.6798	-120.	88.651	1451	0.11933
569	330	9.8569	-120.	87.974	1451	0.11927
569	321	8.0152	-120.	85.538	1451	0.11866
570	337	10.526	-120.	91.072	1451	0.11953
570	353	12.589	-120.	91.638	1451	0.11943
570	343	11.174	-120.	94.093	1451	0.11943
571	337	10.526	-120.	91.072	1451	0.11953
571	343	11.174	-120.	94.093	1451	0.11943
571	329	9.39	-120.	91.764	1451	0.11965
572	337	10.526	-120.	91.072	1451	0.11953
572	329	9.39	-120.	91.764	1451	0.11965
572	327	9.1417	-120.	90.688	1451	0.11958
573	337	10.526	-120.	91.072	1451	0.11953
573	327	9.1417	-120.	90.688	1451	0.11958
573	333	10.073	-120.	89.023	1451	0.1194
574	337	10.526	-120.	91.072	1451	0.11953
574	333	10.073	-120.	89.023	1451	0.1194
574	339	10.786	-120.	89.228	1451	0.11943
575	337	10.526	-120.	91.072	1451	0.11953
575	339	10.786	-120.	89.228	1451	0.11943
575	353	12.589	-120.	91.638	1451	0.11943
576	333	10.073	-120.	89.023	1451	0.1194
576	339	10.786	-120.	89.228	1451	0.11943
576	330	9.8569	-120.	87.974	1451	0.11927
577	516	31.257	-120.	118.83	1455	0.10504
577	537	32.231	-120.	118.57	1455	0.10514
577	533	32.19	-120.	117.81	1455	0.10548
578	559	34.106	-120.	119.51	1455	0.10473
578	560	34.106	-120.	120.25	1455	0.10443
578	568	35.062	-120.	119.27	1455	0.10484
579	558	34.076	-120.	118.07	1455	0.10535
579	533	32.19	-120.	117.81	1455	0.10548
579	555	33.96	-120.	115.92	1455	0.1064
580	558	34.076	-120.	118.07	1455	0.10535
580	555	33.96	-120.	115.92	1455	0.1064
580	575	36.909	-120.	117.34	1455	0.10576
581	558	34.076	-120.	118.07	1455	0.10535
581	575	36.909	-120.	117.34	1455	0.10576
581	568	35.062	-120.	119.27	1455	0.10484
582	558	34.076	-120.	118.07	1455	0.10535
582	568	35.062	-120.	119.27	1455	0.10484
582	559	34.106	-120.	119.51	1455	0.10473
583	558	34.076	-120.	118.07	1455	0.10535
583	559	34.106	-120.	119.51	1455	0.10473
583	537	32.231	-120.	118.57	1455	0.10514
584	558	34.076	-120.	118.07	1455	0.10535
584	537	32.231	-120.	118.57	1455	0.10514
584	533	32.19	-120.	117.81	1455	0.10548
585	538	32.245	-120.	120.	1455	0.10453
585	560	34.106	-120.	120.25	1455	0.10443
585	539	32.274	-120.	122.15	1455	0.10373
586	538	32.245	-120.	120.	1455	0.10453
586	539	32.274	-120.	122.15	1455	0.10373
586	491	29.497	-120.	120.69	1455	0.10434
587	538	32.245	-120.	120.	1455	0.10453
587	491	29.497	-120.	120.69	1455	0.10434
587	516	31.257	-120.	118.83	1455	0.10504
588	538	32.245	-120.	120.	1455	0.10453
588	516	31.257	-120.	118.83	1455	0.10504
588	537	32.231	-120.	118.57	1455	0.10514
589	538	32.245	-120.	120.	1455	0.10453
589	537	32.231	-120.	118.57	1455	0.10514
589	559	34.106	-120.	119.51	1455	0.10473
590	538	32.245	-120.	120.	1455	0.10453
590	559	34.106	-120.	119.51	1455	0.10473
590	560	34.106	-120.	120.25	1455	0.10443
591	523	31.753	-120.	114.26	1519	0.10728
591	507	30.803	-120.	114.51	1519	0.10716
591	528	31.894	-120.	115.	1519	0.10688
592	518	31.423	-120.	112.87	1519	0.10806
592	511	30.932	-120.	110.76	1519	0.10931
592	477	28.754	-120.	113.62	1519	0.1077
593	518	31.423	-120.	112.87	1519	0.10806
593	477	28.754	-120.	113.62	1519	0.1077
593	507	30.803	-120.	114.51	1519	0.10716
594	518	31.423	-120.	112.87	1519	0.10806
594	507	30.803	-120.	114.51	1519	0.10716
594	523	31.753	-120.	114.26	1519	0.10728
595	518	31.423	-120.	112.87	1519	0.10806
595	523	31.753	-120.	114.26	1519	0.10728
595	548	33.238	-120.	112.39	1519	0.10833
596	518	31.423	-120.	112.87	1519	0.10806
596	548	33.238	-120.	112.39	1519	0.10833
596	545	33.06	-120.	111.67	1519	0.10875
597	518	31.423	-120.	112.87	1519	0.10806
597	545	33.06	-120.	111.67	1519	0.10875
597	511	30.932	-120.	110.76	1519	0.10931
598	551	33.555	-120.	113.8	1519	0.10753
598	573	36.317	-120.	113.07	1519	0.10797
598	555	33.96	-120.	115.92	1519	0.1064
599	551	33.555	-120.	113.8	1519	0.10753
599	555	33.96	-120.	115.92	1519	0.1064
599	528	31.894	-120.	115.	1519	0.10688
600	551	33.555	-120.	113.8	1519	0.10753
600	528	31.894	-120.	115.	1519	0.10688
600	523	31.753	-120.	114.26	1519	0.10728
601	551	33.555	-120.	113.8	1519	0.10753
601	523	31.753	-120.	114.26	1519	0.10728
601	548	33.238	-120.	112.39	1519	0.10833
602	551	33.555	-120.	113.8	1519	0.10753
602	548	33.238	-120.	112.39	1519	0.10833
602	563	34.168	-120.	112.14	1519	0.10848
603	551	33.555	-120.	113.8	1519	0.10753
603	563	34.168	-120.	112.14	1519	0.10848
603	573	36.317	-120.	113.07	1519	0.10797
604	548	33.238	-120.	112.39	1519	0.10833
604	563	34.168	-120.	112.14	1519	0.10848
604	545	33.06	-120.	111.67	1519	0.10875
605	544	33.06	-120.	111.67	1521	0.10875
605	511	30.932	-120.	110.76	1521	0.10931
605	535	32.207	-120.	108.95	1521	0.11042
606	553	33.855	-120.	109.98	1521	0.10977
606	544	33.06	-120.	111.67	1521	0.10875
606	535	32.207	-120.	108.95	1521	0.11042
607	553	33.855	-120.	109.98	1521	0.10977
607	535	32.207	-120.	108.95	1521	0.11042
607	543	32.875	-120.	108.	1521	0.11099
608	553	33.855	-120.	109.98	1521	0.10977
608	543	32.875	-120.	108.	1521	0.11099
608	569	35.206	-120.	108.91	1521	0.11042
609	553	33.855	-120.	109.98	1521	0.10977
609	569	35.206	-120.	108.91	1521	0.11042
609	571	35.614	-120.	110.21	1521	0.10963
610	553	33.855	-120.	109.98	1521	0.10977
610	571	35.614	-120.	110.21	1521	0.10963
610	562	34.168	-120.	112.14	1521	0.10848
611	553	33.855	-120.	109.98	1521	0.10977
611	562	34.168	-120.	112.14	1521	0.10848
611	544	33.06	-120.	111.67	1521	0.10875
612	569	35.206	-120.	108.91	1521	0.11042
612	543	32.875	-120.	108.	1521	0.11099
612	561	34.155	-120.	106.16	1521	0.11213
613	571	35.614	-120.	110.21	1521	0.10963
613	573	36.317	-120.	113.07	1521	0.10797
613	562	34.168	-120.	112.14	1521	0.10848
614	461	27.302	-120.	105.87	1528	0.11239
614	464	27.85	-120.	104.3	1528	0.11337
614	482	29.263	-120.	106.75	1528	0.11181
615	461	27.302	-120.	105.87	1528	0.11239
615	482	29.263	-120.	106.75	1528	0.11181
615	475	28.622	-120.	107.7	1528	0.11123
616	461	27.302	-120.	105.87	1528	0.11239
616	475	28.622	-120.	107.7	1528	0.11123
616	448	26.217	-120.	106.97	1528	0.11172
617	461	27.302	-120.	105.87	1528	0.11239
617	448	26.217	-120.	106.97	1528	0.11172
617	443	25.406	-120.	105.57	1528	0.11261
618	461	27.302	-120.	105.87	1528	0.11239
618	443	25.406	-120.	105.57	1528	0.11261
618	451	26.451	-120.	103.94	1528	0.11362
619	461	27.302	-120.	105.87	1528	0.11239
619	451	26.451	-120.	103.94	1528	0.11362
619	464	27.85	-120.	104.3	1528	0.11337
620	448	26.217	-120.	106.97	1528	0.11172
620	475	28.622	-120.	107.7	1528	0.11123
620	462	27.402	-120.	109.46	1528	0.11015
621	464	27.85	-120.	104.3	1528	0.11337
621	499	30.485	-120.	104.97	1528	0.11292
621	482	29.263	-120.	106.75	1528	0.11181
622	451	26.451	-120.	103.94	1528	0.11362
622	443	25.406	-120.	105.57	1528	0.11261
622	432	23.847	-120.	103.3	1528	0.11407
623	353	12.589	-120.	91.638	1530	0.11943
623	340	10.786	-120.	89.228	1530	0.11943
623	357	13.535	-120.	90.005	1530	0.11948
624	321	8.0152	-120.	85.538	1530	0.11866
624	341	10.891	-120.	86.162	1530	0.11908
624	331	9.8569	-120.	87.974	1530	0.11927
625	364	14.983	-120.	87.508	1530	0.11955
625	360	14.027	-120.	89.153	1530	0.1195
625	350	12.207	-120.	86.534	1530	0.11924
626	348	11.884	-120.	88.176	1530	0.11938
626	357	13.535	-120.	90.005	1530	0.11948
626	340	10.786	-120.	89.228	1530	0.11943
627	348	11.884	-120.	88.176	1530	0.11938
627	340	10.786	-120.	89.228	1530	0.11943
627	331	9.8569	-120.	87.974	1530	0.11927
628	348	11.884	-120.	88.176	1530	0.11938
628	331	9.8569	-120.	87.974	1530	0.11927
628	341	10.891	-120.	86.162	1530	0.11908
629	348	11.884	-120.	88.176	1530	0.11938
629	341	10.891	-120.	86.162	1530	0.11908
629	350	12.207	-120.	86.534	1530	0.11924
630	348	11.884	-120.	88.176	1530	0.11938
630	350	12.207	-120.	86.534	1530	0.11924
630	360	14.027	-120.	89.153	1530	0.1195
631	348	11.884	-120.	88.176	1530	0.11938
631	360	14.027	-120.	89.153	1530	0.1195
631	357	13.535	-120.	90.005	1530	0.11948
632	371	15.86	-120.	93.118	1531	0.11909
632	374	16.06	-120.	94.294	1531	0.11881
632	378	16.533	-120.	93.457	1531	0.11898
633	363	14.571	-120.	92.538	1531	0.11925
633	353	12.589	-120.	91.638	1531	0.11943
633	365	15.169	-120.	95.872	1531	0.11849
634	363	14.571	-120.	92.538	1531	0.11925
634	365	15.169	-120.	95.872	1531	0.11849
634	374	16.06	-120.	94.294	1531	0.11881
635	363	14.571	-120.	92.538	1531	0.11925
635	374	16.06	-120.	94.294	1531	0.11881
635	371	15.86	-120.	93.118	1531	0.11909
636	363	14.571	-120.	92.538	1531	0.11925
636	371	15.86	-120.	93.118	1531	0.11909
636	361	14.21	-120.	90.302	1531	0.11947
637	363	14.571	-120.	92.538	1531	0.11925
637	361	14.21	-120.	90.302	1531	0.11947
637	357	13.535	-120.	90.005	1531	0.11948
638	363	14.571	-120.	92.538	1531	0.11925
638	357	13.535	-120.	90.005	1531	0.11948
638	353	12.589	-120.	91.638	1531	0.11943
639	368	15.507	-120.	90.901	1531	0.11944
639	364	14.983	-120.	87.508	1531	0.11955
639	381	17.43	-120.	91.87	1531	0.1193
640	368	15.507	-120.	90.901	1531	0.11944
640	381	17.43	-120.	91.87	1531	0.1193
640	378	16.533	-120.	93.457	1531	0.11898
641	368	15.507	-120.	90.901	1531	0.11944
641	378	16.533	-120.	93.457	1531	0.11898
641	371	15.86	-120.	93.118	1531	0.11909
642	368	15.507	-120.	90.901	1531	0.11944
642	371	15.86	-120.	93.118	1531	0.11909
642	361	14.21	-120.	90.302	1531	0.11947
643	368	15.507	-120.	90.901	1531	0.11944
643	361	14.21	-120.	90.302	1531	0.11947
643	360	14.027	-120.	89.153	1531	0.1195
644	368	15.507	-120.	90.901	1531	0.11944
644	360	14.027	-120.	89.153	1531	0.1195
644	364	14.983	-120.	87.508	1531	0.11955
645	361	14.21	-120.	90.302	1531	0.11947
645	360	14.027	-120.	89.153	1531	0.1195
645	357	13.535	-120.	90.005	1531	0.11948
646	432	23.847	-120.	103.3	1544	0.11407
646	444	25.409	-120.	100.72	1544	0.11557
646	407	20.921	-120.	100.05	1544	0.1161
647	449	26.403	-120.	99.043	1546	0.11647
647	468	28.095	-120.	101.35	1546	0.11515
647	444	25.409	-120.	100.72	1546	0.11557
648	501	30.617	-120.	99.84	1546	0.11598
648	536	32.209	-120.	102.31	1546	0.11453
648	489	29.49	-120.	101.66	1546	0.11494
649	472	28.556	-120.	99.8	1546	0.11603
649	501	30.617	-120.	99.84	1546	0.11598
649	489	29.49	-120.	101.66	1546	0.11494
650	472	28.556	-120.	99.8	1546	0.11603
650	489	29.49	-120.	101.66	1546	0.11494
650	468	28.095	-120.	101.35	1546	0.11515
651	472	28.556	-120.	99.8	1546	0.11603
651	468	28.095	-120.	101.35	1546	0.11515
651	449	26.403	-120.	99.043	1546	0.11647
652	472	28.556	-120.	99.8	1546	0.11603
652	449	26.403	-120.	99.043	1546	0.11647
652	459	26.924	-120.	98.172	1546	0.11692
653	472	28.556	-120.	99.8	1546	0.11603
653	459	26.924	-120.	98.172	1546	0.11692
653	496	29.807	-120.	98.737	1546	0.11659
654	472	28.556	-120.	99.8	1546	0.11603
654	496	29.807	-120.	98.737	1546	0.11659
654	501	30.617	-120.	99.84	1546	0.11598
655	466	27.921	-120.	96.479	1546	0.11775
655	496	29.807	-120.	98.737	1546	0.11659
655	459	26.924	-120.	98.172	1546	0.11692
656	428	22.931	-120.	98.116	1547	0.11701
656	423	22.388	-120.	97.593	1547	0.11727
656	419	21.882	-120.	98.448	1547	0.11688
657	433	23.908	-120.	99.146	1547	0.11646
657	449	26.403	-120.	99.043	1547	0.11647
657	444	25.409	-120.	100.72	1547	0.11557
658	433	23.908	-120.	99.146	1547	0.11646
658	444	25.409	-120.	100.72	1547	0.11557
658	407	20.921	-120.	100.05	1547	0.1161
659	433	23.908	-120.	99.146	1547	0.11646
659	407	20.921	-120.	100.05	1547	0.1161
659	419	21.882	-120.	98.448	1547	0.11688
660	433	23.908	-120.	99.146	1547	0.11646
660	419	21.882	-120.	98.448	1547	0.11688
660	428	22.931	-120.	98.116	1547	0.11701
661	433	23.908	-120.	99.146	1547	0.11646
661	428	22.931	-120.	98.116	1547	0.11701
661	447	25.899	-120.	98.502	1547	0.11676
662	433	23.908	-120.	99.146	1547	0.11646
662	447	25.899	-120.	98.502	1547	0.11676
662	449	26.403	-120.	99.043	1547	0.11647
663	459	26.924	-120.	98.172	1547	0.11692
663	447	25.899	-120.	98.502	1547	0.11676
663	449	26.403	-120.	99.043	1547	0.11647
664	442	24.902	-120.	97.473	1547	0.11728
664	466	27.921	-120.	96.479	1547	0.11775
664	431	23.352	-120.	95.976	1547	0.11797
665	442	24.902	-120.	97.473	1547	0.11728
665	431	23.352	-120.	95.976	1547	0.11797
665	423	22.388	-120.	97.593	1547	0.11727
666	442	24.902	-120.	97.473	1547	0.11728
666	423	22.388	-120.	97.593	1547	0.11727
666	428	22.931	-120.	98.116	1547	0.11701
667	442	24.902	-120.	97.473	1547	0.11728
667	428	22.931	-120.	98.116	1547	0.11701
667	447	25.899	-120.	98.502	1547	0.11676
668	442	24.902	-120.	97.473	1547	0.11728
668	447	25.899	-120.	98.502	1547	0.11676
668	459	26.924	-120.	98.172	1547	0.11692
669	442	24.902	-120.	97.473	1547	0.11728
669	459	26.924	-120.	98.172	1547	0.11692
669	466	27.921	-120.	96.479	1547	0.11775
670	395	19.847	-120.	97.24	1566	0.11755
670	418	21.882	-120.	98.448	1566	0.11688
670	391	18.828	-120.	98.263	1566	0.11716
671	395	19.847	-120.	97.24	1566	0.11755
671	391	18.828	-120.	98.263	1566	0.11716
671	382	17.516	-120.	97.31	1566	0.1177
672	395	19.847	-120.	97.24	1566	0.11755
672	382	17.516	-120.	97.31	1566	0.1177
672	389	18.369	-120.	95.895	1566	0.1182
673	395	19.847	-120.	97.24	1566	0.11755
673	389	18.369	-120.	95.895	1566	0.1182
673	402	20.101	-120.	95.931	1566	0.11808
674	395	19.847	-120.	97.24	1566	0.11755
674	402	20.101	-120.	95.931	1566	0.11808
674	422	22.388	-120.	97.593	1566	0.11727
675	395	19.847	-120.	97.24	1566	0.11755
675	422	22.388	-120.	97.593	1566	0.11727
675	418	21.882	-120.	98.448	1566	0.11688
676	389	18.369	-120.	95.895	1566	0.1182
676	382	17.516	-120.	97.31	1566	0.1177
676	365	15.169	-120.	95.872	1566	0.11849
677	418	21.882	-120.	98.448	1566	0.11688
677	407	20.921	-120.	100.05	1566	0.1161
677	391	18.828	-120.	98.263	1566	0.11716
678	422	22.388	-120.	97.593	1566	0.11727
678	402	20.101	-120.	95.931	1566	0.11808
678	431	23.352	-120.	95.976	1566	0.11797
679	439	24.656	-120.	135.59	1581	0.10261
679	479	29.242	-120.	133.19	1581	0.10228
679	456	26.843	-120.	131.8	1581	0.10224
680	460	27.061	-120.	136.97	1582	0.10293
680	479	29.242	-120.	133.19	1582	0.10228
680	439	24.656	-120.	135.59	1582	0.10261
681	539	32.274	-120.	122.15	1583	0.10373
681	491	29.497	-120.	120.69	1583	0.10434
681	478	29.04	-120.	125.04	1583	0.10299
682	556	34.028	-120.	123.11	1585	0.10343
682	539	32.274	-120.	122.15	1585	0.10373
682	560	34.106	-120.	120.25	1585	0.10443
683	570	35.354	-120.	121.36	1585	0.10403
683	556	34.028	-120.	123.11	1585	0.10343
683	560	34.106	-120.	120.25	1585	0.10443
684	570	35.354	-120.	121.36	1585	0.10403
684	560	34.106	-120.	120.25	1585	0.10443
684	568	35.062	-120.	119.27	1585	0.10484
685	570	35.354	-120.	121.36	1585	0.10403
685	568	35.062	-120.	119.27	1585	0.10484
685	577	37.01	-120.	120.28	1585	0.10449
686	570	35.354	-120.	121.36	1585	0.10403
686	577	37.01	-120.	120.28	1585	0.10449
686	576	36.972	-120.	121.65	1585	0.10399
687	570	35.354	-120.	121.36	1585	0.10403
687	576	36.972	-120.	121.65	1585	0.10399
687	566	34.943	-120.	123.6	1585	0.1033
688	570	35.354	-120.	121.36	1585	0.10403
688	566	34.943	-120.	123.6	1585	0.1033
688	556	34.028	-120.	123.11	1585	0.10343
689	577	37.01	-120.	120.28	1585	0.10449
689	568	35.062	-120.	119.27	1585	0.10484
689	575	36.909	-120.	117.34	1585	0.10576
690	576	36.972	-120.	121.65	1585	0.10399
690	574	36.709	-120.	124.58	1585	0.10311
690	566	34.943	-120.	123.6	1585	0.1033
691	524	31.758	-120.	125.71	1588	0.10276
691	503	30.725	-120.	125.95	1588	0.10273
691	519	31.619	-120.	126.45	1588	0.10262
692	552	33.712	-120.	125.26	1588	0.10286
692	565	34.943	-120.	123.6	1588	0.1033
692	574	36.709	-120.	124.58	1588	0.10311
693	552	33.712	-120.	125.26	1588	0.10286
693	574	36.709	-120.	124.58	1588	0.10311
693	549	33.314	-120.	127.38	1588	0.10247
694	552	33.712	-120.	125.26	1588	0.10286
694	549	33.314	-120.	127.38	1588	0.10247
694	519	31.619	-120.	126.45	1588	0.10262
695	552	33.712	-120.	125.26	1588	0.10286
695	519	31.619	-120.	126.45	1588	0.10262
695	524	31.758	-120.	125.71	1588	0.10276
696	552	33.712	-120.	125.26	1588	0.10286
696	524	31.758	-120.	125.71	1588	0.10276
696	554	33.93	-120.	123.84	1588	0.10322
697	552	33.712	-120.	125.26	1588	0.10286
697	554	33.93	-120.	123.84	1588	0.10322
697	565	34.943	-120.	123.6	1588	0.1033
698	557	34.028	-120.	123.11	1588	0.10343
698	554	33.93	-120.	123.84	1588	0.10322
698	565	34.943	-120.	123.6	1588	0.1033
699	530	31.959	-120.	124.3	1588	0.10309
699	539	32.274	-120.	122.15	1588	0.10373
699	478	29.04	-120.	125.04	1588	0.10299
700	530	31.959	-120.	124.3	1588	0.10309
700	478	29.04	-120.	125.04	1588	0.10299
700	503	30.725	-120.	125.95	1588	0.10273
701	530	31.959	-120.	124.3	1588	0.10309
701	503	30.725	-120.	125.95	1588	0.10273
701	524	31.758	-120.	125.71	1588	0.10276
702	530	31.959	-120.	124.3	1588	0.10309
702	524	31.758	-120.	125.71	1588	0.10276
702	554	33.93	-120.	123.84	1588	0.10322
703	530	31.959	-120.	124.3	1588	0.10309
703	554	33.93	-120.	123.84	1588	0.10322
703	557	34.028	-120.	123.11	1588	0.10343
704	530	31.959	-120.	124.3	1588	0.10309
704	557	34.028	-120.	123.11	1588	0.10343
704	539	32.274	-120.	122.15	1588	0.10373
705	549	33.314	-120.	127.38	1589	0.10247
705	572	35.883	-120.	128.81	1589	0.10238
705	574	36.709	-120.	124.58	1589	0.10311
706	495	29.794	-120.	128.1	1591	0.1024
706	470	28.397	-120.	127.71	1591	0.1025
706	502	30.725	-120.	125.95	1591	0.10273
707	495	29.794	-120.	128.1	1591	0.1024
707	502	30.725	-120.	125.95	1591	0.10273
707	520	31.619	-120.	126.45	1591	0.10262
708	495	29.794	-120.	128.1	1591	0.1024
708	520	31.619	-120.	126.45	1591	0.10262
708	505	30.745	-120.	129.14	1591	0.10227
709	495	29.794	-120.	128.1	1591	0.1024
709	505	30.745	-120.	129.14	1591	0.10227
709	485	29.384	-120.	130.08	1591	0.10222
710	495	29.794	-120.	128.1	1591	0.1024
710	485	29.384	-120.	130.08	1591	0.10222
710	465	27.896	-120.	129.26	1591	0.10233
711	495	29.794	-120.	128.1	1591	0.1024
711	465	27.896	-120.	129.26	1591	0.10233
711	470	28.397	-120.	127.71	1591	0.1025
712	505	30.745	-120.	129.14	1591	0.10227
712	520	31.619	-120.	126.45	1591	0.10262
712	549	33.314	-120.	127.38	1591	0.10247
713	470	28.397	-120.	127.71	1591	0.1025
713	478	29.04	-120.	125.04	1591	0.10299
713	502	30.725	-120.	125.95	1591	0.10273
714	465	27.896	-120.	129.26	1591	0.10233
714	485	29.384	-120.	130.08	1591	0.10222
714	456	26.843	-120.	131.8	1591	0.10224
715	500	30.508	-120.	129.85	1592	0.10222
715	504	30.745	-120.	129.14	1592	0.10227
715	484	29.384	-120.	130.08	1592	0.10222
716	540	32.636	-120.	129.42	1592	0.10226
716	572	35.883	-120.	128.81	1592	0.10238
716	549	33.314	-120.	127.38	1592	0.10247
717	540	32.636	-120.	129.42	1592	0.10226
717	549	33.314	-120.	127.38	1592	0.10247
717	504	30.745	-120.	129.14	1592	0.10227
718	540	32.636	-120.	129.42	1592	0.10226
718	504	30.745	-120.	129.14	1592	0.10227
718	500	30.508	-120.	129.85	1592	0.10222
719	540	32.636	-120.	129.42	1592	0.10226
719	500	30.508	-120.	129.85	1592	0.10222
719	531	32.136	-120.	130.77	1592	0.10221
720	540	32.636	-120.	129.42	1592	0.10226
720	531	32.136	-120.	130.77	1592	0.10221
720	547	33.229	-120.	130.57	1592	0.10223
721	540	32.636	-120.	129.42	1592	0.10226
721	547	33.229	-120.	130.57	1592	0.10223
721	572	35.883	-120.	128.81	1592	0.10238
722	497	29.996	-120.	131.19	1592	0.10219
722	479	29.242	-120.	133.19	1592	0.10228
722	456	26.843	-120.	131.8	1592	0.10224
723	497	29.996	-120.	131.19	1592	0.10219
723	456	26.843	-120.	131.8	1592	0.10224
723	484	29.384	-120.	130.08	1592	0.10222
724	497	29.996	-120.	131.19	1592	0.10219
724	484	29.384	-120.	130.08	1592	0.10222
724	500	30.508	-120.	129.85	1592	0.10222
725	497	29.996	-120.	131.19	1592	0.10219
725	500	30.508	-120.	129.85	1592	0.10222
725	531	32.136	-120.	130.77	1592	0.10221
726	497	29.996	-120.	131.19	1592	0.10219
726	531	32.136	-120.	130.77	1592	0.10221
726	525	31.866	-120.	131.46	1592	0.10221
727	497	29.996	-120.	131.19	1592	0.10219
727	525	31.866	-120.	131.46	1592	0.10221
727	479	29.242	-120.	133.19	1592	0.10228
728	531	32.136	-120.	130.77	1592	0.10221
728	525	31.866	-120.	131.46	1592	0.10221
728	547	33.229	-120.	130.57	1592	0.10223
729	494	29.577	-120.	107.44	1594	0.11138
729	481	29.263	-120.	106.75	1594	0.11181
729	474	28.622	-120.	107.7	1594	0.11123
730	517	31.382	-120.	106.93	1594	0.11168
730	561	34.155	-120.	106.16	1594	0.11213
730	499	30.485	-120.	104.97	1594	0.11292
731	517	31.382	-120.	106.93	1594	0.11168
731	499	30.485	-120.	104.97	1594	0.11292
731	481	29.263	-120.	106.75	1594	0.11181
732	517	31.382	-120.	106.93	1594	0.11168
732	481	29.263	-120.	106.75	1594	0.11181
732	494	29.577	-120.	107.44	1594	0.11138
733	517	31.382	-120.	106.93	1594	0.11168
733	494	29.577	-120.	107.44	1594	0.11138
733	529	31.935	-120.	108.26	1594	0.11084
734	517	31.382	-120.	106.93	1594	0.11168
734	529	31.935	-120.	108.26	1594	0.11084
734	542	32.875	-120.	108.	1594	0.11099
735	517	31.382	-120.	106.93	1594	0.11168
735	542	32.875	-120.	108.	1594	0.11099
735	561	34.155	-120.	106.16	1594	0.11213
736	498	30.113	-120.	108.76	1594	0.11055
736	511	30.932	-120.	110.76	1594	0.10931
736	462	27.402	-120.	109.46	1594	0.11015
737	498	30.113	-120.	108.76	1594	0.11055
737	462	27.402	-120.	109.46	1594	0.11015
737	474	28.622	-120.	107.7	1594	0.11123
738	498	30.113	-120.	108.76	1594	0.11055
738	474	28.622	-120.	107.7	1594	0.11123
738	494	29.577	-120.	107.44	1594	0.11138
739	498	30.113	-120.	108.76	1594	0.11055
739	494	29.577	-120.	107.44	1594	0.11138
739	529	31.935	-120.	108.26	1594	0.11084
740	498	30.113	-120.	108.76	1594	0.11055
740	529	31.935	-120.	108.26	1594	0.11084
740	534	32.207	-120.	108.95	1594	0.11042
741	498	30.113	-120.	108.76	1594	0.11055
741	534	32.207	-120.	108.95	1594	0.11042
741	511	30.932	-120.	110.76	1594	0.10931
742	529	31.935	-120.	108.26	1594	0.11084
742	534	32.207	-120.	108.95	1594	0.11042
742	542	32.875	-120.	108.	1594	0.11099
743	477	28.754	-120.	113.62	1595	0.1077
743	511	30.932	-120.	110.76	1595	0.10931
743	462	27.402	-120.	109.46	1595	0.11015
744	561	34.155	-120.	106.16	1598	0.11213
744	536	32.209	-120.	102.31	1598	0.11453
744	499	30.485	-120.	104.97	1598	0.11292
745	107	-23.785	-120.	100.93	1649	0.12602
745	110	-23.545	-120.	96.143	1649	0.124
745	73	-26.285	-120.	99.47	1649	0.12552
746	136	-21.358	-120.	102.37	1650	0.12646
746	130	-21.726	-120.	101.28	1650	0.12613
746	123	-22.197	-120.	101.87	1650	0.12631
747	133	-21.51	-120.	98.163	1650	0.12493
747	138	-21.019	-120.	97.611	1650	0.12467
747	125	-21.878	-120.	97.108	1650	0.12445
748	119	-22.44	-120.	99.25	1650	0.1254
748	123	-22.197	-120.	101.87	1650	0.12631
748	107	-23.785	-120.	100.93	1650	0.12602
749	119	-22.44	-120.	99.25	1650	0.1254
749	107	-23.785	-120.	100.93	1650	0.12602
749	110	-23.545	-120.	96.143	1650	0.124
750	119	-22.44	-120.	99.25	1650	0.1254
750	110	-23.545	-120.	96.143	1650	0.124
750	125	-21.878	-120.	97.108	1650	0.12445
751	119	-22.44	-120.	99.25	1650	0.1254
751	125	-21.878	-120.	97.108	1650	0.12445
751	133	-21.51	-120.	98.163	1650	0.12493
752	119	-22.44	-120.	99.25	1650	0.1254
752	133	-21.51	-120.	98.163	1650	0.12493
752	130	-21.726	-120.	101.28	1650	0.12613
753	119	-22.44	-120.	99.25	1650	0.1254
753	130	-21.726	-120.	101.28	1650	0.12613
753	123	-22.197	-120.	101.87	1650	0.12631
754	140	-20.794	-120.	100.22	1650	0.12576
754	138	-21.019	-120.	97.611	1650	0.12467
754	153	-19.369	-120.	98.573	1650	0.12509
755	140	-20.794	-120.	100.22	1650	0.12576
755	153	-19.369	-120.	98.573	1650	0.12509
755	151	-19.781	-120.	103.3	1650	0.12672
756	140	-20.794	-120.	100.22	1650	0.12576
756	151	-19.781	-120.	103.3	1650	0.12672
756	136	-21.358	-120.	102.37	1650	0.12646
757	140	-20.794	-120.	100.22	1650	0.12576
757	136	-21.358	-120.	102.37	1650	0.12646
757	130	-21.726	-120.	101.28	1650	0.12613
758	140	-20.794	-120.	100.22	1650	0.12576
758	130	-21.726	-120.	101.28	1650	0.12613
758	133	-21.51	-120.	98.163	1650	0.12493
759	140	-20.794	-120.	100.22	1650	0.12576
759	133	-21.51	-120.	98.163	1650	0.12493
759	138	-21.019	-120.	97.611	1650	0.12467
760	171	-16.855	-120.	100.05	1654	0.12576
760	153	-19.369	-120.	98.573	1654	0.12509
760	151	-19.781	-120.	103.3	1654	0.12672
761	221	-8.7706	-120.	146.81	1667	0.1098
761	229	-7.1945	-120.	148.83	1667	0.10963
761	217	-9.7773	-120.	147.68	1667	0.1098
762	221	-8.7706	-120.	146.81	1667	0.1098
762	217	-9.7773	-120.	147.68	1667	0.1098
762	212	-10.674	-120.	146.2	1667	0.11004
763	221	-8.7706	-120.	146.81	1667	0.1098
763	212	-10.674	-120.	146.2	1667	0.11004
763	215	-9.8754	-120.	144.75	1667	0.11019
764	221	-8.7706	-120.	146.81	1667	0.1098
764	215	-9.8754	-120.	144.75	1667	0.11019
764	224	-8.3944	-120.	145.41	1667	0.10987
765	221	-8.7706	-120.	146.81	1667	0.1098
765	224	-8.3944	-120.	145.41	1667	0.10987
765	233	-6.7075	-120.	147.97	1667	0.10957
766	221	-8.7706	-120.	146.81	1667	0.1098
766	233	-6.7075	-120.	147.97	1667	0.10957
766	229	-7.1945	-120.	148.83	1667	0.10963
767	215	-9.8754	-120.	144.75	1667	0.11019
767	212	-10.674	-120.	146.2	1667	0.11004
767	197	-12.295	-120.	143.44	1667	0.11083
768	229	-7.1945	-120.	148.83	1667	0.10963
768	226	-8.113	-120.	150.47	1667	0.10972
768	217	-9.7773	-120.	147.68	1667	0.1098
769	233	-6.7075	-120.	147.97	1667	0.10957
769	224	-8.3944	-120.	145.41	1667	0.10987
769	240	-5.7995	-120.	146.33	1667	0.10943
770	486	29.388	-120.	135.79	1726	0.10266
770	479	29.242	-120.	133.19	1726	0.10228
770	460	27.061	-120.	136.97	1726	0.10293
771	486	29.388	-120.	135.79	1726	0.10266
771	460	27.061	-120.	136.97	1726	0.10293
771	476	28.693	-120.	137.9	1726	0.10317
772	486	29.388	-120.	135.79	1726	0.10266
772	476	28.693	-120.	137.9	1726	0.10317
772	492	29.517	-120.	137.53	1726	0.10306
773	486	29.388	-120.	135.79	1726	0.10266
773	492	29.517	-120.	137.53	1726	0.10306
773	512	30.952	-120.	135.04	1726	0.10253
774	486	29.388	-120.	135.79	1726	0.10266
774	512	30.952	-120.	135.04	1726	0.10253
774	509	30.864	-120.	134.14	1726	0.1024
775	486	29.388	-120.	135.79	1726	0.10266
775	509	30.864	-120.	134.14	1726	0.1024
775	479	29.242	-120.	133.19	1726	0.10228
776	513	31.043	-120.	136.75	1726	0.10287
776	550	33.344	-120.	135.59	1726	0.10265
776	514	31.189	-120.	139.32	1726	0.10359
777	513	31.043	-120.	136.75	1726	0.10287
777	514	31.189	-120.	139.32	1726	0.10359
777	493	29.543	-120.	138.38	1726	0.1033
778	513	31.043	-120.	136.75	1726	0.10287
778	493	29.543	-120.	138.38	1726	0.1033
778	492	29.517	-120.	137.53	1726	0.10306
779	513	31.043	-120.	136.75	1726	0.10287
779	492	29.517	-120.	137.53	1726	0.10306
779	512	30.952	-120.	135.04	1726	0.10253
780	513	31.043	-120.	136.75	1726	0.10287
780	512	30.952	-120.	135.04	1726	0.10253
780	521	31.71	-120.	134.63	1726	0.10247
781	513	31.043	-120.	136.75	1726	0.10287
781	521	31.71	-120.	134.63	1726	0.10247
781	550	33.344	-120.	135.59	1726	0.10265
782	492	29.517	-120.	137.53	1726	0.10306
782	476	28.693	-120.	137.9	1726	0.10317
782	493	29.543	-120.	138.38	1726	0.1033
783	512	30.952	-120.	135.04	1726	0.10253
783	521	31.71	-120.	134.63	1726	0.10247
783	509	30.864	-120.	134.14	1726	0.1024
784	476	28.693	-120.	137.9	1744	0.10317
784	458	26.876	-120.	140.1	1744	0.10389
784	460	27.061	-120.	136.97	1744	0.10293
785	473	28.593	-120.	142.76	1744	0.10493
785	452	26.586	-120.	144.91	1744	0.10599
785	454	26.788	-120.	141.73	1744	0.10451
786	469	28.326	-120.	140.43	1744	0.10399
786	473	28.593	-120.	142.76	1744	0.10493
786	454	26.788	-120.	141.73	1744	0.10451
787	469	28.326	-120.	140.43	1744	0.10399
787	454	26.788	-120.	141.73	1744	0.10451
787	458	26.876	-120.	140.1	1744	0.10389
788	469	28.326	-120.	140.43	1744	0.10399
788	458	26.876	-120.	140.1	1744	0.10389
788	476	28.693	-120.	137.9	1744	0.10317
789	469	28.326	-120.	140.43	1744	0.10399
789	476	28.693	-120.	137.9	1744	0.10317
789	493	29.543	-120.	138.38	1744	0.1033
790	469	28.326	-120.	140.43	1744	0.10399
790	493	29.543	-120.	138.38	1744	0.1033
790	488	29.463	-120.	141.7	1744	0.10447
791	469	28.326	-120.	140.43	1744	0.10399
791	488	29.463	-120.	141.7	1744	0.10447
791	473	28.593	-120.	142.76	1744	0.10493
792	514	31.189	-120.	139.32	1744	0.10359
792	488	29.463	-120.	141.7	1744	0.10447
792	493	29.543	-120.	138.38	1744	0.1033
793	390	18.671	-120.	94.527	1810	0.11862
793	388	18.369	-120.	95.895	1810	0.1182
793	373	16.06	-120.	94.294	1810	0.11881
794	390	18.671	-120.	94.527	1810	0.11862
794	373	16.06	-120.	94.294	1810	0.11881
794	377	16.533	-120.	93.457	1810	0.11898
795	390	18.671	-120.	94.527	1810	0.11862
795	377	16.533	-120.	93.457	1810	0.11898
795	397	19.897	-120.	93.386	1810	0.11894
796	390	18.671	-120.	94.527	1810	0.11862
796	397	19.897	-120.	93.386	1810	0.11894
796	409	21.067	-120.	94.197	1810	0.11867
797	390	18.671	-120.	94.527	1810	0.11862
797	409	21.067	-120.	94.197	1810	0.11867
797	401	20.101	-120.	95.931	1810	0.11808
798	390	18.671	-120.	94.527	1810	0.11862
798	401	20.101	-120.	95.931	1810	0.11808
798	388	18.369	-120.	95.895	1810	0.1182
799	397	19.897	-120.	93.386	1810	0.11894
799	377	16.533	-120.	93.457	1810	0.11898
799	381	17.43	-120.	91.87	1810	0.1193
800	388	18.369	-120.	95.895	1810	0.1182
800	365	15.169	-120.	95.872	1810	0.11849
800	373	16.06	-120.	94.294	1810	0.11881
801	401	20.101	-120.	95.931	1810	0.11808
801	409	21.067	-120.	94.197	1810	0.11867
801	431	23.352	-120.	95.976	1810	0.11797
802	406	20.74	-120.	93.354	1811	0.11894
802	398	19.897	-120.	93.386	1811	0.11894
802	410	21.067	-120.	94.197	1811	0.11867
803	400	20.015	-120.	91.744	1811	0.11937
803	392	18.881	-120.	89.348	1811	0.11975
803	381	17.43	-120.	91.87	1811	0.1193
804	400	20.015	-120.	91.744	1811	0.11937
804	381	17.43	-120.	91.87	1811	0.1193
804	398	19.897	-120.	93.386	1811	0.11894
805	400	20.015	-120.	91.744	1811	0.11937
805	398	19.897	-120.	93.386	1811	0.11894
805	406	20.74	-120.	93.354	1811	0.11894
806	400	20.015	-120.	91.744	1811	0.11937
806	406	20.74	-120.	93.354	1811	0.11894
806	416	21.743	-120.	91.638	1811	0.11944
807	400	20.015	-120.	91.744	1811	0.11937
807	416	21.743	-120.	91.638	1811	0.11944
807	412	21.398	-120.	90.871	1811	0.11961
808	400	20.015	-120.	91.744	1811	0.11937
808	412	21.398	-120.	90.871	1811	0.11961
808	392	18.881	-120.	89.348	1811	0.11975
809	421	22.376	-120.	93.382	1811	0.11894
809	441	24.832	-120.	93.474	1811	0.11897
809	431	23.352	-120.	95.976	1811	0.11797
810	421	22.376	-120.	93.382	1811	0.11894
810	431	23.352	-120.	95.976	1811	0.11797
810	410	21.067	-120.	94.197	1811	0.11867
811	421	22.376	-120.	93.382	1811	0.11894
811	410	21.067	-120.	94.197	1811	0.11867
811	406	20.74	-120.	93.354	1811	0.11894
812	421	22.376	-120.	93.382	1811	0.11894
812	406	20.74	-120.	93.354	1811	0.11894
812	416	21.743	-120.	91.638	1811	0.11944
813	421	22.376	-120.	93.382	1811	0.11894
813	416	21.743	-120.	91.638	1811	0.11944
813	426	22.522	-120.	91.651	1811	0.11946
814	421	22.376	-120.	93.382	1811	0.11894
814	426	22.522	-120.	91.651	1811	0.11946
814	441	24.832	-120.	93.474	1811	0.11897
815	416	21.743	-120.	91.638	1811	0.11944
815	426	22.522	-120.	91.651	1811	0.11946
815	412	21.398	-120.	90.871	1811	0.11961
