小面	点	X坐标 (mm)	Y坐标 (mm)	Z坐标 (mm)	单元数	定向变形 (mm)
0	189	-9.1749	-60.002	91.643	3237	1.5132e-002
0	203	-5.7331	-60.002	93.646	3237	2.2542e-002
0	194	-8.2301	-60.002	94.492	3237	1.9523e-002
1	382	23.987	-60.002	136.51	3261	0.1085
1	383	24.097	-60.002	137.37	3261	0.10952
1	378	23.626	-60.002	137.03	3261	0.10858
2	362	21.427	-60.002	139.49	3261	0.10837
2	378	23.626	-60.002	137.03	3261	0.10858
2	383	24.097	-60.002	137.37	3261	0.10952
2	385	24.368	-60.002	140.74	3261	0.11333
3	137	-17.774	-60.002	144.12	3275	6.1901e-002
3	138	-17.688	-60.002	143.98	3275	6.1854e-002
3	136	-17.966	-60.002	143.93	3275	6.1408e-002
4	114	-20.441	-60.002	144.6	3275	5.8842e-002
4	137	-17.774	-60.002	144.12	3275	6.1901e-002
4	136	-17.966	-60.002	143.93	3275	6.1408e-002
5	114	-20.441	-60.002	144.6	3275	5.8842e-002
5	136	-17.966	-60.002	143.93	3275	6.1408e-002
5	92	-22.932	-60.002	142.97	3275	5.336e-002
6	114	-20.441	-60.002	144.6	3275	5.8842e-002
6	92	-22.932	-60.002	142.97	3275	5.336e-002
6	89	-23.386	-60.002	144.02	3275	5.4023e-002
7	114	-20.441	-60.002	144.6	3275	5.8842e-002
7	89	-23.386	-60.002	144.02	3275	5.4023e-002
7	110	-21.274	-60.002	146.07	3275	5.9519e-002
8	114	-20.441	-60.002	144.6	3275	5.8842e-002
8	110	-21.274	-60.002	146.07	3275	5.9519e-002
8	128	-19.315	-60.002	146.49	3275	6.2735e-002
9	114	-20.441	-60.002	144.6	3275	5.8842e-002
9	128	-19.315	-60.002	146.49	3275	6.2735e-002
9	137	-17.774	-60.002	144.12	3275	6.1901e-002
10	89	-23.386	-60.002	144.02	3275	5.4023e-002
10	92	-22.932	-60.002	142.97	3275	5.336e-002
10	77	-24.656	-60.002	142.62	3275	5.0494e-002
11	110	-21.274	-60.002	146.07	3275	5.9519e-002
11	120	-19.84	-60.002	147.3	3275	6.3026e-002
11	128	-19.315	-60.002	146.49	3275	6.2735e-002
12	260	6.6526	-60.002	147.08	3277	9.7979e-002
12	264	7.0831	-60.002	147.03	3277	9.8477e-002
12	265	7.1368	-60.002	147.37	3277	9.8935e-002
13	290	10.85	-60.002	149.26	3277	0.10577
13	295	11.279	-60.002	145.9	3277	0.10253
13	264	7.0831	-60.002	147.03	3277	9.8477e-002
13	265	7.1368	-60.002	147.37	3277	9.8935e-002
14	481	33.471	-60.002	120.3	3290	0.10401
14	462	31.738	-60.002	118.18	3290	9.9763e-002
14	460	31.64	-60.002	121.73	3290	0.10311
15	481	33.471	-60.002	120.3	3290	0.10401
15	460	31.64	-60.002	121.73	3290	0.10311
15	485	33.658	-60.002	122.76	3290	0.10665
16	481	33.471	-60.002	120.3	3290	0.10401
16	485	33.658	-60.002	122.76	3290	0.10665
16	497	34.994	-60.002	120.83	3290	0.10645
17	481	33.471	-60.002	120.3	3290	0.10401
17	497	34.994	-60.002	120.83	3290	0.10645
17	498	35.008	-60.002	120.34	3290	0.10598
18	481	33.471	-60.002	120.3	3290	0.10401
18	498	35.008	-60.002	120.34	3290	0.10598
18	488	33.791	-60.002	117.95	3290	0.10214
19	481	33.471	-60.002	120.3	3290	0.10401
19	488	33.791	-60.002	117.95	3290	0.10214
19	462	31.738	-60.002	118.18	3290	9.9763e-002
20	504	36.918	-60.002	122.44	3290	0.11041
20	506	36.999	-60.002	119.49	3290	0.10767
20	498	35.008	-60.002	120.34	3290	0.10598
20	497	34.994	-60.002	120.83	3290	0.10645
21	503	36.749	-60.002	124.32	3290	0.11203
21	485	33.658	-60.002	122.76	3290	0.10665
21	497	34.994	-60.002	120.83	3290	0.10645
21	504	36.918	-60.002	122.44	3290	0.11041
22	505	36.934	-60.002	117.6	3290	0.10578
22	488	33.791	-60.002	117.95	3290	0.10214
22	498	35.008	-60.002	120.34	3290	0.10598
22	506	36.999	-60.002	119.49	3290	0.10767
23	452	31.053	-60.002	129.29	3315	0.10992
23	464	31.83	-60.002	131.25	3315	0.11282
23	471	32.59	-60.002	129.22	3315	0.11172
24	480	33.466	-60.002	135.36	3315	0.11893
24	491	34.237	-60.002	133.63	3315	0.11814
24	476	32.779	-60.002	133.6	3315	0.11634
25	501	35.822	-60.002	129.06	3315	0.11552
25	493	34.453	-60.002	129.13	3315	0.11392
25	499	35.27	-60.002	130.87	3315	0.11664
26	482	33.527	-60.002	131.28	3315	0.11492
26	471	32.59	-60.002	129.22	3315	0.11172
26	464	31.83	-60.002	131.25	3315	0.11282
27	482	33.527	-60.002	131.28	3315	0.11492
27	464	31.83	-60.002	131.25	3315	0.11282
27	476	32.779	-60.002	133.6	3315	0.11634
28	482	33.527	-60.002	131.28	3315	0.11492
28	476	32.779	-60.002	133.6	3315	0.11634
28	491	34.237	-60.002	133.63	3315	0.11814
29	482	33.527	-60.002	131.28	3315	0.11492
29	491	34.237	-60.002	133.63	3315	0.11814
29	499	35.27	-60.002	130.87	3315	0.11664
30	482	33.527	-60.002	131.28	3315	0.11492
30	499	35.27	-60.002	130.87	3315	0.11664
30	493	34.453	-60.002	129.13	3315	0.11392
31	482	33.527	-60.002	131.28	3315	0.11492
31	493	34.453	-60.002	129.13	3315	0.11392
31	471	32.59	-60.002	129.22	3315	0.11172
32	323	15.77	-60.002	91.756	3319	5.2563e-002
32	327	16.622	-60.002	94.271	3319	5.6149e-002
32	309	13.651	-60.002	92.87	3319	5.0557e-002
33	323	15.77	-60.002	91.756	3319	5.2563e-002
33	309	13.651	-60.002	92.87	3319	5.0557e-002
33	314	14.202	-60.002	90.104	3319	4.8755e-002
34	323	15.77	-60.002	91.756	3319	5.2563e-002
34	314	14.202	-60.002	90.104	3319	4.8755e-002
34	319	14.654	-60.002	90.028	3319	4.9337e-002
35	323	15.77	-60.002	91.756	3319	5.2563e-002
35	319	14.654	-60.002	90.028	3319	4.9337e-002
35	330	17.608	-60.002	91.422	3319	5.488e-002
36	323	15.77	-60.002	91.756	3319	5.2563e-002
36	330	17.608	-60.002	91.422	3319	5.488e-002
36	332	17.883	-60.002	91.841	3319	5.5663e-002
37	323	15.77	-60.002	91.756	3319	5.2563e-002
37	332	17.883	-60.002	91.841	3319	5.5663e-002
37	327	16.622	-60.002	94.271	3319	5.6149e-002
38	326	16.445	-60.002	89.822	3319	5.1724e-002
38	342	19.114	-60.002	89.47	3319	5.5205e-002
38	320	14.741	-60.002	87.406	3319	4.7022e-002
39	326	16.445	-60.002	89.822	3319	5.1724e-002
39	320	14.741	-60.002	87.406	3319	4.7022e-002
39	315	14.345	-60.002	89.393	3319	4.8298e-002
40	326	16.445	-60.002	89.822	3319	5.1724e-002
40	315	14.345	-60.002	89.393	3319	4.8298e-002
40	319	14.654	-60.002	90.028	3319	4.9337e-002
41	326	16.445	-60.002	89.822	3319	5.1724e-002
41	319	14.654	-60.002	90.028	3319	4.9337e-002
41	330	17.608	-60.002	91.422	3319	5.488e-002
42	326	16.445	-60.002	89.822	3319	5.1724e-002
42	330	17.608	-60.002	91.422	3319	5.488e-002
42	336	18.208	-60.002	91.216	3319	5.5541e-002
43	326	16.445	-60.002	89.822	3319	5.1724e-002
43	336	18.208	-60.002	91.216	3319	5.5541e-002
43	342	19.114	-60.002	89.47	3319	5.5205e-002
44	319	14.654	-60.002	90.028	3319	4.9337e-002
44	314	14.202	-60.002	90.104	3319	4.8755e-002
44	315	14.345	-60.002	89.393	3319	4.8298e-002
45	330	17.608	-60.002	91.422	3319	5.488e-002
45	336	18.208	-60.002	91.216	3319	5.5541e-002
45	332	17.883	-60.002	91.841	3319	5.5663e-002
46	178	-11.013	-60.002	95.801	3321	1.6542e-002
46	189	-9.1749	-60.002	91.643	3321	1.5132e-002
46	194	-8.2301	-60.002	94.492	3321	1.9523e-002
47	328	16.853	-60.002	145.98	3340	0.10959
47	353	20.472	-60.002	145.25	3340	0.11328
47	351	20.327	-60.002	144.98	3340	0.11281
48	328	16.853	-60.002	145.98	3340	0.10959
48	351	20.327	-60.002	144.98	3340	0.11281
48	318	14.487	-60.002	144.8	3340	0.10537
49	328	16.853	-60.002	145.98	3340	0.10959
49	318	14.487	-60.002	144.8	3340	0.10537
49	313	14.098	-60.002	145.04	3340	0.10514
50	328	16.853	-60.002	145.98	3340	0.10959
50	313	14.098	-60.002	145.04	3340	0.10514
50	321	15.607	-60.002	147.88	3340	0.11014
51	328	16.853	-60.002	145.98	3340	0.10959
51	321	15.607	-60.002	147.88	3340	0.11014
51	325	16.127	-60.002	147.92	3340	0.11083
52	328	16.853	-60.002	145.98	3340	0.10959
52	325	16.127	-60.002	147.92	3340	0.11083
52	353	20.472	-60.002	145.25	3340	0.11328
53	313	14.098	-60.002	145.04	3340	0.10514
53	318	14.487	-60.002	144.8	3340	0.10537
53	312	13.96	-60.002	144.77	3340	0.10469
54	353	20.472	-60.002	145.25	3340	0.11328
54	360	20.835	-60.002	145.	3340	0.11345
54	351	20.327	-60.002	144.98	3340	0.11281
55	325	16.127	-60.002	147.92	3340	0.11083
55	321	15.607	-60.002	147.88	3340	0.11014
55	322	15.739	-60.002	148.13	3340	0.11058
56	235	0.89041	-60.002	92.546	3352	3.1522e-002
56	238	1.794	-60.002	89.626	3352	3.0038e-002
56	252	5.0726	-60.002	92.698	3352	3.7916e-002
57	182	-10.649	-60.002	149.24	3361	7.7865e-002
57	184	-10.607	-60.002	151.52	3361	8.0711e-002
57	166	-12.907	-60.002	147.44	3361	7.2602e-002
58	175	-11.265	-60.002	147.22	3361	7.4548e-002
58	190	-8.9193	-60.002	147.98	3361	7.866e-002
58	179	-10.813	-60.002	144.21	3361	7.1482e-002
59	175	-11.265	-60.002	147.22	3361	7.4548e-002
59	179	-10.813	-60.002	144.21	3361	7.1482e-002
59	164	-13.037	-60.002	147.21	3361	7.2146e-002
60	175	-11.265	-60.002	147.22	3361	7.4548e-002
60	164	-13.037	-60.002	147.21	3361	7.2146e-002
60	166	-12.907	-60.002	147.44	3361	7.2602e-002
61	175	-11.265	-60.002	147.22	3361	7.4548e-002
61	166	-12.907	-60.002	147.44	3361	7.2602e-002
61	182	-10.649	-60.002	149.24	3361	7.7865e-002
62	175	-11.265	-60.002	147.22	3361	7.4548e-002
62	182	-10.649	-60.002	149.24	3361	7.7865e-002
62	190	-8.9193	-60.002	147.98	3361	7.866e-002
63	188	-9.3645	-60.002	150.74	3361	8.142e-002
63	184	-10.607	-60.002	151.52	3361	8.0711e-002
63	186	-9.7902	-60.002	152.93	3361	8.3529e-002
64	188	-9.3645	-60.002	150.74	3361	8.142e-002
64	186	-9.7902	-60.002	152.93	3361	8.3529e-002
64	198	-6.8572	-60.002	152.03	3361	8.6346e-002
65	188	-9.3645	-60.002	150.74	3361	8.142e-002
65	198	-6.8572	-60.002	152.03	3361	8.6346e-002
65	190	-8.9193	-60.002	147.98	3361	7.866e-002
66	188	-9.3645	-60.002	150.74	3361	8.142e-002
66	190	-8.9193	-60.002	147.98	3361	7.866e-002
66	182	-10.649	-60.002	149.24	3361	7.7865e-002
67	188	-9.3645	-60.002	150.74	3361	8.142e-002
67	182	-10.649	-60.002	149.24	3361	7.7865e-002
67	184	-10.607	-60.002	151.52	3361	8.0711e-002
68	489	33.916	-60.002	126.73	3382	0.11085
68	503	36.749	-60.002	124.32	3382	0.11203
68	485	33.658	-60.002	122.76	3382	0.10665
68	470	32.499	-60.002	123.54	3382	0.10596
69	460	31.64	-60.002	121.73	3382	0.10311
69	485	33.658	-60.002	122.76	3382	0.10665
69	470	32.499	-60.002	123.54	3382	0.10596
70	403	26.55	-60.002	136.77	3396	0.11193
70	382	23.987	-60.002	136.51	3396	0.1085
70	420	28.486	-60.002	135.37	3396	0.11289
71	403	26.55	-60.002	136.77	3396	0.11193
71	420	28.486	-60.002	135.37	3396	0.11289
71	428	29.071	-60.002	136.33	3396	0.11457
72	403	26.55	-60.002	136.77	3396	0.11193
72	428	29.071	-60.002	136.33	3396	0.11457
72	406	27.111	-60.002	138.29	3396	0.11417
73	403	26.55	-60.002	136.77	3396	0.11193
73	406	27.111	-60.002	138.29	3396	0.11417
73	383	24.097	-60.002	137.37	3396	0.10952
74	403	26.55	-60.002	136.77	3396	0.11193
74	383	24.097	-60.002	137.37	3396	0.10952
74	382	23.987	-60.002	136.51	3396	0.1085
75	424	28.72	-60.002	138.54	3396	0.11639
75	430	29.135	-60.002	139.9	3396	0.11829
75	451	31.048	-60.002	139.54	3396	0.12025
76	424	28.72	-60.002	138.54	3396	0.11639
76	451	31.048	-60.002	139.54	3396	0.12025
76	428	29.071	-60.002	136.33	3396	0.11457
77	424	28.72	-60.002	138.54	3396	0.11639
77	428	29.071	-60.002	136.33	3396	0.11457
77	406	27.111	-60.002	138.29	3396	0.11417
78	424	28.72	-60.002	138.54	3396	0.11639
78	406	27.111	-60.002	138.29	3396	0.11417
78	408	27.235	-60.002	138.64	3396	0.11468
79	424	28.72	-60.002	138.54	3396	0.11639
79	408	27.235	-60.002	138.64	3396	0.11468
79	430	29.135	-60.002	139.9	3396	0.11829
80	400	26.469	-60.002	140.37	3396	0.11552
80	408	27.235	-60.002	138.64	3396	0.11468
80	430	29.135	-60.002	139.9	3396	0.11829
81	395	25.856	-60.002	139.08	3396	0.11344
81	408	27.235	-60.002	138.64	3396	0.11468
81	400	26.469	-60.002	140.37	3396	0.11552
82	395	25.856	-60.002	139.08	3396	0.11344
82	400	26.469	-60.002	140.37	3396	0.11552
82	385	24.368	-60.002	140.74	3396	0.11333
83	395	25.856	-60.002	139.08	3396	0.11344
83	385	24.368	-60.002	140.74	3396	0.11333
83	383	24.097	-60.002	137.37	3396	0.10952
84	395	25.856	-60.002	139.08	3396	0.11344
84	383	24.097	-60.002	137.37	3396	0.10952
84	406	27.111	-60.002	138.29	3396	0.11417
85	395	25.856	-60.002	139.08	3396	0.11344
85	406	27.111	-60.002	138.29	3396	0.11417
85	408	27.235	-60.002	138.64	3396	0.11468
86	163	-13.15	-60.002	147.32	3405	7.2135e-002
86	166	-12.907	-60.002	147.44	3405	7.2602e-002
86	164	-13.037	-60.002	147.21	3405	7.2146e-002
87	173	-11.546	-60.002	152.23	3405	8.0337e-002
87	186	-9.7902	-60.002	152.93	3405	8.3529e-002
87	183	-10.607	-60.002	151.52	3405	8.0711e-002
88	165	-12.932	-60.002	149.81	3405	7.5498e-002
88	173	-11.546	-60.002	152.23	3405	8.0337e-002
88	183	-10.607	-60.002	151.52	3405	8.0711e-002
89	165	-12.932	-60.002	149.81	3405	7.5498e-002
89	183	-10.607	-60.002	151.52	3405	8.0711e-002
89	166	-12.907	-60.002	147.44	3405	7.2602e-002
90	165	-12.932	-60.002	149.81	3405	7.5498e-002
90	166	-12.907	-60.002	147.44	3405	7.2602e-002
90	163	-13.15	-60.002	147.32	3405	7.2135e-002
91	165	-12.932	-60.002	149.81	3405	7.5498e-002
91	163	-13.15	-60.002	147.32	3405	7.2135e-002
91	156	-15.17	-60.002	149.36	3405	7.194e-002
92	165	-12.932	-60.002	149.81	3405	7.5498e-002
92	156	-15.17	-60.002	149.36	3405	7.194e-002
92	159	-14.211	-60.002	150.97	3405	7.522e-002
93	165	-12.932	-60.002	149.81	3405	7.5498e-002
93	159	-14.211	-60.002	150.97	3405	7.522e-002
93	173	-11.546	-60.002	152.23	3405	8.0337e-002
94	150	-15.866	-60.002	150.06	3405	7.186e-002
94	159	-14.211	-60.002	150.97	3405	7.522e-002
94	156	-15.17	-60.002	149.36	3405	7.194e-002
95	179	-10.813	-60.002	144.21	3407	7.1482e-002
95	202	-5.7595	-60.002	146.37	3407	8.094e-002
95	200	-6.1173	-60.002	148.32	3407	8.2799e-002
95	191	-8.9193	-60.002	147.98	3407	7.8659e-002
96	208	-4.1851	-60.002	148.43	3407	8.55e-002
96	219	-2.2841	-60.002	150.35	3407	9.0297e-002
96	209	-4.0661	-60.002	146.6	3407	8.3481e-002
97	208	-4.1851	-60.002	148.43	3407	8.55e-002
97	209	-4.0661	-60.002	146.6	3407	8.3481e-002
97	202	-5.7595	-60.002	146.37	3407	8.094e-002
98	208	-4.1851	-60.002	148.43	3407	8.55e-002
98	202	-5.7595	-60.002	146.37	3407	8.094e-002
98	200	-6.1173	-60.002	148.32	3407	8.2799e-002
99	208	-4.1851	-60.002	148.43	3407	8.55e-002
99	200	-6.1173	-60.002	148.32	3407	8.2799e-002
99	214	-2.6984	-60.002	150.51	3407	8.9946e-002
100	208	-4.1851	-60.002	148.43	3407	8.55e-002
100	214	-2.6984	-60.002	150.51	3407	8.9946e-002
100	219	-2.2841	-60.002	150.35	3407	9.0297e-002
101	198	-6.8572	-60.002	152.03	3407	8.6346e-002
101	191	-8.9193	-60.002	147.98	3407	7.8659e-002
101	200	-6.1173	-60.002	148.32	3407	8.2799e-002
101	214	-2.6984	-60.002	150.51	3407	8.9946e-002
102	65	-26.136	-60.002	130.05	3438	3.2578e-002
102	45	-27.797	-60.002	131.06	3438	3.1373e-002
102	42	-28.343	-60.002	129.31	3438	2.8354e-002
103	15	-30.554	-60.002	132.73	3438	2.9426e-002
103	45	-27.797	-60.002	131.06	3438	3.1373e-002
103	42	-28.343	-60.002	129.31	3438	2.8354e-002
103	7	-31.998	-60.002	128.11	3438	2.1358e-002
104	462	31.738	-60.002	118.18	3439	9.9763e-002
104	437	29.529	-60.002	119.56	3439	9.8335e-002
104	460	31.64	-60.002	121.73	3439	0.10311
105	385	24.368	-60.002	140.74	3442	0.11333
105	391	25.125	-60.002	142.	3442	0.11557
105	399	26.469	-60.002	140.37	3442	0.11552
106	404	26.777	-60.002	144.73	3442	0.12044
106	415	28.066	-60.002	143.35	3442	0.12056
106	397	26.093	-60.002	143.59	3442	0.11841
107	451	31.048	-60.002	139.54	3442	0.12025
107	431	29.135	-60.002	139.9	3442	0.11829
107	440	29.94	-60.002	141.07	3442	0.12048
108	411	27.471	-60.002	141.71	3442	0.11814
108	399	26.469	-60.002	140.37	3442	0.11552
108	391	25.125	-60.002	142.	3442	0.11557
109	411	27.471	-60.002	141.71	3442	0.11814
109	391	25.125	-60.002	142.	3442	0.11557
109	397	26.093	-60.002	143.59	3442	0.11841
110	411	27.471	-60.002	141.71	3442	0.11814
110	397	26.093	-60.002	143.59	3442	0.11841
110	415	28.066	-60.002	143.35	3442	0.12056
111	411	27.471	-60.002	141.71	3442	0.11814
111	415	28.066	-60.002	143.35	3442	0.12056
111	440	29.94	-60.002	141.07	3442	0.12048
112	411	27.471	-60.002	141.71	3442	0.11814
112	440	29.94	-60.002	141.07	3442	0.12048
112	431	29.135	-60.002	139.9	3442	0.11829
113	411	27.471	-60.002	141.71	3442	0.11814
113	431	29.135	-60.002	139.9	3442	0.11829
113	399	26.469	-60.002	140.37	3442	0.11552
114	484	33.527	-60.002	116.05	3487	9.996e-002
114	487	33.791	-60.002	117.95	3487	0.10214
114	462	31.738	-60.002	118.18	3487	9.9763e-002
115	505	36.934	-60.002	117.6	3487	0.10578
115	487	33.791	-60.002	117.95	3487	0.10214
115	484	33.527	-60.002	116.05	3487	9.996e-002
115	502	36.27	-60.002	112.81	3487	0.1004
116	198	-6.8572	-60.002	152.03	3490	8.6346e-002
116	205	-5.1367	-60.002	154.24	3490	9.1187e-002
116	215	-2.6133	-60.002	150.8	3490	9.0393e-002
116	214	-2.6984	-60.002	150.51	3490	8.9946e-002
117	219	-2.2841	-60.002	150.35	3490	9.0297e-002
117	215	-2.6133	-60.002	150.8	3490	9.0393e-002
117	214	-2.6984	-60.002	150.51	3490	8.9946e-002
118	53	-26.967	-60.002	127.94	3492	2.8684e-002
118	65	-26.136	-60.002	130.05	3492	3.2578e-002
118	86	-24.139	-60.002	128.26	3492	3.332e-002
119	53	-26.967	-60.002	127.94	3492	2.8684e-002
119	86	-24.139	-60.002	128.26	3492	3.332e-002
119	56	-26.803	-60.002	126.05	3492	2.6552e-002
120	53	-26.967	-60.002	127.94	3492	2.8684e-002
120	56	-26.803	-60.002	126.05	3492	2.6552e-002
120	49	-27.72	-60.002	126.42	3492	2.5638e-002
121	53	-26.967	-60.002	127.94	3492	2.8684e-002
121	49	-27.72	-60.002	126.42	3492	2.5638e-002
121	37	-28.658	-60.002	127.54	3492	2.5647e-002
122	53	-26.967	-60.002	127.94	3492	2.8684e-002
122	37	-28.658	-60.002	127.54	3492	2.5647e-002
122	41	-28.343	-60.002	129.31	3492	2.8354e-002
123	53	-26.967	-60.002	127.94	3492	2.8684e-002
123	41	-28.343	-60.002	129.31	3492	2.8354e-002
123	65	-26.136	-60.002	130.05	3492	3.2578e-002
124	26	-29.043	-60.002	125.94	3492	2.3048e-002
124	11	-31.331	-60.002	127.13	3492	2.1114e-002
124	25	-29.12	-60.002	123.99	3492	2.0457e-002
125	26	-29.043	-60.002	125.94	3492	2.3048e-002
125	25	-29.12	-60.002	123.99	3492	2.0457e-002
125	40	-28.387	-60.002	124.63	3492	2.2382e-002
126	26	-29.043	-60.002	125.94	3492	2.3048e-002
126	40	-28.387	-60.002	124.63	3492	2.2382e-002
126	49	-27.72	-60.002	126.42	3492	2.5638e-002
127	26	-29.043	-60.002	125.94	3492	2.3048e-002
127	49	-27.72	-60.002	126.42	3492	2.5638e-002
127	37	-28.658	-60.002	127.54	3492	2.5647e-002
128	26	-29.043	-60.002	125.94	3492	2.3048e-002
128	37	-28.658	-60.002	127.54	3492	2.5647e-002
128	11	-31.331	-60.002	127.13	3492	2.1114e-002
129	49	-27.72	-60.002	126.42	3492	2.5638e-002
129	56	-26.803	-60.002	126.05	3492	2.6552e-002
129	40	-28.387	-60.002	124.63	3492	2.2382e-002
130	7	-31.998	-60.002	128.11	3492	2.1358e-002
130	41	-28.343	-60.002	129.31	3492	2.8354e-002
130	37	-28.658	-60.002	127.54	3492	2.5647e-002
130	11	-31.331	-60.002	127.13	3492	2.1114e-002
131	195	-7.9584	-60.002	86.473	3520	1.1962e-002
131	212	-3.2396	-60.002	85.416	3520	1.8281e-002
131	207	-4.2684	-60.002	88.717	3520	1.9929e-002
132	72	-25.441	-60.002	119.25	3557	2.0168e-002
132	34	-28.739	-60.002	118.01	3557	1.3628e-002
132	27	-28.976	-60.002	120.58	3557	1.6415e-002
132	68	-25.943	-60.002	119.88	3557	2.0158e-002
133	17	-30.248	-60.002	120.12	3557	1.3912e-002
133	0	-32.92	-60.002	121.46	3557	1.1533e-002
133	21	-29.582	-60.002	117.7	3557	1.196e-002
134	17	-30.248	-60.002	120.12	3557	1.3912e-002
134	21	-29.582	-60.002	117.7	3557	1.196e-002
134	34	-28.739	-60.002	118.01	3557	1.3628e-002
135	17	-30.248	-60.002	120.12	3557	1.3912e-002
135	34	-28.739	-60.002	118.01	3557	1.3628e-002
135	27	-28.976	-60.002	120.58	3557	1.6415e-002
136	17	-30.248	-60.002	120.12	3557	1.3912e-002
136	27	-28.976	-60.002	120.58	3557	1.6415e-002
136	24	-29.238	-60.002	120.9	3557	1.6412e-002
137	17	-30.248	-60.002	120.12	3557	1.3912e-002
137	24	-29.238	-60.002	120.9	3557	1.6412e-002
137	5	-32.034	-60.002	122.06	3557	1.3636e-002
138	17	-30.248	-60.002	120.12	3557	1.3912e-002
138	5	-32.034	-60.002	122.06	3557	1.3636e-002
138	0	-32.92	-60.002	121.46	3557	1.1533e-002
139	68	-25.943	-60.002	119.88	3557	2.0158e-002
139	33	-28.807	-60.002	123.59	3557	2.0427e-002
139	24	-29.238	-60.002	120.9	3557	1.6412e-002
139	27	-28.976	-60.002	120.58	3557	1.6415e-002
140	5	-32.034	-60.002	122.06	3557	1.3636e-002
140	25	-29.12	-60.002	123.99	3557	2.0457e-002
140	33	-28.807	-60.002	123.59	3557	2.0427e-002
140	24	-29.238	-60.002	120.9	3557	1.6412e-002
141	231	3.6693e-002	-60.002	151.26	3559	9.4368e-002
141	219	-2.2841	-60.002	150.35	3559	9.0297e-002
141	245	3.0062	-60.002	150.94	3559	9.7799e-002
142	231	3.6693e-002	-60.002	151.26	3559	9.4368e-002
142	245	3.0062	-60.002	150.94	3559	9.7799e-002
142	242	2.8369	-60.002	151.4	3559	9.8123e-002
143	231	3.6693e-002	-60.002	151.26	3559	9.4368e-002
143	242	2.8369	-60.002	151.4	3559	9.8123e-002
143	227	-0.76216	-60.002	152.81	3559	9.5164e-002
144	231	3.6693e-002	-60.002	151.26	3559	9.4368e-002
144	227	-0.76216	-60.002	152.81	3559	9.5164e-002
144	215	-2.6133	-60.002	150.8	3559	9.0393e-002
145	231	3.6693e-002	-60.002	151.26	3559	9.4368e-002
145	215	-2.6133	-60.002	150.8	3559	9.0393e-002
145	219	-2.2841	-60.002	150.35	3559	9.0297e-002
146	232	0.44466	-60.002	153.49	3559	9.751e-002
146	228	-0.34624	-60.002	154.89	3559	9.8156e-002
146	236	1.5413	-60.002	154.98	3559	0.10068
147	232	0.44466	-60.002	153.49	3559	9.751e-002
147	236	1.5413	-60.002	154.98	3559	0.10068
147	242	2.8369	-60.002	151.4	3559	9.8123e-002
148	232	0.44466	-60.002	153.49	3559	9.751e-002
148	242	2.8369	-60.002	151.4	3559	9.8123e-002
148	227	-0.76216	-60.002	152.81	3559	9.5164e-002
149	232	0.44466	-60.002	153.49	3559	9.751e-002
149	227	-0.76216	-60.002	152.81	3559	9.5164e-002
149	224	-1.0464	-60.002	153.35	3559	9.5428e-002
150	232	0.44466	-60.002	153.49	3559	9.751e-002
150	224	-1.0464	-60.002	153.35	3559	9.5428e-002
150	228	-0.34624	-60.002	154.89	3559	9.8156e-002
151	211	-3.275	-60.002	154.56	3559	9.3992e-002
151	224	-1.0464	-60.002	153.35	3559	9.5428e-002
151	228	-0.34624	-60.002	154.89	3559	9.8156e-002
152	217	-2.5667	-60.002	153.15	3559	9.3233e-002
152	224	-1.0464	-60.002	153.35	3559	9.5428e-002
152	211	-3.275	-60.002	154.56	3559	9.3992e-002
153	217	-2.5667	-60.002	153.15	3559	9.3233e-002
153	211	-3.275	-60.002	154.56	3559	9.3992e-002
153	205	-5.1367	-60.002	154.24	3559	9.1187e-002
154	217	-2.5667	-60.002	153.15	3559	9.3233e-002
154	205	-5.1367	-60.002	154.24	3559	9.1187e-002
154	215	-2.6133	-60.002	150.8	3559	9.0393e-002
155	217	-2.5667	-60.002	153.15	3559	9.3233e-002
155	215	-2.6133	-60.002	150.8	3559	9.0393e-002
155	227	-0.76216	-60.002	152.81	3559	9.5164e-002
156	217	-2.5667	-60.002	153.15	3559	9.3233e-002
156	227	-0.76216	-60.002	152.81	3559	9.5164e-002
156	224	-1.0464	-60.002	153.35	3559	9.5428e-002
157	263	7.0257	-60.002	88.523	3605	3.6831e-002
157	248	3.469	-60.002	85.046	3605	2.8185e-002
157	272	8.2755	-60.002	85.578	3605	3.586e-002
158	309	13.651	-60.002	92.87	3619	5.0557e-002
158	327	16.622	-60.002	94.271	3619	5.6149e-002
158	317	14.384	-60.002	95.43	3619	5.4027e-002
159	277	8.8201	-60.002	90.799	3653	4.1605e-002
159	267	7.3897	-60.002	89.564	3653	3.8352e-002
159	274	8.7038	-60.002	93.321	3653	4.3743e-002
160	277	8.8201	-60.002	90.799	3653	4.1605e-002
160	274	8.7038	-60.002	93.321	3653	4.3743e-002
160	282	9.6519	-60.002	91.016	3653	4.302e-002
161	277	8.8201	-60.002	90.799	3653	4.1605e-002
161	282	9.6519	-60.002	91.016	3653	4.302e-002
161	281	9.6338	-60.002	90.945	3653	4.2929e-002
162	277	8.8201	-60.002	90.799	3653	4.1605e-002
162	281	9.6338	-60.002	90.945	3653	4.2929e-002
162	275	8.7214	-60.002	89.15	3653	3.9923e-002
163	277	8.8201	-60.002	90.799	3653	4.1605e-002
163	275	8.7214	-60.002	89.15	3653	3.9923e-002
163	267	7.3897	-60.002	89.564	3653	3.8352e-002
164	278	9.4788	-60.002	89.173	3653	4.1058e-002
164	276	8.7424	-60.002	86.153	3653	3.7107e-002
164	288	10.629	-60.002	88.639	3653	4.2247e-002
165	278	9.4788	-60.002	89.173	3653	4.1058e-002
165	288	10.629	-60.002	88.639	3653	4.2247e-002
165	283	9.6676	-60.002	90.977	3653	4.3008e-002
166	278	9.4788	-60.002	89.173	3653	4.1058e-002
166	283	9.6676	-60.002	90.977	3653	4.3008e-002
166	281	9.6338	-60.002	90.945	3653	4.2929e-002
167	278	9.4788	-60.002	89.173	3653	4.1058e-002
167	281	9.6338	-60.002	90.945	3653	4.2929e-002
167	275	8.7214	-60.002	89.15	3653	3.9923e-002
168	278	9.4788	-60.002	89.173	3653	4.1058e-002
168	275	8.7214	-60.002	89.15	3653	3.9923e-002
168	276	8.7424	-60.002	86.153	3653	3.7107e-002
169	281	9.6338	-60.002	90.945	3653	4.2929e-002
169	282	9.6519	-60.002	91.016	3653	4.302e-002
169	283	9.6676	-60.002	90.977	3653	4.3008e-002
170	270	8.0309	-60.002	87.793	3653	3.7623e-002
170	276	8.7424	-60.002	86.153	3653	3.7107e-002
170	272	8.2755	-60.002	85.578	3653	3.586e-002
171	270	8.0309	-60.002	87.793	3653	3.7623e-002
171	272	8.2755	-60.002	85.578	3653	3.586e-002
171	263	7.0257	-60.002	88.523	3653	3.6831e-002
172	270	8.0309	-60.002	87.793	3653	3.7623e-002
172	263	7.0257	-60.002	88.523	3653	3.6831e-002
172	267	7.3897	-60.002	89.564	3653	3.8352e-002
173	270	8.0309	-60.002	87.793	3653	3.7623e-002
173	267	7.3897	-60.002	89.564	3653	3.8352e-002
173	275	8.7214	-60.002	89.15	3653	3.9923e-002
174	270	8.0309	-60.002	87.793	3653	3.7623e-002
174	275	8.7214	-60.002	89.15	3653	3.9923e-002
174	276	8.7424	-60.002	86.153	3653	3.7107e-002
175	392	25.369	-60.002	101.91	3682	7.5666e-002
175	393	25.502	-60.002	104.18	3682	7.8007e-002
175	409	27.348	-60.002	104.61	3682	8.0909e-002
176	204	-5.2302	-60.002	91.913	3683	2.1588e-002
176	201	-5.9002	-60.002	90.59	3683	1.9231e-002
176	206	-4.7304	-60.002	90.269	3683	2.0736e-002
177	196	-7.5804	-60.002	89.593	3683	1.5612e-002
177	192	-8.7782	-60.002	89.962	3683	1.4088e-002
177	193	-8.316	-60.002	87.962	3683	1.285e-002
178	199	-6.459	-60.002	88.934	3683	1.6724e-002
178	206	-4.7304	-60.002	90.269	3683	2.0736e-002
178	207	-4.2684	-60.002	88.717	3683	1.9929e-002
179	199	-6.459	-60.002	88.934	3683	1.6724e-002
179	207	-4.2684	-60.002	88.717	3683	1.9929e-002
179	195	-7.9584	-60.002	86.473	3683	1.1962e-002
180	199	-6.459	-60.002	88.934	3683	1.6724e-002
180	195	-7.9584	-60.002	86.473	3683	1.1962e-002
180	193	-8.316	-60.002	87.962	3683	1.285e-002
181	199	-6.459	-60.002	88.934	3683	1.6724e-002
181	193	-8.316	-60.002	87.962	3683	1.285e-002
181	196	-7.5804	-60.002	89.593	3683	1.5612e-002
182	199	-6.459	-60.002	88.934	3683	1.6724e-002
182	196	-7.5804	-60.002	89.593	3683	1.5612e-002
182	201	-5.9002	-60.002	90.59	3683	1.9231e-002
183	199	-6.459	-60.002	88.934	3683	1.6724e-002
183	201	-5.9002	-60.002	90.59	3683	1.9231e-002
183	206	-4.7304	-60.002	90.269	3683	2.0736e-002
184	197	-7.0662	-60.002	91.225	3683	1.8036e-002
184	192	-8.7782	-60.002	89.962	3683	1.4088e-002
184	189	-9.1749	-60.002	91.643	3683	1.5132e-002
185	197	-7.0662	-60.002	91.225	3683	1.8036e-002
185	189	-9.1749	-60.002	91.643	3683	1.5132e-002
185	203	-5.7331	-60.002	93.646	3683	2.2542e-002
186	197	-7.0662	-60.002	91.225	3683	1.8036e-002
186	203	-5.7331	-60.002	93.646	3683	2.2542e-002
186	204	-5.2302	-60.002	91.913	3683	2.1588e-002
187	197	-7.0662	-60.002	91.225	3683	1.8036e-002
187	204	-5.2302	-60.002	91.913	3683	2.1588e-002
187	201	-5.9002	-60.002	90.59	3683	1.9231e-002
188	197	-7.0662	-60.002	91.225	3683	1.8036e-002
188	201	-5.9002	-60.002	90.59	3683	1.9231e-002
188	196	-7.5804	-60.002	89.593	3683	1.5612e-002
189	197	-7.0662	-60.002	91.225	3683	1.8036e-002
189	196	-7.5804	-60.002	89.593	3683	1.5612e-002
189	192	-8.7782	-60.002	89.962	3683	1.4088e-002
190	83	-24.457	-60.002	133.36	3684	3.9203e-002
190	80	-24.498	-60.002	135.52	3684	4.1855e-002
190	70	-25.606	-60.002	135.39	3684	4.0048e-002
191	51	-27.52	-60.002	138.72	3684	4.1504e-002
191	82	-24.476	-60.002	140.22	3684	4.7833e-002
191	80	-24.498	-60.002	135.52	3684	4.1855e-002
191	70	-25.606	-60.002	135.39	3684	4.0048e-002
192	219	-2.2841	-60.002	150.35	3697	9.0297e-002
192	234	0.82924	-60.002	147.43	3697	9.088e-002
192	209	-4.0661	-60.002	146.6	3697	8.3481e-002
193	262	6.8711	-60.002	91.335	3707	3.9251e-002
193	267	7.3897	-60.002	89.564	3707	3.8352e-002
193	274	8.7038	-60.002	93.321	3707	4.3743e-002
194	262	6.8711	-60.002	91.335	3707	3.9251e-002
194	274	8.7038	-60.002	93.321	3707	4.3743e-002
194	256	6.0647	-60.002	92.801	3707	3.9455e-002
195	262	6.8711	-60.002	91.335	3707	3.9251e-002
195	256	6.0647	-60.002	92.801	3707	3.9455e-002
195	255	5.8085	-60.002	91.107	3707	3.7478e-002
196	262	6.8711	-60.002	91.335	3707	3.9251e-002
196	255	5.8085	-60.002	91.107	3707	3.7478e-002
196	259	6.3888	-60.002	89.882	3707	3.7171e-002
197	262	6.8711	-60.002	91.335	3707	3.9251e-002
197	259	6.3888	-60.002	89.882	3707	3.7171e-002
197	267	7.3897	-60.002	89.564	3707	3.8352e-002
198	255	5.8085	-60.002	91.107	3707	3.7478e-002
198	252	5.0726	-60.002	92.698	3707	3.7916e-002
198	256	6.0647	-60.002	92.801	3707	3.9455e-002
199	259	6.3888	-60.002	89.882	3707	3.7171e-002
199	267	7.3897	-60.002	89.564	3707	3.8352e-002
199	263	7.0257	-60.002	88.523	3707	3.6831e-002
200	65	-26.136	-60.002	130.05	3728	3.2578e-002
200	83	-24.457	-60.002	133.36	3728	3.9203e-002
200	88	-23.415	-60.002	130.38	3728	3.701e-002
201	77	-24.656	-60.002	142.62	3738	5.0494e-002
201	51	-27.52	-60.002	138.72	3738	4.1504e-002
201	82	-24.476	-60.002	140.22	3738	4.7833e-002
202	181	-10.804	-60.002	90.785	3739	1.1725e-002
202	189	-9.1749	-60.002	91.643	3739	1.5132e-002
202	192	-8.7782	-60.002	89.962	3739	1.4088e-002
203	185	-10.477	-60.002	88.954	3739	1.0427e-002
203	181	-10.804	-60.002	90.785	3739	1.1725e-002
203	192	-8.7782	-60.002	89.962	3739	1.4088e-002
204	185	-10.477	-60.002	88.954	3739	1.0427e-002
204	192	-8.7782	-60.002	89.962	3739	1.4088e-002
204	193	-8.316	-60.002	87.962	3739	1.285e-002
205	185	-10.477	-60.002	88.954	3739	1.0427e-002
205	193	-8.316	-60.002	87.962	3739	1.285e-002
205	187	-9.7499	-60.002	87.075	3739	9.7272e-003
206	185	-10.477	-60.002	88.954	3739	1.0427e-002
206	187	-9.7499	-60.002	87.075	3739	9.7272e-003
206	171	-12.48	-60.002	88.184	3739	6.512e-003
207	185	-10.477	-60.002	88.954	3739	1.0427e-002
207	171	-12.48	-60.002	88.184	3739	6.512e-003
207	168	-12.734	-60.002	89.757	3739	7.6675e-003
208	185	-10.477	-60.002	88.954	3739	1.0427e-002
208	168	-12.734	-60.002	89.757	3739	7.6675e-003
208	181	-10.804	-60.002	90.785	3739	1.1725e-002
209	187	-9.7499	-60.002	87.075	3739	9.7272e-003
209	193	-8.316	-60.002	87.962	3739	1.285e-002
209	195	-7.9584	-60.002	86.473	3739	1.1962e-002
210	171	-12.48	-60.002	88.184	3739	6.512e-003
210	160	-14.183	-60.002	89.002	3739	4.6306e-003
210	168	-12.734	-60.002	89.757	3739	7.6675e-003
211	105	-21.769	-60.002	106.23	3742	1.0917e-002
211	107	-21.435	-60.002	105.72	3742	1.0891e-002
211	100	-22.269	-60.002	105.13	3742	8.9108e-003
212	412	27.685	-60.002	101.89	3762	7.8779e-002
212	392	25.369	-60.002	101.91	3762	7.5666e-002
212	409	27.348	-60.002	104.61	3762	8.0909e-002
213	412	27.685	-60.002	101.89	3762	7.8779e-002
213	409	27.348	-60.002	104.61	3762	8.0909e-002
213	435	29.32	-60.002	103.56	3762	8.2558e-002
214	412	27.685	-60.002	101.89	3762	7.8779e-002
214	435	29.32	-60.002	103.56	3762	8.2558e-002
214	426	28.966	-60.002	101.01	3762	7.9678e-002
215	412	27.685	-60.002	101.89	3762	7.8779e-002
215	426	28.966	-60.002	101.01	3762	7.9678e-002
215	422	28.604	-60.002	100.51	3762	7.8727e-002
216	412	27.685	-60.002	101.89	3762	7.8779e-002
216	422	28.604	-60.002	100.51	3762	7.8727e-002
216	402	26.504	-60.002	99.724	3762	7.5135e-002
217	412	27.685	-60.002	101.89	3762	7.8779e-002
217	402	26.504	-60.002	99.724	3762	7.5135e-002
217	392	25.369	-60.002	101.91	3762	7.5666e-002
218	453	31.058	-60.002	100.5	3762	8.2019e-002
218	434	29.313	-60.002	98.121	3762	7.745e-002
218	422	28.604	-60.002	100.51	3762	7.8727e-002
218	426	28.966	-60.002	101.01	3762	7.9678e-002
219	465	32.081	-60.002	102.08	3762	8.487e-002
219	435	29.32	-60.002	103.56	3762	8.2558e-002
219	426	28.966	-60.002	101.01	3762	7.9678e-002
219	453	31.058	-60.002	100.5	3762	8.2019e-002
220	416	28.102	-60.002	96.67	3762	7.4453e-002
220	402	26.504	-60.002	99.724	3762	7.5135e-002
220	422	28.604	-60.002	100.51	3762	7.8727e-002
220	434	29.313	-60.002	98.121	3762	7.745e-002
221	433	29.307	-60.002	117.02	3771	9.5538e-002
221	437	29.529	-60.002	119.56	3771	9.8335e-002
221	462	31.738	-60.002	118.18	3771	9.9763e-002
222	345	19.254	-60.002	142.04	3790	0.10832
222	369	22.298	-60.002	143.1	3790	0.11324
222	356	20.696	-60.002	144.74	3790	0.113
223	380	23.856	-60.002	142.94	3790	0.115
223	390	25.125	-60.002	142.	3790	0.11557
223	396	26.093	-60.002	143.59	3790	0.11841
224	377	23.426	-60.002	144.02	3790	0.11561
224	356	20.696	-60.002	144.74	3790	0.113
224	360	20.835	-60.002	145.	3790	0.11345
225	377	23.426	-60.002	144.02	3790	0.11561
225	360	20.835	-60.002	145.	3790	0.11345
225	404	26.777	-60.002	144.73	3790	0.12044
226	377	23.426	-60.002	144.02	3790	0.11561
226	404	26.777	-60.002	144.73	3790	0.12044
226	396	26.093	-60.002	143.59	3790	0.11841
227	377	23.426	-60.002	144.02	3790	0.11561
227	396	26.093	-60.002	143.59	3790	0.11841
227	380	23.856	-60.002	142.94	3790	0.115
228	377	23.426	-60.002	144.02	3790	0.11561
228	380	23.856	-60.002	142.94	3790	0.115
228	369	22.298	-60.002	143.1	3790	0.11324
229	377	23.426	-60.002	144.02	3790	0.11561
229	369	22.298	-60.002	143.1	3790	0.11324
229	356	20.696	-60.002	144.74	3790	0.113
230	370	22.32	-60.002	142.07	3790	0.11219
230	390	25.125	-60.002	142.	3790	0.11557
230	385	24.368	-60.002	140.74	3790	0.11333
231	370	22.32	-60.002	142.07	3790	0.11219
231	385	24.368	-60.002	140.74	3790	0.11333
231	340	19.021	-60.002	141.61	3790	0.10757
232	370	22.32	-60.002	142.07	3790	0.11219
232	340	19.021	-60.002	141.61	3790	0.10757
232	345	19.254	-60.002	142.04	3790	0.10832
233	370	22.32	-60.002	142.07	3790	0.11219
233	345	19.254	-60.002	142.04	3790	0.10832
233	369	22.298	-60.002	143.1	3790	0.11324
234	370	22.32	-60.002	142.07	3790	0.11219
234	369	22.298	-60.002	143.1	3790	0.11324
234	380	23.856	-60.002	142.94	3790	0.115
235	370	22.32	-60.002	142.07	3790	0.11219
235	380	23.856	-60.002	142.94	3790	0.115
235	390	25.125	-60.002	142.	3790	0.11557
236	353	20.472	-60.002	145.25	3810	0.11328
236	343	19.219	-60.002	148.03	3810	0.11476
236	325	16.127	-60.002	147.92	3810	0.11083
237	346	19.701	-60.002	148.78	3810	0.11618
237	363	21.585	-60.002	148.99	3810	0.1187
237	341	19.074	-60.002	150.54	3810	0.11733
238	331	17.878	-60.002	149.14	3810	0.11433
238	325	16.127	-60.002	147.92	3810	0.11083
238	322	15.739	-60.002	148.13	3810	0.11058
239	331	17.878	-60.002	149.14	3810	0.11433
239	322	15.739	-60.002	148.13	3810	0.11058
239	329	17.406	-60.002	151.42	3810	0.11628
240	331	17.878	-60.002	149.14	3810	0.11433
240	329	17.406	-60.002	151.42	3810	0.11628
240	341	19.074	-60.002	150.54	3810	0.11733
241	331	17.878	-60.002	149.14	3810	0.11433
241	341	19.074	-60.002	150.54	3810	0.11733
241	346	19.701	-60.002	148.78	3810	0.11618
242	331	17.878	-60.002	149.14	3810	0.11433
242	346	19.701	-60.002	148.78	3810	0.11618
242	343	19.219	-60.002	148.03	3810	0.11476
243	331	17.878	-60.002	149.14	3810	0.11433
243	343	19.219	-60.002	148.03	3810	0.11476
243	325	16.127	-60.002	147.92	3810	0.11083
244	359	20.824	-60.002	147.33	3810	0.11596
244	363	21.585	-60.002	148.99	3810	0.1187
244	374	23.13	-60.002	147.91	3810	0.1194
245	359	20.824	-60.002	147.33	3810	0.11596
245	374	23.13	-60.002	147.91	3810	0.1194
245	360	20.835	-60.002	145.	3810	0.11345
246	359	20.824	-60.002	147.33	3810	0.11596
246	360	20.835	-60.002	145.	3810	0.11345
246	353	20.472	-60.002	145.25	3810	0.11328
247	359	20.824	-60.002	147.33	3810	0.11596
247	353	20.472	-60.002	145.25	3810	0.11328
247	343	19.219	-60.002	148.03	3810	0.11476
248	359	20.824	-60.002	147.33	3810	0.11596
248	343	19.219	-60.002	148.03	3810	0.11476
248	346	19.701	-60.002	148.78	3810	0.11618
249	359	20.824	-60.002	147.33	3810	0.11596
249	346	19.701	-60.002	148.78	3810	0.11618
249	363	21.585	-60.002	148.99	3810	0.1187
250	503	36.749	-60.002	124.32	3813	0.11203
250	501	35.822	-60.002	129.06	3813	0.11552
250	489	33.916	-60.002	126.73	3813	0.11085
251	222	-1.5278	-60.002	89.836	3835	2.5226e-002
251	226	-1.0268	-60.002	91.105	3835	2.7225e-002
251	216	-2.6076	-60.002	89.947	3835	2.3686e-002
252	229	-0.14674	-60.002	89.921	3835	2.7403e-002
252	238	1.794	-60.002	89.626	3835	3.0038e-002
252	235	0.89041	-60.002	92.546	3835	3.1522e-002
253	229	-0.14674	-60.002	89.921	3835	2.7403e-002
253	235	0.89041	-60.002	92.546	3835	3.1522e-002
253	226	-1.0268	-60.002	91.105	3835	2.7225e-002
254	229	-0.14674	-60.002	89.921	3835	2.7403e-002
254	226	-1.0268	-60.002	91.105	3835	2.7225e-002
254	222	-1.5278	-60.002	89.836	3835	2.5226e-002
255	229	-0.14674	-60.002	89.921	3835	2.7403e-002
255	222	-1.5278	-60.002	89.836	3835	2.5226e-002
255	225	-1.0379	-60.002	88.26	3835	2.4432e-002
256	229	-0.14674	-60.002	89.921	3835	2.7403e-002
256	225	-1.0379	-60.002	88.26	3835	2.4432e-002
256	230	2.762e-002	-60.002	88.151	3835	2.5942e-002
257	229	-0.14674	-60.002	89.921	3835	2.7403e-002
257	230	2.762e-002	-60.002	88.151	3835	2.5942e-002
257	238	1.794	-60.002	89.626	3835	3.0038e-002
258	218	-2.4046	-60.002	88.138	3835	2.2227e-002
258	212	-3.2396	-60.002	85.416	3835	1.8281e-002
258	207	-4.2684	-60.002	88.717	3835	1.9929e-002
259	218	-2.4046	-60.002	88.138	3835	2.2227e-002
259	207	-4.2684	-60.002	88.717	3835	1.9929e-002
259	216	-2.6076	-60.002	89.947	3835	2.3686e-002
260	218	-2.4046	-60.002	88.138	3835	2.2227e-002
260	216	-2.6076	-60.002	89.947	3835	2.3686e-002
260	222	-1.5278	-60.002	89.836	3835	2.5226e-002
261	218	-2.4046	-60.002	88.138	3835	2.2227e-002
261	222	-1.5278	-60.002	89.836	3835	2.5226e-002
261	225	-1.0379	-60.002	88.26	3835	2.4432e-002
262	218	-2.4046	-60.002	88.138	3835	2.2227e-002
262	225	-1.0379	-60.002	88.26	3835	2.4432e-002
262	220	-1.7466	-60.002	86.653	3835	2.1783e-002
263	218	-2.4046	-60.002	88.138	3835	2.2227e-002
263	220	-1.7466	-60.002	86.653	3835	2.1783e-002
263	212	-3.2396	-60.002	85.416	3835	1.8281e-002
264	225	-1.0379	-60.002	88.26	3835	2.4432e-002
264	220	-1.7466	-60.002	86.653	3835	2.1783e-002
264	230	2.762e-002	-60.002	88.151	3835	2.5942e-002
265	253	5.2831	-60.002	89.783	3839	3.5425e-002
265	259	6.3888	-60.002	89.882	3839	3.7171e-002
265	255	5.8085	-60.002	91.107	3839	3.7478e-002
266	251	4.7782	-60.002	87.956	3839	3.2925e-002
266	248	3.469	-60.002	85.046	3839	2.8185e-002
266	263	7.0257	-60.002	88.523	3839	3.6831e-002
267	251	4.7782	-60.002	87.956	3839	3.2925e-002
267	263	7.0257	-60.002	88.523	3839	3.6831e-002
267	259	6.3888	-60.002	89.882	3839	3.7171e-002
268	251	4.7782	-60.002	87.956	3839	3.2925e-002
268	259	6.3888	-60.002	89.882	3839	3.7171e-002
268	253	5.2831	-60.002	89.783	3839	3.5425e-002
269	251	4.7782	-60.002	87.956	3839	3.2925e-002
269	253	5.2831	-60.002	89.783	3839	3.5425e-002
269	249	3.5304	-60.002	88.11	3839	3.1195e-002
270	251	4.7782	-60.002	87.956	3839	3.2925e-002
270	249	3.5304	-60.002	88.11	3839	3.1195e-002
270	244	2.9719	-60.002	86.393	3839	2.8713e-002
271	251	4.7782	-60.002	87.956	3839	3.2925e-002
271	244	2.9719	-60.002	86.393	3839	2.8713e-002
271	248	3.469	-60.002	85.046	3839	2.8185e-002
272	250	3.9784	-60.002	89.891	3839	3.3576e-002
272	238	1.794	-60.002	89.626	3839	3.0038e-002
272	252	5.0726	-60.002	92.698	3839	3.7916e-002
273	250	3.9784	-60.002	89.891	3839	3.3576e-002
273	252	5.0726	-60.002	92.698	3839	3.7916e-002
273	255	5.8085	-60.002	91.107	3839	3.7478e-002
274	250	3.9784	-60.002	89.891	3839	3.3576e-002
274	255	5.8085	-60.002	91.107	3839	3.7478e-002
274	253	5.2831	-60.002	89.783	3839	3.5425e-002
275	250	3.9784	-60.002	89.891	3839	3.3576e-002
275	253	5.2831	-60.002	89.783	3839	3.5425e-002
275	249	3.5304	-60.002	88.11	3839	3.1195e-002
276	250	3.9784	-60.002	89.891	3839	3.3576e-002
276	249	3.5304	-60.002	88.11	3839	3.1195e-002
276	240	2.3818	-60.002	88.021	3839	2.9378e-002
277	250	3.9784	-60.002	89.891	3839	3.3576e-002
277	240	2.3818	-60.002	88.021	3839	2.9378e-002
277	238	1.794	-60.002	89.626	3839	3.0038e-002
278	249	3.5304	-60.002	88.11	3839	3.1195e-002
278	240	2.3818	-60.002	88.021	3839	2.9378e-002
278	244	2.9719	-60.002	86.393	3839	2.8713e-002
279	314	14.202	-60.002	90.104	3843	4.8755e-002
279	301	12.48	-60.002	91.188	3843	4.7285e-002
279	309	13.651	-60.002	92.87	3843	5.0557e-002
280	307	13.12	-60.002	89.39	3843	4.6533e-002
280	311	13.943	-60.002	87.623	3843	4.6081e-002
280	288	10.629	-60.002	88.639	3843	4.2247e-002
281	307	13.12	-60.002	89.39	3843	4.6533e-002
281	288	10.629	-60.002	88.639	3843	4.2247e-002
281	301	12.48	-60.002	91.188	3843	4.7285e-002
282	307	13.12	-60.002	89.39	3843	4.6533e-002
282	301	12.48	-60.002	91.188	3843	4.7285e-002
282	314	14.202	-60.002	90.104	3843	4.8755e-002
283	307	13.12	-60.002	89.39	3843	4.6533e-002
283	314	14.202	-60.002	90.104	3843	4.8755e-002
283	315	14.345	-60.002	89.393	3843	4.8298e-002
284	307	13.12	-60.002	89.39	3843	4.6533e-002
284	315	14.345	-60.002	89.393	3843	4.8298e-002
284	311	13.943	-60.002	87.623	3843	4.6081e-002
285	320	14.741	-60.002	87.406	3843	4.7022e-002
285	311	13.943	-60.002	87.623	3843	4.6081e-002
285	315	14.345	-60.002	89.393	3843	4.8298e-002
286	48	-27.775	-60.002	111.95	3857	7.9312e-003
286	74	-25.046	-60.002	115.23	3857	1.5873e-002
286	85	-24.151	-60.002	111.61	3857	1.3165e-002
286	66	-26.043	-60.002	110.15	3857	8.5675e-003
287	43	-28.33	-60.002	111.28	3857	6.3041e-003
287	64	-26.16	-60.002	109.14	3857	7.2259e-003
287	66	-26.043	-60.002	110.15	3857	8.5675e-003
287	48	-27.775	-60.002	111.95	3857	7.9312e-003
288	84	-24.293	-60.002	108.84	3857	9.8284e-003
288	103	-22.036	-60.002	106.76	3857	1.1094e-002
288	91	-23.075	-60.002	106.52	3857	9.1636e-003
289	84	-24.293	-60.002	108.84	3857	9.8284e-003
289	91	-23.075	-60.002	106.52	3857	9.1636e-003
289	64	-26.16	-60.002	109.14	3857	7.2259e-003
290	84	-24.293	-60.002	108.84	3857	9.8284e-003
290	64	-26.16	-60.002	109.14	3857	7.2259e-003
290	66	-26.043	-60.002	110.15	3857	8.5675e-003
291	84	-24.293	-60.002	108.84	3857	9.8284e-003
291	66	-26.043	-60.002	110.15	3857	8.5675e-003
291	85	-24.151	-60.002	111.61	3857	1.3165e-002
292	84	-24.293	-60.002	108.84	3857	9.8284e-003
292	85	-24.151	-60.002	111.61	3857	1.3165e-002
292	103	-22.036	-60.002	106.76	3857	1.1094e-002
293	86	-24.139	-60.002	128.26	3858	3.332e-002
293	65	-26.136	-60.002	130.05	3858	3.2578e-002
293	88	-23.415	-60.002	130.38	3858	3.701e-002
294	117	-20.132	-60.002	99.268	3867	5.8656e-003
294	122	-19.485	-60.002	97.713	3867	5.2061e-003
294	130	-18.841	-60.002	102.11	3867	1.0911e-002
295	117	-20.132	-60.002	99.268	3867	5.8656e-003
295	130	-18.841	-60.002	102.11	3867	1.0911e-002
295	112	-21.098	-60.002	100.84	3867	6.0608e-003
296	117	-20.132	-60.002	99.268	3867	5.8656e-003
296	112	-21.098	-60.002	100.84	3867	6.0608e-003
296	111	-21.265	-60.002	98.181	3867	2.9258e-003
297	117	-20.132	-60.002	99.268	3867	5.8656e-003
297	111	-21.265	-60.002	98.181	3867	2.9258e-003
297	119	-19.97	-60.002	97.492	3867	4.21e-003
298	117	-20.132	-60.002	99.268	3867	5.8656e-003
298	119	-19.97	-60.002	97.492	3867	4.21e-003
298	122	-19.485	-60.002	97.713	3867	5.2061e-003
299	99	-22.324	-60.002	98.171	3867	1.2562e-003
299	90	-23.37	-60.002	95.947	3867	-2.8063e-003
299	87	-23.509	-60.002	99.493	3867	8.4133e-004
300	99	-22.324	-60.002	98.171	3867	1.2562e-003
300	87	-23.509	-60.002	99.493	3867	8.4133e-004
300	112	-21.098	-60.002	100.84	3867	6.0608e-003
301	99	-22.324	-60.002	98.171	3867	1.2562e-003
301	112	-21.098	-60.002	100.84	3867	6.0608e-003
301	111	-21.265	-60.002	98.181	3867	2.9258e-003
302	99	-22.324	-60.002	98.171	3867	1.2562e-003
302	111	-21.265	-60.002	98.181	3867	2.9258e-003
302	97	-22.38	-60.002	96.39	3867	-7.6465e-004
303	99	-22.324	-60.002	98.171	3867	1.2562e-003
303	97	-22.38	-60.002	96.39	3867	-7.6465e-004
303	90	-23.37	-60.002	95.947	3867	-2.8063e-003
304	111	-21.265	-60.002	98.181	3867	2.9258e-003
304	97	-22.38	-60.002	96.39	3867	-7.6465e-004
304	119	-19.97	-60.002	97.492	3867	4.21e-003
305	329	17.406	-60.002	151.42	3899	0.11628
305	305	12.926	-60.002	153.24	3899	0.11288
305	322	15.739	-60.002	148.13	3899	0.11058
306	366	21.882	-60.002	99.349	3900	6.8399e-002
306	372	22.679	-60.002	97.388	3900	6.7657e-002
306	350	20.247	-60.002	99.397	3900	6.6137e-002
307	366	21.882	-60.002	99.349	3900	6.8399e-002
307	350	20.247	-60.002	99.397	3900	6.6137e-002
307	358	20.82	-60.002	99.949	3900	6.7476e-002
308	366	21.882	-60.002	99.349	3900	6.8399e-002
308	358	20.82	-60.002	99.949	3900	6.7476e-002
308	371	22.382	-60.002	100.5	3900	7.0199e-002
309	366	21.882	-60.002	99.349	3900	6.8399e-002
309	371	22.382	-60.002	100.5	3900	7.0199e-002
309	376	23.281	-60.002	99.512	3900	7.0511e-002
310	366	21.882	-60.002	99.349	3900	6.8399e-002
310	376	23.281	-60.002	99.512	3900	7.0511e-002
310	372	22.679	-60.002	97.388	3900	6.7657e-002
311	379	23.702	-60.002	101.11	3900	7.2616e-002
311	392	25.369	-60.002	101.91	3900	7.5666e-002
311	384	24.239	-60.002	103.85	3900	7.5984e-002
312	379	23.702	-60.002	101.11	3900	7.2616e-002
312	384	24.239	-60.002	103.85	3900	7.5984e-002
312	367	22.115	-60.002	101.22	3900	7.0518e-002
313	379	23.702	-60.002	101.11	3900	7.2616e-002
313	367	22.115	-60.002	101.22	3900	7.0518e-002
313	371	22.382	-60.002	100.5	3900	7.0199e-002
314	379	23.702	-60.002	101.11	3900	7.2616e-002
314	371	22.382	-60.002	100.5	3900	7.0199e-002
314	376	23.281	-60.002	99.512	3900	7.0511e-002
315	379	23.702	-60.002	101.11	3900	7.2616e-002
315	376	23.281	-60.002	99.512	3900	7.0511e-002
315	387	24.829	-60.002	99.657	3900	7.2787e-002
316	379	23.702	-60.002	101.11	3900	7.2616e-002
316	387	24.829	-60.002	99.657	3900	7.2787e-002
316	392	25.369	-60.002	101.91	3900	7.5666e-002
317	371	22.382	-60.002	100.5	3900	7.0199e-002
317	358	20.82	-60.002	99.949	3900	6.7476e-002
317	367	22.115	-60.002	101.22	3900	7.0518e-002
318	381	23.912	-60.002	96.368	3900	6.8424e-002
318	387	24.829	-60.002	99.657	3900	7.2787e-002
318	376	23.281	-60.002	99.512	3900	7.0511e-002
318	372	22.679	-60.002	97.388	3900	6.7657e-002
319	392	25.369	-60.002	101.91	3901	7.5666e-002
319	388	24.829	-60.002	99.657	3901	7.2787e-002
319	401	26.504	-60.002	99.724	3901	7.5135e-002
320	416	28.102	-60.002	96.67	3901	7.4453e-002
320	381	23.912	-60.002	96.368	3901	6.8424e-002
320	388	24.829	-60.002	99.657	3901	7.2787e-002
320	401	26.504	-60.002	99.724	3901	7.5135e-002
321	61	-26.566	-60.002	133.05	3918	3.5711e-002
321	83	-24.457	-60.002	133.36	3918	3.9203e-002
321	65	-26.136	-60.002	130.05	3918	3.2578e-002
322	61	-26.566	-60.002	133.05	3918	3.5711e-002
322	65	-26.136	-60.002	130.05	3918	3.2578e-002
322	46	-27.797	-60.002	131.06	3918	3.1373e-002
323	61	-26.566	-60.002	133.05	3918	3.5711e-002
323	46	-27.797	-60.002	131.06	3918	3.1373e-002
323	47	-27.791	-60.002	134.06	3918	3.5181e-002
324	61	-26.566	-60.002	133.05	3918	3.5711e-002
324	47	-27.791	-60.002	134.06	3918	3.5181e-002
324	50	-27.612	-60.002	134.41	3918	3.5892e-002
325	61	-26.566	-60.002	133.05	3918	3.5711e-002
325	50	-27.612	-60.002	134.41	3918	3.5892e-002
325	69	-25.606	-60.002	135.39	3918	4.0048e-002
326	61	-26.566	-60.002	133.05	3918	3.5711e-002
326	69	-25.606	-60.002	135.39	3918	4.0048e-002
326	83	-24.457	-60.002	133.36	3918	3.9203e-002
327	19	-29.807	-60.002	134.46	3918	3.2747e-002
327	38	-28.476	-60.002	137.09	3918	3.8044e-002
327	50	-27.612	-60.002	134.41	3918	3.5892e-002
327	47	-27.791	-60.002	134.06	3918	3.5181e-002
328	15	-30.554	-60.002	132.73	3918	2.9426e-002
328	46	-27.797	-60.002	131.06	3918	3.1373e-002
328	47	-27.791	-60.002	134.06	3918	3.5181e-002
328	19	-29.807	-60.002	134.46	3918	3.2747e-002
329	51	-27.52	-60.002	138.72	3918	4.1504e-002
329	69	-25.606	-60.002	135.39	3918	4.0048e-002
329	50	-27.612	-60.002	134.41	3918	3.5892e-002
329	38	-28.476	-60.002	137.09	3918	3.8044e-002
330	198	-6.8572	-60.002	152.03	3941	8.6346e-002
330	205	-5.1367	-60.002	154.24	3941	9.1187e-002
330	186	-9.7902	-60.002	152.93	3941	8.3529e-002
331	21	-29.582	-60.002	117.7	3978	1.196e-002
331	0	-32.92	-60.002	121.46	3978	1.1533e-002
331	1	-32.787	-60.002	116.62	3978	5.7118e-003
332	20	-29.803	-60.002	105.5	3989	-2.5486e-003
332	43	-28.33	-60.002	111.28	3989	6.3041e-003
332	63	-26.16	-60.002	109.14	3989	7.226e-003
332	59	-26.78	-60.002	105.96	3989	2.6616e-003
333	59	-26.78	-60.002	105.96	3989	2.6616e-003
333	91	-23.075	-60.002	106.52	3989	9.1636e-003
333	63	-26.16	-60.002	109.14	3989	7.226e-003
334	0	-32.92	-60.002	121.46	3992	1.1533e-002
334	2	-32.777	-60.002	123.34	3992	1.4124e-002
334	6	-32.034	-60.002	122.06	3992	1.3636e-002
335	7	-31.998	-60.002	128.11	3992	2.1358e-002
335	12	-31.331	-60.002	127.13	3992	2.1114e-002
335	4	-32.372	-60.002	126.26	3992	1.8433e-002
336	9	-31.527	-60.002	124.55	3992	1.755e-002
336	12	-31.331	-60.002	127.13	3992	2.1114e-002
336	25	-29.12	-60.002	123.99	3992	2.0457e-002
337	9	-31.527	-60.002	124.55	3992	1.755e-002
337	25	-29.12	-60.002	123.99	3992	2.0457e-002
337	6	-32.034	-60.002	122.06	3992	1.3636e-002
338	9	-31.527	-60.002	124.55	3992	1.755e-002
338	6	-32.034	-60.002	122.06	3992	1.3636e-002
338	2	-32.777	-60.002	123.34	3992	1.4124e-002
339	9	-31.527	-60.002	124.55	3992	1.755e-002
339	2	-32.777	-60.002	123.34	3992	1.4124e-002
339	4	-32.372	-60.002	126.26	3992	1.8433e-002
340	9	-31.527	-60.002	124.55	3992	1.755e-002
340	4	-32.372	-60.002	126.26	3992	1.8433e-002
340	12	-31.331	-60.002	127.13	3992	2.1114e-002
341	321	15.607	-60.002	147.88	4066	0.11014
341	308	13.574	-60.002	148.53	4066	0.10833
341	313	14.098	-60.002	145.04	4066	0.10514
342	303	12.862	-60.002	149.68	4066	0.10874
342	300	12.347	-60.002	152.14	4066	0.1109
342	297	11.436	-60.002	150.38	4066	0.10777
343	302	12.797	-60.002	147.94	4066	0.10671
343	313	14.098	-60.002	145.04	4066	0.10514
343	312	13.96	-60.002	144.77	4066	0.10469
344	302	12.797	-60.002	147.94	4066	0.10671
344	312	13.96	-60.002	144.77	4066	0.10469
344	290	10.85	-60.002	149.26	4066	0.10577
345	302	12.797	-60.002	147.94	4066	0.10671
345	290	10.85	-60.002	149.26	4066	0.10577
345	297	11.436	-60.002	150.38	4066	0.10777
346	302	12.797	-60.002	147.94	4066	0.10671
346	297	11.436	-60.002	150.38	4066	0.10777
346	303	12.862	-60.002	149.68	4066	0.10874
347	302	12.797	-60.002	147.94	4066	0.10671
347	303	12.862	-60.002	149.68	4066	0.10874
347	308	13.574	-60.002	148.53	4066	0.10833
348	302	12.797	-60.002	147.94	4066	0.10671
348	308	13.574	-60.002	148.53	4066	0.10833
348	313	14.098	-60.002	145.04	4066	0.10514
349	310	13.843	-60.002	149.94	4066	0.11024
349	300	12.347	-60.002	152.14	4066	0.1109
349	305	12.926	-60.002	153.24	4066	0.11288
350	310	13.843	-60.002	149.94	4066	0.11024
350	305	12.926	-60.002	153.24	4066	0.11288
350	322	15.739	-60.002	148.13	4066	0.11058
351	310	13.843	-60.002	149.94	4066	0.11024
351	322	15.739	-60.002	148.13	4066	0.11058
351	321	15.607	-60.002	147.88	4066	0.11014
352	310	13.843	-60.002	149.94	4066	0.11024
352	321	15.607	-60.002	147.88	4066	0.11014
352	308	13.574	-60.002	148.53	4066	0.10833
353	310	13.843	-60.002	149.94	4066	0.11024
353	308	13.574	-60.002	148.53	4066	0.10833
353	303	12.862	-60.002	149.68	4066	0.10874
354	310	13.843	-60.002	149.94	4066	0.11024
354	303	12.862	-60.002	149.68	4066	0.10874
354	300	12.347	-60.002	152.14	4066	0.1109
355	296	11.436	-60.002	150.38	4067	0.10777
355	290	10.85	-60.002	149.26	4067	0.10577
355	279	9.583	-60.002	150.8	4067	0.10595
356	285	10.057	-60.002	152.45	4067	0.10842
356	296	11.436	-60.002	150.38	4067	0.10777
356	279	9.583	-60.002	150.8	4067	0.10595
357	285	10.057	-60.002	152.45	4067	0.10842
357	279	9.583	-60.002	150.8	4067	0.10595
357	268	7.6321	-60.002	153.19	4067	0.10626
358	285	10.057	-60.002	152.45	4067	0.10842
358	268	7.6321	-60.002	153.19	4067	0.10626
358	271	8.2358	-60.002	154.42	4067	0.10841
359	285	10.057	-60.002	152.45	4067	0.10842
359	271	8.2358	-60.002	154.42	4067	0.10841
359	292	11.111	-60.002	153.77	4067	0.11124
360	285	10.057	-60.002	152.45	4067	0.10842
360	292	11.111	-60.002	153.77	4067	0.11124
360	299	12.347	-60.002	152.14	4067	0.1109
361	285	10.057	-60.002	152.45	4067	0.10842
361	299	12.347	-60.002	152.14	4067	0.1109
361	296	11.436	-60.002	150.38	4067	0.10777
362	271	8.2358	-60.002	154.42	4067	0.10841
362	268	7.6321	-60.002	153.19	4067	0.10626
362	258	6.3698	-60.002	154.71	4067	0.10643
363	292	11.111	-60.002	153.77	4067	0.11124
363	305	12.926	-60.002	153.24	4067	0.11288
363	299	12.347	-60.002	152.14	4067	0.1109
364	241	2.6895	-60.002	147.49	4071	9.3344e-002
364	245	3.0062	-60.002	150.94	4071	9.7799e-002
364	260	6.6526	-60.002	147.08	4071	9.7979e-002
365	334	17.927	-60.002	143.86	4074	0.10863
365	316	14.375	-60.002	144.56	4074	0.10496
365	318	14.487	-60.002	144.8	4074	0.10537
366	334	17.927	-60.002	143.86	4074	0.10863
366	318	14.487	-60.002	144.8	4074	0.10537
366	351	20.327	-60.002	144.98	4074	0.11281
367	334	17.927	-60.002	143.86	4074	0.10863
367	351	20.327	-60.002	144.98	4074	0.11281
367	356	20.696	-60.002	144.74	4074	0.113
368	334	17.927	-60.002	143.86	4074	0.10863
368	356	20.696	-60.002	144.74	4074	0.113
368	344	19.254	-60.002	142.04	4074	0.10832
369	334	17.927	-60.002	143.86	4074	0.10863
369	344	19.254	-60.002	142.04	4074	0.10832
369	338	18.427	-60.002	142.05	4074	0.1073
370	334	17.927	-60.002	143.86	4074	0.10863
370	338	18.427	-60.002	142.05	4074	0.1073
370	316	14.375	-60.002	144.56	4074	0.10496
371	356	20.696	-60.002	144.74	4074	0.113
371	351	20.327	-60.002	144.98	4074	0.11281
371	360	20.835	-60.002	145.	4074	0.11345
372	316	14.375	-60.002	144.56	4074	0.10496
372	312	13.96	-60.002	144.77	4074	0.10469
372	318	14.487	-60.002	144.8	4074	0.10537
373	338	18.427	-60.002	142.05	4074	0.1073
373	344	19.254	-60.002	142.04	4074	0.10832
373	340	19.021	-60.002	141.61	4074	0.10757
374	245	3.0062	-60.002	150.94	4076	9.7799e-002
374	246	3.3946	-60.002	151.37	4076	9.8803e-002
374	242	2.8369	-60.002	151.4	4076	9.8123e-002
375	258	6.3698	-60.002	154.71	4076	0.10643
375	246	3.3946	-60.002	151.37	4076	9.8803e-002
375	242	2.8369	-60.002	151.4	4076	9.8123e-002
375	236	1.5413	-60.002	154.98	4076	0.10068
376	385	24.368	-60.002	140.74	4083	0.11333
376	340	19.021	-60.002	141.61	4083	0.10757
376	362	21.427	-60.002	139.49	4083	0.10837
377	404	26.777	-60.002	144.73	4088	0.12044
377	374	23.13	-60.002	147.91	4088	0.1194
377	360	20.835	-60.002	145.	4088	0.11345
378	286	10.068	-60.002	92.29	4089	4.4815e-002
378	282	9.6519	-60.002	91.016	4089	4.302e-002
378	274	8.7038	-60.002	93.321	4089	4.3743e-002
379	286	10.068	-60.002	92.29	4089	4.4815e-002
379	274	8.7038	-60.002	93.321	4089	4.3743e-002
379	293	11.253	-60.002	94.097	4089	4.8252e-002
380	286	10.068	-60.002	92.29	4089	4.4815e-002
380	293	11.253	-60.002	94.097	4089	4.8252e-002
380	291	11.003	-60.002	91.972	4089	4.5888e-002
381	286	10.068	-60.002	92.29	4089	4.4815e-002
381	291	11.003	-60.002	91.972	4089	4.5888e-002
381	284	9.7297	-60.002	91.046	4089	4.3163e-002
382	286	10.068	-60.002	92.29	4089	4.4815e-002
382	284	9.7297	-60.002	91.046	4089	4.3163e-002
382	282	9.6519	-60.002	91.016	4089	4.302e-002
383	298	12.26	-60.002	92.983	4089	4.8668e-002
383	309	13.651	-60.002	92.87	4089	5.0557e-002
383	304	12.912	-60.002	94.79	4089	5.1335e-002
384	298	12.26	-60.002	92.983	4089	4.8668e-002
384	304	12.912	-60.002	94.79	4089	5.1335e-002
384	293	11.253	-60.002	94.097	4089	4.8252e-002
385	298	12.26	-60.002	92.983	4089	4.8668e-002
385	293	11.253	-60.002	94.097	4089	4.8252e-002
385	291	11.003	-60.002	91.972	4089	4.5888e-002
386	298	12.26	-60.002	92.983	4089	4.8668e-002
386	291	11.003	-60.002	91.972	4089	4.5888e-002
386	301	12.48	-60.002	91.188	4089	4.7285e-002
387	298	12.26	-60.002	92.983	4089	4.8668e-002
387	301	12.48	-60.002	91.188	4089	4.7285e-002
387	309	13.651	-60.002	92.87	4089	5.0557e-002
388	284	9.7297	-60.002	91.046	4089	4.3163e-002
388	283	9.6676	-60.002	90.977	4089	4.3008e-002
388	282	9.6519	-60.002	91.016	4089	4.302e-002
389	289	10.702	-60.002	90.765	4089	4.4323e-002
389	291	11.003	-60.002	91.972	4089	4.5888e-002
389	301	12.48	-60.002	91.188	4089	4.7285e-002
390	289	10.702	-60.002	90.765	4089	4.4323e-002
390	301	12.48	-60.002	91.188	4089	4.7285e-002
390	288	10.629	-60.002	88.639	4089	4.2247e-002
391	289	10.702	-60.002	90.765	4089	4.4323e-002
391	288	10.629	-60.002	88.639	4089	4.2247e-002
391	283	9.6676	-60.002	90.977	4089	4.3008e-002
392	289	10.702	-60.002	90.765	4089	4.4323e-002
392	283	9.6676	-60.002	90.977	4089	4.3008e-002
392	284	9.7297	-60.002	91.046	4089	4.3163e-002
393	289	10.702	-60.002	90.765	4089	4.4323e-002
393	284	9.7297	-60.002	91.046	4089	4.3163e-002
393	291	11.003	-60.002	91.972	4089	4.5888e-002
394	54	-26.869	-60.002	122.1	4090	2.1496e-002
394	71	-25.461	-60.002	119.68	4090	2.065e-002
394	73	-25.256	-60.002	123.39	4090	2.5556e-002
395	54	-26.869	-60.002	122.1	4090	2.1496e-002
395	73	-25.256	-60.002	123.39	4090	2.5556e-002
395	29	-28.877	-60.002	123.95	4090	2.0783e-002
396	54	-26.869	-60.002	122.1	4090	2.1496e-002
396	29	-28.877	-60.002	123.95	4090	2.0783e-002
396	32	-28.807	-60.002	123.59	4090	2.0427e-002
397	54	-26.869	-60.002	122.1	4090	2.1496e-002
397	32	-28.807	-60.002	123.59	4090	2.0427e-002
397	68	-25.943	-60.002	119.88	4090	2.0158e-002
398	54	-26.869	-60.002	122.1	4090	2.1496e-002
398	68	-25.943	-60.002	119.88	4090	2.0158e-002
398	71	-25.461	-60.002	119.68	4090	2.065e-002
399	32	-28.807	-60.002	123.59	4090	2.0427e-002
399	29	-28.877	-60.002	123.95	4090	2.0783e-002
399	25	-29.12	-60.002	123.99	4090	2.0457e-002
400	68	-25.943	-60.002	119.88	4090	2.0158e-002
400	72	-25.441	-60.002	119.25	4090	2.0168e-002
400	71	-25.461	-60.002	119.68	4090	2.065e-002
401	393	25.502	-60.002	104.18	4091	7.8007e-002
401	392	25.369	-60.002	101.91	4091	7.5666e-002
401	384	24.239	-60.002	103.85	4091	7.5984e-002
402	43	-28.33	-60.002	111.28	4128	6.3041e-003
402	10	-31.499	-60.002	110.03	4128	-1.1847e-004
402	20	-29.803	-60.002	105.5	4128	-2.5486e-003
403	87	-23.509	-60.002	99.493	4130	8.4133e-004
403	62	-26.444	-60.002	99.68	4130	-3.6819e-003
403	90	-23.37	-60.002	95.947	4130	-2.8063e-003
404	149	-16.046	-60.002	99.295	4133	1.23e-002
404	146	-16.461	-60.002	99.658	4133	1.2031e-002
404	145	-16.63	-60.002	99.019	4133	1.109e-002
405	122	-19.485	-60.002	97.713	4133	5.2061e-003
405	130	-18.841	-60.002	102.11	4133	1.0911e-002
405	146	-16.461	-60.002	99.658	4133	1.2031e-002
405	145	-16.63	-60.002	99.019	4133	1.109e-002
406	72	-25.441	-60.002	119.25	4154	2.0168e-002
406	34	-28.739	-60.002	118.01	4154	1.3628e-002
406	31	-28.817	-60.002	117.28	4154	1.2626e-002
406	74	-25.046	-60.002	115.23	4154	1.5873e-002
407	31	-28.817	-60.002	117.28	4154	1.2626e-002
407	21	-29.582	-60.002	117.7	4154	1.196e-002
407	34	-28.739	-60.002	118.01	4154	1.3628e-002
408	152	-15.243	-60.002	93.984	4155	8.0021e-003
408	154	-15.233	-60.002	93.978	4155	8.0112e-003
408	153	-15.236	-60.002	93.99	4155	8.0193e-003
409	160	-14.183	-60.002	89.002	4155	4.6306e-003
409	154	-15.233	-60.002	93.978	4155	8.0112e-003
409	152	-15.243	-60.002	93.984	4155	8.0021e-003
409	133	-18.303	-60.002	91.534	4155	6.3692e-004
410	153	-15.236	-60.002	93.99	4158	8.0193e-003
410	154	-15.233	-60.002	93.978	4158	8.0112e-003
410	170	-12.527	-60.002	92.836	4158	1.1101e-002
410	174	-11.319	-60.002	95.662	4158	1.5917e-002
411	162	-13.369	-60.002	91.456	4158	8.3734e-003
411	169	-12.734	-60.002	89.757	4158	7.6675e-003
411	160	-14.183	-60.002	89.002	4158	4.6306e-003
412	162	-13.369	-60.002	91.456	4158	8.3734e-003
412	160	-14.183	-60.002	89.002	4158	4.6306e-003
412	154	-15.233	-60.002	93.978	4158	8.0112e-003
413	162	-13.369	-60.002	91.456	4158	8.3734e-003
413	154	-15.233	-60.002	93.978	4158	8.0112e-003
413	170	-12.527	-60.002	92.836	4158	1.1101e-002
414	162	-13.369	-60.002	91.456	4158	8.3734e-003
414	170	-12.527	-60.002	92.836	4158	1.1101e-002
414	172	-12.167	-60.002	91.705	4158	1.0516e-002
415	162	-13.369	-60.002	91.456	4158	8.3734e-003
415	172	-12.167	-60.002	91.705	4158	1.0516e-002
415	169	-12.734	-60.002	89.757	4158	7.6675e-003
416	180	-10.805	-60.002	90.785	4158	1.1725e-002
416	172	-12.167	-60.002	91.705	4158	1.0516e-002
416	169	-12.734	-60.002	89.757	4158	7.6675e-003
417	177	-11.168	-60.002	93.072	4158	1.3473e-002
417	189	-9.1749	-60.002	91.643	4158	1.5132e-002
417	178	-11.013	-60.002	95.801	4158	1.6542e-002
418	177	-11.168	-60.002	93.072	4158	1.3473e-002
418	178	-11.013	-60.002	95.801	4158	1.6542e-002
418	174	-11.319	-60.002	95.662	4158	1.5917e-002
419	177	-11.168	-60.002	93.072	4158	1.3473e-002
419	174	-11.319	-60.002	95.662	4158	1.5917e-002
419	170	-12.527	-60.002	92.836	4158	1.1101e-002
420	177	-11.168	-60.002	93.072	4158	1.3473e-002
420	170	-12.527	-60.002	92.836	4158	1.1101e-002
420	172	-12.167	-60.002	91.705	4158	1.0516e-002
421	177	-11.168	-60.002	93.072	4158	1.3473e-002
421	172	-12.167	-60.002	91.705	4158	1.0516e-002
421	180	-10.805	-60.002	90.785	4158	1.1725e-002
422	177	-11.168	-60.002	93.072	4158	1.3473e-002
422	180	-10.805	-60.002	90.785	4158	1.1725e-002
422	189	-9.1749	-60.002	91.643	4158	1.5132e-002
423	102	-22.122	-60.002	106.15	4163	1.0256e-002
423	105	-21.769	-60.002	106.23	4163	1.0917e-002
423	100	-22.269	-60.002	105.13	4163	8.9108e-003
424	213	-3.1024	-60.002	91.513	4168	2.446e-002
424	216	-2.6076	-60.002	89.947	4168	2.3686e-002
424	206	-4.7304	-60.002	90.269	4168	2.0736e-002
425	213	-3.1024	-60.002	91.513	4168	2.446e-002
425	206	-4.7304	-60.002	90.269	4168	2.0736e-002
425	204	-5.2302	-60.002	91.913	4168	2.1588e-002
426	213	-3.1024	-60.002	91.513	4168	2.446e-002
426	204	-5.2302	-60.002	91.913	4168	2.1588e-002
426	210	-3.3456	-60.002	93.061	4168	2.5615e-002
427	213	-3.1024	-60.002	91.513	4168	2.446e-002
427	210	-3.3456	-60.002	93.061	4168	2.5615e-002
427	221	-1.6739	-60.002	92.781	4168	2.788e-002
428	213	-3.1024	-60.002	91.513	4168	2.446e-002
428	221	-1.6739	-60.002	92.781	4168	2.788e-002
428	226	-1.0268	-60.002	91.105	4168	2.7225e-002
429	213	-3.1024	-60.002	91.513	4168	2.446e-002
429	226	-1.0268	-60.002	91.105	4168	2.7225e-002
429	216	-2.6076	-60.002	89.947	4168	2.3686e-002
430	210	-3.3456	-60.002	93.061	4168	2.5615e-002
430	204	-5.2302	-60.002	91.913	4168	2.1588e-002
430	203	-5.7331	-60.002	93.646	4168	2.2542e-002
431	216	-2.6076	-60.002	89.947	4168	2.3686e-002
431	207	-4.2684	-60.002	88.717	4168	1.9929e-002
431	206	-4.7304	-60.002	90.269	4168	2.0736e-002
432	226	-1.0268	-60.002	91.105	4168	2.7225e-002
432	221	-1.6739	-60.002	92.781	4168	2.788e-002
432	235	0.89041	-60.002	92.546	4168	3.1522e-002
433	238	1.794	-60.002	89.626	4169	3.0038e-002
433	239	2.3818	-60.002	88.021	4169	2.9378e-002
433	230	2.762e-002	-60.002	88.151	4169	2.5942e-002
434	248	3.469	-60.002	85.046	4169	2.8185e-002
434	237	1.5793	-60.002	85.033	4169	2.5304e-002
434	243	2.9719	-60.002	86.393	4169	2.8713e-002
435	212	-3.2396	-60.002	85.416	4169	1.8281e-002
435	220	-1.7466	-60.002	86.653	4169	2.1783e-002
435	223	-1.3628	-60.002	85.195	4169	2.096e-002
436	233	0.64188	-60.002	86.575	4169	2.5354e-002
436	230	2.762e-002	-60.002	88.151	4169	2.5942e-002
436	239	2.3818	-60.002	88.021	4169	2.9378e-002
437	233	0.64188	-60.002	86.575	4169	2.5354e-002
437	239	2.3818	-60.002	88.021	4169	2.9378e-002
437	243	2.9719	-60.002	86.393	4169	2.8713e-002
438	233	0.64188	-60.002	86.575	4169	2.5354e-002
438	243	2.9719	-60.002	86.393	4169	2.8713e-002
438	237	1.5793	-60.002	85.033	4169	2.5304e-002
439	233	0.64188	-60.002	86.575	4169	2.5354e-002
439	237	1.5793	-60.002	85.033	4169	2.5304e-002
439	223	-1.3628	-60.002	85.195	4169	2.096e-002
440	233	0.64188	-60.002	86.575	4169	2.5354e-002
440	223	-1.3628	-60.002	85.195	4169	2.096e-002
440	220	-1.7466	-60.002	86.653	4169	2.1783e-002
441	233	0.64188	-60.002	86.575	4169	2.5354e-002
441	220	-1.7466	-60.002	86.653	4169	2.1783e-002
441	230	2.762e-002	-60.002	88.151	4169	2.5942e-002
442	435	29.32	-60.002	103.56	4170	8.2558e-002
442	444	30.235	-60.002	105.36	4170	8.5497e-002
442	409	27.348	-60.002	104.61	4170	8.0909e-002
443	492	34.264	-60.002	106.4	4170	9.1763e-002
443	444	30.235	-60.002	105.36	4170	8.5497e-002
443	435	29.32	-60.002	103.56	4170	8.2558e-002
443	465	32.081	-60.002	102.08	4170	8.487e-002
444	420	28.486	-60.002	135.37	4171	0.11289
444	407	27.152	-60.002	131.12	4171	0.10697
444	394	25.732	-60.002	133.95	4171	0.10808
445	394	25.732	-60.002	133.95	4173	0.10808
445	382	23.987	-60.002	136.51	4173	0.1085
445	420	28.486	-60.002	135.37	4173	0.11289
446	389	25.048	-60.002	104.95	4220	7.8135e-002
446	398	26.099	-60.002	106.83	4220	8.1372e-002
446	409	27.348	-60.002	104.61	4220	8.0909e-002
447	409	27.348	-60.002	104.61	4222	8.0909e-002
447	393	25.502	-60.002	104.18	4222	7.8007e-002
447	389	25.048	-60.002	104.95	4222	7.8135e-002
448	381	23.912	-60.002	96.368	4237	6.8424e-002
448	386	24.635	-60.002	93.298	4237	6.6568e-002
448	416	28.102	-60.002	96.67	4237	7.4453e-002
449	304	12.912	-60.002	94.79	4281	5.1335e-002
449	309	13.651	-60.002	92.87	4281	5.0557e-002
449	317	14.384	-60.002	95.43	4281	5.4027e-002
450	76	-24.779	-60.002	126.1	4283	2.9658e-002
450	86	-24.139	-60.002	128.26	4283	3.332e-002
450	57	-26.803	-60.002	126.05	4283	2.6552e-002
451	55	-26.821	-60.002	124.82	4283	2.5001e-002
451	76	-24.779	-60.002	126.1	4283	2.9658e-002
451	57	-26.803	-60.002	126.05	4283	2.6552e-002
452	55	-26.821	-60.002	124.82	4283	2.5001e-002
452	57	-26.803	-60.002	126.05	4283	2.6552e-002
452	39	-28.387	-60.002	124.63	4283	2.2382e-002
453	55	-26.821	-60.002	124.82	4283	2.5001e-002
453	39	-28.387	-60.002	124.63	4283	2.2382e-002
453	29	-28.877	-60.002	123.95	4283	2.0783e-002
454	55	-26.821	-60.002	124.82	4283	2.5001e-002
454	29	-28.877	-60.002	123.95	4283	2.0783e-002
454	73	-25.256	-60.002	123.39	4283	2.5556e-002
455	55	-26.821	-60.002	124.82	4283	2.5001e-002
455	73	-25.256	-60.002	123.39	4283	2.5556e-002
455	76	-24.779	-60.002	126.1	4283	2.9658e-002
456	29	-28.877	-60.002	123.95	4283	2.0783e-002
456	39	-28.387	-60.002	124.63	4283	2.2382e-002
456	25	-29.12	-60.002	123.99	4283	2.0457e-002
457	164	-13.037	-60.002	147.21	4284	7.2146e-002
457	167	-12.864	-60.002	143.11	4284	6.7333e-002
457	179	-10.813	-60.002	144.21	4284	7.1482e-002
458	327	16.622	-60.002	94.271	4287	5.6149e-002
458	324	15.789	-60.002	96.237	4287	5.6829e-002
458	317	14.384	-60.002	95.43	4287	5.4027e-002
459	458	31.29	-60.002	128.24	4292	0.10915
459	452	31.053	-60.002	129.29	4292	0.10992
459	421	28.59	-60.002	127.14	4292	0.10475
460	458	31.29	-60.002	128.24	4292	0.10915
460	421	28.59	-60.002	127.14	4292	0.10475
460	457	31.284	-60.002	126.93	4292	0.10783
461	458	31.29	-60.002	128.24	4292	0.10915
461	457	31.284	-60.002	126.93	4292	0.10783
461	477	32.935	-60.002	128.62	4292	0.11154
462	458	31.29	-60.002	128.24	4292	0.10915
462	477	32.935	-60.002	128.62	4292	0.11154
462	471	32.59	-60.002	129.22	4292	0.11172
463	458	31.29	-60.002	128.24	4292	0.10915
463	471	32.59	-60.002	129.22	4292	0.11172
463	452	31.053	-60.002	129.29	4292	0.10992
464	486	33.682	-60.002	128.09	4292	0.11193
464	501	35.822	-60.002	129.06	4292	0.11552
464	489	33.916	-60.002	126.73	4292	0.11085
465	486	33.682	-60.002	128.09	4292	0.11193
465	489	33.916	-60.002	126.73	4292	0.11085
465	457	31.284	-60.002	126.93	4292	0.10783
466	486	33.682	-60.002	128.09	4292	0.11193
466	457	31.284	-60.002	126.93	4292	0.10783
466	477	32.935	-60.002	128.62	4292	0.11154
467	486	33.682	-60.002	128.09	4292	0.11193
467	477	32.935	-60.002	128.62	4292	0.11154
467	493	34.453	-60.002	129.13	4292	0.11392
468	486	33.682	-60.002	128.09	4292	0.11193
468	493	34.453	-60.002	129.13	4292	0.11392
468	501	35.822	-60.002	129.06	4292	0.11552
469	477	32.935	-60.002	128.62	4292	0.11154
469	493	34.453	-60.002	129.13	4292	0.11392
469	471	32.59	-60.002	129.22	4292	0.11172
470	151	-15.802	-60.002	146.14	4365	6.7104e-002
470	163	-13.15	-60.002	147.32	4365	7.2135e-002
470	164	-13.037	-60.002	147.21	4365	7.2146e-002
471	151	-15.802	-60.002	146.14	4365	6.7104e-002
471	164	-13.037	-60.002	147.21	4365	7.2146e-002
471	138	-17.688	-60.002	143.98	4365	6.1854e-002
472	151	-15.802	-60.002	146.14	4365	6.7104e-002
472	138	-17.688	-60.002	143.98	4365	6.1854e-002
472	137	-17.774	-60.002	144.12	4365	6.1901e-002
473	151	-15.802	-60.002	146.14	4365	6.7104e-002
473	137	-17.774	-60.002	144.12	4365	6.1901e-002
473	143	-16.987	-60.002	146.84	4365	6.635e-002
474	151	-15.802	-60.002	146.14	4365	6.7104e-002
474	143	-16.987	-60.002	146.84	4365	6.635e-002
474	147	-16.176	-60.002	147.4	4365	6.815e-002
475	151	-15.802	-60.002	146.14	4365	6.7104e-002
475	147	-16.176	-60.002	147.4	4365	6.815e-002
475	163	-13.15	-60.002	147.32	4365	7.2135e-002
476	155	-15.17	-60.002	149.36	4365	7.194e-002
476	147	-16.176	-60.002	147.4	4365	6.815e-002
476	163	-13.15	-60.002	147.32	4365	7.2135e-002
477	143	-16.987	-60.002	146.84	4365	6.635e-002
477	129	-19.315	-60.002	146.49	4365	6.2735e-002
477	137	-17.774	-60.002	144.12	4365	6.1901e-002
478	142	-17.226	-60.002	147.91	4365	6.7355e-002
478	120	-19.84	-60.002	147.3	4365	6.3026e-002
478	150	-15.866	-60.002	150.06	4365	7.186e-002
479	142	-17.226	-60.002	147.91	4365	6.7355e-002
479	150	-15.866	-60.002	150.06	4365	7.186e-002
479	155	-15.17	-60.002	149.36	4365	7.194e-002
480	142	-17.226	-60.002	147.91	4365	6.7355e-002
480	155	-15.17	-60.002	149.36	4365	7.194e-002
480	147	-16.176	-60.002	147.4	4365	6.815e-002
481	142	-17.226	-60.002	147.91	4365	6.7355e-002
481	147	-16.176	-60.002	147.4	4365	6.815e-002
481	143	-16.987	-60.002	146.84	4365	6.635e-002
482	142	-17.226	-60.002	147.91	4365	6.7355e-002
482	143	-16.987	-60.002	146.84	4365	6.635e-002
482	129	-19.315	-60.002	146.49	4365	6.2735e-002
483	142	-17.226	-60.002	147.91	4365	6.7355e-002
483	129	-19.315	-60.002	146.49	4365	6.2735e-002
483	120	-19.84	-60.002	147.3	4365	6.3026e-002
484	135	-18.034	-60.002	142.66	4366	5.9785e-002
484	136	-17.966	-60.002	143.93	4366	6.1408e-002
484	138	-17.688	-60.002	143.98	4366	6.1854e-002
485	135	-18.034	-60.002	142.66	4366	5.9785e-002
485	138	-17.688	-60.002	143.98	4366	6.1854e-002
485	157	-14.673	-60.002	141.78	4366	6.3244e-002
486	135	-18.034	-60.002	142.66	4366	5.9785e-002
486	157	-14.673	-60.002	141.78	4366	6.3244e-002
486	124	-19.404	-60.002	141.03	4366	5.5912e-002
487	135	-18.034	-60.002	142.66	4366	5.9785e-002
487	124	-19.404	-60.002	141.03	4366	5.5912e-002
487	115	-20.439	-60.002	142.59	4366	5.6382e-002
488	135	-18.034	-60.002	142.66	4366	5.9785e-002
488	115	-20.439	-60.002	142.59	4366	5.6382e-002
488	136	-17.966	-60.002	143.93	4366	6.1408e-002
489	93	-22.932	-60.002	142.97	4366	5.336e-002
489	115	-20.439	-60.002	142.59	4366	5.6382e-002
489	136	-17.966	-60.002	143.93	4366	6.1408e-002
490	96	-22.381	-60.002	141.89	4366	5.2822e-002
490	77	-24.656	-60.002	142.62	4366	5.0494e-002
490	82	-24.476	-60.002	140.22	4366	4.7833e-002
491	96	-22.381	-60.002	141.89	4366	5.2822e-002
491	82	-24.476	-60.002	140.22	4366	4.7833e-002
491	124	-19.404	-60.002	141.03	4366	5.5912e-002
492	96	-22.381	-60.002	141.89	4366	5.2822e-002
492	124	-19.404	-60.002	141.03	4366	5.5912e-002
492	115	-20.439	-60.002	142.59	4366	5.6382e-002
493	96	-22.381	-60.002	141.89	4366	5.2822e-002
493	115	-20.439	-60.002	142.59	4366	5.6382e-002
493	93	-22.932	-60.002	142.97	4366	5.336e-002
494	96	-22.381	-60.002	141.89	4366	5.2822e-002
494	93	-22.932	-60.002	142.97	4366	5.336e-002
494	77	-24.656	-60.002	142.62	4366	5.0494e-002
495	83	-24.457	-60.002	133.36	4367	3.9203e-002
495	108	-21.431	-60.002	133.7	4367	4.4044e-002
495	88	-23.415	-60.002	130.38	4367	3.701e-002
496	157	-14.673	-60.002	141.78	4368	6.3244e-002
496	123	-19.404	-60.002	141.03	4368	5.5912e-002
496	113	-21.024	-60.002	138.25	4368	5.0198e-002
496	127	-19.316	-60.002	137.33	4368	5.1469e-002
497	82	-24.476	-60.002	140.22	4368	4.7833e-002
497	123	-19.404	-60.002	141.03	4368	5.5912e-002
497	113	-21.024	-60.002	138.25	4368	5.0198e-002
497	81	-24.498	-60.002	135.52	4368	4.1854e-002
498	101	-22.145	-60.002	135.63	4368	4.5379e-002
498	83	-24.457	-60.002	133.36	4368	3.9203e-002
498	108	-21.431	-60.002	133.7	4368	4.4044e-002
499	101	-22.145	-60.002	135.63	4368	4.5379e-002
499	108	-21.431	-60.002	133.7	4368	4.4044e-002
499	127	-19.316	-60.002	137.33	4368	5.1469e-002
500	101	-22.145	-60.002	135.63	4368	4.5379e-002
500	127	-19.316	-60.002	137.33	4368	5.1469e-002
500	113	-21.024	-60.002	138.25	4368	5.0198e-002
501	101	-22.145	-60.002	135.63	4368	4.5379e-002
501	113	-21.024	-60.002	138.25	4368	5.0198e-002
501	81	-24.498	-60.002	135.52	4368	4.1854e-002
502	101	-22.145	-60.002	135.63	4368	4.5379e-002
502	81	-24.498	-60.002	135.52	4368	4.1854e-002
502	83	-24.457	-60.002	133.36	4368	3.9203e-002
503	164	-13.037	-60.002	147.21	4370	7.2146e-002
503	138	-17.688	-60.002	143.98	4370	6.1854e-002
503	158	-14.408	-60.002	144.45	4370	6.6854e-002
504	138	-17.688	-60.002	143.98	4371	6.1854e-002
504	157	-14.673	-60.002	141.78	4371	6.3244e-002
504	158	-14.408	-60.002	144.45	4371	6.6854e-002
505	254	5.3923	-60.002	149.46	4384	9.9136e-002
505	247	3.3946	-60.002	151.37	4384	9.8803e-002
505	245	3.0062	-60.002	150.94	4384	9.7799e-002
506	254	5.3923	-60.002	149.46	4384	9.9136e-002
506	245	3.0062	-60.002	150.94	4384	9.7799e-002
506	260	6.6526	-60.002	147.08	4384	9.7979e-002
507	254	5.3923	-60.002	149.46	4384	9.9136e-002
507	260	6.6526	-60.002	147.08	4384	9.7979e-002
507	265	7.1368	-60.002	147.37	4384	9.8935e-002
508	254	5.3923	-60.002	149.46	4384	9.9136e-002
508	265	7.1368	-60.002	147.37	4384	9.8935e-002
508	261	6.7711	-60.002	150.56	4384	0.10216
509	254	5.3923	-60.002	149.46	4384	9.9136e-002
509	261	6.7711	-60.002	150.56	4384	0.10216
509	247	3.3946	-60.002	151.37	4384	9.8803e-002
510	257	6.2878	-60.002	152.16	4384	0.10339
510	266	7.2712	-60.002	150.95	4384	0.10323
510	269	7.6321	-60.002	153.19	4384	0.10626
511	257	6.2878	-60.002	152.16	4384	0.10339
511	269	7.6321	-60.002	153.19	4384	0.10626
511	258	6.3698	-60.002	154.71	4384	0.10643
512	257	6.2878	-60.002	152.16	4384	0.10339
512	258	6.3698	-60.002	154.71	4384	0.10643
512	247	3.3946	-60.002	151.37	4384	9.8803e-002
513	257	6.2878	-60.002	152.16	4384	0.10339
513	247	3.3946	-60.002	151.37	4384	9.8803e-002
513	261	6.7711	-60.002	150.56	4384	0.10216
514	257	6.2878	-60.002	152.16	4384	0.10339
514	261	6.7711	-60.002	150.56	4384	0.10216
514	266	7.2712	-60.002	150.95	4384	0.10323
515	273	8.3224	-60.002	149.79	4384	0.10322
515	261	6.7711	-60.002	150.56	4384	0.10216
515	265	7.1368	-60.002	147.37	4384	9.8935e-002
516	273	8.3224	-60.002	149.79	4384	0.10322
516	265	7.1368	-60.002	147.37	4384	9.8935e-002
516	290	10.85	-60.002	149.26	4384	0.10577
517	273	8.3224	-60.002	149.79	4384	0.10322
517	290	10.85	-60.002	149.26	4384	0.10577
517	280	9.583	-60.002	150.8	4384	0.10595
518	273	8.3224	-60.002	149.79	4384	0.10322
518	280	9.583	-60.002	150.8	4384	0.10595
518	266	7.2712	-60.002	150.95	4384	0.10323
519	273	8.3224	-60.002	149.79	4384	0.10322
519	266	7.2712	-60.002	150.95	4384	0.10323
519	261	6.7711	-60.002	150.56	4384	0.10216
520	266	7.2712	-60.002	150.95	4384	0.10323
520	280	9.583	-60.002	150.8	4384	0.10595
520	269	7.6321	-60.002	153.19	4384	0.10626
521	312	13.96	-60.002	144.77	4387	0.10469
521	290	10.85	-60.002	149.26	4387	0.10577
521	295	11.279	-60.002	145.9	4387	0.10253
522	234	0.82924	-60.002	147.43	4416	9.088e-002
522	245	3.0062	-60.002	150.94	4416	9.7799e-002
522	241	2.6895	-60.002	147.49	4416	9.3344e-002
523	219	-2.2841	-60.002	150.35	4417	9.0297e-002
523	245	3.0062	-60.002	150.94	4417	9.7799e-002
523	234	0.82924	-60.002	147.43	4417	9.088e-002
524	393	25.502	-60.002	104.18	4488	7.8007e-002
524	384	24.239	-60.002	103.85	4488	7.5984e-002
524	389	25.048	-60.002	104.95	4488	7.8135e-002
525	106	-21.616	-60.002	103.8	4496	8.4643e-003
525	107	-21.435	-60.002	105.72	4496	1.0891e-002
525	100	-22.269	-60.002	105.13	4496	8.9108e-003
526	106	-21.616	-60.002	103.8	4496	8.4643e-003
526	100	-22.269	-60.002	105.13	4496	8.9108e-003
526	94	-22.905	-60.002	102.27	4496	4.7598e-003
527	106	-21.616	-60.002	103.8	4496	8.4643e-003
527	94	-22.905	-60.002	102.27	4496	4.7598e-003
527	109	-21.349	-60.002	102.18	4496	7.1049e-003
528	106	-21.616	-60.002	103.8	4496	8.4643e-003
528	109	-21.349	-60.002	102.18	4496	7.1049e-003
528	118	-20.124	-60.002	103.71	4496	1.0687e-002
529	106	-21.616	-60.002	103.8	4496	8.4643e-003
529	118	-20.124	-60.002	103.71	4496	1.0687e-002
529	107	-21.435	-60.002	105.72	4496	1.0891e-002
530	87	-23.509	-60.002	99.493	4496	8.4133e-004
530	94	-22.905	-60.002	102.27	4496	4.7598e-003
530	109	-21.349	-60.002	102.18	4496	7.1049e-003
530	112	-21.098	-60.002	100.84	4496	6.0608e-003
531	130	-18.841	-60.002	102.11	4496	1.0911e-002
531	118	-20.124	-60.002	103.71	4496	1.0687e-002
531	109	-21.349	-60.002	102.18	4496	7.1049e-003
531	112	-21.098	-60.002	100.84	4496	6.0608e-003
532	87	-23.509	-60.002	99.493	4497	8.4133e-004
532	95	-22.905	-60.002	102.27	4497	4.7598e-003
532	79	-24.563	-60.002	102.12	4497	1.9372e-003
532	62	-26.444	-60.002	99.68	4497	-3.6819e-003
533	79	-24.563	-60.002	102.12	4497	1.9372e-003
533	95	-22.905	-60.002	102.27	4497	4.7598e-003
533	100	-22.269	-60.002	105.13	4497	8.9108e-003
534	91	-23.075	-60.002	106.52	4498	9.1636e-003
534	102	-22.122	-60.002	106.15	4498	1.0256e-002
534	100	-22.269	-60.002	105.13	4498	8.9108e-003
535	75	-24.913	-60.002	104.49	4499	3.9852e-003
535	78	-24.563	-60.002	102.12	4499	1.9371e-003
535	100	-22.269	-60.002	105.13	4499	8.9108e-003
536	75	-24.913	-60.002	104.49	4499	3.9852e-003
536	100	-22.269	-60.002	105.13	4499	8.9108e-003
536	91	-23.075	-60.002	106.52	4499	9.1636e-003
537	75	-24.913	-60.002	104.49	4499	3.9852e-003
537	91	-23.075	-60.002	106.52	4499	9.1636e-003
537	58	-26.78	-60.002	105.96	4499	2.6616e-003
538	75	-24.913	-60.002	104.49	4499	3.9852e-003
538	58	-26.78	-60.002	105.96	4499	2.6616e-003
538	60	-26.758	-60.002	104.24	4499	8.0018e-004
539	75	-24.913	-60.002	104.49	4499	3.9852e-003
539	60	-26.758	-60.002	104.24	4499	8.0018e-004
539	67	-26.033	-60.002	102.99	4499	5.6094e-004
540	75	-24.913	-60.002	104.49	4499	3.9852e-003
540	67	-26.033	-60.002	102.99	4499	5.6094e-004
540	78	-24.563	-60.002	102.12	4499	1.9371e-003
541	52	-27.488	-60.002	101.25	4499	-3.6073e-003
541	62	-26.444	-60.002	99.68	4499	-3.6819e-003
541	78	-24.563	-60.002	102.12	4499	1.9371e-003
541	67	-26.033	-60.002	102.99	4499	5.6094e-004
542	58	-26.78	-60.002	105.96	4499	2.6616e-003
542	20	-29.803	-60.002	105.5	4499	-2.5486e-003
542	28	-28.962	-60.002	103.81	4499	-3.1104e-003
542	60	-26.758	-60.002	104.24	4499	8.0018e-004
543	52	-27.488	-60.002	101.25	4499	-3.6073e-003
543	28	-28.962	-60.002	103.81	4499	-3.1104e-003
543	60	-26.758	-60.002	104.24	4499	8.0018e-004
543	67	-26.033	-60.002	102.99	4499	5.6094e-004
544	161	-14.037	-60.002	97.685	4500	1.3722e-002
544	153	-15.236	-60.002	93.99	4500	8.0193e-003
544	174	-11.319	-60.002	95.662	4500	1.5917e-002
544	176	-11.168	-60.002	95.877	4500	1.6375e-002
545	174	-11.319	-60.002	95.662	4500	1.5917e-002
545	176	-11.168	-60.002	95.877	4500	1.6375e-002
545	178	-11.013	-60.002	95.801	4500	1.6542e-002
546	153	-15.236	-60.002	93.99	4502	8.0193e-003
546	149	-16.046	-60.002	99.295	4502	1.23e-002
546	161	-14.037	-60.002	97.685	4502	1.3722e-002
547	148	-16.099	-60.002	96.407	4503	9.1734e-003
547	152	-15.243	-60.002	93.984	4503	8.0021e-003
547	153	-15.236	-60.002	93.99	4503	8.0193e-003
548	148	-16.099	-60.002	96.407	4503	9.1734e-003
548	153	-15.236	-60.002	93.99	4503	8.0193e-003
548	149	-16.046	-60.002	99.295	4503	1.23e-002
549	148	-16.099	-60.002	96.407	4503	9.1734e-003
549	149	-16.046	-60.002	99.295	4503	1.23e-002
549	144	-16.63	-60.002	99.019	4503	1.109e-002
550	148	-16.099	-60.002	96.407	4503	9.1734e-003
550	144	-16.63	-60.002	99.019	4503	1.109e-002
550	141	-17.341	-60.002	95.745	4503	6.524e-003
551	148	-16.099	-60.002	96.407	4503	9.1734e-003
551	141	-17.341	-60.002	95.745	4503	6.524e-003
551	152	-15.243	-60.002	93.984	4503	8.0021e-003
552	140	-17.415	-60.002	93.996	4503	4.584e-003
552	139	-17.571	-60.002	95.602	4503	6.0111e-003
552	132	-18.619	-60.002	93.113	4503	1.7653e-003
553	140	-17.415	-60.002	93.996	4503	4.584e-003
553	132	-18.619	-60.002	93.113	4503	1.7653e-003
553	133	-18.303	-60.002	91.534	4503	6.3692e-004
554	140	-17.415	-60.002	93.996	4503	4.584e-003
554	133	-18.303	-60.002	91.534	4503	6.3692e-004
554	152	-15.243	-60.002	93.984	4503	8.0021e-003
555	140	-17.415	-60.002	93.996	4503	4.584e-003
555	152	-15.243	-60.002	93.984	4503	8.0021e-003
555	141	-17.341	-60.002	95.745	4503	6.524e-003
556	140	-17.415	-60.002	93.996	4503	4.584e-003
556	141	-17.341	-60.002	95.745	4503	6.524e-003
556	139	-17.571	-60.002	95.602	4503	6.0111e-003
557	134	-18.072	-60.002	97.004	4503	6.6889e-003
557	141	-17.341	-60.002	95.745	4503	6.524e-003
557	144	-16.63	-60.002	99.019	4503	1.109e-002
558	134	-18.072	-60.002	97.004	4503	6.6889e-003
558	144	-16.63	-60.002	99.019	4503	1.109e-002
558	122	-19.485	-60.002	97.713	4503	5.2061e-003
559	134	-18.072	-60.002	97.004	4503	6.6889e-003
559	122	-19.485	-60.002	97.713	4503	5.2061e-003
559	126	-19.336	-60.002	96.94	4503	4.6255e-003
560	134	-18.072	-60.002	97.004	4503	6.6889e-003
560	126	-19.336	-60.002	96.94	4503	4.6255e-003
560	139	-17.571	-60.002	95.602	4503	6.0111e-003
561	134	-18.072	-60.002	97.004	4503	6.6889e-003
561	139	-17.571	-60.002	95.602	4503	6.0111e-003
561	141	-17.341	-60.002	95.745	4503	6.524e-003
562	139	-17.571	-60.002	95.602	4503	6.0111e-003
562	126	-19.336	-60.002	96.94	4503	4.6255e-003
562	132	-18.619	-60.002	93.113	4503	1.7653e-003
563	119	-19.97	-60.002	97.492	4504	4.21e-003
563	122	-19.485	-60.002	97.713	4504	5.2061e-003
563	125	-19.336	-60.002	96.94	4504	4.6255e-003
564	116	-20.355	-60.002	95.207	4504	1.1971e-003
564	119	-19.97	-60.002	97.492	4504	4.21e-003
564	125	-19.336	-60.002	96.94	4504	4.6255e-003
565	116	-20.355	-60.002	95.207	4504	1.1971e-003
565	125	-19.336	-60.002	96.94	4504	4.6255e-003
565	131	-18.619	-60.002	93.113	4504	1.7653e-003
566	116	-20.355	-60.002	95.207	4504	1.1971e-003
566	131	-18.619	-60.002	93.113	4504	1.7653e-003
566	121	-19.802	-60.002	92.685	4504	-5.5648e-004
567	116	-20.355	-60.002	95.207	4504	1.1971e-003
567	121	-19.802	-60.002	92.685	4504	-5.5648e-004
567	104	-22.024	-60.002	94.62	4504	-2.0664e-003
568	116	-20.355	-60.002	95.207	4504	1.1971e-003
568	104	-22.024	-60.002	94.62	4504	-2.0664e-003
568	98	-22.38	-60.002	96.39	4504	-7.6462e-004
569	116	-20.355	-60.002	95.207	4504	1.1971e-003
569	98	-22.38	-60.002	96.39	4504	-7.6462e-004
569	119	-19.97	-60.002	97.492	4504	4.21e-003
570	121	-19.802	-60.002	92.685	4504	-5.5648e-004
570	131	-18.619	-60.002	93.113	4504	1.7653e-003
570	133	-18.303	-60.002	91.534	4504	6.3692e-004
571	104	-22.024	-60.002	94.62	4504	-2.0664e-003
571	90	-23.37	-60.002	95.947	4504	-2.8063e-003
571	98	-22.38	-60.002	96.39	4504	-7.6462e-004
572	455	31.181	-60.002	110.91	4508	9.2014e-002
572	473	32.776	-60.002	111.51	4508	9.4652e-002
572	467	32.147	-60.002	109.5	4508	9.1927e-002
573	502	36.27	-60.002	112.81	4508	0.1004
573	500	35.819	-60.002	110.98	4508	9.8089e-002
573	495	34.819	-60.002	112.26	4508	9.8009e-002
574	492	34.264	-60.002	106.4	4508	9.1763e-002
574	479	33.39	-60.002	107.69	4508	9.1841e-002
574	496	34.939	-60.002	108.16	4508	9.43e-002
575	490	33.982	-60.002	110.02	4508	9.4803e-002
575	467	32.147	-60.002	109.5	4508	9.1927e-002
575	473	32.776	-60.002	111.51	4508	9.4652e-002
576	490	33.982	-60.002	110.02	4508	9.4803e-002
576	473	32.776	-60.002	111.51	4508	9.4652e-002
576	495	34.819	-60.002	112.26	4508	9.8009e-002
577	490	33.982	-60.002	110.02	4508	9.4803e-002
577	495	34.819	-60.002	112.26	4508	9.8009e-002
577	500	35.819	-60.002	110.98	4508	9.8089e-002
578	490	33.982	-60.002	110.02	4508	9.4803e-002
578	500	35.819	-60.002	110.98	4508	9.8089e-002
578	496	34.939	-60.002	108.16	4508	9.43e-002
579	490	33.982	-60.002	110.02	4508	9.4803e-002
579	496	34.939	-60.002	108.16	4508	9.43e-002
579	479	33.39	-60.002	107.69	4508	9.1841e-002
580	490	33.982	-60.002	110.02	4508	9.4803e-002
580	479	33.39	-60.002	107.69	4508	9.1841e-002
580	467	32.147	-60.002	109.5	4508	9.1927e-002
581	327	16.622	-60.002	94.271	4511	5.6149e-002
581	354	20.681	-60.002	93.781	4511	6.1446e-002
581	333	17.883	-60.002	91.841	4511	5.5663e-002
582	386	24.635	-60.002	93.298	4511	6.6568e-002
582	375	23.152	-60.002	92.127	4511	6.3398e-002
582	365	21.718	-60.002	93.65	4511	6.2789e-002
583	342	19.114	-60.002	89.47	4511	5.5205e-002
583	337	18.208	-60.002	91.216	4511	5.5541e-002
583	357	20.731	-60.002	90.448	4511	5.8415e-002
584	352	20.395	-60.002	92.177	4511	5.9548e-002
584	333	17.883	-60.002	91.841	4511	5.5663e-002
584	354	20.681	-60.002	93.781	4511	6.1446e-002
585	352	20.395	-60.002	92.177	4511	5.9548e-002
585	354	20.681	-60.002	93.781	4511	6.1446e-002
585	365	21.718	-60.002	93.65	4511	6.2789e-002
586	352	20.395	-60.002	92.177	4511	5.9548e-002
586	365	21.718	-60.002	93.65	4511	6.2789e-002
586	375	23.152	-60.002	92.127	4511	6.3398e-002
587	352	20.395	-60.002	92.177	4511	5.9548e-002
587	375	23.152	-60.002	92.127	4511	6.3398e-002
587	357	20.731	-60.002	90.448	4511	5.8415e-002
588	352	20.395	-60.002	92.177	4511	5.9548e-002
588	357	20.731	-60.002	90.448	4511	5.8415e-002
588	337	18.208	-60.002	91.216	4511	5.5541e-002
589	352	20.395	-60.002	92.177	4511	5.9548e-002
589	337	18.208	-60.002	91.216	4511	5.5541e-002
589	333	17.883	-60.002	91.841	4511	5.5663e-002
590	320	14.741	-60.002	87.406	4513	4.7022e-002
590	306	12.958	-60.002	86.78	4513	4.3856e-002
590	311	13.943	-60.002	87.623	4513	4.6081e-002
591	272	8.2755	-60.002	85.578	4513	3.586e-002
591	276	8.7424	-60.002	86.153	4513	3.7107e-002
591	287	10.122	-60.002	85.978	4513	3.896e-002
592	294	11.279	-60.002	87.035	4513	4.1665e-002
592	276	8.7424	-60.002	86.153	4513	3.7107e-002
592	288	10.629	-60.002	88.639	4513	4.2247e-002
593	294	11.279	-60.002	87.035	4513	4.1665e-002
593	288	10.629	-60.002	88.639	4513	4.2247e-002
593	311	13.943	-60.002	87.623	4513	4.6081e-002
594	294	11.279	-60.002	87.035	4513	4.1665e-002
594	311	13.943	-60.002	87.623	4513	4.6081e-002
594	306	12.958	-60.002	86.78	4513	4.3856e-002
595	294	11.279	-60.002	87.035	4513	4.1665e-002
595	306	12.958	-60.002	86.78	4513	4.3856e-002
595	287	10.122	-60.002	85.978	4513	3.896e-002
596	294	11.279	-60.002	87.035	4513	4.1665e-002
596	287	10.122	-60.002	85.978	4513	3.896e-002
596	276	8.7424	-60.002	86.153	4513	3.7107e-002
597	460	31.64	-60.002	121.73	4520	0.10311
597	437	29.529	-60.002	119.56	4520	9.8335e-002
597	436	29.391	-60.002	122.06	4520	0.10062
598	489	33.916	-60.002	126.73	4548	0.11085
598	456	31.284	-60.002	126.93	4548	0.10783
598	454	31.086	-60.002	124.95	4548	0.10561
598	469	32.499	-60.002	123.54	4548	0.10596
599	421	28.59	-60.002	127.14	4548	0.10475
599	456	31.284	-60.002	126.93	4548	0.10783
599	454	31.086	-60.002	124.95	4548	0.10561
599	432	29.266	-60.002	123.78	4548	0.10219
600	450	30.776	-60.002	123.21	4548	0.1035
600	436	29.391	-60.002	122.06	4548	0.10062
600	460	31.64	-60.002	121.73	4548	0.10311
601	450	30.776	-60.002	123.21	4548	0.1035
601	460	31.64	-60.002	121.73	4548	0.10311
601	469	32.499	-60.002	123.54	4548	0.10596
602	450	30.776	-60.002	123.21	4548	0.1035
602	469	32.499	-60.002	123.54	4548	0.10596
602	454	31.086	-60.002	124.95	4548	0.10561
603	450	30.776	-60.002	123.21	4548	0.1035
603	454	31.086	-60.002	124.95	4548	0.10561
603	432	29.266	-60.002	123.78	4548	0.10219
604	450	30.776	-60.002	123.21	4548	0.1035
604	432	29.266	-60.002	123.78	4548	0.10219
604	436	29.391	-60.002	122.06	4548	0.10062
605	423	28.7	-60.002	133.09	4573	0.11085
605	407	27.152	-60.002	131.12	4573	0.10697
605	420	28.486	-60.002	135.37	4573	0.11289
606	423	28.7	-60.002	133.09	4573	0.11085
606	420	28.486	-60.002	135.37	4573	0.11289
606	439	29.627	-60.002	135.37	4573	0.11428
607	423	28.7	-60.002	133.09	4573	0.11085
607	439	29.627	-60.002	135.37	4573	0.11428
607	445	30.314	-60.002	132.79	4573	0.11252
608	423	28.7	-60.002	133.09	4573	0.11085
608	445	30.314	-60.002	132.79	4573	0.11252
608	414	27.92	-60.002	130.8	4573	0.10759
609	423	28.7	-60.002	133.09	4573	0.11085
609	414	27.92	-60.002	130.8	4573	0.10759
609	407	27.152	-60.002	131.12	4573	0.10697
610	449	30.73	-60.002	132.7	4573	0.11294
610	463	31.83	-60.002	131.25	4573	0.11282
610	475	32.779	-60.002	133.6	4573	0.11634
611	459	31.383	-60.002	133.96	4573	0.115
611	475	32.779	-60.002	133.6	4573	0.11634
611	480	33.466	-60.002	135.36	4573	0.11893
612	459	31.383	-60.002	133.96	4573	0.115
612	480	33.466	-60.002	135.36	4573	0.11893
612	439	29.627	-60.002	135.37	4573	0.11428
613	459	31.383	-60.002	133.96	4573	0.115
613	439	29.627	-60.002	135.37	4573	0.11428
613	445	30.314	-60.002	132.79	4573	0.11252
614	459	31.383	-60.002	133.96	4573	0.115
614	445	30.314	-60.002	132.79	4573	0.11252
614	449	30.73	-60.002	132.7	4573	0.11294
615	459	31.383	-60.002	133.96	4573	0.115
615	449	30.73	-60.002	132.7	4573	0.11294
615	475	32.779	-60.002	133.6	4573	0.11634
616	446	30.369	-60.002	131.37	4573	0.11116
616	463	31.83	-60.002	131.25	4573	0.11282
616	452	31.053	-60.002	129.29	4573	0.10992
617	446	30.369	-60.002	131.37	4573	0.11116
617	452	31.053	-60.002	129.29	4573	0.10992
617	414	27.92	-60.002	130.8	4573	0.10759
618	446	30.369	-60.002	131.37	4573	0.11116
618	414	27.92	-60.002	130.8	4573	0.10759
618	445	30.314	-60.002	132.79	4573	0.11252
619	446	30.369	-60.002	131.37	4573	0.11116
619	445	30.314	-60.002	132.79	4573	0.11252
619	449	30.73	-60.002	132.7	4573	0.11294
620	446	30.369	-60.002	131.37	4573	0.11116
620	449	30.73	-60.002	132.7	4573	0.11294
620	463	31.83	-60.002	131.25	4573	0.11282
621	413	27.92	-60.002	130.8	4574	0.10759
621	407	27.152	-60.002	131.12	4574	0.10697
621	410	27.45	-60.002	130.49	4574	0.1067
622	421	28.59	-60.002	127.14	4574	0.10475
622	410	27.45	-60.002	130.49	4574	0.1067
622	413	27.92	-60.002	130.8	4574	0.10759
622	452	31.053	-60.002	129.29	4574	0.10992
623	427	29.071	-60.002	136.33	4576	0.11457
623	420	28.486	-60.002	135.37	4576	0.11289
623	438	29.627	-60.002	135.37	4576	0.11428
624	480	33.466	-60.002	135.36	4576	0.11893
624	438	29.627	-60.002	135.37	4576	0.11428
624	427	29.071	-60.002	136.33	4576	0.11457
624	451	31.048	-60.002	139.54	4576	0.12025
625	167	-12.864	-60.002	143.11	5534	6.7333e-002
625	164	-13.037	-60.002	147.21	5534	7.2146e-002
625	158	-14.408	-60.002	144.45	5534	6.6854e-002
626	158	-14.408	-60.002	144.45	5535	6.6854e-002
626	157	-14.673	-60.002	141.78	5535	6.3244e-002
626	167	-12.864	-60.002	143.11	5535	6.7333e-002
627	368	22.292	-60.002	94.717	5561	6.4595e-002
627	386	24.635	-60.002	93.298	5561	6.6568e-002
627	381	23.912	-60.002	96.368	5561	6.8424e-002
628	368	22.292	-60.002	94.717	5561	6.4595e-002
628	381	23.912	-60.002	96.368	5561	6.8424e-002
628	347	20.234	-60.002	96.281	5561	6.3168e-002
629	368	22.292	-60.002	94.717	5561	6.4595e-002
629	347	20.234	-60.002	96.281	5561	6.3168e-002
629	361	20.96	-60.002	93.988	5561	6.2034e-002
630	368	22.292	-60.002	94.717	5561	6.4595e-002
630	361	20.96	-60.002	93.988	5561	6.2034e-002
630	364	21.718	-60.002	93.65	5561	6.2789e-002
631	368	22.292	-60.002	94.717	5561	6.4595e-002
631	364	21.718	-60.002	93.65	5561	6.2789e-002
631	386	24.635	-60.002	93.298	5561	6.6568e-002
632	339	18.857	-60.002	94.912	5561	5.9927e-002
632	327	16.622	-60.002	94.271	5561	5.6149e-002
632	324	15.789	-60.002	96.237	5561	5.6829e-002
633	339	18.857	-60.002	94.912	5561	5.9927e-002
633	324	15.789	-60.002	96.237	5561	5.6829e-002
633	347	20.234	-60.002	96.281	5561	6.3168e-002
634	339	18.857	-60.002	94.912	5561	5.9927e-002
634	347	20.234	-60.002	96.281	5561	6.3168e-002
634	361	20.96	-60.002	93.988	5561	6.2034e-002
635	339	18.857	-60.002	94.912	5561	5.9927e-002
635	361	20.96	-60.002	93.988	5561	6.2034e-002
635	355	20.681	-60.002	93.781	5561	6.1446e-002
636	339	18.857	-60.002	94.912	5561	5.9927e-002
636	355	20.681	-60.002	93.781	5561	6.1446e-002
636	327	16.622	-60.002	94.271	5561	5.6149e-002
637	361	20.96	-60.002	93.988	5561	6.2034e-002
637	355	20.681	-60.002	93.781	5561	6.1446e-002
637	364	21.718	-60.002	93.65	5561	6.2789e-002
638	335	18.091	-60.002	97.687	5562	6.1469e-002
638	350	20.247	-60.002	99.397	5562	6.6137e-002
638	373	22.679	-60.002	97.388	5562	6.7657e-002
638	349	20.241	-60.002	96.444	5562	6.3333e-002
639	324	15.789	-60.002	96.237	5562	5.6829e-002
639	348	20.234	-60.002	96.281	5562	6.3168e-002
639	349	20.241	-60.002	96.444	5562	6.3333e-002
639	335	18.091	-60.002	97.687	5562	6.1469e-002
640	381	23.912	-60.002	96.368	5562	6.8424e-002
640	348	20.234	-60.002	96.281	5562	6.3168e-002
640	349	20.241	-60.002	96.444	5562	6.3333e-002
640	373	22.679	-60.002	97.388	5562	6.7657e-002
641	103	-22.036	-60.002	106.76	5600	1.1094e-002
641	105	-21.769	-60.002	106.23	5600	1.0917e-002
641	102	-22.122	-60.002	106.15	5600	1.0256e-002
642	102	-22.122	-60.002	106.15	5601	1.0256e-002
642	91	-23.075	-60.002	106.52	5601	9.1636e-003
642	103	-22.036	-60.002	106.76	5601	1.1094e-002
643	461	31.643	-60.002	115.67	5603	9.7183e-002
643	462	31.738	-60.002	118.18	5603	9.9763e-002
643	433	29.307	-60.002	117.02	5603	9.5538e-002
644	461	31.643	-60.002	115.67	5603	9.7183e-002
644	433	29.307	-60.002	117.02	5603	9.5538e-002
644	441	30.106	-60.002	114.71	5603	9.4283e-002
645	461	31.643	-60.002	115.67	5603	9.7183e-002
645	441	30.106	-60.002	114.71	5603	9.4283e-002
645	468	32.472	-60.002	113.97	5603	9.6608e-002
646	461	31.643	-60.002	115.67	5603	9.7183e-002
646	468	32.472	-60.002	113.97	5603	9.6608e-002
646	472	32.707	-60.002	114.07	5603	9.7004e-002
647	461	31.643	-60.002	115.67	5603	9.7183e-002
647	472	32.707	-60.002	114.07	5603	9.7004e-002
647	483	33.527	-60.002	116.05	5603	9.996e-002
648	461	31.643	-60.002	115.67	5603	9.7183e-002
648	483	33.527	-60.002	116.05	5603	9.996e-002
648	462	31.738	-60.002	118.18	5603	9.9763e-002
649	455	31.181	-60.002	110.91	5603	9.2014e-002
649	441	30.106	-60.002	114.71	5603	9.4283e-002
649	468	32.472	-60.002	113.97	5603	9.6608e-002
649	474	32.776	-60.002	111.51	5603	9.4652e-002
650	468	32.472	-60.002	113.97	5603	9.6608e-002
650	472	32.707	-60.002	114.07	5603	9.7004e-002
650	494	34.819	-60.002	112.26	5603	9.8009e-002
650	474	32.776	-60.002	111.51	5603	9.4652e-002
651	494	34.819	-60.002	112.26	5603	9.8009e-002
651	502	36.27	-60.002	112.81	5603	0.1004
651	483	33.527	-60.002	116.05	5603	9.996e-002
651	472	32.707	-60.002	114.07	5603	9.7004e-002
652	433	29.307	-60.002	117.02	5604	9.5538e-002
652	429	29.098	-60.002	115.17	5604	9.3448e-002
652	442	30.106	-60.002	114.71	5604	9.4283e-002
653	455	31.181	-60.002	110.91	5604	9.2014e-002
653	419	28.286	-60.002	111.81	5604	8.9112e-002
653	429	29.098	-60.002	115.17	5604	9.3448e-002
653	442	30.106	-60.002	114.71	5604	9.4283e-002
654	44	-27.943	-60.002	114.68	5613	1.0862e-002
654	48	-27.775	-60.002	111.95	5613	7.9312e-003
654	35	-28.71	-60.002	112.78	5613	7.4578e-003
655	44	-27.943	-60.002	114.68	5613	1.0862e-002
655	35	-28.71	-60.002	112.78	5613	7.4578e-003
655	22	-29.37	-60.002	116.16	5613	1.0438e-002
656	44	-27.943	-60.002	114.68	5613	1.0862e-002
656	22	-29.37	-60.002	116.16	5613	1.0438e-002
656	30	-28.817	-60.002	117.28	5613	1.2626e-002
657	44	-27.943	-60.002	114.68	5613	1.0862e-002
657	30	-28.817	-60.002	117.28	5613	1.2626e-002
657	74	-25.046	-60.002	115.23	5613	1.5873e-002
658	44	-27.943	-60.002	114.68	5613	1.0862e-002
658	74	-25.046	-60.002	115.23	5613	1.5873e-002
658	48	-27.775	-60.002	111.95	5613	7.9312e-003
659	30	-28.817	-60.002	117.28	5613	1.2626e-002
659	22	-29.37	-60.002	116.16	5613	1.0438e-002
659	21	-29.582	-60.002	117.7	5613	1.196e-002
660	48	-27.775	-60.002	111.95	5613	7.9312e-003
660	43	-28.33	-60.002	111.28	5613	6.3041e-003
660	35	-28.71	-60.002	112.78	5613	7.4578e-003
661	18	-30.194	-60.002	114.06	5614	6.6693e-003
661	36	-28.71	-60.002	112.78	5614	7.4576e-003
661	23	-29.37	-60.002	116.16	5614	1.0438e-002
662	16	-30.339	-60.002	112.28	5614	4.3381e-003
662	10	-31.499	-60.002	110.03	5614	-1.1847e-004
662	43	-28.33	-60.002	111.28	5614	6.3041e-003
663	16	-30.339	-60.002	112.28	5614	4.3381e-003
663	43	-28.33	-60.002	111.28	5614	6.3041e-003
663	36	-28.71	-60.002	112.78	5614	7.4576e-003
664	16	-30.339	-60.002	112.28	5614	4.3381e-003
664	36	-28.71	-60.002	112.78	5614	7.4576e-003
664	18	-30.194	-60.002	114.06	5614	6.6693e-003
665	16	-30.339	-60.002	112.28	5614	4.3381e-003
665	18	-30.194	-60.002	114.06	5614	6.6693e-003
665	13	-31.326	-60.002	113.65	5614	4.4205e-003
666	16	-30.339	-60.002	112.28	5614	4.3381e-003
666	13	-31.326	-60.002	113.65	5614	4.4205e-003
666	8	-31.975	-60.002	111.86	5614	1.2735e-003
667	16	-30.339	-60.002	112.28	5614	4.3381e-003
667	8	-31.975	-60.002	111.86	5614	1.2735e-003
667	10	-31.499	-60.002	110.03	5614	-1.1847e-004
668	14	-30.967	-60.002	115.49	5614	7.1752e-003
668	1	-32.787	-60.002	116.62	5614	5.7118e-003
668	21	-29.582	-60.002	117.7	5614	1.196e-002
669	14	-30.967	-60.002	115.49	5614	7.1752e-003
669	21	-29.582	-60.002	117.7	5614	1.196e-002
669	23	-29.37	-60.002	116.16	5614	1.0438e-002
670	14	-30.967	-60.002	115.49	5614	7.1752e-003
670	23	-29.37	-60.002	116.16	5614	1.0438e-002
670	18	-30.194	-60.002	114.06	5614	6.6693e-003
671	14	-30.967	-60.002	115.49	5614	7.1752e-003
671	18	-30.194	-60.002	114.06	5614	6.6693e-003
671	13	-31.326	-60.002	113.65	5614	4.4205e-003
672	14	-30.967	-60.002	115.49	5614	7.1752e-003
672	13	-31.326	-60.002	113.65	5614	4.4205e-003
672	3	-32.54	-60.002	114.75	5614	3.8304e-003
673	14	-30.967	-60.002	115.49	5614	7.1752e-003
673	3	-32.54	-60.002	114.75	5614	3.8304e-003
673	1	-32.787	-60.002	116.62	5614	5.7118e-003
674	13	-31.326	-60.002	113.65	5614	4.4205e-003
674	3	-32.54	-60.002	114.75	5614	3.8304e-003
674	8	-31.975	-60.002	111.86	5614	1.2735e-003
675	398	26.099	-60.002	106.83	5647	8.1372e-002
675	417	28.221	-60.002	108.42	5647	8.5743e-002
675	405	27.061	-60.002	108.62	5647	8.4395e-002
676	419	28.286	-60.002	111.81	5647	8.9112e-002
676	405	27.061	-60.002	108.62	5647	8.4395e-002
676	417	28.221	-60.002	108.42	5647	8.5743e-002
676	455	31.181	-60.002	110.91	5647	9.2014e-002
677	425	28.838	-60.002	106.71	5648	8.4927e-002
677	409	27.348	-60.002	104.61	5648	8.0909e-002
677	398	26.099	-60.002	106.83	5648	8.1372e-002
678	425	28.838	-60.002	106.71	5648	8.4927e-002
678	398	26.099	-60.002	106.83	5648	8.1372e-002
678	418	28.221	-60.002	108.42	5648	8.5743e-002
679	425	28.838	-60.002	106.71	5648	8.4927e-002
679	418	28.221	-60.002	108.42	5648	8.5743e-002
679	447	30.47	-60.002	107.67	5648	8.8006e-002
680	425	28.838	-60.002	106.71	5648	8.4927e-002
680	447	30.47	-60.002	107.67	5648	8.8006e-002
680	448	30.654	-60.002	107.38	5648	8.797e-002
681	425	28.838	-60.002	106.71	5648	8.4927e-002
681	448	30.654	-60.002	107.38	5648	8.797e-002
681	443	30.235	-60.002	105.36	5648	8.5497e-002
682	425	28.838	-60.002	106.71	5648	8.4927e-002
682	443	30.235	-60.002	105.36	5648	8.5497e-002
682	409	27.348	-60.002	104.61	5648	8.0909e-002
683	466	32.147	-60.002	109.5	5648	9.1927e-002
683	478	33.39	-60.002	107.69	5648	9.1841e-002
683	448	30.654	-60.002	107.38	5648	8.797e-002
683	447	30.47	-60.002	107.67	5648	8.8006e-002
684	455	31.181	-60.002	110.91	5648	9.2014e-002
684	418	28.221	-60.002	108.42	5648	8.5743e-002
684	447	30.47	-60.002	107.67	5648	8.8006e-002
684	466	32.147	-60.002	109.5	5648	9.1927e-002
685	492	34.264	-60.002	106.4	5648	9.1763e-002
685	443	30.235	-60.002	105.36	5648	8.5497e-002
685	448	30.654	-60.002	107.38	5648	8.797e-002
685	478	33.39	-60.002	107.69	5648	9.1841e-002
