小面	点	X坐标 (mm)	Y坐标 (mm)	Z坐标 (mm)	单元数	定向变形 (mm)
0	256	-2.9777	-120.	149.89	577	0.10479
0	268	-1.0913	-120.	151.9	577	0.10485
0	252	-3.9312	-120.	151.58	577	0.10484
1	288	1.8045	-120.	154.98	577	0.10495
1	267	-1.1343	-120.	154.83	577	0.10494
1	276	-0.11815	-120.	152.95	577	0.10488
2	243	-5.3928	-120.	154.18	577	0.10491
2	248	-4.4252	-120.	152.47	577	0.10486
2	259	-2.4941	-120.	154.68	577	0.10493
3	261	-2.1991	-120.	153.07	577	0.10488
3	252	-3.9312	-120.	151.58	577	0.10484
3	268	-1.0913	-120.	151.9	577	0.10485
4	261	-2.1991	-120.	153.07	577	0.10488
4	268	-1.0913	-120.	151.9	577	0.10485
4	276	-0.11815	-120.	152.95	577	0.10488
5	261	-2.1991	-120.	153.07	577	0.10488
5	276	-0.11815	-120.	152.95	577	0.10488
5	267	-1.1343	-120.	154.83	577	0.10494
6	261	-2.1991	-120.	153.07	577	0.10488
6	267	-1.1343	-120.	154.83	577	0.10494
6	259	-2.4941	-120.	154.68	577	0.10493
7	261	-2.1991	-120.	153.07	577	0.10488
7	259	-2.4941	-120.	154.68	577	0.10493
7	248	-4.4252	-120.	152.47	577	0.10486
8	261	-2.1991	-120.	153.07	577	0.10488
8	248	-4.4252	-120.	152.47	577	0.10486
8	252	-3.9312	-120.	151.58	577	0.10484
9	526	31.866	-120.	131.46	610	0.10469
9	510	30.864	-120.	134.14	610	0.10463
9	479	29.242	-120.	133.19	610	0.10465
10	564	34.544	-120.	132.9	610	0.10466
10	550	33.344	-120.	135.59	610	0.10462
10	522	31.71	-120.	134.63	610	0.10463
11	541	32.873	-120.	132.56	610	0.10467
11	564	34.544	-120.	132.9	610	0.10466
11	522	31.71	-120.	134.63	610	0.10463
12	541	32.873	-120.	132.56	610	0.10467
12	522	31.71	-120.	134.63	610	0.10463
12	510	30.864	-120.	134.14	610	0.10463
13	541	32.873	-120.	132.56	610	0.10467
13	510	30.864	-120.	134.14	610	0.10463
13	526	31.866	-120.	131.46	610	0.10469
14	541	32.873	-120.	132.56	610	0.10467
14	526	31.866	-120.	131.46	610	0.10469
14	546	33.229	-120.	130.57	610	0.10471
15	541	32.873	-120.	132.56	610	0.10467
15	546	33.229	-120.	130.57	610	0.10471
15	567	35.024	-120.	131.62	610	0.10469
16	541	32.873	-120.	132.56	610	0.10467
16	567	35.024	-120.	131.62	610	0.10469
16	564	34.544	-120.	132.9	610	0.10466
17	572	35.883	-120.	128.81	610	0.10476
17	567	35.024	-120.	131.62	610	0.10469
17	546	33.229	-120.	130.57	610	0.10471
18	109	-23.556	-120.	106.6	619	0.10616
18	124	-22.151	-120.	106.97	619	0.10615
18	98	-24.934	-120.	108.56	619	0.1061
19	109	-23.556	-120.	106.6	619	0.10616
19	98	-24.934	-120.	108.56	619	0.1061
19	83	-25.781	-120.	108.08	619	0.10612
20	109	-23.556	-120.	106.6	619	0.10616
20	83	-25.781	-120.	108.08	619	0.10612
20	104	-24.368	-120.	105.63	619	0.10618
21	109	-23.556	-120.	106.6	619	0.10616
21	104	-24.368	-120.	105.63	619	0.10618
21	117	-22.763	-120.	104.8	619	0.10619
22	109	-23.556	-120.	106.6	619	0.10616
22	117	-22.763	-120.	104.8	619	0.10619
22	137	-21.34	-120.	105.57	619	0.10618
23	109	-23.556	-120.	106.6	619	0.10616
23	137	-21.34	-120.	105.57	619	0.10618
23	124	-22.151	-120.	106.97	619	0.10615
24	104	-24.368	-120.	105.63	619	0.10618
24	83	-25.781	-120.	108.08	619	0.10612
24	55	-27.388	-120.	107.17	619	0.10614
25	124	-22.151	-120.	106.97	619	0.10615
25	112	-23.336	-120.	109.46	619	0.10608
25	98	-24.934	-120.	108.56	619	0.1061
26	137	-21.34	-120.	105.57	619	0.10618
26	117	-22.763	-120.	104.8	619	0.10619
26	151	-19.781	-120.	103.3	619	0.10622
27	153	-19.369	-120.	98.573	622	0.10624
27	139	-21.019	-120.	97.611	622	0.10623
27	155	-18.865	-120.	95.735	622	0.10621
28	110	-23.545	-120.	96.143	622	0.10622
28	134	-21.451	-120.	94.077	622	0.10619
28	126	-21.878	-120.	97.108	622	0.10623
29	165	-18.085	-120.	91.387	622	0.10612
29	161	-18.611	-120.	94.262	622	0.10619
29	144	-20.419	-120.	93.178	622	0.10617
30	145	-20.374	-120.	95.329	622	0.10621
30	155	-18.865	-120.	95.735	622	0.10621
30	139	-21.019	-120.	97.611	622	0.10623
31	145	-20.374	-120.	95.329	622	0.10621
31	139	-21.019	-120.	97.611	622	0.10623
31	126	-21.878	-120.	97.108	622	0.10623
32	145	-20.374	-120.	95.329	622	0.10621
32	126	-21.878	-120.	97.108	622	0.10623
32	134	-21.451	-120.	94.077	622	0.10619
33	145	-20.374	-120.	95.329	622	0.10621
33	134	-21.451	-120.	94.077	622	0.10619
33	144	-20.419	-120.	93.178	622	0.10617
34	145	-20.374	-120.	95.329	622	0.10621
34	144	-20.419	-120.	93.178	622	0.10617
34	161	-18.611	-120.	94.262	622	0.10619
35	145	-20.374	-120.	95.329	622	0.10621
35	161	-18.611	-120.	94.262	622	0.10619
35	155	-18.865	-120.	95.735	622	0.10621
36	285	1.3031	-120.	89.681	635	0.10604
36	275	-0.15357	-120.	92.615	635	0.10616
36	300	4.2195	-120.	92.615	635	0.10614
37	80	-26.056	-120.	108.78	712	0.1061
37	97	-24.934	-120.	108.56	712	0.1061
37	82	-25.781	-120.	108.08	712	0.10612
38	43	-28.173	-120.	109.18	712	0.10608
38	23	-29.748	-120.	110.74	712	0.10603
38	7	-31.417	-120.	109.78	712	0.10606
39	43	-28.173	-120.	109.18	712	0.10608
39	7	-31.417	-120.	109.78	712	0.10606
39	55	-27.388	-120.	107.17	712	0.10614
40	43	-28.173	-120.	109.18	712	0.10608
40	55	-27.388	-120.	107.17	712	0.10614
40	82	-25.781	-120.	108.08	712	0.10612
41	43	-28.173	-120.	109.18	712	0.10608
41	82	-25.781	-120.	108.08	712	0.10612
41	80	-26.056	-120.	108.78	712	0.1061
42	43	-28.173	-120.	109.18	712	0.10608
42	80	-26.056	-120.	108.78	712	0.1061
42	36	-28.65	-120.	110.53	712	0.10604
43	43	-28.173	-120.	109.18	712	0.10608
43	36	-28.65	-120.	110.53	712	0.10604
43	23	-29.748	-120.	110.74	712	0.10603
44	32	-28.882	-120.	111.23	712	0.10602
44	36	-28.65	-120.	110.53	712	0.10604
44	23	-29.748	-120.	110.74	712	0.10603
45	68	-26.514	-120.	110.12	712	0.10606
45	61	-27.224	-120.	112.18	712	0.10598
45	112	-23.336	-120.	109.46	712	0.10608
46	68	-26.514	-120.	110.12	712	0.10606
46	112	-23.336	-120.	109.46	712	0.10608
46	97	-24.934	-120.	108.56	712	0.1061
47	68	-26.514	-120.	110.12	712	0.10606
47	97	-24.934	-120.	108.56	712	0.1061
47	80	-26.056	-120.	108.78	712	0.1061
48	68	-26.514	-120.	110.12	712	0.10606
48	80	-26.056	-120.	108.78	712	0.1061
48	36	-28.65	-120.	110.53	712	0.10604
49	68	-26.514	-120.	110.12	712	0.10606
49	36	-28.65	-120.	110.53	712	0.10604
49	32	-28.882	-120.	111.23	712	0.10602
50	68	-26.514	-120.	110.12	712	0.10606
50	32	-28.882	-120.	111.23	712	0.10602
50	61	-27.224	-120.	112.18	712	0.10598
51	241	-5.7764	-120.	90.758	716	0.10609
51	235	-6.5008	-120.	90.968	716	0.10609
51	237	-6.2516	-120.	91.919	716	0.10613
52	225	-8.3372	-120.	89.613	716	0.10604
52	223	-8.5933	-120.	88.683	716	0.10601
52	220	-9.0374	-120.	89.857	716	0.10605
53	227	-7.8565	-120.	91.427	716	0.10611
53	237	-6.2516	-120.	91.919	716	0.10613
53	231	-7.1082	-120.	94.093	716	0.10621
54	227	-7.8565	-120.	91.427	716	0.10611
54	231	-7.1082	-120.	94.093	716	0.10621
54	214	-9.904	-120.	92.112	716	0.10613
55	227	-7.8565	-120.	91.427	716	0.10611
55	214	-9.904	-120.	92.112	716	0.10613
55	220	-9.0374	-120.	89.857	716	0.10605
56	227	-7.8565	-120.	91.427	716	0.10611
56	220	-9.0374	-120.	89.857	716	0.10605
56	225	-8.3372	-120.	89.613	716	0.10604
57	227	-7.8565	-120.	91.427	716	0.10611
57	225	-8.3372	-120.	89.613	716	0.10604
57	235	-6.5008	-120.	90.968	716	0.10609
58	227	-7.8565	-120.	91.427	716	0.10611
58	235	-6.5008	-120.	90.968	716	0.10609
58	237	-6.2516	-120.	91.919	716	0.10613
59	232	-6.9679	-120.	89.165	716	0.10603
59	223	-8.5933	-120.	88.683	716	0.10601
59	228	-7.7041	-120.	86.405	716	0.10592
60	232	-6.9679	-120.	89.165	716	0.10603
60	228	-7.7041	-120.	86.405	716	0.10592
60	245	-4.8957	-120.	88.564	716	0.106
61	232	-6.9679	-120.	89.165	716	0.10603
61	245	-4.8957	-120.	88.564	716	0.106
61	241	-5.7764	-120.	90.758	716	0.10609
62	232	-6.9679	-120.	89.165	716	0.10603
62	241	-5.7764	-120.	90.758	716	0.10609
62	235	-6.5008	-120.	90.968	716	0.10609
63	232	-6.9679	-120.	89.165	716	0.10603
63	235	-6.5008	-120.	90.968	716	0.10609
63	225	-8.3372	-120.	89.613	716	0.10604
64	232	-6.9679	-120.	89.165	716	0.10603
64	225	-8.3372	-120.	89.613	716	0.10604
64	223	-8.5933	-120.	88.683	716	0.10601
65	177	-15.833	-120.	140.87	735	0.10481
65	169	-17.251	-120.	143.32	735	0.10478
65	197	-12.295	-120.	143.44	735	0.10476
66	1	-32.805	-120.	116.88	751	0.10579
66	0	-32.924	-120.	121.19	751	0.1056
66	16	-30.093	-120.	118.32	751	0.10573
67	226	-8.113	-120.	150.47	765	0.10481
67	218	-9.54	-120.	153.01	765	0.10486
67	243	-5.3928	-120.	154.18	765	0.10491
68	250	-4.0658	-120.	91.691	802	0.10612
68	263	-2.0045	-120.	91.016	802	0.1061
68	257	-2.8829	-120.	92.974	802	0.10617
69	250	-4.0658	-120.	91.691	802	0.10612
69	257	-2.8829	-120.	92.974	802	0.10617
69	247	-4.4686	-120.	93.311	802	0.10618
70	250	-4.0658	-120.	91.691	802	0.10612
70	247	-4.4686	-120.	93.311	802	0.10618
70	238	-6.2516	-120.	91.919	802	0.10613
71	250	-4.0658	-120.	91.691	802	0.10612
71	238	-6.2516	-120.	91.919	802	0.10613
71	242	-5.7764	-120.	90.758	802	0.10609
72	250	-4.0658	-120.	91.691	802	0.10612
72	242	-5.7764	-120.	90.758	802	0.10609
72	254	-3.011	-120.	90.17	802	0.10606
73	250	-4.0658	-120.	91.691	802	0.10612
73	254	-3.011	-120.	90.17	802	0.10606
73	263	-2.0045	-120.	91.016	802	0.1061
74	238	-6.2516	-120.	91.919	802	0.10613
74	247	-4.4686	-120.	93.311	802	0.10618
74	231	-7.1082	-120.	94.093	802	0.10621
75	263	-2.0045	-120.	91.016	802	0.1061
75	275	-0.15357	-120.	92.615	802	0.10616
75	257	-2.8829	-120.	92.974	802	0.10617
76	254	-3.011	-120.	90.17	802	0.10606
76	242	-5.7764	-120.	90.758	802	0.10609
76	245	-4.8957	-120.	88.564	802	0.106
77	353	12.589	-120.	91.638	810	0.10607
77	343	11.174	-120.	94.093	810	0.10612
77	365	15.169	-120.	95.872	810	0.10609
78	427	22.928	-120.	139.99	840	0.10459
78	413	21.536	-120.	141.87	840	0.1046
78	420	21.895	-120.	138.97	840	0.10459
79	427	22.928	-120.	139.99	840	0.10459
79	420	21.895	-120.	138.97	840	0.10459
79	429	22.98	-120.	137.77	840	0.10459
80	427	22.928	-120.	139.99	840	0.10459
80	429	22.98	-120.	137.77	840	0.10459
80	437	24.441	-120.	138.64	840	0.10459
81	427	22.928	-120.	139.99	840	0.10459
81	437	24.441	-120.	138.64	840	0.10459
81	435	24.303	-120.	140.3	840	0.10459
82	427	22.928	-120.	139.99	840	0.10459
82	435	24.303	-120.	140.3	840	0.10459
82	424	22.411	-120.	142.4	840	0.10461
83	427	22.928	-120.	139.99	840	0.10459
83	424	22.411	-120.	142.4	840	0.10461
83	413	21.536	-120.	141.87	840	0.1046
84	437	24.441	-120.	138.64	840	0.10459
84	429	22.98	-120.	137.77	840	0.10459
84	439	24.656	-120.	135.59	840	0.10461
85	413	21.536	-120.	141.87	840	0.1046
85	399	19.899	-120.	140.87	840	0.10459
85	420	21.895	-120.	138.97	840	0.10459
86	424	22.411	-120.	142.4	840	0.10461
86	435	24.303	-120.	140.3	840	0.10459
86	434	24.064	-120.	143.4	840	0.10462
87	240	-5.7995	-120.	146.33	842	0.10473
87	256	-2.9777	-120.	149.89	842	0.10479
87	265	-1.522	-120.	147.24	842	0.10472
88	35	-28.656	-120.	129.72	857	0.1052
88	6	-31.929	-120.	128.36	857	0.10527
88	10	-30.643	-120.	132.48	857	0.10509
89	152	-19.63	-120.	147.46	858	0.10476
89	175	-16.089	-120.	149.92	858	0.10478
89	181	-14.63	-120.	147.4	858	0.10477
90	214	-9.904	-120.	92.112	861	0.10613
90	206	-11.103	-120.	95.872	861	0.10624
90	231	-7.1082	-120.	94.093	861	0.10621
91	56	-27.376	-120.	127.13	865	0.10532
91	63	-27.196	-120.	127.86	865	0.10529
91	70	-26.429	-120.	126.87	865	0.10533
92	31	-29.171	-120.	127.62	865	0.1053
92	6	-31.929	-120.	128.36	865	0.10527
92	35	-28.656	-120.	129.72	865	0.1052
93	31	-29.171	-120.	127.62	865	0.1053
93	35	-28.656	-120.	129.72	865	0.1052
93	63	-27.196	-120.	127.86	865	0.10529
94	31	-29.171	-120.	127.62	865	0.1053
94	63	-27.196	-120.	127.86	865	0.10529
94	56	-27.376	-120.	127.13	865	0.10532
95	31	-29.171	-120.	127.62	865	0.1053
95	56	-27.376	-120.	127.13	865	0.10532
95	28	-29.468	-120.	126.21	865	0.10536
96	31	-29.171	-120.	127.62	865	0.1053
96	28	-29.468	-120.	126.21	865	0.10536
96	15	-30.401	-120.	126.46	865	0.10535
97	31	-29.171	-120.	127.62	865	0.1053
97	15	-30.401	-120.	126.46	865	0.10535
97	6	-31.929	-120.	128.36	865	0.10527
98	52	-27.657	-120.	125.72	865	0.10539
98	44	-28.087	-120.	123.61	865	0.10549
98	96	-24.974	-120.	125.04	865	0.10542
99	52	-27.657	-120.	125.72	865	0.10539
99	96	-24.974	-120.	125.04	865	0.10542
99	70	-26.429	-120.	126.87	865	0.10533
100	52	-27.657	-120.	125.72	865	0.10539
100	70	-26.429	-120.	126.87	865	0.10533
100	56	-27.376	-120.	127.13	865	0.10532
101	52	-27.657	-120.	125.72	865	0.10539
101	56	-27.376	-120.	127.13	865	0.10532
101	28	-29.468	-120.	126.21	865	0.10536
102	52	-27.657	-120.	125.72	865	0.10539
102	28	-29.468	-120.	126.21	865	0.10536
102	25	-29.607	-120.	125.48	865	0.1054
103	52	-27.657	-120.	125.72	865	0.10539
103	25	-29.607	-120.	125.48	865	0.1054
103	44	-28.087	-120.	123.61	865	0.10549
104	28	-29.468	-120.	126.21	865	0.10536
104	25	-29.607	-120.	125.48	865	0.1054
104	15	-30.401	-120.	126.46	865	0.10535
105	44	-28.087	-120.	123.61	867	0.10549
105	24	-29.607	-120.	125.48	867	0.1054
105	19	-29.999	-120.	122.65	867	0.10553
106	6	-31.929	-120.	128.36	867	0.10527
106	3	-32.513	-120.	125.48	867	0.1054
106	14	-30.401	-120.	126.46	867	0.10535
107	0	-32.924	-120.	121.19	867	0.1056
107	9	-30.996	-120.	122.16	867	0.10555
107	2	-32.701	-120.	124.13	867	0.10546
108	8	-31.036	-120.	124.39	867	0.10545
108	19	-29.999	-120.	122.65	867	0.10553
108	24	-29.607	-120.	125.48	867	0.1054
109	8	-31.036	-120.	124.39	867	0.10545
109	24	-29.607	-120.	125.48	867	0.1054
109	14	-30.401	-120.	126.46	867	0.10535
110	8	-31.036	-120.	124.39	867	0.10545
110	14	-30.401	-120.	126.46	867	0.10535
110	3	-32.513	-120.	125.48	867	0.1054
111	8	-31.036	-120.	124.39	867	0.10545
111	3	-32.513	-120.	125.48	867	0.1054
111	2	-32.701	-120.	124.13	867	0.10546
112	8	-31.036	-120.	124.39	867	0.10545
112	2	-32.701	-120.	124.13	867	0.10546
112	9	-30.996	-120.	122.16	867	0.10555
113	8	-31.036	-120.	124.39	867	0.10545
113	9	-30.996	-120.	122.16	867	0.10555
113	19	-29.999	-120.	122.65	867	0.10553
114	204	-11.69	-120.	149.52	879	0.10479
114	208	-10.796	-120.	149.39	879	0.10479
114	199	-12.084	-120.	148.78	879	0.10478
115	207	-10.848	-120.	150.93	879	0.10481
115	218	-9.54	-120.	153.01	879	0.10486
115	226	-8.113	-120.	150.47	879	0.10481
116	207	-10.848	-120.	150.93	879	0.10481
116	226	-8.113	-120.	150.47	879	0.10481
116	208	-10.796	-120.	149.39	879	0.10479
117	207	-10.848	-120.	150.93	879	0.10481
117	208	-10.796	-120.	149.39	879	0.10479
117	204	-11.69	-120.	149.52	879	0.10479
118	207	-10.848	-120.	150.93	879	0.10481
118	204	-11.69	-120.	149.52	879	0.10479
118	194	-12.675	-120.	151.25	879	0.10481
119	207	-10.848	-120.	150.93	879	0.10481
119	194	-12.675	-120.	151.25	879	0.10481
119	198	-12.273	-120.	151.92	879	0.10482
120	207	-10.848	-120.	150.93	879	0.10481
120	198	-12.273	-120.	151.92	879	0.10482
120	218	-9.54	-120.	153.01	879	0.10486
121	190	-13.446	-120.	149.7	879	0.10479
121	175	-16.089	-120.	149.92	879	0.10478
121	181	-14.63	-120.	147.4	879	0.10477
122	190	-13.446	-120.	149.7	879	0.10479
122	181	-14.63	-120.	147.4	879	0.10477
122	199	-12.084	-120.	148.78	879	0.10478
123	190	-13.446	-120.	149.7	879	0.10479
123	199	-12.084	-120.	148.78	879	0.10478
123	204	-11.69	-120.	149.52	879	0.10479
124	190	-13.446	-120.	149.7	879	0.10479
124	204	-11.69	-120.	149.52	879	0.10479
124	194	-12.675	-120.	151.25	879	0.10481
125	190	-13.446	-120.	149.7	879	0.10479
125	194	-12.675	-120.	151.25	879	0.10481
125	188	-13.511	-120.	151.33	879	0.10481
126	190	-13.446	-120.	149.7	879	0.10479
126	188	-13.511	-120.	151.33	879	0.10481
126	175	-16.089	-120.	149.92	879	0.10478
127	194	-12.675	-120.	151.25	879	0.10481
127	188	-13.511	-120.	151.33	879	0.10481
127	198	-12.273	-120.	151.92	879	0.10482
128	463	27.448	-120.	103.66	890	0.10585
128	451	26.451	-120.	103.94	890	0.10584
128	464	27.85	-120.	104.3	890	0.10582
129	453	26.629	-120.	102.49	890	0.10589
129	444	25.409	-120.	100.72	890	0.10595
129	432	23.847	-120.	103.3	890	0.10587
130	453	26.629	-120.	102.49	890	0.10589
130	432	23.847	-120.	103.3	890	0.10587
130	451	26.451	-120.	103.94	890	0.10584
131	453	26.629	-120.	102.49	890	0.10589
131	451	26.451	-120.	103.94	890	0.10584
131	463	27.448	-120.	103.66	890	0.10585
132	453	26.629	-120.	102.49	890	0.10589
132	463	27.448	-120.	103.66	890	0.10585
132	471	28.524	-120.	101.95	890	0.10591
133	453	26.629	-120.	102.49	890	0.10589
133	471	28.524	-120.	101.95	890	0.10591
133	467	28.095	-120.	101.35	890	0.10593
134	453	26.629	-120.	102.49	890	0.10589
134	467	28.095	-120.	101.35	890	0.10593
134	444	25.409	-120.	100.72	890	0.10595
135	483	29.334	-120.	103.14	890	0.10587
135	536	32.209	-120.	102.31	890	0.10589
135	499	30.485	-120.	104.97	890	0.1058
136	483	29.334	-120.	103.14	890	0.10587
136	499	30.485	-120.	104.97	890	0.1058
136	464	27.85	-120.	104.3	890	0.10582
137	483	29.334	-120.	103.14	890	0.10587
137	464	27.85	-120.	104.3	890	0.10582
137	463	27.448	-120.	103.66	890	0.10585
138	483	29.334	-120.	103.14	890	0.10587
138	463	27.448	-120.	103.66	890	0.10585
138	471	28.524	-120.	101.95	890	0.10591
139	483	29.334	-120.	103.14	890	0.10587
139	471	28.524	-120.	101.95	890	0.10591
139	490	29.49	-120.	101.66	890	0.10592
140	483	29.334	-120.	103.14	890	0.10587
140	490	29.49	-120.	101.66	890	0.10592
140	536	32.209	-120.	102.31	890	0.10589
141	471	28.524	-120.	101.95	890	0.10591
141	490	29.49	-120.	101.66	890	0.10592
141	467	28.095	-120.	101.35	890	0.10593
142	50	-27.848	-120.	115.7	894	0.10585
142	45	-27.948	-120.	116.45	894	0.10581
142	65	-26.814	-120.	115.45	894	0.10586
143	53	-27.595	-120.	114.29	894	0.1059
143	29	-29.43	-120.	114.03	894	0.10591
143	61	-27.224	-120.	112.18	894	0.10598
144	53	-27.595	-120.	114.29	894	0.1059
144	61	-27.224	-120.	112.18	894	0.10598
144	100	-24.688	-120.	113.62	894	0.10593
145	53	-27.595	-120.	114.29	894	0.1059
145	100	-24.688	-120.	113.62	894	0.10593
145	65	-26.814	-120.	115.45	894	0.10586
146	53	-27.595	-120.	114.29	894	0.1059
146	65	-26.814	-120.	115.45	894	0.10586
146	50	-27.848	-120.	115.7	894	0.10585
147	53	-27.595	-120.	114.29	894	0.1059
147	50	-27.848	-120.	115.7	894	0.10585
147	26	-29.567	-120.	114.76	894	0.10588
148	53	-27.595	-120.	114.29	894	0.1059
148	26	-29.567	-120.	114.76	894	0.10588
148	29	-29.43	-120.	114.03	894	0.10591
149	12	-30.578	-120.	114.99	894	0.10587
149	26	-29.567	-120.	114.76	894	0.10588
149	29	-29.43	-120.	114.03	894	0.10591
150	21	-29.807	-120.	116.19	894	0.10582
150	1	-32.805	-120.	116.88	894	0.10579
150	16	-30.093	-120.	118.32	894	0.10573
151	21	-29.807	-120.	116.19	894	0.10582
151	16	-30.093	-120.	118.32	894	0.10573
151	45	-27.948	-120.	116.45	894	0.10581
152	21	-29.807	-120.	116.19	894	0.10582
152	45	-27.948	-120.	116.45	894	0.10581
152	50	-27.848	-120.	115.7	894	0.10585
153	21	-29.807	-120.	116.19	894	0.10582
153	50	-27.848	-120.	115.7	894	0.10585
153	26	-29.567	-120.	114.76	894	0.10588
154	21	-29.807	-120.	116.19	894	0.10582
154	26	-29.567	-120.	114.76	894	0.10588
154	12	-30.578	-120.	114.99	894	0.10587
155	21	-29.807	-120.	116.19	894	0.10582
155	12	-30.578	-120.	114.99	894	0.10587
155	1	-32.805	-120.	116.88	894	0.10579
156	40	-28.243	-120.	120.02	900	0.10565
156	59	-27.268	-120.	119.76	900	0.10566
156	38	-28.244	-120.	119.26	900	0.10569
157	42	-28.178	-120.	121.44	900	0.10559
157	44	-28.087	-120.	123.61	900	0.10549
157	88	-25.431	-120.	120.69	900	0.10562
158	42	-28.178	-120.	121.44	900	0.10559
158	88	-25.431	-120.	120.69	900	0.10562
158	59	-27.268	-120.	119.76	900	0.10566
159	42	-28.178	-120.	121.44	900	0.10559
159	59	-27.268	-120.	119.76	900	0.10566
159	40	-28.243	-120.	120.02	900	0.10565
160	42	-28.178	-120.	121.44	900	0.10559
160	40	-28.243	-120.	120.02	900	0.10565
160	18	-30.04	-120.	121.91	900	0.10556
161	42	-28.178	-120.	121.44	900	0.10559
161	18	-30.04	-120.	121.91	900	0.10556
161	19	-29.999	-120.	122.65	900	0.10553
162	42	-28.178	-120.	121.44	900	0.10559
162	19	-29.999	-120.	122.65	900	0.10553
162	44	-28.087	-120.	123.61	900	0.10549
163	17	-30.09	-120.	120.48	900	0.10563
163	0	-32.924	-120.	121.19	900	0.1056
163	16	-30.093	-120.	118.32	900	0.10573
164	17	-30.09	-120.	120.48	900	0.10563
164	16	-30.093	-120.	118.32	900	0.10573
164	38	-28.244	-120.	119.26	900	0.10569
165	17	-30.09	-120.	120.48	900	0.10563
165	38	-28.244	-120.	119.26	900	0.10569
165	40	-28.243	-120.	120.02	900	0.10565
166	17	-30.09	-120.	120.48	900	0.10563
166	40	-28.243	-120.	120.02	900	0.10565
166	18	-30.04	-120.	121.91	900	0.10556
167	17	-30.09	-120.	120.48	900	0.10563
167	18	-30.04	-120.	121.91	900	0.10556
167	9	-30.996	-120.	122.16	900	0.10555
168	17	-30.09	-120.	120.48	900	0.10563
168	9	-30.996	-120.	122.16	900	0.10555
168	0	-32.924	-120.	121.19	900	0.1056
169	18	-30.04	-120.	121.91	900	0.10556
169	9	-30.996	-120.	122.16	900	0.10555
169	19	-29.999	-120.	122.65	900	0.10553
170	101	-24.589	-120.	134.53	905	0.10501
170	143	-20.59	-120.	135.59	905	0.10497
170	115	-22.777	-120.	131.8	905	0.10511
171	236	-6.4699	-120.	149.04	910	0.10478
171	234	-6.7075	-120.	147.97	910	0.10476
171	230	-7.1945	-120.	148.83	910	0.10478
172	239	-6.0411	-120.	151.07	910	0.10482
172	249	-4.4252	-120.	152.47	910	0.10486
172	243	-5.3928	-120.	154.18	910	0.10491
173	239	-6.0411	-120.	151.07	910	0.10482
173	243	-5.3928	-120.	154.18	910	0.10491
173	226	-8.113	-120.	150.47	910	0.10481
174	239	-6.0411	-120.	151.07	910	0.10482
174	226	-8.113	-120.	150.47	910	0.10481
174	230	-7.1945	-120.	148.83	910	0.10478
175	239	-6.0411	-120.	151.07	910	0.10482
175	230	-7.1945	-120.	148.83	910	0.10478
175	236	-6.4699	-120.	149.04	910	0.10478
176	239	-6.0411	-120.	151.07	910	0.10482
176	236	-6.4699	-120.	149.04	910	0.10478
176	246	-4.6513	-120.	151.42	910	0.10483
177	239	-6.0411	-120.	151.07	910	0.10482
177	246	-4.6513	-120.	151.42	910	0.10483
177	249	-4.4252	-120.	152.47	910	0.10486
178	251	-3.9312	-120.	151.58	910	0.10484
178	246	-4.6513	-120.	151.42	910	0.10483
178	249	-4.4252	-120.	152.47	910	0.10486
179	244	-5.0895	-120.	149.37	910	0.10478
179	256	-2.9777	-120.	149.89	910	0.10479
179	240	-5.7995	-120.	146.33	910	0.10473
180	244	-5.0895	-120.	149.37	910	0.10478
180	240	-5.7995	-120.	146.33	910	0.10473
180	234	-6.7075	-120.	147.97	910	0.10476
181	244	-5.0895	-120.	149.37	910	0.10478
181	234	-6.7075	-120.	147.97	910	0.10476
181	236	-6.4699	-120.	149.04	910	0.10478
182	244	-5.0895	-120.	149.37	910	0.10478
182	236	-6.4699	-120.	149.04	910	0.10478
182	246	-4.6513	-120.	151.42	910	0.10483
183	244	-5.0895	-120.	149.37	910	0.10478
183	246	-4.6513	-120.	151.42	910	0.10483
183	251	-3.9312	-120.	151.58	910	0.10484
184	244	-5.0895	-120.	149.37	910	0.10478
184	251	-3.9312	-120.	151.58	910	0.10484
184	256	-2.9777	-120.	149.89	910	0.10479
185	304	4.9242	-120.	150.14	912	0.10479
185	302	4.6741	-120.	149.18	912	0.10476
185	299	4.1731	-120.	150.21	912	0.10479
186	312	6.3385	-120.	149.94	912	0.10478
186	323	8.4836	-120.	149.65	912	0.10477
186	308	5.588	-120.	147.24	912	0.10469
187	312	6.3385	-120.	149.94	912	0.10478
187	308	5.588	-120.	147.24	912	0.10469
187	302	4.6741	-120.	149.18	912	0.10476
188	312	6.3385	-120.	149.94	912	0.10478
188	302	4.6741	-120.	149.18	912	0.10476
188	304	4.9242	-120.	150.14	912	0.10479
189	312	6.3385	-120.	149.94	912	0.10478
189	304	4.9242	-120.	150.14	912	0.10479
189	314	6.814	-120.	151.77	912	0.10485
190	312	6.3385	-120.	149.94	912	0.10478
190	314	6.814	-120.	151.77	912	0.10485
190	320	7.5469	-120.	151.66	912	0.10484
191	312	6.3385	-120.	149.94	912	0.10478
191	320	7.5469	-120.	151.66	912	0.10484
191	323	8.4836	-120.	149.65	912	0.10477
192	307	5.3872	-120.	151.95	912	0.10485
192	311	6.1077	-120.	154.74	912	0.10495
192	296	3.2389	-120.	152.16	912	0.10486
193	307	5.3872	-120.	151.95	912	0.10485
193	296	3.2389	-120.	152.16	912	0.10486
193	299	4.1731	-120.	150.21	912	0.10479
194	307	5.3872	-120.	151.95	912	0.10485
194	299	4.1731	-120.	150.21	912	0.10479
194	304	4.9242	-120.	150.14	912	0.10479
195	307	5.3872	-120.	151.95	912	0.10485
195	304	4.9242	-120.	150.14	912	0.10479
195	314	6.814	-120.	151.77	912	0.10485
196	307	5.3872	-120.	151.95	912	0.10485
196	314	6.814	-120.	151.77	912	0.10485
196	316	7.065	-120.	152.71	912	0.10488
197	307	5.3872	-120.	151.95	912	0.10485
197	316	7.065	-120.	152.71	912	0.10488
197	311	6.1077	-120.	154.74	912	0.10495
198	314	6.814	-120.	151.77	912	0.10485
198	316	7.065	-120.	152.71	912	0.10488
198	320	7.5469	-120.	151.66	912	0.10484
199	387	18.289	-120.	147.65	935	0.10471
199	393	19.016	-120.	145.11	935	0.10465
199	405	20.723	-120.	146.15	935	0.10467
200	396	19.872	-120.	148.18	935	0.10472
200	387	18.289	-120.	147.65	935	0.10471
200	405	20.723	-120.	146.15	935	0.10467
201	396	19.872	-120.	148.18	935	0.10472
201	405	20.723	-120.	146.15	935	0.10467
201	415	21.609	-120.	146.7	935	0.10468
202	396	19.872	-120.	148.18	935	0.10472
202	415	21.609	-120.	146.7	935	0.10468
202	408	20.929	-120.	149.43	935	0.10475
203	396	19.872	-120.	148.18	935	0.10472
203	408	20.929	-120.	149.43	935	0.10475
203	394	19.764	-120.	150.15	935	0.10478
204	396	19.872	-120.	148.18	935	0.10472
204	394	19.764	-120.	150.15	935	0.10478
204	385	17.918	-120.	148.97	935	0.10475
205	396	19.872	-120.	148.18	935	0.10472
205	385	17.918	-120.	148.97	935	0.10475
205	387	18.289	-120.	147.65	935	0.10471
206	408	20.929	-120.	149.43	935	0.10475
206	415	21.609	-120.	146.7	935	0.10468
206	430	23.336	-120.	147.74	935	0.1047
207	394	19.764	-120.	150.15	935	0.10478
207	380	17.167	-120.	151.53	935	0.10483
207	385	17.918	-120.	148.97	935	0.10475
208	291	2.4319	-120.	148.95	938	0.10475
208	299	4.1731	-120.	150.21	938	0.10479
208	287	1.3459	-120.	150.21	938	0.1048
209	291	2.4319	-120.	148.95	938	0.10475
209	287	1.3459	-120.	150.21	938	0.1048
209	279	0.33219	-120.	149.18	938	0.10477
210	291	2.4319	-120.	148.95	938	0.10475
210	279	0.33219	-120.	149.18	938	0.10477
210	284	1.2224	-120.	147.46	938	0.10471
211	291	2.4319	-120.	148.95	938	0.10475
211	284	1.2224	-120.	147.46	938	0.10471
211	294	2.8435	-120.	147.46	938	0.1047
212	291	2.4319	-120.	148.95	938	0.10475
212	294	2.8435	-120.	147.46	938	0.1047
212	302	4.6741	-120.	149.18	938	0.10476
213	291	2.4319	-120.	148.95	938	0.10475
213	302	4.6741	-120.	149.18	938	0.10476
213	299	4.1731	-120.	150.21	938	0.10479
214	284	1.2224	-120.	147.46	938	0.10471
214	279	0.33219	-120.	149.18	938	0.10477
214	265	-1.522	-120.	147.24	938	0.10472
215	299	4.1731	-120.	150.21	938	0.10479
215	296	3.2389	-120.	152.16	938	0.10486
215	287	1.3459	-120.	150.21	938	0.1048
216	302	4.6741	-120.	149.18	938	0.10476
216	294	2.8435	-120.	147.46	938	0.1047
216	308	5.588	-120.	147.24	938	0.10469
217	335	10.335	-120.	151.03	942	0.10482
217	319	7.5469	-120.	151.66	942	0.10484
217	323	8.4836	-120.	149.65	942	0.10477
218	326	9.0131	-120.	154.27	942	0.10493
218	311	6.1077	-120.	154.74	942	0.10495
218	317	7.065	-120.	152.71	942	0.10488
219	328	9.2669	-120.	152.57	942	0.10488
219	326	9.0131	-120.	154.27	942	0.10493
219	317	7.065	-120.	152.71	942	0.10488
220	328	9.2669	-120.	152.57	942	0.10488
220	317	7.065	-120.	152.71	942	0.10488
220	319	7.5469	-120.	151.66	942	0.10484
221	328	9.2669	-120.	152.57	942	0.10488
221	319	7.5469	-120.	151.66	942	0.10484
221	335	10.335	-120.	151.03	942	0.10482
222	328	9.2669	-120.	152.57	942	0.10488
222	335	10.335	-120.	151.03	942	0.10482
222	344	11.293	-120.	151.76	942	0.10485
223	328	9.2669	-120.	152.57	942	0.10488
223	344	11.293	-120.	151.76	942	0.10485
223	336	10.348	-120.	153.98	942	0.10492
224	328	9.2669	-120.	152.57	942	0.10488
224	336	10.348	-120.	153.98	942	0.10492
224	326	9.0131	-120.	154.27	942	0.10493
225	356	13.174	-120.	153.16	942	0.10489
225	336	10.348	-120.	153.98	942	0.10492
225	344	11.293	-120.	151.76	942	0.10485
226	219	-9.0374	-120.	89.857	965	0.10605
226	214	-9.904	-120.	92.112	965	0.10613
226	205	-11.685	-120.	90.932	965	0.10609
227	210	-10.696	-120.	89.164	965	0.10603
227	219	-9.0374	-120.	89.857	965	0.10605
227	205	-11.685	-120.	90.932	965	0.10609
228	210	-10.696	-120.	89.164	965	0.10603
228	205	-11.685	-120.	90.932	965	0.10609
228	195	-12.608	-120.	90.314	965	0.10607
229	210	-10.696	-120.	89.164	965	0.10603
229	195	-12.608	-120.	90.314	965	0.10607
229	202	-11.761	-120.	87.856	965	0.10599
230	210	-10.696	-120.	89.164	965	0.10603
230	202	-11.761	-120.	87.856	965	0.10599
230	213	-10.493	-120.	87.342	965	0.10596
231	210	-10.696	-120.	89.164	965	0.10603
231	213	-10.493	-120.	87.342	965	0.10596
231	222	-8.5933	-120.	88.683	965	0.10601
232	210	-10.696	-120.	89.164	965	0.10603
232	222	-8.5933	-120.	88.683	965	0.10601
232	219	-9.0374	-120.	89.857	965	0.10605
233	202	-11.761	-120.	87.856	965	0.10599
233	195	-12.608	-120.	90.314	965	0.10607
233	183	-14.413	-120.	89.13	965	0.10604
234	213	-10.493	-120.	87.342	965	0.10596
234	228	-7.7041	-120.	86.405	965	0.10592
234	222	-8.5933	-120.	88.683	965	0.10601
235	193	-12.821	-120.	94.742	966	0.1062
235	192	-13.091	-120.	93.772	966	0.10618
235	185	-13.745	-120.	94.149	966	0.10619
236	196	-12.345	-120.	91.267	966	0.1061
236	205	-11.685	-120.	90.932	966	0.10609
236	195	-12.608	-120.	90.314	966	0.10607
237	187	-13.615	-120.	91.942	966	0.10613
237	185	-13.745	-120.	94.149	966	0.10619
237	178	-15.485	-120.	93.018	966	0.10616
238	187	-13.615	-120.	91.942	966	0.10613
238	178	-15.485	-120.	93.018	966	0.10616
238	183	-14.413	-120.	89.13	966	0.10604
239	187	-13.615	-120.	91.942	966	0.10613
239	183	-14.413	-120.	89.13	966	0.10604
239	195	-12.608	-120.	90.314	966	0.10607
240	187	-13.615	-120.	91.942	966	0.10613
240	195	-12.608	-120.	90.314	966	0.10607
240	196	-12.345	-120.	91.267	966	0.1061
241	187	-13.615	-120.	91.942	966	0.10613
241	196	-12.345	-120.	91.267	966	0.1061
241	192	-13.091	-120.	93.772	966	0.10618
242	187	-13.615	-120.	91.942	966	0.10613
242	192	-13.091	-120.	93.772	966	0.10618
242	185	-13.745	-120.	94.149	966	0.10619
243	201	-11.825	-120.	93.116	966	0.10616
243	205	-11.685	-120.	90.932	966	0.10609
243	214	-9.904	-120.	92.112	966	0.10613
244	201	-11.825	-120.	93.116	966	0.10616
244	214	-9.904	-120.	92.112	966	0.10613
244	206	-11.103	-120.	95.872	966	0.10624
245	201	-11.825	-120.	93.116	966	0.10616
245	206	-11.103	-120.	95.872	966	0.10624
245	193	-12.821	-120.	94.742	966	0.1062
246	201	-11.825	-120.	93.116	966	0.10616
246	193	-12.821	-120.	94.742	966	0.1062
246	192	-13.091	-120.	93.772	966	0.10618
247	201	-11.825	-120.	93.116	966	0.10616
247	192	-13.091	-120.	93.772	966	0.10618
247	196	-12.345	-120.	91.267	966	0.1061
248	201	-11.825	-120.	93.116	966	0.10616
248	196	-12.345	-120.	91.267	966	0.1061
248	205	-11.685	-120.	90.932	966	0.10609
249	281	0.59341	-120.	150.18	972	0.1048
249	286	1.3459	-120.	150.21	972	0.1048
249	278	0.33219	-120.	149.18	972	0.10477
250	283	1.0853	-120.	152.07	972	0.10486
250	288	1.8045	-120.	154.98	972	0.10495
250	296	3.2389	-120.	152.16	972	0.10486
251	283	1.0853	-120.	152.07	972	0.10486
251	296	3.2389	-120.	152.16	972	0.10486
251	286	1.3459	-120.	150.21	972	0.1048
252	283	1.0853	-120.	152.07	972	0.10486
252	286	1.3459	-120.	150.21	972	0.1048
252	281	0.59341	-120.	150.18	972	0.1048
253	283	1.0853	-120.	152.07	972	0.10486
253	281	0.59341	-120.	150.18	972	0.1048
253	274	-0.353	-120.	151.97	972	0.10485
254	283	1.0853	-120.	152.07	972	0.10486
254	274	-0.353	-120.	151.97	972	0.10485
254	277	-0.11815	-120.	152.95	972	0.10488
255	283	1.0853	-120.	152.07	972	0.10486
255	277	-0.11815	-120.	152.95	972	0.10488
255	288	1.8045	-120.	154.98	972	0.10495
256	271	-0.83641	-120.	150.06	972	0.1048
256	256	-2.9777	-120.	149.89	972	0.10479
256	265	-1.522	-120.	147.24	972	0.10472
257	271	-0.83641	-120.	150.06	972	0.1048
257	265	-1.522	-120.	147.24	972	0.10472
257	278	0.33219	-120.	149.18	972	0.10477
258	271	-0.83641	-120.	150.06	972	0.1048
258	278	0.33219	-120.	149.18	972	0.10477
258	281	0.59341	-120.	150.18	972	0.1048
259	271	-0.83641	-120.	150.06	972	0.1048
259	281	0.59341	-120.	150.18	972	0.1048
259	274	-0.353	-120.	151.97	972	0.10485
260	271	-0.83641	-120.	150.06	972	0.1048
260	274	-0.353	-120.	151.97	972	0.10485
260	269	-1.0913	-120.	151.9	972	0.10485
261	271	-0.83641	-120.	150.06	972	0.1048
261	269	-1.0913	-120.	151.9	972	0.10485
261	256	-2.9777	-120.	149.89	972	0.10479
262	274	-0.353	-120.	151.97	972	0.10485
262	269	-1.0913	-120.	151.9	972	0.10485
262	277	-0.11815	-120.	152.95	972	0.10488
263	57	-27.373	-120.	138.94	975	0.10487
263	99	-24.821	-120.	142.41	975	0.1048
263	113	-23.261	-120.	139.86	975	0.10485
264	318	7.3448	-120.	91.56	976	0.10609
264	329	9.39	-120.	91.764	976	0.10608
264	324	8.5345	-120.	93.311	976	0.10612
265	318	7.3448	-120.	91.56	976	0.10609
265	324	8.5345	-120.	93.311	976	0.10612
265	315	6.9488	-120.	92.974	976	0.10613
266	318	7.3448	-120.	91.56	976	0.10609
266	315	6.9488	-120.	92.974	976	0.10613
266	306	5.1429	-120.	90.861	976	0.10608
267	318	7.3448	-120.	91.56	976	0.10609
267	306	5.1429	-120.	90.861	976	0.10608
267	310	5.6436	-120.	89.931	976	0.10604
268	318	7.3448	-120.	91.56	976	0.10609
268	310	5.6436	-120.	89.931	976	0.10604
268	322	8.4091	-120.	90.519	976	0.10605
269	318	7.3448	-120.	91.56	976	0.10609
269	322	8.4091	-120.	90.519	976	0.10605
269	329	9.39	-120.	91.764	976	0.10608
270	306	5.1429	-120.	90.861	976	0.10608
270	315	6.9488	-120.	92.974	976	0.10613
270	300	4.2195	-120.	92.615	976	0.10614
271	329	9.39	-120.	91.764	976	0.10608
271	343	11.174	-120.	94.093	976	0.10612
271	324	8.5345	-120.	93.311	976	0.10612
272	322	8.4091	-120.	90.519	976	0.10605
272	310	5.6436	-120.	89.931	976	0.10604
272	313	6.5826	-120.	88.167	976	0.10598
273	260	-2.2653	-120.	90.059	979	0.10606
273	255	-3.011	-120.	90.17	979	0.10606
273	262	-2.0045	-120.	91.016	979	0.1061
274	270	-0.84033	-120.	89.911	979	0.10605
274	272	-0.59171	-120.	88.013	979	0.10598
274	285	1.3031	-120.	89.681	979	0.10604
275	270	-0.84033	-120.	89.911	979	0.10605
275	285	1.3031	-120.	89.681	979	0.10604
275	275	-0.15357	-120.	92.615	979	0.10616
276	270	-0.84033	-120.	89.911	979	0.10605
276	275	-0.15357	-120.	92.615	979	0.10616
276	262	-2.0045	-120.	91.016	979	0.1061
277	270	-0.84033	-120.	89.911	979	0.10605
277	262	-2.0045	-120.	91.016	979	0.1061
277	260	-2.2653	-120.	90.059	979	0.10606
278	270	-0.84033	-120.	89.911	979	0.10605
278	260	-2.2653	-120.	90.059	979	0.10606
278	266	-1.3299	-120.	88.083	979	0.10598
279	270	-0.84033	-120.	89.911	979	0.10605
279	266	-1.3299	-120.	88.083	979	0.10598
279	272	-0.59171	-120.	88.013	979	0.10598
280	264	-1.5709	-120.	87.142	979	0.10594
280	266	-1.3299	-120.	88.083	979	0.10598
280	272	-0.59171	-120.	88.013	979	0.10598
281	258	-2.7619	-120.	88.247	979	0.10599
281	253	-3.4987	-120.	85.463	979	0.10587
281	245	-4.8957	-120.	88.564	979	0.106
282	258	-2.7619	-120.	88.247	979	0.10599
282	245	-4.8957	-120.	88.564	979	0.106
282	255	-3.011	-120.	90.17	979	0.10606
283	258	-2.7619	-120.	88.247	979	0.10599
283	255	-3.011	-120.	90.17	979	0.10606
283	260	-2.2653	-120.	90.059	979	0.10606
284	258	-2.7619	-120.	88.247	979	0.10599
284	260	-2.2653	-120.	90.059	979	0.10606
284	266	-1.3299	-120.	88.083	979	0.10598
285	258	-2.7619	-120.	88.247	979	0.10599
285	266	-1.3299	-120.	88.083	979	0.10598
285	264	-1.5709	-120.	87.142	979	0.10594
286	258	-2.7619	-120.	88.247	979	0.10599
286	264	-1.5709	-120.	87.142	979	0.10594
286	253	-3.4987	-120.	85.463	979	0.10587
287	309	5.6436	-120.	89.931	984	0.10604
287	303	4.8924	-120.	89.862	984	0.10604
287	305	5.1429	-120.	90.861	984	0.10608
288	295	3.0008	-120.	87.884	984	0.10597
288	293	2.7559	-120.	86.903	984	0.10593
288	289	2.2612	-120.	87.855	984	0.10597
289	297	3.47	-120.	89.793	984	0.10604
289	305	5.1429	-120.	90.861	984	0.10608
289	300	4.2195	-120.	92.615	984	0.10614
290	297	3.47	-120.	89.793	984	0.10604
290	300	4.2195	-120.	92.615	984	0.10614
290	285	1.3031	-120.	89.681	984	0.10604
291	297	3.47	-120.	89.793	984	0.10604
291	285	1.3031	-120.	89.681	984	0.10604
291	289	2.2612	-120.	87.855	984	0.10597
292	297	3.47	-120.	89.793	984	0.10604
292	289	2.2612	-120.	87.855	984	0.10597
292	295	3.0008	-120.	87.884	984	0.10597
293	297	3.47	-120.	89.793	984	0.10604
293	295	3.0008	-120.	87.884	984	0.10597
293	303	4.8924	-120.	89.862	984	0.10604
294	297	3.47	-120.	89.793	984	0.10604
294	303	4.8924	-120.	89.862	984	0.10604
294	305	5.1429	-120.	90.861	984	0.10608
295	301	4.4345	-120.	87.969	984	0.10598
295	293	2.7559	-120.	86.903	984	0.10593
295	298	3.7317	-120.	85.064	984	0.10587
296	301	4.4345	-120.	87.969	984	0.10598
296	298	3.7317	-120.	85.064	984	0.10587
296	313	6.5826	-120.	88.167	984	0.10598
297	301	4.4345	-120.	87.969	984	0.10598
297	313	6.5826	-120.	88.167	984	0.10598
297	309	5.6436	-120.	89.931	984	0.10604
298	301	4.4345	-120.	87.969	984	0.10598
298	309	5.6436	-120.	89.931	984	0.10604
298	303	4.8924	-120.	89.862	984	0.10604
299	301	4.4345	-120.	87.969	984	0.10598
299	303	4.8924	-120.	89.862	984	0.10604
299	295	3.0008	-120.	87.884	984	0.10597
300	301	4.4345	-120.	87.969	984	0.10598
300	295	3.0008	-120.	87.884	984	0.10597
300	293	2.7559	-120.	86.903	984	0.10593
301	182	-14.524	-120.	96.261	995	0.10623
301	176	-16.032	-120.	95.811	995	0.10622
301	185	-13.745	-120.	94.149	995	0.10619
302	182	-14.524	-120.	96.261	995	0.10623
302	185	-13.745	-120.	94.149	995	0.10619
302	193	-12.821	-120.	94.742	995	0.1062
303	182	-14.524	-120.	96.261	995	0.10623
303	193	-12.821	-120.	94.742	995	0.1062
303	189	-13.45	-120.	97.31	995	0.10625
304	182	-14.524	-120.	96.261	995	0.10623
304	189	-13.45	-120.	97.31	995	0.10625
304	180	-14.762	-120.	98.263	995	0.10625
305	182	-14.524	-120.	96.261	995	0.10623
305	180	-14.762	-120.	98.263	995	0.10625
305	174	-16.334	-120.	97.294	995	0.10624
306	182	-14.524	-120.	96.261	995	0.10623
306	174	-16.334	-120.	97.294	995	0.10624
306	176	-16.032	-120.	95.811	995	0.10622
307	189	-13.45	-120.	97.31	995	0.10625
307	193	-12.821	-120.	94.742	995	0.1062
307	206	-11.103	-120.	95.872	995	0.10624
308	176	-16.032	-120.	95.811	995	0.10622
308	178	-15.485	-120.	93.018	995	0.10616
308	185	-13.745	-120.	94.149	995	0.10619
309	174	-16.334	-120.	97.294	995	0.10624
309	180	-14.762	-120.	98.263	995	0.10625
309	171	-16.855	-120.	100.05	995	0.10625
310	253	-3.4987	-120.	85.463	996	0.10587
310	228	-7.7041	-120.	86.405	996	0.10592
310	245	-4.8957	-120.	88.564	996	0.106
311	169	-17.251	-120.	143.32	997	0.10478
311	163	-18.192	-120.	144.96	997	0.10477
311	148	-20.24	-120.	142.97	997	0.10479
312	152	-19.63	-120.	147.46	997	0.10476
312	127	-21.862	-120.	145.54	997	0.10476
312	159	-18.684	-120.	145.81	997	0.10477
313	99	-24.821	-120.	142.41	997	0.1048
313	129	-21.791	-120.	142.79	997	0.10479
313	114	-22.843	-120.	144.59	997	0.10477
314	142	-20.602	-120.	144.44	997	0.10478
314	148	-20.24	-120.	142.97	997	0.10479
314	163	-18.192	-120.	144.96	997	0.10477
315	142	-20.602	-120.	144.44	997	0.10478
315	163	-18.192	-120.	144.96	997	0.10477
315	159	-18.684	-120.	145.81	997	0.10477
316	142	-20.602	-120.	144.44	997	0.10478
316	159	-18.684	-120.	145.81	997	0.10477
316	127	-21.862	-120.	145.54	997	0.10476
317	142	-20.602	-120.	144.44	997	0.10478
317	127	-21.862	-120.	145.54	997	0.10476
317	114	-22.843	-120.	144.59	997	0.10477
318	142	-20.602	-120.	144.44	997	0.10478
318	114	-22.843	-120.	144.59	997	0.10477
318	129	-21.791	-120.	142.79	997	0.10479
319	142	-20.602	-120.	144.44	997	0.10478
319	129	-21.791	-120.	142.79	997	0.10479
319	148	-20.24	-120.	142.97	997	0.10479
320	575	36.909	-120.	117.34	999	0.10522
320	573	36.317	-120.	113.07	999	0.10542
320	555	33.96	-120.	115.92	999	0.10529
321	313	6.5826	-120.	88.167	1004	0.10598
321	321	8.0152	-120.	85.538	1004	0.1059
321	298	3.7317	-120.	85.064	1004	0.10587
322	108	-23.689	-120.	103.77	1024	0.10621
322	103	-24.368	-120.	105.63	1024	0.10618
322	78	-26.081	-120.	104.59	1024	0.10619
323	108	-23.689	-120.	103.77	1024	0.10621
323	78	-26.081	-120.	104.59	1024	0.10619
323	90	-25.369	-120.	103.36	1024	0.10621
324	108	-23.689	-120.	103.77	1024	0.10621
324	90	-25.369	-120.	103.36	1024	0.10621
324	122	-22.197	-120.	101.87	1024	0.10623
325	108	-23.689	-120.	103.77	1024	0.10621
325	122	-22.197	-120.	101.87	1024	0.10623
325	135	-21.358	-120.	102.37	1024	0.10623
326	108	-23.689	-120.	103.77	1024	0.10621
326	135	-21.358	-120.	102.37	1024	0.10623
326	116	-22.763	-120.	104.8	1024	0.10619
327	108	-23.689	-120.	103.77	1024	0.10621
327	116	-22.763	-120.	104.8	1024	0.10619
327	103	-24.368	-120.	105.63	1024	0.10618
328	122	-22.197	-120.	101.87	1024	0.10623
328	90	-25.369	-120.	103.36	1024	0.10621
328	107	-23.785	-120.	100.93	1024	0.10624
329	103	-24.368	-120.	105.63	1024	0.10618
329	55	-27.388	-120.	107.17	1024	0.10614
329	78	-26.081	-120.	104.59	1024	0.10619
330	116	-22.763	-120.	104.8	1024	0.10619
330	135	-21.358	-120.	102.37	1024	0.10623
330	151	-19.781	-120.	103.3	1024	0.10622
331	84	-25.691	-120.	136.27	1035	0.10495
331	64	-26.981	-120.	133.72	1035	0.10504
331	101	-24.589	-120.	134.53	1035	0.10501
332	27	-29.479	-120.	135.18	1035	0.10499
332	10	-30.643	-120.	132.48	1035	0.10509
332	41	-28.225	-120.	133.31	1035	0.10506
333	54	-27.584	-120.	135.34	1035	0.10498
333	27	-29.479	-120.	135.18	1035	0.10499
333	41	-28.225	-120.	133.31	1035	0.10506
334	54	-27.584	-120.	135.34	1035	0.10498
334	41	-28.225	-120.	133.31	1035	0.10506
334	64	-26.981	-120.	133.72	1035	0.10504
335	54	-27.584	-120.	135.34	1035	0.10498
335	64	-26.981	-120.	133.72	1035	0.10504
335	84	-25.691	-120.	136.27	1035	0.10495
336	54	-27.584	-120.	135.34	1035	0.10498
336	84	-25.691	-120.	136.27	1035	0.10495
336	75	-26.268	-120.	137.17	1035	0.10492
337	54	-27.584	-120.	135.34	1035	0.10498
337	75	-26.268	-120.	137.17	1035	0.10492
337	34	-28.862	-120.	136.4	1035	0.10495
338	54	-27.584	-120.	135.34	1035	0.10498
338	34	-28.862	-120.	136.4	1035	0.10495
338	27	-29.479	-120.	135.18	1035	0.10499
339	57	-27.373	-120.	138.94	1035	0.10487
339	34	-28.862	-120.	136.4	1035	0.10495
339	75	-26.268	-120.	137.17	1035	0.10492
340	131	-21.647	-120.	137.26	1036	0.10492
340	118	-22.638	-120.	137.55	1036	0.10491
340	120	-22.202	-120.	138.16	1036	0.10489
341	92	-25.296	-120.	136.9	1036	0.10493
341	85	-25.691	-120.	136.27	1036	0.10495
341	74	-26.268	-120.	137.17	1036	0.10492
342	102	-24.506	-120.	138.1	1036	0.10489
342	120	-22.202	-120.	138.16	1036	0.10489
342	113	-23.261	-120.	139.86	1036	0.10485
343	102	-24.506	-120.	138.1	1036	0.10489
343	113	-23.261	-120.	139.86	1036	0.10485
343	57	-27.373	-120.	138.94	1036	0.10487
344	102	-24.506	-120.	138.1	1036	0.10489
344	57	-27.373	-120.	138.94	1036	0.10487
344	74	-26.268	-120.	137.17	1036	0.10492
345	102	-24.506	-120.	138.1	1036	0.10489
345	74	-26.268	-120.	137.17	1036	0.10492
345	92	-25.296	-120.	136.9	1036	0.10493
346	102	-24.506	-120.	138.1	1036	0.10489
346	92	-25.296	-120.	136.9	1036	0.10493
346	118	-22.638	-120.	137.55	1036	0.10491
347	102	-24.506	-120.	138.1	1036	0.10489
347	118	-22.638	-120.	137.55	1036	0.10491
347	120	-22.202	-120.	138.16	1036	0.10489
348	111	-23.409	-120.	136.35	1036	0.10495
348	85	-25.691	-120.	136.27	1036	0.10495
348	101	-24.589	-120.	134.53	1036	0.10501
349	111	-23.409	-120.	136.35	1036	0.10495
349	101	-24.589	-120.	134.53	1036	0.10501
349	143	-20.59	-120.	135.59	1036	0.10497
350	111	-23.409	-120.	136.35	1036	0.10495
350	143	-20.59	-120.	135.59	1036	0.10497
350	131	-21.647	-120.	137.26	1036	0.10492
351	111	-23.409	-120.	136.35	1036	0.10495
351	131	-21.647	-120.	137.26	1036	0.10492
351	118	-22.638	-120.	137.55	1036	0.10491
352	111	-23.409	-120.	136.35	1036	0.10495
352	118	-22.638	-120.	137.55	1036	0.10491
352	92	-25.296	-120.	136.9	1036	0.10493
353	111	-23.409	-120.	136.35	1036	0.10495
353	92	-25.296	-120.	136.9	1036	0.10493
353	85	-25.691	-120.	136.27	1036	0.10495
354	149	-19.941	-120.	138.82	1037	0.10487
354	166	-17.829	-120.	138.97	1037	0.10486
354	158	-18.742	-120.	140.49	1037	0.10483
355	149	-19.941	-120.	138.82	1037	0.10487
355	158	-18.742	-120.	140.49	1037	0.10483
355	147	-20.31	-120.	140.26	1037	0.10484
356	149	-19.941	-120.	138.82	1037	0.10487
356	147	-20.31	-120.	140.26	1037	0.10484
356	121	-22.202	-120.	138.16	1037	0.10489
357	149	-19.941	-120.	138.82	1037	0.10487
357	121	-22.202	-120.	138.16	1037	0.10489
357	132	-21.647	-120.	137.26	1037	0.10492
358	149	-19.941	-120.	138.82	1037	0.10487
358	132	-21.647	-120.	137.26	1037	0.10492
358	154	-18.914	-120.	137.77	1037	0.1049
359	149	-19.941	-120.	138.82	1037	0.10487
359	154	-18.914	-120.	137.77	1037	0.1049
359	166	-17.829	-120.	138.97	1037	0.10486
360	121	-22.202	-120.	138.16	1037	0.10489
360	147	-20.31	-120.	140.26	1037	0.10484
360	113	-23.261	-120.	139.86	1037	0.10485
361	166	-17.829	-120.	138.97	1037	0.10486
361	177	-15.833	-120.	140.87	1037	0.10481
361	158	-18.742	-120.	140.49	1037	0.10483
362	154	-18.914	-120.	137.77	1037	0.1049
362	132	-21.647	-120.	137.26	1037	0.10492
362	143	-20.59	-120.	135.59	1037	0.10497
363	86	-25.532	-120.	128.87	1041	0.10524
363	71	-26.322	-120.	130.55	1041	0.10517
363	62	-27.196	-120.	127.86	1041	0.10529
364	86	-25.532	-120.	128.87	1041	0.10524
364	62	-27.196	-120.	127.86	1041	0.10529
364	69	-26.429	-120.	126.87	1041	0.10533
365	86	-25.532	-120.	128.87	1041	0.10524
365	69	-26.429	-120.	126.87	1041	0.10533
365	105	-24.331	-120.	127.71	1041	0.10529
366	86	-25.532	-120.	128.87	1041	0.10524
366	105	-24.331	-120.	127.71	1041	0.10529
366	106	-23.83	-120.	129.26	1041	0.10522
367	86	-25.532	-120.	128.87	1041	0.10524
367	106	-23.83	-120.	129.26	1041	0.10522
367	95	-25.087	-120.	131.	1041	0.10515
368	86	-25.532	-120.	128.87	1041	0.10524
368	95	-25.087	-120.	131.	1041	0.10515
368	71	-26.322	-120.	130.55	1041	0.10517
369	105	-24.331	-120.	127.71	1041	0.10529
369	69	-26.429	-120.	126.87	1041	0.10533
369	96	-24.974	-120.	125.04	1041	0.10542
370	71	-26.322	-120.	130.55	1041	0.10517
370	35	-28.656	-120.	129.72	1041	0.1052
370	62	-27.196	-120.	127.86	1041	0.10529
371	95	-25.087	-120.	131.	1041	0.10515
371	106	-23.83	-120.	129.26	1041	0.10522
371	115	-22.777	-120.	131.8	1041	0.10511
372	61	-27.224	-120.	112.18	1056	0.10598
372	100	-24.688	-120.	113.62	1056	0.10593
372	112	-23.336	-120.	109.46	1056	0.10608
373	150	-19.798	-120.	140.81	1065	0.10482
373	157	-18.742	-120.	140.49	1065	0.10483
373	146	-20.31	-120.	140.26	1065	0.10484
374	156	-18.773	-120.	141.82	1065	0.1048
374	169	-17.251	-120.	143.32	1065	0.10478
374	177	-15.833	-120.	140.87	1065	0.10481
375	156	-18.773	-120.	141.82	1065	0.1048
375	177	-15.833	-120.	140.87	1065	0.10481
375	157	-18.742	-120.	140.49	1065	0.10483
376	156	-18.773	-120.	141.82	1065	0.1048
376	157	-18.742	-120.	140.49	1065	0.10483
376	150	-19.798	-120.	140.81	1065	0.10482
377	156	-18.773	-120.	141.82	1065	0.1048
377	150	-19.798	-120.	140.81	1065	0.10482
377	141	-20.774	-120.	142.45	1065	0.1048
378	156	-18.773	-120.	141.82	1065	0.1048
378	141	-20.774	-120.	142.45	1065	0.1048
378	148	-20.24	-120.	142.97	1065	0.10479
379	156	-18.773	-120.	141.82	1065	0.1048
379	148	-20.24	-120.	142.97	1065	0.10479
379	169	-17.251	-120.	143.32	1065	0.10478
380	128	-21.792	-120.	141.43	1065	0.10482
380	99	-24.821	-120.	142.41	1065	0.1048
380	113	-23.261	-120.	139.86	1065	0.10485
381	128	-21.792	-120.	141.43	1065	0.10482
381	113	-23.261	-120.	139.86	1065	0.10485
381	146	-20.31	-120.	140.26	1065	0.10484
382	128	-21.792	-120.	141.43	1065	0.10482
382	146	-20.31	-120.	140.26	1065	0.10484
382	150	-19.798	-120.	140.81	1065	0.10482
383	128	-21.792	-120.	141.43	1065	0.10482
383	150	-19.798	-120.	140.81	1065	0.10482
383	141	-20.774	-120.	142.45	1065	0.1048
384	128	-21.792	-120.	141.43	1065	0.10482
384	141	-20.774	-120.	142.45	1065	0.1048
384	129	-21.791	-120.	142.79	1065	0.10479
385	128	-21.792	-120.	141.43	1065	0.10482
385	129	-21.791	-120.	142.79	1065	0.10479
385	99	-24.821	-120.	142.41	1065	0.1048
386	141	-20.774	-120.	142.45	1065	0.1048
386	129	-21.791	-120.	142.79	1065	0.10479
386	148	-20.24	-120.	142.97	1065	0.10479
387	77	-26.164	-120.	103.72	1069	0.10621
387	79	-26.081	-120.	104.59	1069	0.10619
387	89	-25.369	-120.	103.36	1069	0.10621
388	76	-26.232	-120.	102.02	1069	0.10623
388	47	-27.911	-120.	101.92	1069	0.10623
388	73	-26.285	-120.	99.47	1069	0.10624
389	76	-26.232	-120.	102.02	1069	0.10623
389	73	-26.285	-120.	99.47	1069	0.10624
389	107	-23.785	-120.	100.93	1069	0.10624
390	76	-26.232	-120.	102.02	1069	0.10623
390	107	-23.785	-120.	100.93	1069	0.10624
390	89	-25.369	-120.	103.36	1069	0.10621
391	76	-26.232	-120.	102.02	1069	0.10623
391	89	-25.369	-120.	103.36	1069	0.10621
391	77	-26.164	-120.	103.72	1069	0.10621
392	76	-26.232	-120.	102.02	1069	0.10623
392	77	-26.164	-120.	103.72	1069	0.10621
392	48	-27.878	-120.	102.73	1069	0.10622
393	76	-26.232	-120.	102.02	1069	0.10623
393	48	-27.878	-120.	102.73	1069	0.10622
393	47	-27.911	-120.	101.92	1069	0.10623
394	37	-28.595	-120.	103.11	1069	0.10621
394	48	-27.878	-120.	102.73	1069	0.10622
394	47	-27.911	-120.	101.92	1069	0.10623
395	51	-27.669	-120.	104.51	1069	0.10619
395	20	-29.906	-120.	105.74	1069	0.10617
395	55	-27.388	-120.	107.17	1069	0.10614
396	51	-27.669	-120.	104.51	1069	0.10619
396	55	-27.388	-120.	107.17	1069	0.10614
396	79	-26.081	-120.	104.59	1069	0.10619
397	51	-27.669	-120.	104.51	1069	0.10619
397	79	-26.081	-120.	104.59	1069	0.10619
397	77	-26.164	-120.	103.72	1069	0.10621
398	51	-27.669	-120.	104.51	1069	0.10619
398	77	-26.164	-120.	103.72	1069	0.10621
398	48	-27.878	-120.	102.73	1069	0.10622
399	51	-27.669	-120.	104.51	1069	0.10619
399	48	-27.878	-120.	102.73	1069	0.10622
399	37	-28.595	-120.	103.11	1069	0.10621
400	51	-27.669	-120.	104.51	1069	0.10619
400	37	-28.595	-120.	103.11	1069	0.10621
400	20	-29.906	-120.	105.74	1069	0.10617
401	417	21.839	-120.	142.89	1084	0.10461
401	424	22.411	-120.	142.4	1084	0.10461
401	413	21.536	-120.	141.87	1084	0.1046
402	425	22.428	-120.	144.8	1084	0.10464
402	430	23.336	-120.	147.74	1084	0.1047
402	434	24.064	-120.	143.4	1084	0.10462
403	425	22.428	-120.	144.8	1084	0.10464
403	434	24.064	-120.	143.4	1084	0.10462
403	424	22.411	-120.	142.4	1084	0.10461
404	425	22.428	-120.	144.8	1084	0.10464
404	424	22.411	-120.	142.4	1084	0.10461
404	417	21.839	-120.	142.89	1084	0.10461
405	425	22.428	-120.	144.8	1084	0.10464
405	417	21.839	-120.	142.89	1084	0.10461
405	411	21.309	-120.	145.7	1084	0.10466
406	425	22.428	-120.	144.8	1084	0.10464
406	411	21.309	-120.	145.7	1084	0.10466
406	414	21.609	-120.	146.7	1084	0.10468
407	425	22.428	-120.	144.8	1084	0.10464
407	414	21.609	-120.	146.7	1084	0.10468
407	430	23.336	-120.	147.74	1084	0.1047
408	403	20.72	-120.	143.77	1084	0.10463
408	393	19.016	-120.	145.11	1084	0.10465
408	399	19.899	-120.	140.87	1084	0.10459
409	403	20.72	-120.	143.77	1084	0.10463
409	399	19.899	-120.	140.87	1084	0.10459
409	413	21.536	-120.	141.87	1084	0.1046
410	403	20.72	-120.	143.77	1084	0.10463
410	413	21.536	-120.	141.87	1084	0.1046
410	417	21.839	-120.	142.89	1084	0.10461
411	403	20.72	-120.	143.77	1084	0.10463
411	417	21.839	-120.	142.89	1084	0.10461
411	411	21.309	-120.	145.7	1084	0.10466
412	403	20.72	-120.	143.77	1084	0.10463
412	411	21.309	-120.	145.7	1084	0.10466
412	404	20.723	-120.	146.15	1084	0.10467
413	403	20.72	-120.	143.77	1084	0.10463
413	404	20.723	-120.	146.15	1084	0.10467
413	393	19.016	-120.	145.11	1084	0.10465
414	411	21.309	-120.	145.7	1084	0.10466
414	404	20.723	-120.	146.15	1084	0.10467
414	414	21.609	-120.	146.7	1084	0.10468
415	346	11.663	-120.	147.66	1097	0.10471
415	349	11.922	-120.	148.61	1097	0.10474
415	354	12.635	-120.	148.36	1097	0.10473
416	342	11.047	-120.	150.83	1097	0.10481
416	334	10.335	-120.	151.03	1097	0.10482
416	345	11.293	-120.	151.76	1097	0.10485
417	351	12.422	-120.	150.4	1097	0.1048
417	354	12.635	-120.	148.36	1097	0.10473
417	362	14.46	-120.	149.69	1097	0.10477
418	351	12.422	-120.	150.4	1097	0.1048
418	362	14.46	-120.	149.69	1097	0.10477
418	356	13.174	-120.	153.16	1097	0.10489
419	351	12.422	-120.	150.4	1097	0.1048
419	356	13.174	-120.	153.16	1097	0.10489
419	345	11.293	-120.	151.76	1097	0.10485
420	351	12.422	-120.	150.4	1097	0.1048
420	345	11.293	-120.	151.76	1097	0.10485
420	342	11.047	-120.	150.83	1097	0.10481
421	351	12.422	-120.	150.4	1097	0.1048
421	342	11.047	-120.	150.83	1097	0.10481
421	349	11.922	-120.	148.61	1097	0.10474
422	351	12.422	-120.	150.4	1097	0.1048
422	349	11.922	-120.	148.61	1097	0.10474
422	354	12.635	-120.	148.36	1097	0.10473
423	338	10.553	-120.	149.02	1097	0.10475
423	334	10.335	-120.	151.03	1097	0.10482
423	323	8.4836	-120.	149.65	1097	0.10477
424	338	10.553	-120.	149.02	1097	0.10475
424	323	8.4836	-120.	149.65	1097	0.10477
424	332	9.8655	-120.	146.33	1097	0.10466
425	338	10.553	-120.	149.02	1097	0.10475
425	332	9.8655	-120.	146.33	1097	0.10466
425	346	11.663	-120.	147.66	1097	0.10471
426	338	10.553	-120.	149.02	1097	0.10475
426	346	11.663	-120.	147.66	1097	0.10471
426	349	11.922	-120.	148.61	1097	0.10474
427	338	10.553	-120.	149.02	1097	0.10475
427	349	11.922	-120.	148.61	1097	0.10474
427	342	11.047	-120.	150.83	1097	0.10481
428	338	10.553	-120.	149.02	1097	0.10475
428	342	11.047	-120.	150.83	1097	0.10481
428	334	10.335	-120.	151.03	1097	0.10482
429	393	19.016	-120.	145.11	1104	0.10465
429	399	19.899	-120.	140.87	1104	0.10459
429	375	16.361	-120.	143.44	1104	0.10461
430	436	24.303	-120.	140.3	1108	0.10459
430	440	24.802	-120.	139.73	1108	0.10459
430	438	24.441	-120.	138.64	1108	0.10459
431	450	26.414	-120.	140.68	1108	0.1046
431	455	26.788	-120.	141.73	1108	0.1046
431	457	26.876	-120.	140.1	1108	0.10459
432	446	25.708	-120.	138.62	1108	0.10459
432	438	24.441	-120.	138.64	1108	0.10459
432	439	24.656	-120.	135.59	1108	0.10461
433	446	25.708	-120.	138.62	1108	0.10459
433	439	24.656	-120.	135.59	1108	0.10461
433	460	27.061	-120.	136.97	1108	0.1046
434	446	25.708	-120.	138.62	1108	0.10459
434	460	27.061	-120.	136.97	1108	0.1046
434	457	26.876	-120.	140.1	1108	0.10459
435	446	25.708	-120.	138.62	1108	0.10459
435	457	26.876	-120.	140.1	1108	0.10459
435	450	26.414	-120.	140.68	1108	0.1046
436	446	25.708	-120.	138.62	1108	0.10459
436	450	26.414	-120.	140.68	1108	0.1046
436	440	24.802	-120.	139.73	1108	0.10459
437	446	25.708	-120.	138.62	1108	0.10459
437	440	24.802	-120.	139.73	1108	0.10459
437	438	24.441	-120.	138.64	1108	0.10459
438	445	25.493	-120.	141.79	1108	0.1046
438	455	26.788	-120.	141.73	1108	0.1046
438	452	26.586	-120.	144.91	1108	0.10464
439	445	25.493	-120.	141.79	1108	0.1046
439	452	26.586	-120.	144.91	1108	0.10464
439	434	24.064	-120.	143.4	1108	0.10462
440	445	25.493	-120.	141.79	1108	0.1046
440	434	24.064	-120.	143.4	1108	0.10462
440	436	24.303	-120.	140.3	1108	0.10459
441	445	25.493	-120.	141.79	1108	0.1046
441	436	24.303	-120.	140.3	1108	0.10459
441	440	24.802	-120.	139.73	1108	0.10459
442	445	25.493	-120.	141.79	1108	0.1046
442	440	24.802	-120.	139.73	1108	0.10459
442	450	26.414	-120.	140.68	1108	0.1046
443	445	25.493	-120.	141.79	1108	0.1046
443	450	26.414	-120.	140.68	1108	0.1046
443	455	26.788	-120.	141.73	1108	0.1046
444	88	-25.431	-120.	120.69	1109	0.10562
444	44	-28.087	-120.	123.61	1109	0.10549
444	96	-24.974	-120.	125.04	1109	0.10542
445	362	14.46	-120.	149.69	1115	0.10477
445	356	13.174	-120.	153.16	1115	0.10489
445	380	17.167	-120.	151.53	1115	0.10483
446	308	5.588	-120.	147.24	1140	0.10469
446	323	8.4836	-120.	149.65	1140	0.10477
446	332	9.8655	-120.	146.33	1140	0.10466
447	508	30.804	-120.	116.74	1153	0.10525
447	480	29.255	-120.	116.32	1153	0.10527
447	506	30.803	-120.	114.51	1153	0.10536
448	508	30.804	-120.	116.74	1153	0.10525
448	506	30.803	-120.	114.51	1153	0.10536
448	527	31.894	-120.	115.	1153	0.10533
449	508	30.804	-120.	116.74	1153	0.10525
449	527	31.894	-120.	115.	1153	0.10533
449	532	32.19	-120.	117.81	1153	0.1052
450	508	30.804	-120.	116.74	1153	0.10525
450	532	32.19	-120.	117.81	1153	0.1052
450	515	31.257	-120.	118.83	1153	0.10515
451	508	30.804	-120.	116.74	1153	0.10525
451	515	31.257	-120.	118.83	1153	0.10515
451	487	29.425	-120.	117.94	1153	0.10519
452	508	30.804	-120.	116.74	1153	0.10525
452	487	29.425	-120.	117.94	1153	0.10519
452	480	29.255	-120.	116.32	1153	0.10527
453	532	32.19	-120.	117.81	1153	0.1052
453	527	31.894	-120.	115.	1153	0.10533
453	555	33.96	-120.	115.92	1153	0.10529
454	480	29.255	-120.	116.32	1153	0.10527
454	477	28.754	-120.	113.62	1153	0.1054
454	506	30.803	-120.	114.51	1153	0.10536
455	487	29.425	-120.	117.94	1153	0.10519
455	515	31.257	-120.	118.83	1153	0.10515
455	491	29.497	-120.	120.69	1153	0.10507
456	466	27.921	-120.	96.479	1215	0.10605
456	441	24.832	-120.	93.474	1215	0.10608
456	431	23.352	-120.	95.976	1215	0.10605
457	67	-26.804	-120.	117.53	1253	0.10577
457	66	-26.814	-120.	115.45	1253	0.10586
457	93	-25.189	-120.	116.32	1253	0.10582
458	67	-26.804	-120.	117.53	1253	0.10577
458	93	-25.189	-120.	116.32	1253	0.10582
458	91	-25.359	-120.	117.94	1253	0.10575
459	67	-26.804	-120.	117.53	1253	0.10577
459	91	-25.359	-120.	117.94	1253	0.10575
459	60	-27.268	-120.	119.76	1253	0.10566
460	67	-26.804	-120.	117.53	1253	0.10577
460	60	-27.268	-120.	119.76	1253	0.10566
460	39	-28.244	-120.	119.26	1253	0.10569
461	67	-26.804	-120.	117.53	1253	0.10577
461	39	-28.244	-120.	119.26	1253	0.10569
461	46	-27.948	-120.	116.45	1253	0.10581
462	67	-26.804	-120.	117.53	1253	0.10577
462	46	-27.948	-120.	116.45	1253	0.10581
462	66	-26.814	-120.	115.45	1253	0.10586
463	60	-27.268	-120.	119.76	1253	0.10566
463	91	-25.359	-120.	117.94	1253	0.10575
463	88	-25.431	-120.	120.69	1253	0.10562
464	66	-26.814	-120.	115.45	1253	0.10586
464	100	-24.688	-120.	113.62	1253	0.10593
464	93	-25.189	-120.	116.32	1253	0.10582
465	46	-27.948	-120.	116.45	1253	0.10581
465	39	-28.244	-120.	119.26	1253	0.10569
465	16	-30.093	-120.	118.32	1253	0.10573
466	33	-28.882	-120.	111.23	1255	0.10602
466	61	-27.224	-120.	112.18	1255	0.10598
466	30	-29.43	-120.	114.03	1255	0.10591
467	13	-30.536	-120.	112.93	1255	0.10595
467	33	-28.882	-120.	111.23	1255	0.10602
467	30	-29.43	-120.	114.03	1255	0.10591
468	13	-30.536	-120.	112.93	1255	0.10595
468	30	-29.43	-120.	114.03	1255	0.10591
468	11	-30.578	-120.	114.99	1255	0.10587
469	13	-30.536	-120.	112.93	1255	0.10595
469	11	-30.578	-120.	114.99	1255	0.10587
469	4	-32.421	-120.	113.97	1255	0.10591
470	13	-30.536	-120.	112.93	1255	0.10595
470	4	-32.421	-120.	113.97	1255	0.10591
470	5	-32.159	-120.	112.62	1255	0.10596
471	13	-30.536	-120.	112.93	1255	0.10595
471	5	-32.159	-120.	112.62	1255	0.10596
471	22	-29.748	-120.	110.74	1255	0.10603
472	13	-30.536	-120.	112.93	1255	0.10595
472	22	-29.748	-120.	110.74	1255	0.10603
472	33	-28.882	-120.	111.23	1255	0.10602
473	4	-32.421	-120.	113.97	1255	0.10591
473	11	-30.578	-120.	114.99	1255	0.10587
473	1	-32.805	-120.	116.88	1255	0.10579
474	5	-32.159	-120.	112.62	1255	0.10596
474	7	-31.417	-120.	109.78	1255	0.10606
474	22	-29.748	-120.	110.74	1255	0.10603
475	381	17.43	-120.	91.87	1256	0.10606
475	392	18.881	-120.	89.348	1256	0.10605
475	364	14.983	-120.	87.508	1256	0.10599
476	81	-26.046	-120.	131.25	1264	0.10514
476	94	-25.087	-120.	131.	1264	0.10515
476	72	-26.322	-120.	130.55	1264	0.10517
477	49	-27.864	-120.	131.72	1264	0.10512
477	41	-28.225	-120.	133.31	1264	0.10506
477	10	-30.643	-120.	132.48	1264	0.10509
478	49	-27.864	-120.	131.72	1264	0.10512
478	10	-30.643	-120.	132.48	1264	0.10509
478	35	-28.656	-120.	129.72	1264	0.1052
479	49	-27.864	-120.	131.72	1264	0.10512
479	35	-28.656	-120.	129.72	1264	0.1052
479	72	-26.322	-120.	130.55	1264	0.10517
480	49	-27.864	-120.	131.72	1264	0.10512
480	72	-26.322	-120.	130.55	1264	0.10517
480	81	-26.046	-120.	131.25	1264	0.10514
481	49	-27.864	-120.	131.72	1264	0.10512
481	81	-26.046	-120.	131.25	1264	0.10514
481	58	-27.289	-120.	133.05	1264	0.10507
482	49	-27.864	-120.	131.72	1264	0.10512
482	58	-27.289	-120.	133.05	1264	0.10507
482	41	-28.225	-120.	133.31	1264	0.10506
483	64	-26.981	-120.	133.72	1264	0.10504
483	58	-27.289	-120.	133.05	1264	0.10507
483	41	-28.225	-120.	133.31	1264	0.10506
484	87	-25.462	-120.	132.56	1264	0.10508
484	101	-24.589	-120.	134.53	1264	0.10501
484	115	-22.777	-120.	131.8	1264	0.10511
485	87	-25.462	-120.	132.56	1264	0.10508
485	115	-22.777	-120.	131.8	1264	0.10511
485	94	-25.087	-120.	131.	1264	0.10515
486	87	-25.462	-120.	132.56	1264	0.10508
486	94	-25.087	-120.	131.	1264	0.10515
486	81	-26.046	-120.	131.25	1264	0.10514
487	87	-25.462	-120.	132.56	1264	0.10508
487	81	-26.046	-120.	131.25	1264	0.10514
487	58	-27.289	-120.	133.05	1264	0.10507
488	87	-25.462	-120.	132.56	1264	0.10508
488	58	-27.289	-120.	133.05	1264	0.10507
488	64	-26.981	-120.	133.72	1264	0.10504
489	87	-25.462	-120.	132.56	1264	0.10508
489	64	-26.981	-120.	133.72	1264	0.10504
489	101	-24.589	-120.	134.53	1264	0.10501
490	184	-14.334	-120.	145.42	1276	0.10477
490	186	-13.704	-120.	145.83	1276	0.10476
490	191	-13.215	-120.	145.	1276	0.10476
491	173	-16.43	-120.	146.22	1276	0.10477
491	152	-19.63	-120.	147.46	1276	0.10476
491	181	-14.63	-120.	147.4	1276	0.10477
492	173	-16.43	-120.	146.22	1276	0.10477
492	181	-14.63	-120.	147.4	1276	0.10477
492	186	-13.704	-120.	145.83	1276	0.10476
493	173	-16.43	-120.	146.22	1276	0.10477
493	186	-13.704	-120.	145.83	1276	0.10476
493	184	-14.334	-120.	145.42	1276	0.10477
494	173	-16.43	-120.	146.22	1276	0.10477
494	184	-14.334	-120.	145.42	1276	0.10477
494	168	-17.598	-120.	145.4	1276	0.10477
495	173	-16.43	-120.	146.22	1276	0.10477
495	168	-17.598	-120.	145.4	1276	0.10477
495	160	-18.684	-120.	145.81	1276	0.10477
496	173	-16.43	-120.	146.22	1276	0.10477
496	160	-18.684	-120.	145.81	1276	0.10477
496	152	-19.63	-120.	147.46	1276	0.10476
497	179	-15.481	-120.	144.59	1276	0.10477
497	169	-17.251	-120.	143.32	1276	0.10478
497	197	-12.295	-120.	143.44	1276	0.10476
498	179	-15.481	-120.	144.59	1276	0.10477
498	197	-12.295	-120.	143.44	1276	0.10476
498	191	-13.215	-120.	145.	1276	0.10476
499	179	-15.481	-120.	144.59	1276	0.10477
499	191	-13.215	-120.	145.	1276	0.10476
499	184	-14.334	-120.	145.42	1276	0.10477
500	179	-15.481	-120.	144.59	1276	0.10477
500	184	-14.334	-120.	145.42	1276	0.10477
500	168	-17.598	-120.	145.4	1276	0.10477
501	179	-15.481	-120.	144.59	1276	0.10477
501	168	-17.598	-120.	145.4	1276	0.10477
501	164	-18.192	-120.	144.96	1276	0.10477
502	179	-15.481	-120.	144.59	1276	0.10477
502	164	-18.192	-120.	144.96	1276	0.10477
502	169	-17.251	-120.	143.32	1276	0.10478
503	168	-17.598	-120.	145.4	1276	0.10477
503	164	-18.192	-120.	144.96	1276	0.10477
503	160	-18.684	-120.	145.81	1276	0.10477
504	20	-29.906	-120.	105.74	1287	0.10617
504	7	-31.417	-120.	109.78	1287	0.10606
504	55	-27.388	-120.	107.17	1287	0.10614
505	203	-11.708	-120.	147.15	1310	0.10477
505	191	-13.215	-120.	145.	1310	0.10476
505	211	-10.674	-120.	146.2	1310	0.10476
506	203	-11.708	-120.	147.15	1310	0.10477
506	211	-10.674	-120.	146.2	1310	0.10476
506	216	-9.7773	-120.	147.68	1310	0.10477
507	203	-11.708	-120.	147.15	1310	0.10477
507	216	-9.7773	-120.	147.68	1310	0.10477
507	209	-10.796	-120.	149.39	1310	0.10479
508	203	-11.708	-120.	147.15	1310	0.10477
508	209	-10.796	-120.	149.39	1310	0.10479
508	200	-12.084	-120.	148.78	1310	0.10478
509	203	-11.708	-120.	147.15	1310	0.10477
509	200	-12.084	-120.	148.78	1310	0.10478
509	186	-13.704	-120.	145.83	1310	0.10476
510	203	-11.708	-120.	147.15	1310	0.10477
510	186	-13.704	-120.	145.83	1310	0.10476
510	191	-13.215	-120.	145.	1310	0.10476
511	209	-10.796	-120.	149.39	1310	0.10479
511	216	-9.7773	-120.	147.68	1310	0.10477
511	226	-8.113	-120.	150.47	1310	0.10481
512	191	-13.215	-120.	145.	1310	0.10476
512	197	-12.295	-120.	143.44	1310	0.10476
512	211	-10.674	-120.	146.2	1310	0.10476
513	186	-13.704	-120.	145.83	1310	0.10476
513	200	-12.084	-120.	148.78	1310	0.10478
513	181	-14.63	-120.	147.4	1310	0.10477
514	288	1.8045	-120.	154.98	1350	0.10495
514	311	6.1077	-120.	154.74	1350	0.10495
514	296	3.2389	-120.	152.16	1350	0.10486
515	430	23.336	-120.	147.74	1355	0.1047
515	452	26.586	-120.	144.91	1355	0.10464
515	434	24.064	-120.	143.4	1355	0.10462
516	372	15.89	-120.	146.87	1362	0.10469
516	369	15.629	-120.	145.89	1362	0.10466
516	366	15.218	-120.	147.21	1362	0.1047
517	379	17.139	-120.	146.16	1362	0.10467
517	393	19.016	-120.	145.11	1362	0.10465
517	375	16.361	-120.	143.44	1362	0.10461
518	379	17.139	-120.	146.16	1362	0.10467
518	375	16.361	-120.	143.44	1362	0.10461
518	369	15.629	-120.	145.89	1362	0.10466
519	379	17.139	-120.	146.16	1362	0.10467
519	369	15.629	-120.	145.89	1362	0.10466
519	372	15.89	-120.	146.87	1362	0.10469
520	379	17.139	-120.	146.16	1362	0.10467
520	372	15.89	-120.	146.87	1362	0.10469
520	383	17.646	-120.	148.02	1362	0.10472
521	379	17.139	-120.	146.16	1362	0.10467
521	383	17.646	-120.	148.02	1362	0.10472
521	386	18.289	-120.	147.65	1362	0.10471
522	379	17.139	-120.	146.16	1362	0.10467
522	386	18.289	-120.	147.65	1362	0.10471
522	393	19.016	-120.	145.11	1362	0.10465
523	376	16.383	-120.	148.72	1362	0.10474
523	380	17.167	-120.	151.53	1362	0.10483
523	362	14.46	-120.	149.69	1362	0.10477
524	376	16.383	-120.	148.72	1362	0.10474
524	362	14.46	-120.	149.69	1362	0.10477
524	366	15.218	-120.	147.21	1362	0.1047
525	376	16.383	-120.	148.72	1362	0.10474
525	366	15.218	-120.	147.21	1362	0.1047
525	372	15.89	-120.	146.87	1362	0.10469
526	376	16.383	-120.	148.72	1362	0.10474
526	372	15.89	-120.	146.87	1362	0.10469
526	383	17.646	-120.	148.02	1362	0.10472
527	376	16.383	-120.	148.72	1362	0.10474
527	383	17.646	-120.	148.02	1362	0.10472
527	384	17.918	-120.	148.97	1362	0.10475
528	376	16.383	-120.	148.72	1362	0.10474
528	384	17.918	-120.	148.97	1362	0.10475
528	380	17.167	-120.	151.53	1362	0.10483
529	383	17.646	-120.	148.02	1362	0.10472
529	384	17.918	-120.	148.97	1362	0.10475
529	386	18.289	-120.	147.65	1362	0.10471
530	358	13.591	-120.	146.55	1363	0.10468
530	359	13.941	-120.	144.75	1363	0.10463
530	370	15.629	-120.	145.89	1363	0.10466
531	358	13.591	-120.	146.55	1363	0.10468
531	370	15.629	-120.	145.89	1363	0.10466
531	367	15.218	-120.	147.21	1363	0.1047
532	358	13.591	-120.	146.55	1363	0.10468
532	367	15.218	-120.	147.21	1363	0.1047
532	355	12.635	-120.	148.36	1363	0.10473
533	358	13.591	-120.	146.55	1363	0.10468
533	355	12.635	-120.	148.36	1363	0.10473
533	347	11.663	-120.	147.66	1363	0.10471
534	358	13.591	-120.	146.55	1363	0.10468
534	347	11.663	-120.	147.66	1363	0.10471
534	352	12.46	-120.	145.41	1363	0.10464
535	358	13.591	-120.	146.55	1363	0.10468
535	352	12.46	-120.	145.41	1363	0.10464
535	359	13.941	-120.	144.75	1363	0.10463
536	355	12.635	-120.	148.36	1363	0.10473
536	367	15.218	-120.	147.21	1363	0.1047
536	362	14.46	-120.	149.69	1363	0.10477
537	359	13.941	-120.	144.75	1363	0.10463
537	375	16.361	-120.	143.44	1363	0.10461
537	370	15.629	-120.	145.89	1363	0.10466
538	352	12.46	-120.	145.41	1363	0.10464
538	347	11.663	-120.	147.66	1363	0.10471
538	332	9.8655	-120.	146.33	1363	0.10466
539	172	-16.628	-120.	96.27	1435	0.10622
539	174	-16.334	-120.	97.294	1435	0.10624
539	176	-16.032	-120.	95.811	1435	0.10622
540	167	-17.726	-120.	97.196	1435	0.10623
540	153	-19.369	-120.	98.573	1435	0.10624
540	171	-16.855	-120.	100.05	1435	0.10625
541	167	-17.726	-120.	97.196	1435	0.10623
541	171	-16.855	-120.	100.05	1435	0.10625
541	174	-16.334	-120.	97.294	1435	0.10624
542	167	-17.726	-120.	97.196	1435	0.10623
542	174	-16.334	-120.	97.294	1435	0.10624
542	172	-16.628	-120.	96.27	1435	0.10622
543	167	-17.726	-120.	97.196	1435	0.10623
543	172	-16.628	-120.	96.27	1435	0.10622
543	162	-18.302	-120.	95.252	1435	0.10621
544	167	-17.726	-120.	97.196	1435	0.10623
544	162	-18.302	-120.	95.252	1435	0.10621
544	155	-18.865	-120.	95.735	1435	0.10621
545	167	-17.726	-120.	97.196	1435	0.10623
545	155	-18.865	-120.	95.735	1435	0.10621
545	153	-19.369	-120.	98.573	1435	0.10624
546	170	-17.191	-120.	94.333	1435	0.10619
546	165	-18.085	-120.	91.387	1435	0.10612
546	178	-15.485	-120.	93.018	1435	0.10616
547	170	-17.191	-120.	94.333	1435	0.10619
547	178	-15.485	-120.	93.018	1435	0.10616
547	176	-16.032	-120.	95.811	1435	0.10622
548	170	-17.191	-120.	94.333	1435	0.10619
548	176	-16.032	-120.	95.811	1435	0.10622
548	172	-16.628	-120.	96.27	1435	0.10622
549	170	-17.191	-120.	94.333	1435	0.10619
549	172	-16.628	-120.	96.27	1435	0.10622
549	162	-18.302	-120.	95.252	1435	0.10621
550	170	-17.191	-120.	94.333	1435	0.10619
550	162	-18.302	-120.	95.252	1435	0.10621
550	161	-18.611	-120.	94.262	1435	0.10619
551	170	-17.191	-120.	94.333	1435	0.10619
551	161	-18.611	-120.	94.262	1435	0.10619
551	165	-18.085	-120.	91.387	1435	0.10612
552	162	-18.302	-120.	95.252	1435	0.10621
552	161	-18.611	-120.	94.262	1435	0.10619
552	155	-18.865	-120.	95.735	1435	0.10621
553	183	-14.413	-120.	89.13	1437	0.10604
553	165	-18.085	-120.	91.387	1437	0.10612
553	178	-15.485	-120.	93.018	1437	0.10616
554	272	-0.59171	-120.	88.013	1449	0.10598
554	290	2.2612	-120.	87.855	1449	0.10597
554	285	1.3031	-120.	89.681	1449	0.10604
555	282	0.78947	-120.	85.044	1449	0.10586
555	298	3.7317	-120.	85.064	1449	0.10587
555	292	2.7559	-120.	86.903	1449	0.10593
556	280	0.51125	-120.	86.679	1449	0.10592
556	282	0.78947	-120.	85.044	1449	0.10586
556	292	2.7559	-120.	86.903	1449	0.10593
557	280	0.51125	-120.	86.679	1449	0.10592
557	292	2.7559	-120.	86.903	1449	0.10593
557	290	2.2612	-120.	87.855	1449	0.10597
558	280	0.51125	-120.	86.679	1449	0.10592
558	290	2.2612	-120.	87.855	1449	0.10597
558	272	-0.59171	-120.	88.013	1449	0.10598
559	280	0.51125	-120.	86.679	1449	0.10592
559	272	-0.59171	-120.	88.013	1449	0.10598
559	264	-1.5709	-120.	87.142	1449	0.10594
560	280	0.51125	-120.	86.679	1449	0.10592
560	264	-1.5709	-120.	87.142	1449	0.10594
560	273	-0.57654	-120.	85.119	1449	0.10586
561	280	0.51125	-120.	86.679	1449	0.10592
561	273	-0.57654	-120.	85.119	1449	0.10586
561	282	0.78947	-120.	85.044	1449	0.10586
562	253	-3.4987	-120.	85.463	1449	0.10587
562	273	-0.57654	-120.	85.119	1449	0.10586
562	264	-1.5709	-120.	87.142	1449	0.10594
563	327	9.1417	-120.	90.688	1451	0.10606
563	322	8.4091	-120.	90.519	1451	0.10605
563	329	9.39	-120.	91.764	1451	0.10608
564	325	8.6798	-120.	88.651	1451	0.106
564	321	8.0152	-120.	85.538	1451	0.1059
564	313	6.5826	-120.	88.167	1451	0.10598
565	325	8.6798	-120.	88.651	1451	0.106
565	313	6.5826	-120.	88.167	1451	0.10598
565	322	8.4091	-120.	90.519	1451	0.10605
566	325	8.6798	-120.	88.651	1451	0.106
566	322	8.4091	-120.	90.519	1451	0.10605
566	327	9.1417	-120.	90.688	1451	0.10606
567	325	8.6798	-120.	88.651	1451	0.106
567	327	9.1417	-120.	90.688	1451	0.10606
567	333	10.073	-120.	89.023	1451	0.10601
568	325	8.6798	-120.	88.651	1451	0.106
568	333	10.073	-120.	89.023	1451	0.10601
568	330	9.8569	-120.	87.974	1451	0.10598
569	325	8.6798	-120.	88.651	1451	0.106
569	330	9.8569	-120.	87.974	1451	0.10598
569	321	8.0152	-120.	85.538	1451	0.1059
570	337	10.526	-120.	91.072	1451	0.10606
570	353	12.589	-120.	91.638	1451	0.10607
570	343	11.174	-120.	94.093	1451	0.10612
571	337	10.526	-120.	91.072	1451	0.10606
571	343	11.174	-120.	94.093	1451	0.10612
571	329	9.39	-120.	91.764	1451	0.10608
572	337	10.526	-120.	91.072	1451	0.10606
572	329	9.39	-120.	91.764	1451	0.10608
572	327	9.1417	-120.	90.688	1451	0.10606
573	337	10.526	-120.	91.072	1451	0.10606
573	327	9.1417	-120.	90.688	1451	0.10606
573	333	10.073	-120.	89.023	1451	0.10601
574	337	10.526	-120.	91.072	1451	0.10606
574	333	10.073	-120.	89.023	1451	0.10601
574	339	10.786	-120.	89.228	1451	0.10602
575	337	10.526	-120.	91.072	1451	0.10606
575	339	10.786	-120.	89.228	1451	0.10602
575	353	12.589	-120.	91.638	1451	0.10607
576	333	10.073	-120.	89.023	1451	0.10601
576	339	10.786	-120.	89.228	1451	0.10602
576	330	9.8569	-120.	87.974	1451	0.10598
577	516	31.257	-120.	118.83	1455	0.10515
577	537	32.231	-120.	118.57	1455	0.10516
577	533	32.19	-120.	117.81	1455	0.1052
578	559	34.106	-120.	119.51	1455	0.10512
578	560	34.106	-120.	120.25	1455	0.10508
578	568	35.062	-120.	119.27	1455	0.10513
579	558	34.076	-120.	118.07	1455	0.10518
579	533	32.19	-120.	117.81	1455	0.1052
579	555	33.96	-120.	115.92	1455	0.10529
580	558	34.076	-120.	118.07	1455	0.10518
580	555	33.96	-120.	115.92	1455	0.10529
580	575	36.909	-120.	117.34	1455	0.10522
581	558	34.076	-120.	118.07	1455	0.10518
581	575	36.909	-120.	117.34	1455	0.10522
581	568	35.062	-120.	119.27	1455	0.10513
582	558	34.076	-120.	118.07	1455	0.10518
582	568	35.062	-120.	119.27	1455	0.10513
582	559	34.106	-120.	119.51	1455	0.10512
583	558	34.076	-120.	118.07	1455	0.10518
583	559	34.106	-120.	119.51	1455	0.10512
583	537	32.231	-120.	118.57	1455	0.10516
584	558	34.076	-120.	118.07	1455	0.10518
584	537	32.231	-120.	118.57	1455	0.10516
584	533	32.19	-120.	117.81	1455	0.1052
585	538	32.245	-120.	120.	1455	0.1051
585	560	34.106	-120.	120.25	1455	0.10508
585	539	32.274	-120.	122.15	1455	0.105
586	538	32.245	-120.	120.	1455	0.1051
586	539	32.274	-120.	122.15	1455	0.105
586	491	29.497	-120.	120.69	1455	0.10507
587	538	32.245	-120.	120.	1455	0.1051
587	491	29.497	-120.	120.69	1455	0.10507
587	516	31.257	-120.	118.83	1455	0.10515
588	538	32.245	-120.	120.	1455	0.1051
588	516	31.257	-120.	118.83	1455	0.10515
588	537	32.231	-120.	118.57	1455	0.10516
589	538	32.245	-120.	120.	1455	0.1051
589	537	32.231	-120.	118.57	1455	0.10516
589	559	34.106	-120.	119.51	1455	0.10512
590	538	32.245	-120.	120.	1455	0.1051
590	559	34.106	-120.	119.51	1455	0.10512
590	560	34.106	-120.	120.25	1455	0.10508
591	523	31.753	-120.	114.26	1519	0.10537
591	507	30.803	-120.	114.51	1519	0.10536
591	528	31.894	-120.	115.	1519	0.10533
592	518	31.423	-120.	112.87	1519	0.10544
592	511	30.932	-120.	110.76	1519	0.10554
592	477	28.754	-120.	113.62	1519	0.1054
593	518	31.423	-120.	112.87	1519	0.10544
593	477	28.754	-120.	113.62	1519	0.1054
593	507	30.803	-120.	114.51	1519	0.10536
594	518	31.423	-120.	112.87	1519	0.10544
594	507	30.803	-120.	114.51	1519	0.10536
594	523	31.753	-120.	114.26	1519	0.10537
595	518	31.423	-120.	112.87	1519	0.10544
595	523	31.753	-120.	114.26	1519	0.10537
595	548	33.238	-120.	112.39	1519	0.10546
596	518	31.423	-120.	112.87	1519	0.10544
596	548	33.238	-120.	112.39	1519	0.10546
596	545	33.06	-120.	111.67	1519	0.10549
597	518	31.423	-120.	112.87	1519	0.10544
597	545	33.06	-120.	111.67	1519	0.10549
597	511	30.932	-120.	110.76	1519	0.10554
598	551	33.555	-120.	113.8	1519	0.10539
598	573	36.317	-120.	113.07	1519	0.10542
598	555	33.96	-120.	115.92	1519	0.10529
599	551	33.555	-120.	113.8	1519	0.10539
599	555	33.96	-120.	115.92	1519	0.10529
599	528	31.894	-120.	115.	1519	0.10533
600	551	33.555	-120.	113.8	1519	0.10539
600	528	31.894	-120.	115.	1519	0.10533
600	523	31.753	-120.	114.26	1519	0.10537
601	551	33.555	-120.	113.8	1519	0.10539
601	523	31.753	-120.	114.26	1519	0.10537
601	548	33.238	-120.	112.39	1519	0.10546
602	551	33.555	-120.	113.8	1519	0.10539
602	548	33.238	-120.	112.39	1519	0.10546
602	563	34.168	-120.	112.14	1519	0.10547
603	551	33.555	-120.	113.8	1519	0.10539
603	563	34.168	-120.	112.14	1519	0.10547
603	573	36.317	-120.	113.07	1519	0.10542
604	548	33.238	-120.	112.39	1519	0.10546
604	563	34.168	-120.	112.14	1519	0.10547
604	545	33.06	-120.	111.67	1519	0.10549
605	544	33.06	-120.	111.67	1521	0.10549
605	511	30.932	-120.	110.76	1521	0.10554
605	535	32.207	-120.	108.95	1521	0.10562
606	553	33.855	-120.	109.98	1521	0.10557
606	544	33.06	-120.	111.67	1521	0.10549
606	535	32.207	-120.	108.95	1521	0.10562
607	553	33.855	-120.	109.98	1521	0.10557
607	535	32.207	-120.	108.95	1521	0.10562
607	543	32.875	-120.	108.	1521	0.10566
608	553	33.855	-120.	109.98	1521	0.10557
608	543	32.875	-120.	108.	1521	0.10566
608	569	35.206	-120.	108.91	1521	0.10562
609	553	33.855	-120.	109.98	1521	0.10557
609	569	35.206	-120.	108.91	1521	0.10562
609	571	35.614	-120.	110.21	1521	0.10556
610	553	33.855	-120.	109.98	1521	0.10557
610	571	35.614	-120.	110.21	1521	0.10556
610	562	34.168	-120.	112.14	1521	0.10547
611	553	33.855	-120.	109.98	1521	0.10557
611	562	34.168	-120.	112.14	1521	0.10547
611	544	33.06	-120.	111.67	1521	0.10549
612	569	35.206	-120.	108.91	1521	0.10562
612	543	32.875	-120.	108.	1521	0.10566
612	561	34.155	-120.	106.16	1521	0.10574
613	571	35.614	-120.	110.21	1521	0.10556
613	573	36.317	-120.	113.07	1521	0.10542
613	562	34.168	-120.	112.14	1521	0.10547
614	461	27.302	-120.	105.87	1528	0.10576
614	464	27.85	-120.	104.3	1528	0.10582
614	482	29.263	-120.	106.75	1528	0.10572
615	461	27.302	-120.	105.87	1528	0.10576
615	482	29.263	-120.	106.75	1528	0.10572
615	475	28.622	-120.	107.7	1528	0.10568
616	461	27.302	-120.	105.87	1528	0.10576
616	475	28.622	-120.	107.7	1528	0.10568
616	448	26.217	-120.	106.97	1528	0.10571
617	461	27.302	-120.	105.87	1528	0.10576
617	448	26.217	-120.	106.97	1528	0.10571
617	443	25.406	-120.	105.57	1528	0.10578
618	461	27.302	-120.	105.87	1528	0.10576
618	443	25.406	-120.	105.57	1528	0.10578
618	451	26.451	-120.	103.94	1528	0.10584
619	461	27.302	-120.	105.87	1528	0.10576
619	451	26.451	-120.	103.94	1528	0.10584
619	464	27.85	-120.	104.3	1528	0.10582
620	448	26.217	-120.	106.97	1528	0.10571
620	475	28.622	-120.	107.7	1528	0.10568
620	462	27.402	-120.	109.46	1528	0.1056
621	464	27.85	-120.	104.3	1528	0.10582
621	499	30.485	-120.	104.97	1528	0.1058
621	482	29.263	-120.	106.75	1528	0.10572
622	451	26.451	-120.	103.94	1528	0.10584
622	443	25.406	-120.	105.57	1528	0.10578
622	432	23.847	-120.	103.3	1528	0.10587
623	353	12.589	-120.	91.638	1530	0.10607
623	340	10.786	-120.	89.228	1530	0.10602
623	357	13.535	-120.	90.005	1530	0.10604
624	321	8.0152	-120.	85.538	1530	0.1059
624	341	10.891	-120.	86.162	1530	0.10594
624	331	9.8569	-120.	87.974	1530	0.10598
625	364	14.983	-120.	87.508	1530	0.10599
625	360	14.027	-120.	89.153	1530	0.10602
625	350	12.207	-120.	86.534	1530	0.10595
626	348	11.884	-120.	88.176	1530	0.10599
626	357	13.535	-120.	90.005	1530	0.10604
626	340	10.786	-120.	89.228	1530	0.10602
627	348	11.884	-120.	88.176	1530	0.10599
627	340	10.786	-120.	89.228	1530	0.10602
627	331	9.8569	-120.	87.974	1530	0.10598
628	348	11.884	-120.	88.176	1530	0.10599
628	331	9.8569	-120.	87.974	1530	0.10598
628	341	10.891	-120.	86.162	1530	0.10594
629	348	11.884	-120.	88.176	1530	0.10599
629	341	10.891	-120.	86.162	1530	0.10594
629	350	12.207	-120.	86.534	1530	0.10595
630	348	11.884	-120.	88.176	1530	0.10599
630	350	12.207	-120.	86.534	1530	0.10595
630	360	14.027	-120.	89.153	1530	0.10602
631	348	11.884	-120.	88.176	1530	0.10599
631	360	14.027	-120.	89.153	1530	0.10602
631	357	13.535	-120.	90.005	1530	0.10604
632	371	15.86	-120.	93.118	1531	0.10607
632	374	16.06	-120.	94.294	1531	0.10608
632	378	16.533	-120.	93.457	1531	0.10607
633	363	14.571	-120.	92.538	1531	0.10607
633	353	12.589	-120.	91.638	1531	0.10607
633	365	15.169	-120.	95.872	1531	0.10609
634	363	14.571	-120.	92.538	1531	0.10607
634	365	15.169	-120.	95.872	1531	0.10609
634	374	16.06	-120.	94.294	1531	0.10608
635	363	14.571	-120.	92.538	1531	0.10607
635	374	16.06	-120.	94.294	1531	0.10608
635	371	15.86	-120.	93.118	1531	0.10607
636	363	14.571	-120.	92.538	1531	0.10607
636	371	15.86	-120.	93.118	1531	0.10607
636	361	14.21	-120.	90.302	1531	0.10604
637	363	14.571	-120.	92.538	1531	0.10607
637	361	14.21	-120.	90.302	1531	0.10604
637	357	13.535	-120.	90.005	1531	0.10604
638	363	14.571	-120.	92.538	1531	0.10607
638	357	13.535	-120.	90.005	1531	0.10604
638	353	12.589	-120.	91.638	1531	0.10607
639	368	15.507	-120.	90.901	1531	0.10605
639	364	14.983	-120.	87.508	1531	0.10599
639	381	17.43	-120.	91.87	1531	0.10606
640	368	15.507	-120.	90.901	1531	0.10605
640	381	17.43	-120.	91.87	1531	0.10606
640	378	16.533	-120.	93.457	1531	0.10607
641	368	15.507	-120.	90.901	1531	0.10605
641	378	16.533	-120.	93.457	1531	0.10607
641	371	15.86	-120.	93.118	1531	0.10607
642	368	15.507	-120.	90.901	1531	0.10605
642	371	15.86	-120.	93.118	1531	0.10607
642	361	14.21	-120.	90.302	1531	0.10604
643	368	15.507	-120.	90.901	1531	0.10605
643	361	14.21	-120.	90.302	1531	0.10604
643	360	14.027	-120.	89.153	1531	0.10602
644	368	15.507	-120.	90.901	1531	0.10605
644	360	14.027	-120.	89.153	1531	0.10602
644	364	14.983	-120.	87.508	1531	0.10599
645	361	14.21	-120.	90.302	1531	0.10604
645	360	14.027	-120.	89.153	1531	0.10602
645	357	13.535	-120.	90.005	1531	0.10604
646	432	23.847	-120.	103.3	1544	0.10587
646	444	25.409	-120.	100.72	1544	0.10595
646	407	20.921	-120.	100.05	1544	0.10598
647	449	26.403	-120.	99.043	1546	0.10599
647	468	28.095	-120.	101.35	1546	0.10593
647	444	25.409	-120.	100.72	1546	0.10595
648	501	30.617	-120.	99.84	1546	0.10597
648	536	32.209	-120.	102.31	1546	0.10589
648	489	29.49	-120.	101.66	1546	0.10592
649	472	28.556	-120.	99.8	1546	0.10597
649	501	30.617	-120.	99.84	1546	0.10597
649	489	29.49	-120.	101.66	1546	0.10592
650	472	28.556	-120.	99.8	1546	0.10597
650	489	29.49	-120.	101.66	1546	0.10592
650	468	28.095	-120.	101.35	1546	0.10593
651	472	28.556	-120.	99.8	1546	0.10597
651	468	28.095	-120.	101.35	1546	0.10593
651	449	26.403	-120.	99.043	1546	0.10599
652	472	28.556	-120.	99.8	1546	0.10597
652	449	26.403	-120.	99.043	1546	0.10599
652	459	26.924	-120.	98.172	1546	0.10601
653	472	28.556	-120.	99.8	1546	0.10597
653	459	26.924	-120.	98.172	1546	0.10601
653	496	29.807	-120.	98.737	1546	0.106
654	472	28.556	-120.	99.8	1546	0.10597
654	496	29.807	-120.	98.737	1546	0.106
654	501	30.617	-120.	99.84	1546	0.10597
655	466	27.921	-120.	96.479	1546	0.10605
655	496	29.807	-120.	98.737	1546	0.106
655	459	26.924	-120.	98.172	1546	0.10601
656	428	22.931	-120.	98.116	1547	0.10602
656	423	22.388	-120.	97.593	1547	0.10603
656	419	21.882	-120.	98.448	1547	0.10602
657	433	23.908	-120.	99.146	1547	0.106
657	449	26.403	-120.	99.043	1547	0.10599
657	444	25.409	-120.	100.72	1547	0.10595
658	433	23.908	-120.	99.146	1547	0.106
658	444	25.409	-120.	100.72	1547	0.10595
658	407	20.921	-120.	100.05	1547	0.10598
659	433	23.908	-120.	99.146	1547	0.106
659	407	20.921	-120.	100.05	1547	0.10598
659	419	21.882	-120.	98.448	1547	0.10602
660	433	23.908	-120.	99.146	1547	0.106
660	419	21.882	-120.	98.448	1547	0.10602
660	428	22.931	-120.	98.116	1547	0.10602
661	433	23.908	-120.	99.146	1547	0.106
661	428	22.931	-120.	98.116	1547	0.10602
661	447	25.899	-120.	98.502	1547	0.10601
662	433	23.908	-120.	99.146	1547	0.106
662	447	25.899	-120.	98.502	1547	0.10601
662	449	26.403	-120.	99.043	1547	0.10599
663	459	26.924	-120.	98.172	1547	0.10601
663	447	25.899	-120.	98.502	1547	0.10601
663	449	26.403	-120.	99.043	1547	0.10599
664	442	24.902	-120.	97.473	1547	0.10603
664	466	27.921	-120.	96.479	1547	0.10605
664	431	23.352	-120.	95.976	1547	0.10605
665	442	24.902	-120.	97.473	1547	0.10603
665	431	23.352	-120.	95.976	1547	0.10605
665	423	22.388	-120.	97.593	1547	0.10603
666	442	24.902	-120.	97.473	1547	0.10603
666	423	22.388	-120.	97.593	1547	0.10603
666	428	22.931	-120.	98.116	1547	0.10602
667	442	24.902	-120.	97.473	1547	0.10603
667	428	22.931	-120.	98.116	1547	0.10602
667	447	25.899	-120.	98.502	1547	0.10601
668	442	24.902	-120.	97.473	1547	0.10603
668	447	25.899	-120.	98.502	1547	0.10601
668	459	26.924	-120.	98.172	1547	0.10601
669	442	24.902	-120.	97.473	1547	0.10603
669	459	26.924	-120.	98.172	1547	0.10601
669	466	27.921	-120.	96.479	1547	0.10605
670	395	19.847	-120.	97.24	1566	0.10604
670	418	21.882	-120.	98.448	1566	0.10602
670	391	18.828	-120.	98.263	1566	0.10603
671	395	19.847	-120.	97.24	1566	0.10604
671	391	18.828	-120.	98.263	1566	0.10603
671	382	17.516	-120.	97.31	1566	0.10606
672	395	19.847	-120.	97.24	1566	0.10604
672	382	17.516	-120.	97.31	1566	0.10606
672	389	18.369	-120.	95.895	1566	0.10607
673	395	19.847	-120.	97.24	1566	0.10604
673	389	18.369	-120.	95.895	1566	0.10607
673	402	20.101	-120.	95.931	1566	0.10606
674	395	19.847	-120.	97.24	1566	0.10604
674	402	20.101	-120.	95.931	1566	0.10606
674	422	22.388	-120.	97.593	1566	0.10603
675	395	19.847	-120.	97.24	1566	0.10604
675	422	22.388	-120.	97.593	1566	0.10603
675	418	21.882	-120.	98.448	1566	0.10602
676	389	18.369	-120.	95.895	1566	0.10607
676	382	17.516	-120.	97.31	1566	0.10606
676	365	15.169	-120.	95.872	1566	0.10609
677	418	21.882	-120.	98.448	1566	0.10602
677	407	20.921	-120.	100.05	1566	0.10598
677	391	18.828	-120.	98.263	1566	0.10603
678	422	22.388	-120.	97.593	1566	0.10603
678	402	20.101	-120.	95.931	1566	0.10606
678	431	23.352	-120.	95.976	1566	0.10605
679	439	24.656	-120.	135.59	1581	0.10461
679	479	29.242	-120.	133.19	1581	0.10465
679	456	26.843	-120.	131.8	1581	0.10468
680	460	27.061	-120.	136.97	1582	0.1046
680	479	29.242	-120.	133.19	1582	0.10465
680	439	24.656	-120.	135.59	1582	0.10461
681	539	32.274	-120.	122.15	1583	0.105
681	491	29.497	-120.	120.69	1583	0.10507
681	478	29.04	-120.	125.04	1583	0.10489
682	556	34.028	-120.	123.11	1585	0.10496
682	539	32.274	-120.	122.15	1585	0.105
682	560	34.106	-120.	120.25	1585	0.10508
683	570	35.354	-120.	121.36	1585	0.10504
683	556	34.028	-120.	123.11	1585	0.10496
683	560	34.106	-120.	120.25	1585	0.10508
684	570	35.354	-120.	121.36	1585	0.10504
684	560	34.106	-120.	120.25	1585	0.10508
684	568	35.062	-120.	119.27	1585	0.10513
685	570	35.354	-120.	121.36	1585	0.10504
685	568	35.062	-120.	119.27	1585	0.10513
685	577	37.01	-120.	120.28	1585	0.10509
686	570	35.354	-120.	121.36	1585	0.10504
686	577	37.01	-120.	120.28	1585	0.10509
686	576	36.972	-120.	121.65	1585	0.10503
687	570	35.354	-120.	121.36	1585	0.10504
687	576	36.972	-120.	121.65	1585	0.10503
687	566	34.943	-120.	123.6	1585	0.10494
688	570	35.354	-120.	121.36	1585	0.10504
688	566	34.943	-120.	123.6	1585	0.10494
688	556	34.028	-120.	123.11	1585	0.10496
689	577	37.01	-120.	120.28	1585	0.10509
689	568	35.062	-120.	119.27	1585	0.10513
689	575	36.909	-120.	117.34	1585	0.10522
690	576	36.972	-120.	121.65	1585	0.10503
690	574	36.709	-120.	124.58	1585	0.10491
690	566	34.943	-120.	123.6	1585	0.10494
691	524	31.758	-120.	125.71	1588	0.10486
691	503	30.725	-120.	125.95	1588	0.10485
691	519	31.619	-120.	126.45	1588	0.10483
692	552	33.712	-120.	125.26	1588	0.10488
692	565	34.943	-120.	123.6	1588	0.10494
692	574	36.709	-120.	124.58	1588	0.10491
693	552	33.712	-120.	125.26	1588	0.10488
693	574	36.709	-120.	124.58	1588	0.10491
693	549	33.314	-120.	127.38	1588	0.1048
694	552	33.712	-120.	125.26	1588	0.10488
694	549	33.314	-120.	127.38	1588	0.1048
694	519	31.619	-120.	126.45	1588	0.10483
695	552	33.712	-120.	125.26	1588	0.10488
695	519	31.619	-120.	126.45	1588	0.10483
695	524	31.758	-120.	125.71	1588	0.10486
696	552	33.712	-120.	125.26	1588	0.10488
696	524	31.758	-120.	125.71	1588	0.10486
696	554	33.93	-120.	123.84	1588	0.10493
697	552	33.712	-120.	125.26	1588	0.10488
697	554	33.93	-120.	123.84	1588	0.10493
697	565	34.943	-120.	123.6	1588	0.10494
698	557	34.028	-120.	123.11	1588	0.10496
698	554	33.93	-120.	123.84	1588	0.10493
698	565	34.943	-120.	123.6	1588	0.10494
699	530	31.959	-120.	124.3	1588	0.10491
699	539	32.274	-120.	122.15	1588	0.105
699	478	29.04	-120.	125.04	1588	0.10489
700	530	31.959	-120.	124.3	1588	0.10491
700	478	29.04	-120.	125.04	1588	0.10489
700	503	30.725	-120.	125.95	1588	0.10485
701	530	31.959	-120.	124.3	1588	0.10491
701	503	30.725	-120.	125.95	1588	0.10485
701	524	31.758	-120.	125.71	1588	0.10486
702	530	31.959	-120.	124.3	1588	0.10491
702	524	31.758	-120.	125.71	1588	0.10486
702	554	33.93	-120.	123.84	1588	0.10493
703	530	31.959	-120.	124.3	1588	0.10491
703	554	33.93	-120.	123.84	1588	0.10493
703	557	34.028	-120.	123.11	1588	0.10496
704	530	31.959	-120.	124.3	1588	0.10491
704	557	34.028	-120.	123.11	1588	0.10496
704	539	32.274	-120.	122.15	1588	0.105
705	549	33.314	-120.	127.38	1589	0.1048
705	572	35.883	-120.	128.81	1589	0.10476
705	574	36.709	-120.	124.58	1589	0.10491
706	495	29.794	-120.	128.1	1591	0.10478
706	470	28.397	-120.	127.71	1591	0.10479
706	502	30.725	-120.	125.95	1591	0.10485
707	495	29.794	-120.	128.1	1591	0.10478
707	502	30.725	-120.	125.95	1591	0.10485
707	520	31.619	-120.	126.45	1591	0.10483
708	495	29.794	-120.	128.1	1591	0.10478
708	520	31.619	-120.	126.45	1591	0.10483
708	505	30.745	-120.	129.14	1591	0.10475
709	495	29.794	-120.	128.1	1591	0.10478
709	505	30.745	-120.	129.14	1591	0.10475
709	485	29.384	-120.	130.08	1591	0.10472
710	495	29.794	-120.	128.1	1591	0.10478
710	485	29.384	-120.	130.08	1591	0.10472
710	465	27.896	-120.	129.26	1591	0.10475
711	495	29.794	-120.	128.1	1591	0.10478
711	465	27.896	-120.	129.26	1591	0.10475
711	470	28.397	-120.	127.71	1591	0.10479
712	505	30.745	-120.	129.14	1591	0.10475
712	520	31.619	-120.	126.45	1591	0.10483
712	549	33.314	-120.	127.38	1591	0.1048
713	470	28.397	-120.	127.71	1591	0.10479
713	478	29.04	-120.	125.04	1591	0.10489
713	502	30.725	-120.	125.95	1591	0.10485
714	465	27.896	-120.	129.26	1591	0.10475
714	485	29.384	-120.	130.08	1591	0.10472
714	456	26.843	-120.	131.8	1591	0.10468
715	500	30.508	-120.	129.85	1592	0.10473
715	504	30.745	-120.	129.14	1592	0.10475
715	484	29.384	-120.	130.08	1592	0.10472
716	540	32.636	-120.	129.42	1592	0.10474
716	572	35.883	-120.	128.81	1592	0.10476
716	549	33.314	-120.	127.38	1592	0.1048
717	540	32.636	-120.	129.42	1592	0.10474
717	549	33.314	-120.	127.38	1592	0.1048
717	504	30.745	-120.	129.14	1592	0.10475
718	540	32.636	-120.	129.42	1592	0.10474
718	504	30.745	-120.	129.14	1592	0.10475
718	500	30.508	-120.	129.85	1592	0.10473
719	540	32.636	-120.	129.42	1592	0.10474
719	500	30.508	-120.	129.85	1592	0.10473
719	531	32.136	-120.	130.77	1592	0.1047
720	540	32.636	-120.	129.42	1592	0.10474
720	531	32.136	-120.	130.77	1592	0.1047
720	547	33.229	-120.	130.57	1592	0.10471
721	540	32.636	-120.	129.42	1592	0.10474
721	547	33.229	-120.	130.57	1592	0.10471
721	572	35.883	-120.	128.81	1592	0.10476
722	497	29.996	-120.	131.19	1592	0.10469
722	479	29.242	-120.	133.19	1592	0.10465
722	456	26.843	-120.	131.8	1592	0.10468
723	497	29.996	-120.	131.19	1592	0.10469
723	456	26.843	-120.	131.8	1592	0.10468
723	484	29.384	-120.	130.08	1592	0.10472
724	497	29.996	-120.	131.19	1592	0.10469
724	484	29.384	-120.	130.08	1592	0.10472
724	500	30.508	-120.	129.85	1592	0.10473
725	497	29.996	-120.	131.19	1592	0.10469
725	500	30.508	-120.	129.85	1592	0.10473
725	531	32.136	-120.	130.77	1592	0.1047
726	497	29.996	-120.	131.19	1592	0.10469
726	531	32.136	-120.	130.77	1592	0.1047
726	525	31.866	-120.	131.46	1592	0.10469
727	497	29.996	-120.	131.19	1592	0.10469
727	525	31.866	-120.	131.46	1592	0.10469
727	479	29.242	-120.	133.19	1592	0.10465
728	531	32.136	-120.	130.77	1592	0.1047
728	525	31.866	-120.	131.46	1592	0.10469
728	547	33.229	-120.	130.57	1592	0.10471
729	494	29.577	-120.	107.44	1594	0.10569
729	481	29.263	-120.	106.75	1594	0.10572
729	474	28.622	-120.	107.7	1594	0.10568
730	517	31.382	-120.	106.93	1594	0.10571
730	561	34.155	-120.	106.16	1594	0.10574
730	499	30.485	-120.	104.97	1594	0.1058
731	517	31.382	-120.	106.93	1594	0.10571
731	499	30.485	-120.	104.97	1594	0.1058
731	481	29.263	-120.	106.75	1594	0.10572
732	517	31.382	-120.	106.93	1594	0.10571
732	481	29.263	-120.	106.75	1594	0.10572
732	494	29.577	-120.	107.44	1594	0.10569
733	517	31.382	-120.	106.93	1594	0.10571
733	494	29.577	-120.	107.44	1594	0.10569
733	529	31.935	-120.	108.26	1594	0.10565
734	517	31.382	-120.	106.93	1594	0.10571
734	529	31.935	-120.	108.26	1594	0.10565
734	542	32.875	-120.	108.	1594	0.10566
735	517	31.382	-120.	106.93	1594	0.10571
735	542	32.875	-120.	108.	1594	0.10566
735	561	34.155	-120.	106.16	1594	0.10574
736	498	30.113	-120.	108.76	1594	0.10563
736	511	30.932	-120.	110.76	1594	0.10554
736	462	27.402	-120.	109.46	1594	0.1056
737	498	30.113	-120.	108.76	1594	0.10563
737	462	27.402	-120.	109.46	1594	0.1056
737	474	28.622	-120.	107.7	1594	0.10568
738	498	30.113	-120.	108.76	1594	0.10563
738	474	28.622	-120.	107.7	1594	0.10568
738	494	29.577	-120.	107.44	1594	0.10569
739	498	30.113	-120.	108.76	1594	0.10563
739	494	29.577	-120.	107.44	1594	0.10569
739	529	31.935	-120.	108.26	1594	0.10565
740	498	30.113	-120.	108.76	1594	0.10563
740	529	31.935	-120.	108.26	1594	0.10565
740	534	32.207	-120.	108.95	1594	0.10562
741	498	30.113	-120.	108.76	1594	0.10563
741	534	32.207	-120.	108.95	1594	0.10562
741	511	30.932	-120.	110.76	1594	0.10554
742	529	31.935	-120.	108.26	1594	0.10565
742	534	32.207	-120.	108.95	1594	0.10562
742	542	32.875	-120.	108.	1594	0.10566
743	477	28.754	-120.	113.62	1595	0.1054
743	511	30.932	-120.	110.76	1595	0.10554
743	462	27.402	-120.	109.46	1595	0.1056
744	561	34.155	-120.	106.16	1598	0.10574
744	536	32.209	-120.	102.31	1598	0.10589
744	499	30.485	-120.	104.97	1598	0.1058
745	107	-23.785	-120.	100.93	1649	0.10624
745	110	-23.545	-120.	96.143	1649	0.10622
745	73	-26.285	-120.	99.47	1649	0.10624
746	136	-21.358	-120.	102.37	1650	0.10623
746	130	-21.726	-120.	101.28	1650	0.10624
746	123	-22.197	-120.	101.87	1650	0.10623
747	133	-21.51	-120.	98.163	1650	0.10624
747	138	-21.019	-120.	97.611	1650	0.10623
747	125	-21.878	-120.	97.108	1650	0.10623
748	119	-22.44	-120.	99.25	1650	0.10624
748	123	-22.197	-120.	101.87	1650	0.10623
748	107	-23.785	-120.	100.93	1650	0.10624
749	119	-22.44	-120.	99.25	1650	0.10624
749	107	-23.785	-120.	100.93	1650	0.10624
749	110	-23.545	-120.	96.143	1650	0.10622
750	119	-22.44	-120.	99.25	1650	0.10624
750	110	-23.545	-120.	96.143	1650	0.10622
750	125	-21.878	-120.	97.108	1650	0.10623
751	119	-22.44	-120.	99.25	1650	0.10624
751	125	-21.878	-120.	97.108	1650	0.10623
751	133	-21.51	-120.	98.163	1650	0.10624
752	119	-22.44	-120.	99.25	1650	0.10624
752	133	-21.51	-120.	98.163	1650	0.10624
752	130	-21.726	-120.	101.28	1650	0.10624
753	119	-22.44	-120.	99.25	1650	0.10624
753	130	-21.726	-120.	101.28	1650	0.10624
753	123	-22.197	-120.	101.87	1650	0.10623
754	140	-20.794	-120.	100.22	1650	0.10624
754	138	-21.019	-120.	97.611	1650	0.10623
754	153	-19.369	-120.	98.573	1650	0.10624
755	140	-20.794	-120.	100.22	1650	0.10624
755	153	-19.369	-120.	98.573	1650	0.10624
755	151	-19.781	-120.	103.3	1650	0.10622
756	140	-20.794	-120.	100.22	1650	0.10624
756	151	-19.781	-120.	103.3	1650	0.10622
756	136	-21.358	-120.	102.37	1650	0.10623
757	140	-20.794	-120.	100.22	1650	0.10624
757	136	-21.358	-120.	102.37	1650	0.10623
757	130	-21.726	-120.	101.28	1650	0.10624
758	140	-20.794	-120.	100.22	1650	0.10624
758	130	-21.726	-120.	101.28	1650	0.10624
758	133	-21.51	-120.	98.163	1650	0.10624
759	140	-20.794	-120.	100.22	1650	0.10624
759	133	-21.51	-120.	98.163	1650	0.10624
759	138	-21.019	-120.	97.611	1650	0.10623
760	171	-16.855	-120.	100.05	1654	0.10625
760	153	-19.369	-120.	98.573	1654	0.10624
760	151	-19.781	-120.	103.3	1654	0.10622
761	221	-8.7706	-120.	146.81	1667	0.10475
761	229	-7.1945	-120.	148.83	1667	0.10478
761	217	-9.7773	-120.	147.68	1667	0.10477
762	221	-8.7706	-120.	146.81	1667	0.10475
762	217	-9.7773	-120.	147.68	1667	0.10477
762	212	-10.674	-120.	146.2	1667	0.10476
763	221	-8.7706	-120.	146.81	1667	0.10475
763	212	-10.674	-120.	146.2	1667	0.10476
763	215	-9.8754	-120.	144.75	1667	0.10474
764	221	-8.7706	-120.	146.81	1667	0.10475
764	215	-9.8754	-120.	144.75	1667	0.10474
764	224	-8.3944	-120.	145.41	1667	0.10474
765	221	-8.7706	-120.	146.81	1667	0.10475
765	224	-8.3944	-120.	145.41	1667	0.10474
765	233	-6.7075	-120.	147.97	1667	0.10476
766	221	-8.7706	-120.	146.81	1667	0.10475
766	233	-6.7075	-120.	147.97	1667	0.10476
766	229	-7.1945	-120.	148.83	1667	0.10478
767	215	-9.8754	-120.	144.75	1667	0.10474
767	212	-10.674	-120.	146.2	1667	0.10476
767	197	-12.295	-120.	143.44	1667	0.10476
768	229	-7.1945	-120.	148.83	1667	0.10478
768	226	-8.113	-120.	150.47	1667	0.10481
768	217	-9.7773	-120.	147.68	1667	0.10477
769	233	-6.7075	-120.	147.97	1667	0.10476
769	224	-8.3944	-120.	145.41	1667	0.10474
769	240	-5.7995	-120.	146.33	1667	0.10473
770	486	29.388	-120.	135.79	1726	0.10461
770	479	29.242	-120.	133.19	1726	0.10465
770	460	27.061	-120.	136.97	1726	0.1046
771	486	29.388	-120.	135.79	1726	0.10461
771	460	27.061	-120.	136.97	1726	0.1046
771	476	28.693	-120.	137.9	1726	0.1046
772	486	29.388	-120.	135.79	1726	0.10461
772	476	28.693	-120.	137.9	1726	0.1046
772	492	29.517	-120.	137.53	1726	0.1046
773	486	29.388	-120.	135.79	1726	0.10461
773	492	29.517	-120.	137.53	1726	0.1046
773	512	30.952	-120.	135.04	1726	0.10462
774	486	29.388	-120.	135.79	1726	0.10461
774	512	30.952	-120.	135.04	1726	0.10462
774	509	30.864	-120.	134.14	1726	0.10463
775	486	29.388	-120.	135.79	1726	0.10461
775	509	30.864	-120.	134.14	1726	0.10463
775	479	29.242	-120.	133.19	1726	0.10465
776	513	31.043	-120.	136.75	1726	0.1046
776	550	33.344	-120.	135.59	1726	0.10462
776	514	31.189	-120.	139.32	1726	0.10459
777	513	31.043	-120.	136.75	1726	0.1046
777	514	31.189	-120.	139.32	1726	0.10459
777	493	29.543	-120.	138.38	1726	0.10459
778	513	31.043	-120.	136.75	1726	0.1046
778	493	29.543	-120.	138.38	1726	0.10459
778	492	29.517	-120.	137.53	1726	0.1046
779	513	31.043	-120.	136.75	1726	0.1046
779	492	29.517	-120.	137.53	1726	0.1046
779	512	30.952	-120.	135.04	1726	0.10462
780	513	31.043	-120.	136.75	1726	0.1046
780	512	30.952	-120.	135.04	1726	0.10462
780	521	31.71	-120.	134.63	1726	0.10463
781	513	31.043	-120.	136.75	1726	0.1046
781	521	31.71	-120.	134.63	1726	0.10463
781	550	33.344	-120.	135.59	1726	0.10462
782	492	29.517	-120.	137.53	1726	0.1046
782	476	28.693	-120.	137.9	1726	0.1046
782	493	29.543	-120.	138.38	1726	0.10459
783	512	30.952	-120.	135.04	1726	0.10462
783	521	31.71	-120.	134.63	1726	0.10463
783	509	30.864	-120.	134.14	1726	0.10463
784	476	28.693	-120.	137.9	1744	0.1046
784	458	26.876	-120.	140.1	1744	0.10459
784	460	27.061	-120.	136.97	1744	0.1046
785	473	28.593	-120.	142.76	1744	0.10461
785	452	26.586	-120.	144.91	1744	0.10464
785	454	26.788	-120.	141.73	1744	0.1046
786	469	28.326	-120.	140.43	1744	0.1046
786	473	28.593	-120.	142.76	1744	0.10461
786	454	26.788	-120.	141.73	1744	0.1046
787	469	28.326	-120.	140.43	1744	0.1046
787	454	26.788	-120.	141.73	1744	0.1046
787	458	26.876	-120.	140.1	1744	0.10459
788	469	28.326	-120.	140.43	1744	0.1046
788	458	26.876	-120.	140.1	1744	0.10459
788	476	28.693	-120.	137.9	1744	0.1046
789	469	28.326	-120.	140.43	1744	0.1046
789	476	28.693	-120.	137.9	1744	0.1046
789	493	29.543	-120.	138.38	1744	0.10459
790	469	28.326	-120.	140.43	1744	0.1046
790	493	29.543	-120.	138.38	1744	0.10459
790	488	29.463	-120.	141.7	1744	0.1046
791	469	28.326	-120.	140.43	1744	0.1046
791	488	29.463	-120.	141.7	1744	0.1046
791	473	28.593	-120.	142.76	1744	0.10461
792	514	31.189	-120.	139.32	1744	0.10459
792	488	29.463	-120.	141.7	1744	0.1046
792	493	29.543	-120.	138.38	1744	0.10459
793	390	18.671	-120.	94.527	1810	0.10607
793	388	18.369	-120.	95.895	1810	0.10607
793	373	16.06	-120.	94.294	1810	0.10608
794	390	18.671	-120.	94.527	1810	0.10607
794	373	16.06	-120.	94.294	1810	0.10608
794	377	16.533	-120.	93.457	1810	0.10607
795	390	18.671	-120.	94.527	1810	0.10607
795	377	16.533	-120.	93.457	1810	0.10607
795	397	19.897	-120.	93.386	1810	0.10607
796	390	18.671	-120.	94.527	1810	0.10607
796	397	19.897	-120.	93.386	1810	0.10607
796	409	21.067	-120.	94.197	1810	0.10607
797	390	18.671	-120.	94.527	1810	0.10607
797	409	21.067	-120.	94.197	1810	0.10607
797	401	20.101	-120.	95.931	1810	0.10606
798	390	18.671	-120.	94.527	1810	0.10607
798	401	20.101	-120.	95.931	1810	0.10606
798	388	18.369	-120.	95.895	1810	0.10607
799	397	19.897	-120.	93.386	1810	0.10607
799	377	16.533	-120.	93.457	1810	0.10607
799	381	17.43	-120.	91.87	1810	0.10606
800	388	18.369	-120.	95.895	1810	0.10607
800	365	15.169	-120.	95.872	1810	0.10609
800	373	16.06	-120.	94.294	1810	0.10608
801	401	20.101	-120.	95.931	1810	0.10606
801	409	21.067	-120.	94.197	1810	0.10607
801	431	23.352	-120.	95.976	1810	0.10605
802	406	20.74	-120.	93.354	1811	0.10607
802	398	19.897	-120.	93.386	1811	0.10607
802	410	21.067	-120.	94.197	1811	0.10607
803	400	20.015	-120.	91.744	1811	0.10607
803	392	18.881	-120.	89.348	1811	0.10605
803	381	17.43	-120.	91.87	1811	0.10606
804	400	20.015	-120.	91.744	1811	0.10607
804	381	17.43	-120.	91.87	1811	0.10606
804	398	19.897	-120.	93.386	1811	0.10607
805	400	20.015	-120.	91.744	1811	0.10607
805	398	19.897	-120.	93.386	1811	0.10607
805	406	20.74	-120.	93.354	1811	0.10607
806	400	20.015	-120.	91.744	1811	0.10607
806	406	20.74	-120.	93.354	1811	0.10607
806	416	21.743	-120.	91.638	1811	0.10607
807	400	20.015	-120.	91.744	1811	0.10607
807	416	21.743	-120.	91.638	1811	0.10607
807	412	21.398	-120.	90.871	1811	0.10607
808	400	20.015	-120.	91.744	1811	0.10607
808	412	21.398	-120.	90.871	1811	0.10607
808	392	18.881	-120.	89.348	1811	0.10605
809	421	22.376	-120.	93.382	1811	0.10607
809	441	24.832	-120.	93.474	1811	0.10608
809	431	23.352	-120.	95.976	1811	0.10605
810	421	22.376	-120.	93.382	1811	0.10607
810	431	23.352	-120.	95.976	1811	0.10605
810	410	21.067	-120.	94.197	1811	0.10607
811	421	22.376	-120.	93.382	1811	0.10607
811	410	21.067	-120.	94.197	1811	0.10607
811	406	20.74	-120.	93.354	1811	0.10607
812	421	22.376	-120.	93.382	1811	0.10607
812	406	20.74	-120.	93.354	1811	0.10607
812	416	21.743	-120.	91.638	1811	0.10607
813	421	22.376	-120.	93.382	1811	0.10607
813	416	21.743	-120.	91.638	1811	0.10607
813	426	22.522	-120.	91.651	1811	0.10608
814	421	22.376	-120.	93.382	1811	0.10607
814	426	22.522	-120.	91.651	1811	0.10608
814	441	24.832	-120.	93.474	1811	0.10608
815	416	21.743	-120.	91.638	1811	0.10607
815	426	22.522	-120.	91.651	1811	0.10608
815	412	21.398	-120.	90.871	1811	0.10607
