小面	点	X坐标 (mm)	Y坐标 (mm)	Z坐标 (mm)	单元数	定向变形 (mm)
0	256	-2.9777	-120.	149.89	577	0.10303
0	268	-1.0913	-120.	151.9	577	0.1031
0	252	-3.9312	-120.	151.58	577	0.10309
1	288	1.8045	-120.	154.98	577	0.10322
1	267	-1.1343	-120.	154.83	577	0.10321
1	276	-0.11815	-120.	152.95	577	0.10314
2	243	-5.3928	-120.	154.18	577	0.10317
2	248	-4.4252	-120.	152.47	577	0.10312
2	259	-2.4941	-120.	154.68	577	0.1032
3	261	-2.1991	-120.	153.07	577	0.10314
3	252	-3.9312	-120.	151.58	577	0.10309
3	268	-1.0913	-120.	151.9	577	0.1031
4	261	-2.1991	-120.	153.07	577	0.10314
4	268	-1.0913	-120.	151.9	577	0.1031
4	276	-0.11815	-120.	152.95	577	0.10314
5	261	-2.1991	-120.	153.07	577	0.10314
5	276	-0.11815	-120.	152.95	577	0.10314
5	267	-1.1343	-120.	154.83	577	0.10321
6	261	-2.1991	-120.	153.07	577	0.10314
6	267	-1.1343	-120.	154.83	577	0.10321
6	259	-2.4941	-120.	154.68	577	0.1032
7	261	-2.1991	-120.	153.07	577	0.10314
7	259	-2.4941	-120.	154.68	577	0.1032
7	248	-4.4252	-120.	152.47	577	0.10312
8	261	-2.1991	-120.	153.07	577	0.10314
8	248	-4.4252	-120.	152.47	577	0.10312
8	252	-3.9312	-120.	151.58	577	0.10309
9	526	31.866	-120.	131.46	610	0.10303
9	510	30.864	-120.	134.14	610	0.10296
9	479	29.242	-120.	133.19	610	0.10298
10	564	34.544	-120.	132.9	610	0.10299
10	550	33.344	-120.	135.59	610	0.10293
10	522	31.71	-120.	134.63	610	0.10295
11	541	32.873	-120.	132.56	610	0.103
11	564	34.544	-120.	132.9	610	0.10299
11	522	31.71	-120.	134.63	610	0.10295
12	541	32.873	-120.	132.56	610	0.103
12	522	31.71	-120.	134.63	610	0.10295
12	510	30.864	-120.	134.14	610	0.10296
13	541	32.873	-120.	132.56	610	0.103
13	510	30.864	-120.	134.14	610	0.10296
13	526	31.866	-120.	131.46	610	0.10303
14	541	32.873	-120.	132.56	610	0.103
14	526	31.866	-120.	131.46	610	0.10303
14	546	33.229	-120.	130.57	610	0.10306
15	541	32.873	-120.	132.56	610	0.103
15	546	33.229	-120.	130.57	610	0.10306
15	567	35.024	-120.	131.62	610	0.10303
16	541	32.873	-120.	132.56	610	0.103
16	567	35.024	-120.	131.62	610	0.10303
16	564	34.544	-120.	132.9	610	0.10299
17	572	35.883	-120.	128.81	610	0.10312
17	567	35.024	-120.	131.62	610	0.10303
17	546	33.229	-120.	130.57	610	0.10306
18	109	-23.556	-120.	106.6	619	0.10426
18	124	-22.151	-120.	106.97	619	0.10425
18	98	-24.934	-120.	108.56	619	0.1042
19	109	-23.556	-120.	106.6	619	0.10426
19	98	-24.934	-120.	108.56	619	0.1042
19	83	-25.781	-120.	108.08	619	0.10421
20	109	-23.556	-120.	106.6	619	0.10426
20	83	-25.781	-120.	108.08	619	0.10421
20	104	-24.368	-120.	105.63	619	0.10429
21	109	-23.556	-120.	106.6	619	0.10426
21	104	-24.368	-120.	105.63	619	0.10429
21	117	-22.763	-120.	104.8	619	0.10431
22	109	-23.556	-120.	106.6	619	0.10426
22	117	-22.763	-120.	104.8	619	0.10431
22	137	-21.34	-120.	105.57	619	0.10429
23	109	-23.556	-120.	106.6	619	0.10426
23	137	-21.34	-120.	105.57	619	0.10429
23	124	-22.151	-120.	106.97	619	0.10425
24	104	-24.368	-120.	105.63	619	0.10429
24	83	-25.781	-120.	108.08	619	0.10421
24	55	-27.388	-120.	107.17	619	0.10424
25	124	-22.151	-120.	106.97	619	0.10425
25	112	-23.336	-120.	109.46	619	0.10416
25	98	-24.934	-120.	108.56	619	0.1042
26	137	-21.34	-120.	105.57	619	0.10429
26	117	-22.763	-120.	104.8	619	0.10431
26	151	-19.781	-120.	103.3	619	0.10435
27	153	-19.369	-120.	98.573	622	0.1044
27	139	-21.019	-120.	97.611	622	0.1044
27	155	-18.865	-120.	95.735	622	0.10439
28	110	-23.545	-120.	96.143	622	0.10439
28	134	-21.451	-120.	94.077	622	0.10437
28	126	-21.878	-120.	97.108	622	0.1044
29	165	-18.085	-120.	91.387	622	0.10431
29	161	-18.611	-120.	94.262	622	0.10437
29	144	-20.419	-120.	93.178	622	0.10436
30	145	-20.374	-120.	95.329	622	0.10438
30	155	-18.865	-120.	95.735	622	0.10439
30	139	-21.019	-120.	97.611	622	0.1044
31	145	-20.374	-120.	95.329	622	0.10438
31	139	-21.019	-120.	97.611	622	0.1044
31	126	-21.878	-120.	97.108	622	0.1044
32	145	-20.374	-120.	95.329	622	0.10438
32	126	-21.878	-120.	97.108	622	0.1044
32	134	-21.451	-120.	94.077	622	0.10437
33	145	-20.374	-120.	95.329	622	0.10438
33	134	-21.451	-120.	94.077	622	0.10437
33	144	-20.419	-120.	93.178	622	0.10436
34	145	-20.374	-120.	95.329	622	0.10438
34	144	-20.419	-120.	93.178	622	0.10436
34	161	-18.611	-120.	94.262	622	0.10437
35	145	-20.374	-120.	95.329	622	0.10438
35	161	-18.611	-120.	94.262	622	0.10437
35	155	-18.865	-120.	95.735	622	0.10439
36	285	1.3031	-120.	89.681	635	0.10424
36	275	-0.15357	-120.	92.615	635	0.10436
36	300	4.2195	-120.	92.615	635	0.10436
37	80	-26.056	-120.	108.78	712	0.10419
37	97	-24.934	-120.	108.56	712	0.1042
37	82	-25.781	-120.	108.08	712	0.10421
38	43	-28.173	-120.	109.18	712	0.10417
38	23	-29.748	-120.	110.74	712	0.10411
38	7	-31.417	-120.	109.78	712	0.10415
39	43	-28.173	-120.	109.18	712	0.10417
39	7	-31.417	-120.	109.78	712	0.10415
39	55	-27.388	-120.	107.17	712	0.10424
40	43	-28.173	-120.	109.18	712	0.10417
40	55	-27.388	-120.	107.17	712	0.10424
40	82	-25.781	-120.	108.08	712	0.10421
41	43	-28.173	-120.	109.18	712	0.10417
41	82	-25.781	-120.	108.08	712	0.10421
41	80	-26.056	-120.	108.78	712	0.10419
42	43	-28.173	-120.	109.18	712	0.10417
42	80	-26.056	-120.	108.78	712	0.10419
42	36	-28.65	-120.	110.53	712	0.10412
43	43	-28.173	-120.	109.18	712	0.10417
43	36	-28.65	-120.	110.53	712	0.10412
43	23	-29.748	-120.	110.74	712	0.10411
44	32	-28.882	-120.	111.23	712	0.1041
44	36	-28.65	-120.	110.53	712	0.10412
44	23	-29.748	-120.	110.74	712	0.10411
45	68	-26.514	-120.	110.12	712	0.10414
45	61	-27.224	-120.	112.18	712	0.10406
45	112	-23.336	-120.	109.46	712	0.10416
46	68	-26.514	-120.	110.12	712	0.10414
46	112	-23.336	-120.	109.46	712	0.10416
46	97	-24.934	-120.	108.56	712	0.1042
47	68	-26.514	-120.	110.12	712	0.10414
47	97	-24.934	-120.	108.56	712	0.1042
47	80	-26.056	-120.	108.78	712	0.10419
48	68	-26.514	-120.	110.12	712	0.10414
48	80	-26.056	-120.	108.78	712	0.10419
48	36	-28.65	-120.	110.53	712	0.10412
49	68	-26.514	-120.	110.12	712	0.10414
49	36	-28.65	-120.	110.53	712	0.10412
49	32	-28.882	-120.	111.23	712	0.1041
50	68	-26.514	-120.	110.12	712	0.10414
50	32	-28.882	-120.	111.23	712	0.1041
50	61	-27.224	-120.	112.18	712	0.10406
51	241	-5.7764	-120.	90.758	716	0.10428
51	235	-6.5008	-120.	90.968	716	0.10429
51	237	-6.2516	-120.	91.919	716	0.10432
52	225	-8.3372	-120.	89.613	716	0.10424
52	223	-8.5933	-120.	88.683	716	0.1042
52	220	-9.0374	-120.	89.857	716	0.10425
53	227	-7.8565	-120.	91.427	716	0.1043
53	237	-6.2516	-120.	91.919	716	0.10432
53	231	-7.1082	-120.	94.093	716	0.10439
54	227	-7.8565	-120.	91.427	716	0.1043
54	231	-7.1082	-120.	94.093	716	0.10439
54	214	-9.904	-120.	92.112	716	0.10432
55	227	-7.8565	-120.	91.427	716	0.1043
55	214	-9.904	-120.	92.112	716	0.10432
55	220	-9.0374	-120.	89.857	716	0.10425
56	227	-7.8565	-120.	91.427	716	0.1043
56	220	-9.0374	-120.	89.857	716	0.10425
56	225	-8.3372	-120.	89.613	716	0.10424
57	227	-7.8565	-120.	91.427	716	0.1043
57	225	-8.3372	-120.	89.613	716	0.10424
57	235	-6.5008	-120.	90.968	716	0.10429
58	227	-7.8565	-120.	91.427	716	0.1043
58	235	-6.5008	-120.	90.968	716	0.10429
58	237	-6.2516	-120.	91.919	716	0.10432
59	232	-6.9679	-120.	89.165	716	0.10422
59	223	-8.5933	-120.	88.683	716	0.1042
59	228	-7.7041	-120.	86.405	716	0.10411
60	232	-6.9679	-120.	89.165	716	0.10422
60	228	-7.7041	-120.	86.405	716	0.10411
60	245	-4.8957	-120.	88.564	716	0.10419
61	232	-6.9679	-120.	89.165	716	0.10422
61	245	-4.8957	-120.	88.564	716	0.10419
61	241	-5.7764	-120.	90.758	716	0.10428
62	232	-6.9679	-120.	89.165	716	0.10422
62	241	-5.7764	-120.	90.758	716	0.10428
62	235	-6.5008	-120.	90.968	716	0.10429
63	232	-6.9679	-120.	89.165	716	0.10422
63	235	-6.5008	-120.	90.968	716	0.10429
63	225	-8.3372	-120.	89.613	716	0.10424
64	232	-6.9679	-120.	89.165	716	0.10422
64	225	-8.3372	-120.	89.613	716	0.10424
64	223	-8.5933	-120.	88.683	716	0.1042
65	177	-15.833	-120.	140.87	735	0.10295
65	169	-17.251	-120.	143.32	735	0.10295
65	197	-12.295	-120.	143.44	735	0.10293
66	1	-32.805	-120.	116.88	751	0.10385
66	0	-32.924	-120.	121.19	751	0.10365
66	16	-30.093	-120.	118.32	751	0.10378
67	226	-8.113	-120.	150.47	765	0.10305
67	218	-9.54	-120.	153.01	765	0.10312
67	243	-5.3928	-120.	154.18	765	0.10317
68	250	-4.0658	-120.	91.691	802	0.10432
68	263	-2.0045	-120.	91.016	802	0.10429
68	257	-2.8829	-120.	92.974	802	0.10437
69	250	-4.0658	-120.	91.691	802	0.10432
69	257	-2.8829	-120.	92.974	802	0.10437
69	247	-4.4686	-120.	93.311	802	0.10438
70	250	-4.0658	-120.	91.691	802	0.10432
70	247	-4.4686	-120.	93.311	802	0.10438
70	238	-6.2516	-120.	91.919	802	0.10432
71	250	-4.0658	-120.	91.691	802	0.10432
71	238	-6.2516	-120.	91.919	802	0.10432
71	242	-5.7764	-120.	90.758	802	0.10428
72	250	-4.0658	-120.	91.691	802	0.10432
72	242	-5.7764	-120.	90.758	802	0.10428
72	254	-3.011	-120.	90.17	802	0.10426
73	250	-4.0658	-120.	91.691	802	0.10432
73	254	-3.011	-120.	90.17	802	0.10426
73	263	-2.0045	-120.	91.016	802	0.10429
74	238	-6.2516	-120.	91.919	802	0.10432
74	247	-4.4686	-120.	93.311	802	0.10438
74	231	-7.1082	-120.	94.093	802	0.10439
75	263	-2.0045	-120.	91.016	802	0.10429
75	275	-0.15357	-120.	92.615	802	0.10436
75	257	-2.8829	-120.	92.974	802	0.10437
76	254	-3.011	-120.	90.17	802	0.10426
76	242	-5.7764	-120.	90.758	802	0.10428
76	245	-4.8957	-120.	88.564	802	0.10419
77	353	12.589	-120.	91.638	810	0.10429
77	343	11.174	-120.	94.093	810	0.10436
77	365	15.169	-120.	95.872	810	0.10435
78	427	22.928	-120.	139.99	840	0.10288
78	413	21.536	-120.	141.87	840	0.10288
78	420	21.895	-120.	138.97	840	0.10288
79	427	22.928	-120.	139.99	840	0.10288
79	420	21.895	-120.	138.97	840	0.10288
79	429	22.98	-120.	137.77	840	0.10289
80	427	22.928	-120.	139.99	840	0.10288
80	429	22.98	-120.	137.77	840	0.10289
80	437	24.441	-120.	138.64	840	0.10289
81	427	22.928	-120.	139.99	840	0.10288
81	437	24.441	-120.	138.64	840	0.10289
81	435	24.303	-120.	140.3	840	0.10288
82	427	22.928	-120.	139.99	840	0.10288
82	435	24.303	-120.	140.3	840	0.10288
82	424	22.411	-120.	142.4	840	0.10288
83	427	22.928	-120.	139.99	840	0.10288
83	424	22.411	-120.	142.4	840	0.10288
83	413	21.536	-120.	141.87	840	0.10288
84	437	24.441	-120.	138.64	840	0.10289
84	429	22.98	-120.	137.77	840	0.10289
84	439	24.656	-120.	135.59	840	0.10293
85	413	21.536	-120.	141.87	840	0.10288
85	399	19.899	-120.	140.87	840	0.10287
85	420	21.895	-120.	138.97	840	0.10288
86	424	22.411	-120.	142.4	840	0.10288
86	435	24.303	-120.	140.3	840	0.10288
86	434	24.064	-120.	143.4	840	0.10289
87	240	-5.7995	-120.	146.33	842	0.10293
87	256	-2.9777	-120.	149.89	842	0.10303
87	265	-1.522	-120.	147.24	842	0.10293
88	35	-28.656	-120.	129.72	857	0.10327
88	6	-31.929	-120.	128.36	857	0.10333
88	10	-30.643	-120.	132.48	857	0.10317
89	152	-19.63	-120.	147.46	858	0.10297
89	175	-16.089	-120.	149.92	858	0.10302
89	181	-14.63	-120.	147.4	858	0.10298
90	214	-9.904	-120.	92.112	861	0.10432
90	206	-11.103	-120.	95.872	861	0.10441
90	231	-7.1082	-120.	94.093	861	0.10439
91	56	-27.376	-120.	127.13	865	0.10338
91	63	-27.196	-120.	127.86	865	0.10335
91	70	-26.429	-120.	126.87	865	0.10339
92	31	-29.171	-120.	127.62	865	0.10336
92	6	-31.929	-120.	128.36	865	0.10333
92	35	-28.656	-120.	129.72	865	0.10327
93	31	-29.171	-120.	127.62	865	0.10336
93	35	-28.656	-120.	129.72	865	0.10327
93	63	-27.196	-120.	127.86	865	0.10335
94	31	-29.171	-120.	127.62	865	0.10336
94	63	-27.196	-120.	127.86	865	0.10335
94	56	-27.376	-120.	127.13	865	0.10338
95	31	-29.171	-120.	127.62	865	0.10336
95	56	-27.376	-120.	127.13	865	0.10338
95	28	-29.468	-120.	126.21	865	0.10342
96	31	-29.171	-120.	127.62	865	0.10336
96	28	-29.468	-120.	126.21	865	0.10342
96	15	-30.401	-120.	126.46	865	0.10341
97	31	-29.171	-120.	127.62	865	0.10336
97	15	-30.401	-120.	126.46	865	0.10341
97	6	-31.929	-120.	128.36	865	0.10333
98	52	-27.657	-120.	125.72	865	0.10344
98	44	-28.087	-120.	123.61	865	0.10354
98	96	-24.974	-120.	125.04	865	0.10347
99	52	-27.657	-120.	125.72	865	0.10344
99	96	-24.974	-120.	125.04	865	0.10347
99	70	-26.429	-120.	126.87	865	0.10339
100	52	-27.657	-120.	125.72	865	0.10344
100	70	-26.429	-120.	126.87	865	0.10339
100	56	-27.376	-120.	127.13	865	0.10338
101	52	-27.657	-120.	125.72	865	0.10344
101	56	-27.376	-120.	127.13	865	0.10338
101	28	-29.468	-120.	126.21	865	0.10342
102	52	-27.657	-120.	125.72	865	0.10344
102	28	-29.468	-120.	126.21	865	0.10342
102	25	-29.607	-120.	125.48	865	0.10345
103	52	-27.657	-120.	125.72	865	0.10344
103	25	-29.607	-120.	125.48	865	0.10345
103	44	-28.087	-120.	123.61	865	0.10354
104	28	-29.468	-120.	126.21	865	0.10342
104	25	-29.607	-120.	125.48	865	0.10345
104	15	-30.401	-120.	126.46	865	0.10341
105	44	-28.087	-120.	123.61	867	0.10354
105	24	-29.607	-120.	125.48	867	0.10345
105	19	-29.999	-120.	122.65	867	0.10358
106	6	-31.929	-120.	128.36	867	0.10333
106	3	-32.513	-120.	125.48	867	0.10345
106	14	-30.401	-120.	126.46	867	0.10341
107	0	-32.924	-120.	121.19	867	0.10365
107	9	-30.996	-120.	122.16	867	0.1036
107	2	-32.701	-120.	124.13	867	0.10352
108	8	-31.036	-120.	124.39	867	0.1035
108	19	-29.999	-120.	122.65	867	0.10358
108	24	-29.607	-120.	125.48	867	0.10345
109	8	-31.036	-120.	124.39	867	0.1035
109	24	-29.607	-120.	125.48	867	0.10345
109	14	-30.401	-120.	126.46	867	0.10341
110	8	-31.036	-120.	124.39	867	0.1035
110	14	-30.401	-120.	126.46	867	0.10341
110	3	-32.513	-120.	125.48	867	0.10345
111	8	-31.036	-120.	124.39	867	0.1035
111	3	-32.513	-120.	125.48	867	0.10345
111	2	-32.701	-120.	124.13	867	0.10352
112	8	-31.036	-120.	124.39	867	0.1035
112	2	-32.701	-120.	124.13	867	0.10352
112	9	-30.996	-120.	122.16	867	0.1036
113	8	-31.036	-120.	124.39	867	0.1035
113	9	-30.996	-120.	122.16	867	0.1036
113	19	-29.999	-120.	122.65	867	0.10358
114	204	-11.69	-120.	149.52	879	0.10302
114	208	-10.796	-120.	149.39	879	0.10302
114	199	-12.084	-120.	148.78	879	0.103
115	207	-10.848	-120.	150.93	879	0.10305
115	218	-9.54	-120.	153.01	879	0.10312
115	226	-8.113	-120.	150.47	879	0.10305
116	207	-10.848	-120.	150.93	879	0.10305
116	226	-8.113	-120.	150.47	879	0.10305
116	208	-10.796	-120.	149.39	879	0.10302
117	207	-10.848	-120.	150.93	879	0.10305
117	208	-10.796	-120.	149.39	879	0.10302
117	204	-11.69	-120.	149.52	879	0.10302
118	207	-10.848	-120.	150.93	879	0.10305
118	204	-11.69	-120.	149.52	879	0.10302
118	194	-12.675	-120.	151.25	879	0.10306
119	207	-10.848	-120.	150.93	879	0.10305
119	194	-12.675	-120.	151.25	879	0.10306
119	198	-12.273	-120.	151.92	879	0.10307
120	207	-10.848	-120.	150.93	879	0.10305
120	198	-12.273	-120.	151.92	879	0.10307
120	218	-9.54	-120.	153.01	879	0.10312
121	190	-13.446	-120.	149.7	879	0.10302
121	175	-16.089	-120.	149.92	879	0.10302
121	181	-14.63	-120.	147.4	879	0.10298
122	190	-13.446	-120.	149.7	879	0.10302
122	181	-14.63	-120.	147.4	879	0.10298
122	199	-12.084	-120.	148.78	879	0.103
123	190	-13.446	-120.	149.7	879	0.10302
123	199	-12.084	-120.	148.78	879	0.103
123	204	-11.69	-120.	149.52	879	0.10302
124	190	-13.446	-120.	149.7	879	0.10302
124	204	-11.69	-120.	149.52	879	0.10302
124	194	-12.675	-120.	151.25	879	0.10306
125	190	-13.446	-120.	149.7	879	0.10302
125	194	-12.675	-120.	151.25	879	0.10306
125	188	-13.511	-120.	151.33	879	0.10306
126	190	-13.446	-120.	149.7	879	0.10302
126	188	-13.511	-120.	151.33	879	0.10306
126	175	-16.089	-120.	149.92	879	0.10302
127	194	-12.675	-120.	151.25	879	0.10306
127	188	-13.511	-120.	151.33	879	0.10306
127	198	-12.273	-120.	151.92	879	0.10307
128	463	27.448	-120.	103.66	890	0.10418
128	451	26.451	-120.	103.94	890	0.10418
128	464	27.85	-120.	104.3	890	0.10416
129	453	26.629	-120.	102.49	890	0.10422
129	444	25.409	-120.	100.72	890	0.10426
129	432	23.847	-120.	103.3	890	0.1042
130	453	26.629	-120.	102.49	890	0.10422
130	432	23.847	-120.	103.3	890	0.1042
130	451	26.451	-120.	103.94	890	0.10418
131	453	26.629	-120.	102.49	890	0.10422
131	451	26.451	-120.	103.94	890	0.10418
131	463	27.448	-120.	103.66	890	0.10418
132	453	26.629	-120.	102.49	890	0.10422
132	463	27.448	-120.	103.66	890	0.10418
132	471	28.524	-120.	101.95	890	0.10423
133	453	26.629	-120.	102.49	890	0.10422
133	471	28.524	-120.	101.95	890	0.10423
133	467	28.095	-120.	101.35	890	0.10424
134	453	26.629	-120.	102.49	890	0.10422
134	467	28.095	-120.	101.35	890	0.10424
134	444	25.409	-120.	100.72	890	0.10426
135	483	29.334	-120.	103.14	890	0.1042
135	536	32.209	-120.	102.31	890	0.10422
135	499	30.485	-120.	104.97	890	0.10414
136	483	29.334	-120.	103.14	890	0.1042
136	499	30.485	-120.	104.97	890	0.10414
136	464	27.85	-120.	104.3	890	0.10416
137	483	29.334	-120.	103.14	890	0.1042
137	464	27.85	-120.	104.3	890	0.10416
137	463	27.448	-120.	103.66	890	0.10418
138	483	29.334	-120.	103.14	890	0.1042
138	463	27.448	-120.	103.66	890	0.10418
138	471	28.524	-120.	101.95	890	0.10423
139	483	29.334	-120.	103.14	890	0.1042
139	471	28.524	-120.	101.95	890	0.10423
139	490	29.49	-120.	101.66	890	0.10423
140	483	29.334	-120.	103.14	890	0.1042
140	490	29.49	-120.	101.66	890	0.10423
140	536	32.209	-120.	102.31	890	0.10422
141	471	28.524	-120.	101.95	890	0.10423
141	490	29.49	-120.	101.66	890	0.10423
141	467	28.095	-120.	101.35	890	0.10424
142	50	-27.848	-120.	115.7	894	0.10391
142	45	-27.948	-120.	116.45	894	0.10387
142	65	-26.814	-120.	115.45	894	0.10392
143	53	-27.595	-120.	114.29	894	0.10397
143	29	-29.43	-120.	114.03	894	0.10398
143	61	-27.224	-120.	112.18	894	0.10406
144	53	-27.595	-120.	114.29	894	0.10397
144	61	-27.224	-120.	112.18	894	0.10406
144	100	-24.688	-120.	113.62	894	0.104
145	53	-27.595	-120.	114.29	894	0.10397
145	100	-24.688	-120.	113.62	894	0.104
145	65	-26.814	-120.	115.45	894	0.10392
146	53	-27.595	-120.	114.29	894	0.10397
146	65	-26.814	-120.	115.45	894	0.10392
146	50	-27.848	-120.	115.7	894	0.10391
147	53	-27.595	-120.	114.29	894	0.10397
147	50	-27.848	-120.	115.7	894	0.10391
147	26	-29.567	-120.	114.76	894	0.10395
148	53	-27.595	-120.	114.29	894	0.10397
148	26	-29.567	-120.	114.76	894	0.10395
148	29	-29.43	-120.	114.03	894	0.10398
149	12	-30.578	-120.	114.99	894	0.10394
149	26	-29.567	-120.	114.76	894	0.10395
149	29	-29.43	-120.	114.03	894	0.10398
150	21	-29.807	-120.	116.19	894	0.10388
150	1	-32.805	-120.	116.88	894	0.10385
150	16	-30.093	-120.	118.32	894	0.10378
151	21	-29.807	-120.	116.19	894	0.10388
151	16	-30.093	-120.	118.32	894	0.10378
151	45	-27.948	-120.	116.45	894	0.10387
152	21	-29.807	-120.	116.19	894	0.10388
152	45	-27.948	-120.	116.45	894	0.10387
152	50	-27.848	-120.	115.7	894	0.10391
153	21	-29.807	-120.	116.19	894	0.10388
153	50	-27.848	-120.	115.7	894	0.10391
153	26	-29.567	-120.	114.76	894	0.10395
154	21	-29.807	-120.	116.19	894	0.10388
154	26	-29.567	-120.	114.76	894	0.10395
154	12	-30.578	-120.	114.99	894	0.10394
155	21	-29.807	-120.	116.19	894	0.10388
155	12	-30.578	-120.	114.99	894	0.10394
155	1	-32.805	-120.	116.88	894	0.10385
156	40	-28.243	-120.	120.02	900	0.10371
156	59	-27.268	-120.	119.76	900	0.10372
156	38	-28.244	-120.	119.26	900	0.10374
157	42	-28.178	-120.	121.44	900	0.10364
157	44	-28.087	-120.	123.61	900	0.10354
157	88	-25.431	-120.	120.69	900	0.10367
158	42	-28.178	-120.	121.44	900	0.10364
158	88	-25.431	-120.	120.69	900	0.10367
158	59	-27.268	-120.	119.76	900	0.10372
159	42	-28.178	-120.	121.44	900	0.10364
159	59	-27.268	-120.	119.76	900	0.10372
159	40	-28.243	-120.	120.02	900	0.10371
160	42	-28.178	-120.	121.44	900	0.10364
160	40	-28.243	-120.	120.02	900	0.10371
160	18	-30.04	-120.	121.91	900	0.10362
161	42	-28.178	-120.	121.44	900	0.10364
161	18	-30.04	-120.	121.91	900	0.10362
161	19	-29.999	-120.	122.65	900	0.10358
162	42	-28.178	-120.	121.44	900	0.10364
162	19	-29.999	-120.	122.65	900	0.10358
162	44	-28.087	-120.	123.61	900	0.10354
163	17	-30.09	-120.	120.48	900	0.10368
163	0	-32.924	-120.	121.19	900	0.10365
163	16	-30.093	-120.	118.32	900	0.10378
164	17	-30.09	-120.	120.48	900	0.10368
164	16	-30.093	-120.	118.32	900	0.10378
164	38	-28.244	-120.	119.26	900	0.10374
165	17	-30.09	-120.	120.48	900	0.10368
165	38	-28.244	-120.	119.26	900	0.10374
165	40	-28.243	-120.	120.02	900	0.10371
166	17	-30.09	-120.	120.48	900	0.10368
166	40	-28.243	-120.	120.02	900	0.10371
166	18	-30.04	-120.	121.91	900	0.10362
167	17	-30.09	-120.	120.48	900	0.10368
167	18	-30.04	-120.	121.91	900	0.10362
167	9	-30.996	-120.	122.16	900	0.1036
168	17	-30.09	-120.	120.48	900	0.10368
168	9	-30.996	-120.	122.16	900	0.1036
168	0	-32.924	-120.	121.19	900	0.10365
169	18	-30.04	-120.	121.91	900	0.10362
169	9	-30.996	-120.	122.16	900	0.1036
169	19	-29.999	-120.	122.65	900	0.10358
170	101	-24.589	-120.	134.53	905	0.1031
170	143	-20.59	-120.	135.59	905	0.10307
170	115	-22.777	-120.	131.8	905	0.10319
171	236	-6.4699	-120.	149.04	910	0.10301
171	234	-6.7075	-120.	147.97	910	0.10298
171	230	-7.1945	-120.	148.83	910	0.103
172	239	-6.0411	-120.	151.07	910	0.10307
172	249	-4.4252	-120.	152.47	910	0.10312
172	243	-5.3928	-120.	154.18	910	0.10317
173	239	-6.0411	-120.	151.07	910	0.10307
173	243	-5.3928	-120.	154.18	910	0.10317
173	226	-8.113	-120.	150.47	910	0.10305
174	239	-6.0411	-120.	151.07	910	0.10307
174	226	-8.113	-120.	150.47	910	0.10305
174	230	-7.1945	-120.	148.83	910	0.103
175	239	-6.0411	-120.	151.07	910	0.10307
175	230	-7.1945	-120.	148.83	910	0.103
175	236	-6.4699	-120.	149.04	910	0.10301
176	239	-6.0411	-120.	151.07	910	0.10307
176	236	-6.4699	-120.	149.04	910	0.10301
176	246	-4.6513	-120.	151.42	910	0.10308
177	239	-6.0411	-120.	151.07	910	0.10307
177	246	-4.6513	-120.	151.42	910	0.10308
177	249	-4.4252	-120.	152.47	910	0.10312
178	251	-3.9312	-120.	151.58	910	0.10309
178	246	-4.6513	-120.	151.42	910	0.10308
178	249	-4.4252	-120.	152.47	910	0.10312
179	244	-5.0895	-120.	149.37	910	0.10301
179	256	-2.9777	-120.	149.89	910	0.10303
179	240	-5.7995	-120.	146.33	910	0.10293
180	244	-5.0895	-120.	149.37	910	0.10301
180	240	-5.7995	-120.	146.33	910	0.10293
180	234	-6.7075	-120.	147.97	910	0.10298
181	244	-5.0895	-120.	149.37	910	0.10301
181	234	-6.7075	-120.	147.97	910	0.10298
181	236	-6.4699	-120.	149.04	910	0.10301
182	244	-5.0895	-120.	149.37	910	0.10301
182	236	-6.4699	-120.	149.04	910	0.10301
182	246	-4.6513	-120.	151.42	910	0.10308
183	244	-5.0895	-120.	149.37	910	0.10301
183	246	-4.6513	-120.	151.42	910	0.10308
183	251	-3.9312	-120.	151.58	910	0.10309
184	244	-5.0895	-120.	149.37	910	0.10301
184	251	-3.9312	-120.	151.58	910	0.10309
184	256	-2.9777	-120.	149.89	910	0.10303
185	304	4.9242	-120.	150.14	912	0.10303
185	302	4.6741	-120.	149.18	912	0.103
185	299	4.1731	-120.	150.21	912	0.10303
186	312	6.3385	-120.	149.94	912	0.10303
186	323	8.4836	-120.	149.65	912	0.10302
186	308	5.588	-120.	147.24	912	0.10292
187	312	6.3385	-120.	149.94	912	0.10303
187	308	5.588	-120.	147.24	912	0.10292
187	302	4.6741	-120.	149.18	912	0.103
188	312	6.3385	-120.	149.94	912	0.10303
188	302	4.6741	-120.	149.18	912	0.103
188	304	4.9242	-120.	150.14	912	0.10303
189	312	6.3385	-120.	149.94	912	0.10303
189	304	4.9242	-120.	150.14	912	0.10303
189	314	6.814	-120.	151.77	912	0.10309
190	312	6.3385	-120.	149.94	912	0.10303
190	314	6.814	-120.	151.77	912	0.10309
190	320	7.5469	-120.	151.66	912	0.10309
191	312	6.3385	-120.	149.94	912	0.10303
191	320	7.5469	-120.	151.66	912	0.10309
191	323	8.4836	-120.	149.65	912	0.10302
192	307	5.3872	-120.	151.95	912	0.1031
192	311	6.1077	-120.	154.74	912	0.10321
192	296	3.2389	-120.	152.16	912	0.10311
193	307	5.3872	-120.	151.95	912	0.1031
193	296	3.2389	-120.	152.16	912	0.10311
193	299	4.1731	-120.	150.21	912	0.10303
194	307	5.3872	-120.	151.95	912	0.1031
194	299	4.1731	-120.	150.21	912	0.10303
194	304	4.9242	-120.	150.14	912	0.10303
195	307	5.3872	-120.	151.95	912	0.1031
195	304	4.9242	-120.	150.14	912	0.10303
195	314	6.814	-120.	151.77	912	0.10309
196	307	5.3872	-120.	151.95	912	0.1031
196	314	6.814	-120.	151.77	912	0.10309
196	316	7.065	-120.	152.71	912	0.10313
197	307	5.3872	-120.	151.95	912	0.1031
197	316	7.065	-120.	152.71	912	0.10313
197	311	6.1077	-120.	154.74	912	0.10321
198	314	6.814	-120.	151.77	912	0.10309
198	316	7.065	-120.	152.71	912	0.10313
198	320	7.5469	-120.	151.66	912	0.10309
199	387	18.289	-120.	147.65	935	0.10296
199	393	19.016	-120.	145.11	935	0.10291
199	405	20.723	-120.	146.15	935	0.10293
200	396	19.872	-120.	148.18	935	0.10297
200	387	18.289	-120.	147.65	935	0.10296
200	405	20.723	-120.	146.15	935	0.10293
201	396	19.872	-120.	148.18	935	0.10297
201	405	20.723	-120.	146.15	935	0.10293
201	415	21.609	-120.	146.7	935	0.10294
202	396	19.872	-120.	148.18	935	0.10297
202	415	21.609	-120.	146.7	935	0.10294
202	408	20.929	-120.	149.43	935	0.103
203	396	19.872	-120.	148.18	935	0.10297
203	408	20.929	-120.	149.43	935	0.103
203	394	19.764	-120.	150.15	935	0.10302
204	396	19.872	-120.	148.18	935	0.10297
204	394	19.764	-120.	150.15	935	0.10302
204	385	17.918	-120.	148.97	935	0.10299
205	396	19.872	-120.	148.18	935	0.10297
205	385	17.918	-120.	148.97	935	0.10299
205	387	18.289	-120.	147.65	935	0.10296
206	408	20.929	-120.	149.43	935	0.103
206	415	21.609	-120.	146.7	935	0.10294
206	430	23.336	-120.	147.74	935	0.10295
207	394	19.764	-120.	150.15	935	0.10302
207	380	17.167	-120.	151.53	935	0.10307
207	385	17.918	-120.	148.97	935	0.10299
208	291	2.4319	-120.	148.95	938	0.10299
208	299	4.1731	-120.	150.21	938	0.10303
208	287	1.3459	-120.	150.21	938	0.10304
209	291	2.4319	-120.	148.95	938	0.10299
209	287	1.3459	-120.	150.21	938	0.10304
209	279	0.33219	-120.	149.18	938	0.103
210	291	2.4319	-120.	148.95	938	0.10299
210	279	0.33219	-120.	149.18	938	0.103
210	284	1.2224	-120.	147.46	938	0.10293
211	291	2.4319	-120.	148.95	938	0.10299
211	284	1.2224	-120.	147.46	938	0.10293
211	294	2.8435	-120.	147.46	938	0.10293
212	291	2.4319	-120.	148.95	938	0.10299
212	294	2.8435	-120.	147.46	938	0.10293
212	302	4.6741	-120.	149.18	938	0.103
213	291	2.4319	-120.	148.95	938	0.10299
213	302	4.6741	-120.	149.18	938	0.103
213	299	4.1731	-120.	150.21	938	0.10303
214	284	1.2224	-120.	147.46	938	0.10293
214	279	0.33219	-120.	149.18	938	0.103
214	265	-1.522	-120.	147.24	938	0.10293
215	299	4.1731	-120.	150.21	938	0.10303
215	296	3.2389	-120.	152.16	938	0.10311
215	287	1.3459	-120.	150.21	938	0.10304
216	302	4.6741	-120.	149.18	938	0.103
216	294	2.8435	-120.	147.46	938	0.10293
216	308	5.588	-120.	147.24	938	0.10292
217	335	10.335	-120.	151.03	942	0.10307
217	319	7.5469	-120.	151.66	942	0.10309
217	323	8.4836	-120.	149.65	942	0.10302
218	326	9.0131	-120.	154.27	942	0.10319
218	311	6.1077	-120.	154.74	942	0.10321
218	317	7.065	-120.	152.71	942	0.10313
219	328	9.2669	-120.	152.57	942	0.10312
219	326	9.0131	-120.	154.27	942	0.10319
219	317	7.065	-120.	152.71	942	0.10313
220	328	9.2669	-120.	152.57	942	0.10312
220	317	7.065	-120.	152.71	942	0.10313
220	319	7.5469	-120.	151.66	942	0.10309
221	328	9.2669	-120.	152.57	942	0.10312
221	319	7.5469	-120.	151.66	942	0.10309
221	335	10.335	-120.	151.03	942	0.10307
222	328	9.2669	-120.	152.57	942	0.10312
222	335	10.335	-120.	151.03	942	0.10307
222	344	11.293	-120.	151.76	942	0.10309
223	328	9.2669	-120.	152.57	942	0.10312
223	344	11.293	-120.	151.76	942	0.10309
223	336	10.348	-120.	153.98	942	0.10317
224	328	9.2669	-120.	152.57	942	0.10312
224	336	10.348	-120.	153.98	942	0.10317
224	326	9.0131	-120.	154.27	942	0.10319
225	356	13.174	-120.	153.16	942	0.10314
225	336	10.348	-120.	153.98	942	0.10317
225	344	11.293	-120.	151.76	942	0.10309
226	219	-9.0374	-120.	89.857	965	0.10425
226	214	-9.904	-120.	92.112	965	0.10432
226	205	-11.685	-120.	90.932	965	0.10428
227	210	-10.696	-120.	89.164	965	0.10422
227	219	-9.0374	-120.	89.857	965	0.10425
227	205	-11.685	-120.	90.932	965	0.10428
228	210	-10.696	-120.	89.164	965	0.10422
228	205	-11.685	-120.	90.932	965	0.10428
228	195	-12.608	-120.	90.314	965	0.10427
229	210	-10.696	-120.	89.164	965	0.10422
229	195	-12.608	-120.	90.314	965	0.10427
229	202	-11.761	-120.	87.856	965	0.10418
230	210	-10.696	-120.	89.164	965	0.10422
230	202	-11.761	-120.	87.856	965	0.10418
230	213	-10.493	-120.	87.342	965	0.10416
231	210	-10.696	-120.	89.164	965	0.10422
231	213	-10.493	-120.	87.342	965	0.10416
231	222	-8.5933	-120.	88.683	965	0.1042
232	210	-10.696	-120.	89.164	965	0.10422
232	222	-8.5933	-120.	88.683	965	0.1042
232	219	-9.0374	-120.	89.857	965	0.10425
233	202	-11.761	-120.	87.856	965	0.10418
233	195	-12.608	-120.	90.314	965	0.10427
233	183	-14.413	-120.	89.13	965	0.10424
234	213	-10.493	-120.	87.342	965	0.10416
234	228	-7.7041	-120.	86.405	965	0.10411
234	222	-8.5933	-120.	88.683	965	0.1042
235	193	-12.821	-120.	94.742	966	0.10438
235	192	-13.091	-120.	93.772	966	0.10436
235	185	-13.745	-120.	94.149	966	0.10437
236	196	-12.345	-120.	91.267	966	0.1043
236	205	-11.685	-120.	90.932	966	0.10428
236	195	-12.608	-120.	90.314	966	0.10427
237	187	-13.615	-120.	91.942	966	0.10432
237	185	-13.745	-120.	94.149	966	0.10437
237	178	-15.485	-120.	93.018	966	0.10434
238	187	-13.615	-120.	91.942	966	0.10432
238	178	-15.485	-120.	93.018	966	0.10434
238	183	-14.413	-120.	89.13	966	0.10424
239	187	-13.615	-120.	91.942	966	0.10432
239	183	-14.413	-120.	89.13	966	0.10424
239	195	-12.608	-120.	90.314	966	0.10427
240	187	-13.615	-120.	91.942	966	0.10432
240	195	-12.608	-120.	90.314	966	0.10427
240	196	-12.345	-120.	91.267	966	0.1043
241	187	-13.615	-120.	91.942	966	0.10432
241	196	-12.345	-120.	91.267	966	0.1043
241	192	-13.091	-120.	93.772	966	0.10436
242	187	-13.615	-120.	91.942	966	0.10432
242	192	-13.091	-120.	93.772	966	0.10436
242	185	-13.745	-120.	94.149	966	0.10437
243	201	-11.825	-120.	93.116	966	0.10435
243	205	-11.685	-120.	90.932	966	0.10428
243	214	-9.904	-120.	92.112	966	0.10432
244	201	-11.825	-120.	93.116	966	0.10435
244	214	-9.904	-120.	92.112	966	0.10432
244	206	-11.103	-120.	95.872	966	0.10441
245	201	-11.825	-120.	93.116	966	0.10435
245	206	-11.103	-120.	95.872	966	0.10441
245	193	-12.821	-120.	94.742	966	0.10438
246	201	-11.825	-120.	93.116	966	0.10435
246	193	-12.821	-120.	94.742	966	0.10438
246	192	-13.091	-120.	93.772	966	0.10436
247	201	-11.825	-120.	93.116	966	0.10435
247	192	-13.091	-120.	93.772	966	0.10436
247	196	-12.345	-120.	91.267	966	0.1043
248	201	-11.825	-120.	93.116	966	0.10435
248	196	-12.345	-120.	91.267	966	0.1043
248	205	-11.685	-120.	90.932	966	0.10428
249	281	0.59341	-120.	150.18	972	0.10304
249	286	1.3459	-120.	150.21	972	0.10304
249	278	0.33219	-120.	149.18	972	0.103
250	283	1.0853	-120.	152.07	972	0.10311
250	288	1.8045	-120.	154.98	972	0.10322
250	296	3.2389	-120.	152.16	972	0.10311
251	283	1.0853	-120.	152.07	972	0.10311
251	296	3.2389	-120.	152.16	972	0.10311
251	286	1.3459	-120.	150.21	972	0.10304
252	283	1.0853	-120.	152.07	972	0.10311
252	286	1.3459	-120.	150.21	972	0.10304
252	281	0.59341	-120.	150.18	972	0.10304
253	283	1.0853	-120.	152.07	972	0.10311
253	281	0.59341	-120.	150.18	972	0.10304
253	274	-0.353	-120.	151.97	972	0.1031
254	283	1.0853	-120.	152.07	972	0.10311
254	274	-0.353	-120.	151.97	972	0.1031
254	277	-0.11815	-120.	152.95	972	0.10314
255	283	1.0853	-120.	152.07	972	0.10311
255	277	-0.11815	-120.	152.95	972	0.10314
255	288	1.8045	-120.	154.98	972	0.10322
256	271	-0.83641	-120.	150.06	972	0.10303
256	256	-2.9777	-120.	149.89	972	0.10303
256	265	-1.522	-120.	147.24	972	0.10293
257	271	-0.83641	-120.	150.06	972	0.10303
257	265	-1.522	-120.	147.24	972	0.10293
257	278	0.33219	-120.	149.18	972	0.103
258	271	-0.83641	-120.	150.06	972	0.10303
258	278	0.33219	-120.	149.18	972	0.103
258	281	0.59341	-120.	150.18	972	0.10304
259	271	-0.83641	-120.	150.06	972	0.10303
259	281	0.59341	-120.	150.18	972	0.10304
259	274	-0.353	-120.	151.97	972	0.1031
260	271	-0.83641	-120.	150.06	972	0.10303
260	274	-0.353	-120.	151.97	972	0.1031
260	269	-1.0913	-120.	151.9	972	0.1031
261	271	-0.83641	-120.	150.06	972	0.10303
261	269	-1.0913	-120.	151.9	972	0.1031
261	256	-2.9777	-120.	149.89	972	0.10303
262	274	-0.353	-120.	151.97	972	0.1031
262	269	-1.0913	-120.	151.9	972	0.1031
262	277	-0.11815	-120.	152.95	972	0.10314
263	57	-27.373	-120.	138.94	975	0.103
263	99	-24.821	-120.	142.41	975	0.10296
263	113	-23.261	-120.	139.86	975	0.10298
264	318	7.3448	-120.	91.56	976	0.1043
264	329	9.39	-120.	91.764	976	0.1043
264	324	8.5345	-120.	93.311	976	0.10435
265	318	7.3448	-120.	91.56	976	0.1043
265	324	8.5345	-120.	93.311	976	0.10435
265	315	6.9488	-120.	92.974	976	0.10435
266	318	7.3448	-120.	91.56	976	0.1043
266	315	6.9488	-120.	92.974	976	0.10435
266	306	5.1429	-120.	90.861	976	0.10428
267	318	7.3448	-120.	91.56	976	0.1043
267	306	5.1429	-120.	90.861	976	0.10428
267	310	5.6436	-120.	89.931	976	0.10424
268	318	7.3448	-120.	91.56	976	0.1043
268	310	5.6436	-120.	89.931	976	0.10424
268	322	8.4091	-120.	90.519	976	0.10426
269	318	7.3448	-120.	91.56	976	0.1043
269	322	8.4091	-120.	90.519	976	0.10426
269	329	9.39	-120.	91.764	976	0.1043
270	306	5.1429	-120.	90.861	976	0.10428
270	315	6.9488	-120.	92.974	976	0.10435
270	300	4.2195	-120.	92.615	976	0.10436
271	329	9.39	-120.	91.764	976	0.1043
271	343	11.174	-120.	94.093	976	0.10436
271	324	8.5345	-120.	93.311	976	0.10435
272	322	8.4091	-120.	90.519	976	0.10426
272	310	5.6436	-120.	89.931	976	0.10424
272	313	6.5826	-120.	88.167	976	0.10417
273	260	-2.2653	-120.	90.059	979	0.10425
273	255	-3.011	-120.	90.17	979	0.10426
273	262	-2.0045	-120.	91.016	979	0.10429
274	270	-0.84033	-120.	89.911	979	0.10425
274	272	-0.59171	-120.	88.013	979	0.10416
274	285	1.3031	-120.	89.681	979	0.10424
275	270	-0.84033	-120.	89.911	979	0.10425
275	285	1.3031	-120.	89.681	979	0.10424
275	275	-0.15357	-120.	92.615	979	0.10436
276	270	-0.84033	-120.	89.911	979	0.10425
276	275	-0.15357	-120.	92.615	979	0.10436
276	262	-2.0045	-120.	91.016	979	0.10429
277	270	-0.84033	-120.	89.911	979	0.10425
277	262	-2.0045	-120.	91.016	979	0.10429
277	260	-2.2653	-120.	90.059	979	0.10425
278	270	-0.84033	-120.	89.911	979	0.10425
278	260	-2.2653	-120.	90.059	979	0.10425
278	266	-1.3299	-120.	88.083	979	0.10417
279	270	-0.84033	-120.	89.911	979	0.10425
279	266	-1.3299	-120.	88.083	979	0.10417
279	272	-0.59171	-120.	88.013	979	0.10416
280	264	-1.5709	-120.	87.142	979	0.10413
280	266	-1.3299	-120.	88.083	979	0.10417
280	272	-0.59171	-120.	88.013	979	0.10416
281	258	-2.7619	-120.	88.247	979	0.10418
281	253	-3.4987	-120.	85.463	979	0.10406
281	245	-4.8957	-120.	88.564	979	0.10419
282	258	-2.7619	-120.	88.247	979	0.10418
282	245	-4.8957	-120.	88.564	979	0.10419
282	255	-3.011	-120.	90.17	979	0.10426
283	258	-2.7619	-120.	88.247	979	0.10418
283	255	-3.011	-120.	90.17	979	0.10426
283	260	-2.2653	-120.	90.059	979	0.10425
284	258	-2.7619	-120.	88.247	979	0.10418
284	260	-2.2653	-120.	90.059	979	0.10425
284	266	-1.3299	-120.	88.083	979	0.10417
285	258	-2.7619	-120.	88.247	979	0.10418
285	266	-1.3299	-120.	88.083	979	0.10417
285	264	-1.5709	-120.	87.142	979	0.10413
286	258	-2.7619	-120.	88.247	979	0.10418
286	264	-1.5709	-120.	87.142	979	0.10413
286	253	-3.4987	-120.	85.463	979	0.10406
287	309	5.6436	-120.	89.931	984	0.10424
287	303	4.8924	-120.	89.862	984	0.10424
287	305	5.1429	-120.	90.861	984	0.10428
288	295	3.0008	-120.	87.884	984	0.10416
288	293	2.7559	-120.	86.903	984	0.10412
288	289	2.2612	-120.	87.855	984	0.10416
289	297	3.47	-120.	89.793	984	0.10424
289	305	5.1429	-120.	90.861	984	0.10428
289	300	4.2195	-120.	92.615	984	0.10436
290	297	3.47	-120.	89.793	984	0.10424
290	300	4.2195	-120.	92.615	984	0.10436
290	285	1.3031	-120.	89.681	984	0.10424
291	297	3.47	-120.	89.793	984	0.10424
291	285	1.3031	-120.	89.681	984	0.10424
291	289	2.2612	-120.	87.855	984	0.10416
292	297	3.47	-120.	89.793	984	0.10424
292	289	2.2612	-120.	87.855	984	0.10416
292	295	3.0008	-120.	87.884	984	0.10416
293	297	3.47	-120.	89.793	984	0.10424
293	295	3.0008	-120.	87.884	984	0.10416
293	303	4.8924	-120.	89.862	984	0.10424
294	297	3.47	-120.	89.793	984	0.10424
294	303	4.8924	-120.	89.862	984	0.10424
294	305	5.1429	-120.	90.861	984	0.10428
295	301	4.4345	-120.	87.969	984	0.10416
295	293	2.7559	-120.	86.903	984	0.10412
295	298	3.7317	-120.	85.064	984	0.10404
296	301	4.4345	-120.	87.969	984	0.10416
296	298	3.7317	-120.	85.064	984	0.10404
296	313	6.5826	-120.	88.167	984	0.10417
297	301	4.4345	-120.	87.969	984	0.10416
297	313	6.5826	-120.	88.167	984	0.10417
297	309	5.6436	-120.	89.931	984	0.10424
298	301	4.4345	-120.	87.969	984	0.10416
298	309	5.6436	-120.	89.931	984	0.10424
298	303	4.8924	-120.	89.862	984	0.10424
299	301	4.4345	-120.	87.969	984	0.10416
299	303	4.8924	-120.	89.862	984	0.10424
299	295	3.0008	-120.	87.884	984	0.10416
300	301	4.4345	-120.	87.969	984	0.10416
300	295	3.0008	-120.	87.884	984	0.10416
300	293	2.7559	-120.	86.903	984	0.10412
301	182	-14.524	-120.	96.261	995	0.1044
301	176	-16.032	-120.	95.811	995	0.10439
301	185	-13.745	-120.	94.149	995	0.10437
302	182	-14.524	-120.	96.261	995	0.1044
302	185	-13.745	-120.	94.149	995	0.10437
302	193	-12.821	-120.	94.742	995	0.10438
303	182	-14.524	-120.	96.261	995	0.1044
303	193	-12.821	-120.	94.742	995	0.10438
303	189	-13.45	-120.	97.31	995	0.10442
304	182	-14.524	-120.	96.261	995	0.1044
304	189	-13.45	-120.	97.31	995	0.10442
304	180	-14.762	-120.	98.263	995	0.10441
305	182	-14.524	-120.	96.261	995	0.1044
305	180	-14.762	-120.	98.263	995	0.10441
305	174	-16.334	-120.	97.294	995	0.1044
306	182	-14.524	-120.	96.261	995	0.1044
306	174	-16.334	-120.	97.294	995	0.1044
306	176	-16.032	-120.	95.811	995	0.10439
307	189	-13.45	-120.	97.31	995	0.10442
307	193	-12.821	-120.	94.742	995	0.10438
307	206	-11.103	-120.	95.872	995	0.10441
308	176	-16.032	-120.	95.811	995	0.10439
308	178	-15.485	-120.	93.018	995	0.10434
308	185	-13.745	-120.	94.149	995	0.10437
309	174	-16.334	-120.	97.294	995	0.1044
309	180	-14.762	-120.	98.263	995	0.10441
309	171	-16.855	-120.	100.05	995	0.1044
310	253	-3.4987	-120.	85.463	996	0.10406
310	228	-7.7041	-120.	86.405	996	0.10411
310	245	-4.8957	-120.	88.564	996	0.10419
311	169	-17.251	-120.	143.32	997	0.10295
311	163	-18.192	-120.	144.96	997	0.10296
311	148	-20.24	-120.	142.97	997	0.10295
312	152	-19.63	-120.	147.46	997	0.10297
312	127	-21.862	-120.	145.54	997	0.10295
312	159	-18.684	-120.	145.81	997	0.10296
313	99	-24.821	-120.	142.41	997	0.10296
313	129	-21.791	-120.	142.79	997	0.10296
313	114	-22.843	-120.	144.59	997	0.10295
314	142	-20.602	-120.	144.44	997	0.10295
314	148	-20.24	-120.	142.97	997	0.10295
314	163	-18.192	-120.	144.96	997	0.10296
315	142	-20.602	-120.	144.44	997	0.10295
315	163	-18.192	-120.	144.96	997	0.10296
315	159	-18.684	-120.	145.81	997	0.10296
316	142	-20.602	-120.	144.44	997	0.10295
316	159	-18.684	-120.	145.81	997	0.10296
316	127	-21.862	-120.	145.54	997	0.10295
317	142	-20.602	-120.	144.44	997	0.10295
317	127	-21.862	-120.	145.54	997	0.10295
317	114	-22.843	-120.	144.59	997	0.10295
318	142	-20.602	-120.	144.44	997	0.10295
318	114	-22.843	-120.	144.59	997	0.10295
318	129	-21.791	-120.	142.79	997	0.10296
319	142	-20.602	-120.	144.44	997	0.10295
319	129	-21.791	-120.	142.79	997	0.10296
319	148	-20.24	-120.	142.97	997	0.10295
320	575	36.909	-120.	117.34	999	0.1036
320	573	36.317	-120.	113.07	999	0.1038
320	555	33.96	-120.	115.92	999	0.10367
321	313	6.5826	-120.	88.167	1004	0.10417
321	321	8.0152	-120.	85.538	1004	0.10407
321	298	3.7317	-120.	85.064	1004	0.10404
322	108	-23.689	-120.	103.77	1024	0.10433
322	103	-24.368	-120.	105.63	1024	0.10429
322	78	-26.081	-120.	104.59	1024	0.10431
323	108	-23.689	-120.	103.77	1024	0.10433
323	78	-26.081	-120.	104.59	1024	0.10431
323	90	-25.369	-120.	103.36	1024	0.10434
324	108	-23.689	-120.	103.77	1024	0.10433
324	90	-25.369	-120.	103.36	1024	0.10434
324	122	-22.197	-120.	101.87	1024	0.10437
325	108	-23.689	-120.	103.77	1024	0.10433
325	122	-22.197	-120.	101.87	1024	0.10437
325	135	-21.358	-120.	102.37	1024	0.10436
326	108	-23.689	-120.	103.77	1024	0.10433
326	135	-21.358	-120.	102.37	1024	0.10436
326	116	-22.763	-120.	104.8	1024	0.10431
327	108	-23.689	-120.	103.77	1024	0.10433
327	116	-22.763	-120.	104.8	1024	0.10431
327	103	-24.368	-120.	105.63	1024	0.10429
328	122	-22.197	-120.	101.87	1024	0.10437
328	90	-25.369	-120.	103.36	1024	0.10434
328	107	-23.785	-120.	100.93	1024	0.10438
329	103	-24.368	-120.	105.63	1024	0.10429
329	55	-27.388	-120.	107.17	1024	0.10424
329	78	-26.081	-120.	104.59	1024	0.10431
330	116	-22.763	-120.	104.8	1024	0.10431
330	135	-21.358	-120.	102.37	1024	0.10436
330	151	-19.781	-120.	103.3	1024	0.10435
331	84	-25.691	-120.	136.27	1035	0.10306
331	64	-26.981	-120.	133.72	1035	0.10313
331	101	-24.589	-120.	134.53	1035	0.1031
332	27	-29.479	-120.	135.18	1035	0.10309
332	10	-30.643	-120.	132.48	1035	0.10317
332	41	-28.225	-120.	133.31	1035	0.10314
333	54	-27.584	-120.	135.34	1035	0.10308
333	27	-29.479	-120.	135.18	1035	0.10309
333	41	-28.225	-120.	133.31	1035	0.10314
334	54	-27.584	-120.	135.34	1035	0.10308
334	41	-28.225	-120.	133.31	1035	0.10314
334	64	-26.981	-120.	133.72	1035	0.10313
335	54	-27.584	-120.	135.34	1035	0.10308
335	64	-26.981	-120.	133.72	1035	0.10313
335	84	-25.691	-120.	136.27	1035	0.10306
336	54	-27.584	-120.	135.34	1035	0.10308
336	84	-25.691	-120.	136.27	1035	0.10306
336	75	-26.268	-120.	137.17	1035	0.10303
337	54	-27.584	-120.	135.34	1035	0.10308
337	75	-26.268	-120.	137.17	1035	0.10303
337	34	-28.862	-120.	136.4	1035	0.10306
338	54	-27.584	-120.	135.34	1035	0.10308
338	34	-28.862	-120.	136.4	1035	0.10306
338	27	-29.479	-120.	135.18	1035	0.10309
339	57	-27.373	-120.	138.94	1035	0.103
339	34	-28.862	-120.	136.4	1035	0.10306
339	75	-26.268	-120.	137.17	1035	0.10303
340	131	-21.647	-120.	137.26	1036	0.10303
340	118	-22.638	-120.	137.55	1036	0.10302
340	120	-22.202	-120.	138.16	1036	0.10301
341	92	-25.296	-120.	136.9	1036	0.10304
341	85	-25.691	-120.	136.27	1036	0.10306
341	74	-26.268	-120.	137.17	1036	0.10303
342	102	-24.506	-120.	138.1	1036	0.10301
342	120	-22.202	-120.	138.16	1036	0.10301
342	113	-23.261	-120.	139.86	1036	0.10298
343	102	-24.506	-120.	138.1	1036	0.10301
343	113	-23.261	-120.	139.86	1036	0.10298
343	57	-27.373	-120.	138.94	1036	0.103
344	102	-24.506	-120.	138.1	1036	0.10301
344	57	-27.373	-120.	138.94	1036	0.103
344	74	-26.268	-120.	137.17	1036	0.10303
345	102	-24.506	-120.	138.1	1036	0.10301
345	74	-26.268	-120.	137.17	1036	0.10303
345	92	-25.296	-120.	136.9	1036	0.10304
346	102	-24.506	-120.	138.1	1036	0.10301
346	92	-25.296	-120.	136.9	1036	0.10304
346	118	-22.638	-120.	137.55	1036	0.10302
347	102	-24.506	-120.	138.1	1036	0.10301
347	118	-22.638	-120.	137.55	1036	0.10302
347	120	-22.202	-120.	138.16	1036	0.10301
348	111	-23.409	-120.	136.35	1036	0.10305
348	85	-25.691	-120.	136.27	1036	0.10306
348	101	-24.589	-120.	134.53	1036	0.1031
349	111	-23.409	-120.	136.35	1036	0.10305
349	101	-24.589	-120.	134.53	1036	0.1031
349	143	-20.59	-120.	135.59	1036	0.10307
350	111	-23.409	-120.	136.35	1036	0.10305
350	143	-20.59	-120.	135.59	1036	0.10307
350	131	-21.647	-120.	137.26	1036	0.10303
351	111	-23.409	-120.	136.35	1036	0.10305
351	131	-21.647	-120.	137.26	1036	0.10303
351	118	-22.638	-120.	137.55	1036	0.10302
352	111	-23.409	-120.	136.35	1036	0.10305
352	118	-22.638	-120.	137.55	1036	0.10302
352	92	-25.296	-120.	136.9	1036	0.10304
353	111	-23.409	-120.	136.35	1036	0.10305
353	92	-25.296	-120.	136.9	1036	0.10304
353	85	-25.691	-120.	136.27	1036	0.10306
354	149	-19.941	-120.	138.82	1037	0.10299
354	166	-17.829	-120.	138.97	1037	0.10299
354	158	-18.742	-120.	140.49	1037	0.10297
355	149	-19.941	-120.	138.82	1037	0.10299
355	158	-18.742	-120.	140.49	1037	0.10297
355	147	-20.31	-120.	140.26	1037	0.10297
356	149	-19.941	-120.	138.82	1037	0.10299
356	147	-20.31	-120.	140.26	1037	0.10297
356	121	-22.202	-120.	138.16	1037	0.10301
357	149	-19.941	-120.	138.82	1037	0.10299
357	121	-22.202	-120.	138.16	1037	0.10301
357	132	-21.647	-120.	137.26	1037	0.10303
358	149	-19.941	-120.	138.82	1037	0.10299
358	132	-21.647	-120.	137.26	1037	0.10303
358	154	-18.914	-120.	137.77	1037	0.10301
359	149	-19.941	-120.	138.82	1037	0.10299
359	154	-18.914	-120.	137.77	1037	0.10301
359	166	-17.829	-120.	138.97	1037	0.10299
360	121	-22.202	-120.	138.16	1037	0.10301
360	147	-20.31	-120.	140.26	1037	0.10297
360	113	-23.261	-120.	139.86	1037	0.10298
361	166	-17.829	-120.	138.97	1037	0.10299
361	177	-15.833	-120.	140.87	1037	0.10295
361	158	-18.742	-120.	140.49	1037	0.10297
362	154	-18.914	-120.	137.77	1037	0.10301
362	132	-21.647	-120.	137.26	1037	0.10303
362	143	-20.59	-120.	135.59	1037	0.10307
363	86	-25.532	-120.	128.87	1041	0.10331
363	71	-26.322	-120.	130.55	1041	0.10324
363	62	-27.196	-120.	127.86	1041	0.10335
364	86	-25.532	-120.	128.87	1041	0.10331
364	62	-27.196	-120.	127.86	1041	0.10335
364	69	-26.429	-120.	126.87	1041	0.10339
365	86	-25.532	-120.	128.87	1041	0.10331
365	69	-26.429	-120.	126.87	1041	0.10339
365	105	-24.331	-120.	127.71	1041	0.10335
366	86	-25.532	-120.	128.87	1041	0.10331
366	105	-24.331	-120.	127.71	1041	0.10335
366	106	-23.83	-120.	129.26	1041	0.10329
367	86	-25.532	-120.	128.87	1041	0.10331
367	106	-23.83	-120.	129.26	1041	0.10329
367	95	-25.087	-120.	131.	1041	0.10322
368	86	-25.532	-120.	128.87	1041	0.10331
368	95	-25.087	-120.	131.	1041	0.10322
368	71	-26.322	-120.	130.55	1041	0.10324
369	105	-24.331	-120.	127.71	1041	0.10335
369	69	-26.429	-120.	126.87	1041	0.10339
369	96	-24.974	-120.	125.04	1041	0.10347
370	71	-26.322	-120.	130.55	1041	0.10324
370	35	-28.656	-120.	129.72	1041	0.10327
370	62	-27.196	-120.	127.86	1041	0.10335
371	95	-25.087	-120.	131.	1041	0.10322
371	106	-23.83	-120.	129.26	1041	0.10329
371	115	-22.777	-120.	131.8	1041	0.10319
372	61	-27.224	-120.	112.18	1056	0.10406
372	100	-24.688	-120.	113.62	1056	0.104
372	112	-23.336	-120.	109.46	1056	0.10416
373	150	-19.798	-120.	140.81	1065	0.10297
373	157	-18.742	-120.	140.49	1065	0.10297
373	146	-20.31	-120.	140.26	1065	0.10297
374	156	-18.773	-120.	141.82	1065	0.10296
374	169	-17.251	-120.	143.32	1065	0.10295
374	177	-15.833	-120.	140.87	1065	0.10295
375	156	-18.773	-120.	141.82	1065	0.10296
375	177	-15.833	-120.	140.87	1065	0.10295
375	157	-18.742	-120.	140.49	1065	0.10297
376	156	-18.773	-120.	141.82	1065	0.10296
376	157	-18.742	-120.	140.49	1065	0.10297
376	150	-19.798	-120.	140.81	1065	0.10297
377	156	-18.773	-120.	141.82	1065	0.10296
377	150	-19.798	-120.	140.81	1065	0.10297
377	141	-20.774	-120.	142.45	1065	0.10296
378	156	-18.773	-120.	141.82	1065	0.10296
378	141	-20.774	-120.	142.45	1065	0.10296
378	148	-20.24	-120.	142.97	1065	0.10295
379	156	-18.773	-120.	141.82	1065	0.10296
379	148	-20.24	-120.	142.97	1065	0.10295
379	169	-17.251	-120.	143.32	1065	0.10295
380	128	-21.792	-120.	141.43	1065	0.10296
380	99	-24.821	-120.	142.41	1065	0.10296
380	113	-23.261	-120.	139.86	1065	0.10298
381	128	-21.792	-120.	141.43	1065	0.10296
381	113	-23.261	-120.	139.86	1065	0.10298
381	146	-20.31	-120.	140.26	1065	0.10297
382	128	-21.792	-120.	141.43	1065	0.10296
382	146	-20.31	-120.	140.26	1065	0.10297
382	150	-19.798	-120.	140.81	1065	0.10297
383	128	-21.792	-120.	141.43	1065	0.10296
383	150	-19.798	-120.	140.81	1065	0.10297
383	141	-20.774	-120.	142.45	1065	0.10296
384	128	-21.792	-120.	141.43	1065	0.10296
384	141	-20.774	-120.	142.45	1065	0.10296
384	129	-21.791	-120.	142.79	1065	0.10296
385	128	-21.792	-120.	141.43	1065	0.10296
385	129	-21.791	-120.	142.79	1065	0.10296
385	99	-24.821	-120.	142.41	1065	0.10296
386	141	-20.774	-120.	142.45	1065	0.10296
386	129	-21.791	-120.	142.79	1065	0.10296
386	148	-20.24	-120.	142.97	1065	0.10295
387	77	-26.164	-120.	103.72	1069	0.10433
387	79	-26.081	-120.	104.59	1069	0.10431
387	89	-25.369	-120.	103.36	1069	0.10434
388	76	-26.232	-120.	102.02	1069	0.10436
388	47	-27.911	-120.	101.92	1069	0.10436
388	73	-26.285	-120.	99.47	1069	0.10439
389	76	-26.232	-120.	102.02	1069	0.10436
389	73	-26.285	-120.	99.47	1069	0.10439
389	107	-23.785	-120.	100.93	1069	0.10438
390	76	-26.232	-120.	102.02	1069	0.10436
390	107	-23.785	-120.	100.93	1069	0.10438
390	89	-25.369	-120.	103.36	1069	0.10434
391	76	-26.232	-120.	102.02	1069	0.10436
391	89	-25.369	-120.	103.36	1069	0.10434
391	77	-26.164	-120.	103.72	1069	0.10433
392	76	-26.232	-120.	102.02	1069	0.10436
392	77	-26.164	-120.	103.72	1069	0.10433
392	48	-27.878	-120.	102.73	1069	0.10435
393	76	-26.232	-120.	102.02	1069	0.10436
393	48	-27.878	-120.	102.73	1069	0.10435
393	47	-27.911	-120.	101.92	1069	0.10436
394	37	-28.595	-120.	103.11	1069	0.10434
394	48	-27.878	-120.	102.73	1069	0.10435
394	47	-27.911	-120.	101.92	1069	0.10436
395	51	-27.669	-120.	104.51	1069	0.10431
395	20	-29.906	-120.	105.74	1069	0.10428
395	55	-27.388	-120.	107.17	1069	0.10424
396	51	-27.669	-120.	104.51	1069	0.10431
396	55	-27.388	-120.	107.17	1069	0.10424
396	79	-26.081	-120.	104.59	1069	0.10431
397	51	-27.669	-120.	104.51	1069	0.10431
397	79	-26.081	-120.	104.59	1069	0.10431
397	77	-26.164	-120.	103.72	1069	0.10433
398	51	-27.669	-120.	104.51	1069	0.10431
398	77	-26.164	-120.	103.72	1069	0.10433
398	48	-27.878	-120.	102.73	1069	0.10435
399	51	-27.669	-120.	104.51	1069	0.10431
399	48	-27.878	-120.	102.73	1069	0.10435
399	37	-28.595	-120.	103.11	1069	0.10434
400	51	-27.669	-120.	104.51	1069	0.10431
400	37	-28.595	-120.	103.11	1069	0.10434
400	20	-29.906	-120.	105.74	1069	0.10428
401	417	21.839	-120.	142.89	1084	0.10288
401	424	22.411	-120.	142.4	1084	0.10288
401	413	21.536	-120.	141.87	1084	0.10288
402	425	22.428	-120.	144.8	1084	0.1029
402	430	23.336	-120.	147.74	1084	0.10295
402	434	24.064	-120.	143.4	1084	0.10289
403	425	22.428	-120.	144.8	1084	0.1029
403	434	24.064	-120.	143.4	1084	0.10289
403	424	22.411	-120.	142.4	1084	0.10288
404	425	22.428	-120.	144.8	1084	0.1029
404	424	22.411	-120.	142.4	1084	0.10288
404	417	21.839	-120.	142.89	1084	0.10288
405	425	22.428	-120.	144.8	1084	0.1029
405	417	21.839	-120.	142.89	1084	0.10288
405	411	21.309	-120.	145.7	1084	0.10292
406	425	22.428	-120.	144.8	1084	0.1029
406	411	21.309	-120.	145.7	1084	0.10292
406	414	21.609	-120.	146.7	1084	0.10294
407	425	22.428	-120.	144.8	1084	0.1029
407	414	21.609	-120.	146.7	1084	0.10294
407	430	23.336	-120.	147.74	1084	0.10295
408	403	20.72	-120.	143.77	1084	0.10289
408	393	19.016	-120.	145.11	1084	0.10291
408	399	19.899	-120.	140.87	1084	0.10287
409	403	20.72	-120.	143.77	1084	0.10289
409	399	19.899	-120.	140.87	1084	0.10287
409	413	21.536	-120.	141.87	1084	0.10288
410	403	20.72	-120.	143.77	1084	0.10289
410	413	21.536	-120.	141.87	1084	0.10288
410	417	21.839	-120.	142.89	1084	0.10288
411	403	20.72	-120.	143.77	1084	0.10289
411	417	21.839	-120.	142.89	1084	0.10288
411	411	21.309	-120.	145.7	1084	0.10292
412	403	20.72	-120.	143.77	1084	0.10289
412	411	21.309	-120.	145.7	1084	0.10292
412	404	20.723	-120.	146.15	1084	0.10293
413	403	20.72	-120.	143.77	1084	0.10289
413	404	20.723	-120.	146.15	1084	0.10293
413	393	19.016	-120.	145.11	1084	0.10291
414	411	21.309	-120.	145.7	1084	0.10292
414	404	20.723	-120.	146.15	1084	0.10293
414	414	21.609	-120.	146.7	1084	0.10294
415	346	11.663	-120.	147.66	1097	0.10295
415	349	11.922	-120.	148.61	1097	0.10298
415	354	12.635	-120.	148.36	1097	0.10298
416	342	11.047	-120.	150.83	1097	0.10306
416	334	10.335	-120.	151.03	1097	0.10307
416	345	11.293	-120.	151.76	1097	0.10309
417	351	12.422	-120.	150.4	1097	0.10304
417	354	12.635	-120.	148.36	1097	0.10298
417	362	14.46	-120.	149.69	1097	0.10302
418	351	12.422	-120.	150.4	1097	0.10304
418	362	14.46	-120.	149.69	1097	0.10302
418	356	13.174	-120.	153.16	1097	0.10314
419	351	12.422	-120.	150.4	1097	0.10304
419	356	13.174	-120.	153.16	1097	0.10314
419	345	11.293	-120.	151.76	1097	0.10309
420	351	12.422	-120.	150.4	1097	0.10304
420	345	11.293	-120.	151.76	1097	0.10309
420	342	11.047	-120.	150.83	1097	0.10306
421	351	12.422	-120.	150.4	1097	0.10304
421	342	11.047	-120.	150.83	1097	0.10306
421	349	11.922	-120.	148.61	1097	0.10298
422	351	12.422	-120.	150.4	1097	0.10304
422	349	11.922	-120.	148.61	1097	0.10298
422	354	12.635	-120.	148.36	1097	0.10298
423	338	10.553	-120.	149.02	1097	0.10299
423	334	10.335	-120.	151.03	1097	0.10307
423	323	8.4836	-120.	149.65	1097	0.10302
424	338	10.553	-120.	149.02	1097	0.10299
424	323	8.4836	-120.	149.65	1097	0.10302
424	332	9.8655	-120.	146.33	1097	0.1029
425	338	10.553	-120.	149.02	1097	0.10299
425	332	9.8655	-120.	146.33	1097	0.1029
425	346	11.663	-120.	147.66	1097	0.10295
426	338	10.553	-120.	149.02	1097	0.10299
426	346	11.663	-120.	147.66	1097	0.10295
426	349	11.922	-120.	148.61	1097	0.10298
427	338	10.553	-120.	149.02	1097	0.10299
427	349	11.922	-120.	148.61	1097	0.10298
427	342	11.047	-120.	150.83	1097	0.10306
428	338	10.553	-120.	149.02	1097	0.10299
428	342	11.047	-120.	150.83	1097	0.10306
428	334	10.335	-120.	151.03	1097	0.10307
429	393	19.016	-120.	145.11	1104	0.10291
429	399	19.899	-120.	140.87	1104	0.10287
429	375	16.361	-120.	143.44	1104	0.10287
430	436	24.303	-120.	140.3	1108	0.10288
430	440	24.802	-120.	139.73	1108	0.10288
430	438	24.441	-120.	138.64	1108	0.10289
431	450	26.414	-120.	140.68	1108	0.10288
431	455	26.788	-120.	141.73	1108	0.10288
431	457	26.876	-120.	140.1	1108	0.10288
432	446	25.708	-120.	138.62	1108	0.10289
432	438	24.441	-120.	138.64	1108	0.10289
432	439	24.656	-120.	135.59	1108	0.10293
433	446	25.708	-120.	138.62	1108	0.10289
433	439	24.656	-120.	135.59	1108	0.10293
433	460	27.061	-120.	136.97	1108	0.10291
434	446	25.708	-120.	138.62	1108	0.10289
434	460	27.061	-120.	136.97	1108	0.10291
434	457	26.876	-120.	140.1	1108	0.10288
435	446	25.708	-120.	138.62	1108	0.10289
435	457	26.876	-120.	140.1	1108	0.10288
435	450	26.414	-120.	140.68	1108	0.10288
436	446	25.708	-120.	138.62	1108	0.10289
436	450	26.414	-120.	140.68	1108	0.10288
436	440	24.802	-120.	139.73	1108	0.10288
437	446	25.708	-120.	138.62	1108	0.10289
437	440	24.802	-120.	139.73	1108	0.10288
437	438	24.441	-120.	138.64	1108	0.10289
438	445	25.493	-120.	141.79	1108	0.10288
438	455	26.788	-120.	141.73	1108	0.10288
438	452	26.586	-120.	144.91	1108	0.1029
439	445	25.493	-120.	141.79	1108	0.10288
439	452	26.586	-120.	144.91	1108	0.1029
439	434	24.064	-120.	143.4	1108	0.10289
440	445	25.493	-120.	141.79	1108	0.10288
440	434	24.064	-120.	143.4	1108	0.10289
440	436	24.303	-120.	140.3	1108	0.10288
441	445	25.493	-120.	141.79	1108	0.10288
441	436	24.303	-120.	140.3	1108	0.10288
441	440	24.802	-120.	139.73	1108	0.10288
442	445	25.493	-120.	141.79	1108	0.10288
442	440	24.802	-120.	139.73	1108	0.10288
442	450	26.414	-120.	140.68	1108	0.10288
443	445	25.493	-120.	141.79	1108	0.10288
443	450	26.414	-120.	140.68	1108	0.10288
443	455	26.788	-120.	141.73	1108	0.10288
444	88	-25.431	-120.	120.69	1109	0.10367
444	44	-28.087	-120.	123.61	1109	0.10354
444	96	-24.974	-120.	125.04	1109	0.10347
445	362	14.46	-120.	149.69	1115	0.10302
445	356	13.174	-120.	153.16	1115	0.10314
445	380	17.167	-120.	151.53	1115	0.10307
446	308	5.588	-120.	147.24	1140	0.10292
446	323	8.4836	-120.	149.65	1140	0.10302
446	332	9.8655	-120.	146.33	1140	0.1029
447	508	30.804	-120.	116.74	1153	0.10363
447	480	29.255	-120.	116.32	1153	0.10365
447	506	30.803	-120.	114.51	1153	0.10374
448	508	30.804	-120.	116.74	1153	0.10363
448	506	30.803	-120.	114.51	1153	0.10374
448	527	31.894	-120.	115.	1153	0.10372
449	508	30.804	-120.	116.74	1153	0.10363
449	527	31.894	-120.	115.	1153	0.10372
449	532	32.19	-120.	117.81	1153	0.10358
450	508	30.804	-120.	116.74	1153	0.10363
450	532	32.19	-120.	117.81	1153	0.10358
450	515	31.257	-120.	118.83	1153	0.10353
451	508	30.804	-120.	116.74	1153	0.10363
451	515	31.257	-120.	118.83	1153	0.10353
451	487	29.425	-120.	117.94	1153	0.10358
452	508	30.804	-120.	116.74	1153	0.10363
452	487	29.425	-120.	117.94	1153	0.10358
452	480	29.255	-120.	116.32	1153	0.10365
453	532	32.19	-120.	117.81	1153	0.10358
453	527	31.894	-120.	115.	1153	0.10372
453	555	33.96	-120.	115.92	1153	0.10367
454	480	29.255	-120.	116.32	1153	0.10365
454	477	28.754	-120.	113.62	1153	0.10378
454	506	30.803	-120.	114.51	1153	0.10374
455	487	29.425	-120.	117.94	1153	0.10358
455	515	31.257	-120.	118.83	1153	0.10353
455	491	29.497	-120.	120.69	1153	0.10345
456	466	27.921	-120.	96.479	1215	0.10432
456	441	24.832	-120.	93.474	1215	0.10432
456	431	23.352	-120.	95.976	1215	0.10432
457	67	-26.804	-120.	117.53	1253	0.10382
457	66	-26.814	-120.	115.45	1253	0.10392
457	93	-25.189	-120.	116.32	1253	0.10388
458	67	-26.804	-120.	117.53	1253	0.10382
458	93	-25.189	-120.	116.32	1253	0.10388
458	91	-25.359	-120.	117.94	1253	0.1038
459	67	-26.804	-120.	117.53	1253	0.10382
459	91	-25.359	-120.	117.94	1253	0.1038
459	60	-27.268	-120.	119.76	1253	0.10372
460	67	-26.804	-120.	117.53	1253	0.10382
460	60	-27.268	-120.	119.76	1253	0.10372
460	39	-28.244	-120.	119.26	1253	0.10374
461	67	-26.804	-120.	117.53	1253	0.10382
461	39	-28.244	-120.	119.26	1253	0.10374
461	46	-27.948	-120.	116.45	1253	0.10387
462	67	-26.804	-120.	117.53	1253	0.10382
462	46	-27.948	-120.	116.45	1253	0.10387
462	66	-26.814	-120.	115.45	1253	0.10392
463	60	-27.268	-120.	119.76	1253	0.10372
463	91	-25.359	-120.	117.94	1253	0.1038
463	88	-25.431	-120.	120.69	1253	0.10367
464	66	-26.814	-120.	115.45	1253	0.10392
464	100	-24.688	-120.	113.62	1253	0.104
464	93	-25.189	-120.	116.32	1253	0.10388
465	46	-27.948	-120.	116.45	1253	0.10387
465	39	-28.244	-120.	119.26	1253	0.10374
465	16	-30.093	-120.	118.32	1253	0.10378
466	33	-28.882	-120.	111.23	1255	0.1041
466	61	-27.224	-120.	112.18	1255	0.10406
466	30	-29.43	-120.	114.03	1255	0.10398
467	13	-30.536	-120.	112.93	1255	0.10402
467	33	-28.882	-120.	111.23	1255	0.1041
467	30	-29.43	-120.	114.03	1255	0.10398
468	13	-30.536	-120.	112.93	1255	0.10402
468	30	-29.43	-120.	114.03	1255	0.10398
468	11	-30.578	-120.	114.99	1255	0.10394
469	13	-30.536	-120.	112.93	1255	0.10402
469	11	-30.578	-120.	114.99	1255	0.10394
469	4	-32.421	-120.	113.97	1255	0.10398
470	13	-30.536	-120.	112.93	1255	0.10402
470	4	-32.421	-120.	113.97	1255	0.10398
470	5	-32.159	-120.	112.62	1255	0.10403
471	13	-30.536	-120.	112.93	1255	0.10402
471	5	-32.159	-120.	112.62	1255	0.10403
471	22	-29.748	-120.	110.74	1255	0.10411
472	13	-30.536	-120.	112.93	1255	0.10402
472	22	-29.748	-120.	110.74	1255	0.10411
472	33	-28.882	-120.	111.23	1255	0.1041
473	4	-32.421	-120.	113.97	1255	0.10398
473	11	-30.578	-120.	114.99	1255	0.10394
473	1	-32.805	-120.	116.88	1255	0.10385
474	5	-32.159	-120.	112.62	1255	0.10403
474	7	-31.417	-120.	109.78	1255	0.10415
474	22	-29.748	-120.	110.74	1255	0.10411
475	381	17.43	-120.	91.87	1256	0.10429
475	392	18.881	-120.	89.348	1256	0.10424
475	364	14.983	-120.	87.508	1256	0.10417
476	81	-26.046	-120.	131.25	1264	0.10321
476	94	-25.087	-120.	131.	1264	0.10322
476	72	-26.322	-120.	130.55	1264	0.10324
477	49	-27.864	-120.	131.72	1264	0.1032
477	41	-28.225	-120.	133.31	1264	0.10314
477	10	-30.643	-120.	132.48	1264	0.10317
478	49	-27.864	-120.	131.72	1264	0.1032
478	10	-30.643	-120.	132.48	1264	0.10317
478	35	-28.656	-120.	129.72	1264	0.10327
479	49	-27.864	-120.	131.72	1264	0.1032
479	35	-28.656	-120.	129.72	1264	0.10327
479	72	-26.322	-120.	130.55	1264	0.10324
480	49	-27.864	-120.	131.72	1264	0.1032
480	72	-26.322	-120.	130.55	1264	0.10324
480	81	-26.046	-120.	131.25	1264	0.10321
481	49	-27.864	-120.	131.72	1264	0.1032
481	81	-26.046	-120.	131.25	1264	0.10321
481	58	-27.289	-120.	133.05	1264	0.10315
482	49	-27.864	-120.	131.72	1264	0.1032
482	58	-27.289	-120.	133.05	1264	0.10315
482	41	-28.225	-120.	133.31	1264	0.10314
483	64	-26.981	-120.	133.72	1264	0.10313
483	58	-27.289	-120.	133.05	1264	0.10315
483	41	-28.225	-120.	133.31	1264	0.10314
484	87	-25.462	-120.	132.56	1264	0.10317
484	101	-24.589	-120.	134.53	1264	0.1031
484	115	-22.777	-120.	131.8	1264	0.10319
485	87	-25.462	-120.	132.56	1264	0.10317
485	115	-22.777	-120.	131.8	1264	0.10319
485	94	-25.087	-120.	131.	1264	0.10322
486	87	-25.462	-120.	132.56	1264	0.10317
486	94	-25.087	-120.	131.	1264	0.10322
486	81	-26.046	-120.	131.25	1264	0.10321
487	87	-25.462	-120.	132.56	1264	0.10317
487	81	-26.046	-120.	131.25	1264	0.10321
487	58	-27.289	-120.	133.05	1264	0.10315
488	87	-25.462	-120.	132.56	1264	0.10317
488	58	-27.289	-120.	133.05	1264	0.10315
488	64	-26.981	-120.	133.72	1264	0.10313
489	87	-25.462	-120.	132.56	1264	0.10317
489	64	-26.981	-120.	133.72	1264	0.10313
489	101	-24.589	-120.	134.53	1264	0.1031
490	184	-14.334	-120.	145.42	1276	0.10295
490	186	-13.704	-120.	145.83	1276	0.10296
490	191	-13.215	-120.	145.	1276	0.10295
491	173	-16.43	-120.	146.22	1276	0.10296
491	152	-19.63	-120.	147.46	1276	0.10297
491	181	-14.63	-120.	147.4	1276	0.10298
492	173	-16.43	-120.	146.22	1276	0.10296
492	181	-14.63	-120.	147.4	1276	0.10298
492	186	-13.704	-120.	145.83	1276	0.10296
493	173	-16.43	-120.	146.22	1276	0.10296
493	186	-13.704	-120.	145.83	1276	0.10296
493	184	-14.334	-120.	145.42	1276	0.10295
494	173	-16.43	-120.	146.22	1276	0.10296
494	184	-14.334	-120.	145.42	1276	0.10295
494	168	-17.598	-120.	145.4	1276	0.10296
495	173	-16.43	-120.	146.22	1276	0.10296
495	168	-17.598	-120.	145.4	1276	0.10296
495	160	-18.684	-120.	145.81	1276	0.10296
496	173	-16.43	-120.	146.22	1276	0.10296
496	160	-18.684	-120.	145.81	1276	0.10296
496	152	-19.63	-120.	147.46	1276	0.10297
497	179	-15.481	-120.	144.59	1276	0.10295
497	169	-17.251	-120.	143.32	1276	0.10295
497	197	-12.295	-120.	143.44	1276	0.10293
498	179	-15.481	-120.	144.59	1276	0.10295
498	197	-12.295	-120.	143.44	1276	0.10293
498	191	-13.215	-120.	145.	1276	0.10295
499	179	-15.481	-120.	144.59	1276	0.10295
499	191	-13.215	-120.	145.	1276	0.10295
499	184	-14.334	-120.	145.42	1276	0.10295
500	179	-15.481	-120.	144.59	1276	0.10295
500	184	-14.334	-120.	145.42	1276	0.10295
500	168	-17.598	-120.	145.4	1276	0.10296
501	179	-15.481	-120.	144.59	1276	0.10295
501	168	-17.598	-120.	145.4	1276	0.10296
501	164	-18.192	-120.	144.96	1276	0.10296
502	179	-15.481	-120.	144.59	1276	0.10295
502	164	-18.192	-120.	144.96	1276	0.10296
502	169	-17.251	-120.	143.32	1276	0.10295
503	168	-17.598	-120.	145.4	1276	0.10296
503	164	-18.192	-120.	144.96	1276	0.10296
503	160	-18.684	-120.	145.81	1276	0.10296
504	20	-29.906	-120.	105.74	1287	0.10428
504	7	-31.417	-120.	109.78	1287	0.10415
504	55	-27.388	-120.	107.17	1287	0.10424
505	203	-11.708	-120.	147.15	1310	0.10297
505	191	-13.215	-120.	145.	1310	0.10295
505	211	-10.674	-120.	146.2	1310	0.10296
506	203	-11.708	-120.	147.15	1310	0.10297
506	211	-10.674	-120.	146.2	1310	0.10296
506	216	-9.7773	-120.	147.68	1310	0.10298
507	203	-11.708	-120.	147.15	1310	0.10297
507	216	-9.7773	-120.	147.68	1310	0.10298
507	209	-10.796	-120.	149.39	1310	0.10302
508	203	-11.708	-120.	147.15	1310	0.10297
508	209	-10.796	-120.	149.39	1310	0.10302
508	200	-12.084	-120.	148.78	1310	0.103
509	203	-11.708	-120.	147.15	1310	0.10297
509	200	-12.084	-120.	148.78	1310	0.103
509	186	-13.704	-120.	145.83	1310	0.10296
510	203	-11.708	-120.	147.15	1310	0.10297
510	186	-13.704	-120.	145.83	1310	0.10296
510	191	-13.215	-120.	145.	1310	0.10295
511	209	-10.796	-120.	149.39	1310	0.10302
511	216	-9.7773	-120.	147.68	1310	0.10298
511	226	-8.113	-120.	150.47	1310	0.10305
512	191	-13.215	-120.	145.	1310	0.10295
512	197	-12.295	-120.	143.44	1310	0.10293
512	211	-10.674	-120.	146.2	1310	0.10296
513	186	-13.704	-120.	145.83	1310	0.10296
513	200	-12.084	-120.	148.78	1310	0.103
513	181	-14.63	-120.	147.4	1310	0.10298
514	288	1.8045	-120.	154.98	1350	0.10322
514	311	6.1077	-120.	154.74	1350	0.10321
514	296	3.2389	-120.	152.16	1350	0.10311
515	430	23.336	-120.	147.74	1355	0.10295
515	452	26.586	-120.	144.91	1355	0.1029
515	434	24.064	-120.	143.4	1355	0.10289
516	372	15.89	-120.	146.87	1362	0.10294
516	369	15.629	-120.	145.89	1362	0.10292
516	366	15.218	-120.	147.21	1362	0.10295
517	379	17.139	-120.	146.16	1362	0.10293
517	393	19.016	-120.	145.11	1362	0.10291
517	375	16.361	-120.	143.44	1362	0.10287
518	379	17.139	-120.	146.16	1362	0.10293
518	375	16.361	-120.	143.44	1362	0.10287
518	369	15.629	-120.	145.89	1362	0.10292
519	379	17.139	-120.	146.16	1362	0.10293
519	369	15.629	-120.	145.89	1362	0.10292
519	372	15.89	-120.	146.87	1362	0.10294
520	379	17.139	-120.	146.16	1362	0.10293
520	372	15.89	-120.	146.87	1362	0.10294
520	383	17.646	-120.	148.02	1362	0.10297
521	379	17.139	-120.	146.16	1362	0.10293
521	383	17.646	-120.	148.02	1362	0.10297
521	386	18.289	-120.	147.65	1362	0.10296
522	379	17.139	-120.	146.16	1362	0.10293
522	386	18.289	-120.	147.65	1362	0.10296
522	393	19.016	-120.	145.11	1362	0.10291
523	376	16.383	-120.	148.72	1362	0.10299
523	380	17.167	-120.	151.53	1362	0.10307
523	362	14.46	-120.	149.69	1362	0.10302
524	376	16.383	-120.	148.72	1362	0.10299
524	362	14.46	-120.	149.69	1362	0.10302
524	366	15.218	-120.	147.21	1362	0.10295
525	376	16.383	-120.	148.72	1362	0.10299
525	366	15.218	-120.	147.21	1362	0.10295
525	372	15.89	-120.	146.87	1362	0.10294
526	376	16.383	-120.	148.72	1362	0.10299
526	372	15.89	-120.	146.87	1362	0.10294
526	383	17.646	-120.	148.02	1362	0.10297
527	376	16.383	-120.	148.72	1362	0.10299
527	383	17.646	-120.	148.02	1362	0.10297
527	384	17.918	-120.	148.97	1362	0.10299
528	376	16.383	-120.	148.72	1362	0.10299
528	384	17.918	-120.	148.97	1362	0.10299
528	380	17.167	-120.	151.53	1362	0.10307
529	383	17.646	-120.	148.02	1362	0.10297
529	384	17.918	-120.	148.97	1362	0.10299
529	386	18.289	-120.	147.65	1362	0.10296
530	358	13.591	-120.	146.55	1363	0.10293
530	359	13.941	-120.	144.75	1363	0.10288
530	370	15.629	-120.	145.89	1363	0.10292
531	358	13.591	-120.	146.55	1363	0.10293
531	370	15.629	-120.	145.89	1363	0.10292
531	367	15.218	-120.	147.21	1363	0.10295
532	358	13.591	-120.	146.55	1363	0.10293
532	367	15.218	-120.	147.21	1363	0.10295
532	355	12.635	-120.	148.36	1363	0.10298
533	358	13.591	-120.	146.55	1363	0.10293
533	355	12.635	-120.	148.36	1363	0.10298
533	347	11.663	-120.	147.66	1363	0.10295
534	358	13.591	-120.	146.55	1363	0.10293
534	347	11.663	-120.	147.66	1363	0.10295
534	352	12.46	-120.	145.41	1363	0.10289
535	358	13.591	-120.	146.55	1363	0.10293
535	352	12.46	-120.	145.41	1363	0.10289
535	359	13.941	-120.	144.75	1363	0.10288
536	355	12.635	-120.	148.36	1363	0.10298
536	367	15.218	-120.	147.21	1363	0.10295
536	362	14.46	-120.	149.69	1363	0.10302
537	359	13.941	-120.	144.75	1363	0.10288
537	375	16.361	-120.	143.44	1363	0.10287
537	370	15.629	-120.	145.89	1363	0.10292
538	352	12.46	-120.	145.41	1363	0.10289
538	347	11.663	-120.	147.66	1363	0.10295
538	332	9.8655	-120.	146.33	1363	0.1029
539	172	-16.628	-120.	96.27	1435	0.10439
539	174	-16.334	-120.	97.294	1435	0.1044
539	176	-16.032	-120.	95.811	1435	0.10439
540	167	-17.726	-120.	97.196	1435	0.1044
540	153	-19.369	-120.	98.573	1435	0.1044
540	171	-16.855	-120.	100.05	1435	0.1044
541	167	-17.726	-120.	97.196	1435	0.1044
541	171	-16.855	-120.	100.05	1435	0.1044
541	174	-16.334	-120.	97.294	1435	0.1044
542	167	-17.726	-120.	97.196	1435	0.1044
542	174	-16.334	-120.	97.294	1435	0.1044
542	172	-16.628	-120.	96.27	1435	0.10439
543	167	-17.726	-120.	97.196	1435	0.1044
543	172	-16.628	-120.	96.27	1435	0.10439
543	162	-18.302	-120.	95.252	1435	0.10438
544	167	-17.726	-120.	97.196	1435	0.1044
544	162	-18.302	-120.	95.252	1435	0.10438
544	155	-18.865	-120.	95.735	1435	0.10439
545	167	-17.726	-120.	97.196	1435	0.1044
545	155	-18.865	-120.	95.735	1435	0.10439
545	153	-19.369	-120.	98.573	1435	0.1044
546	170	-17.191	-120.	94.333	1435	0.10437
546	165	-18.085	-120.	91.387	1435	0.10431
546	178	-15.485	-120.	93.018	1435	0.10434
547	170	-17.191	-120.	94.333	1435	0.10437
547	178	-15.485	-120.	93.018	1435	0.10434
547	176	-16.032	-120.	95.811	1435	0.10439
548	170	-17.191	-120.	94.333	1435	0.10437
548	176	-16.032	-120.	95.811	1435	0.10439
548	172	-16.628	-120.	96.27	1435	0.10439
549	170	-17.191	-120.	94.333	1435	0.10437
549	172	-16.628	-120.	96.27	1435	0.10439
549	162	-18.302	-120.	95.252	1435	0.10438
550	170	-17.191	-120.	94.333	1435	0.10437
550	162	-18.302	-120.	95.252	1435	0.10438
550	161	-18.611	-120.	94.262	1435	0.10437
551	170	-17.191	-120.	94.333	1435	0.10437
551	161	-18.611	-120.	94.262	1435	0.10437
551	165	-18.085	-120.	91.387	1435	0.10431
552	162	-18.302	-120.	95.252	1435	0.10438
552	161	-18.611	-120.	94.262	1435	0.10437
552	155	-18.865	-120.	95.735	1435	0.10439
553	183	-14.413	-120.	89.13	1437	0.10424
553	165	-18.085	-120.	91.387	1437	0.10431
553	178	-15.485	-120.	93.018	1437	0.10434
554	272	-0.59171	-120.	88.013	1449	0.10416
554	290	2.2612	-120.	87.855	1449	0.10416
554	285	1.3031	-120.	89.681	1449	0.10424
555	282	0.78947	-120.	85.044	1449	0.10404
555	298	3.7317	-120.	85.064	1449	0.10404
555	292	2.7559	-120.	86.903	1449	0.10412
556	280	0.51125	-120.	86.679	1449	0.10411
556	282	0.78947	-120.	85.044	1449	0.10404
556	292	2.7559	-120.	86.903	1449	0.10412
557	280	0.51125	-120.	86.679	1449	0.10411
557	292	2.7559	-120.	86.903	1449	0.10412
557	290	2.2612	-120.	87.855	1449	0.10416
558	280	0.51125	-120.	86.679	1449	0.10411
558	290	2.2612	-120.	87.855	1449	0.10416
558	272	-0.59171	-120.	88.013	1449	0.10416
559	280	0.51125	-120.	86.679	1449	0.10411
559	272	-0.59171	-120.	88.013	1449	0.10416
559	264	-1.5709	-120.	87.142	1449	0.10413
560	280	0.51125	-120.	86.679	1449	0.10411
560	264	-1.5709	-120.	87.142	1449	0.10413
560	273	-0.57654	-120.	85.119	1449	0.10404
561	280	0.51125	-120.	86.679	1449	0.10411
561	273	-0.57654	-120.	85.119	1449	0.10404
561	282	0.78947	-120.	85.044	1449	0.10404
562	253	-3.4987	-120.	85.463	1449	0.10406
562	273	-0.57654	-120.	85.119	1449	0.10404
562	264	-1.5709	-120.	87.142	1449	0.10413
563	327	9.1417	-120.	90.688	1451	0.10426
563	322	8.4091	-120.	90.519	1451	0.10426
563	329	9.39	-120.	91.764	1451	0.1043
564	325	8.6798	-120.	88.651	1451	0.10419
564	321	8.0152	-120.	85.538	1451	0.10407
564	313	6.5826	-120.	88.167	1451	0.10417
565	325	8.6798	-120.	88.651	1451	0.10419
565	313	6.5826	-120.	88.167	1451	0.10417
565	322	8.4091	-120.	90.519	1451	0.10426
566	325	8.6798	-120.	88.651	1451	0.10419
566	322	8.4091	-120.	90.519	1451	0.10426
566	327	9.1417	-120.	90.688	1451	0.10426
567	325	8.6798	-120.	88.651	1451	0.10419
567	327	9.1417	-120.	90.688	1451	0.10426
567	333	10.073	-120.	89.023	1451	0.10421
568	325	8.6798	-120.	88.651	1451	0.10419
568	333	10.073	-120.	89.023	1451	0.10421
568	330	9.8569	-120.	87.974	1451	0.10417
569	325	8.6798	-120.	88.651	1451	0.10419
569	330	9.8569	-120.	87.974	1451	0.10417
569	321	8.0152	-120.	85.538	1451	0.10407
570	337	10.526	-120.	91.072	1451	0.10427
570	353	12.589	-120.	91.638	1451	0.10429
570	343	11.174	-120.	94.093	1451	0.10436
571	337	10.526	-120.	91.072	1451	0.10427
571	343	11.174	-120.	94.093	1451	0.10436
571	329	9.39	-120.	91.764	1451	0.1043
572	337	10.526	-120.	91.072	1451	0.10427
572	329	9.39	-120.	91.764	1451	0.1043
572	327	9.1417	-120.	90.688	1451	0.10426
573	337	10.526	-120.	91.072	1451	0.10427
573	327	9.1417	-120.	90.688	1451	0.10426
573	333	10.073	-120.	89.023	1451	0.10421
574	337	10.526	-120.	91.072	1451	0.10427
574	333	10.073	-120.	89.023	1451	0.10421
574	339	10.786	-120.	89.228	1451	0.10422
575	337	10.526	-120.	91.072	1451	0.10427
575	339	10.786	-120.	89.228	1451	0.10422
575	353	12.589	-120.	91.638	1451	0.10429
576	333	10.073	-120.	89.023	1451	0.10421
576	339	10.786	-120.	89.228	1451	0.10422
576	330	9.8569	-120.	87.974	1451	0.10417
577	516	31.257	-120.	118.83	1455	0.10353
577	537	32.231	-120.	118.57	1455	0.10355
577	533	32.19	-120.	117.81	1455	0.10358
578	559	34.106	-120.	119.51	1455	0.1035
578	560	34.106	-120.	120.25	1455	0.10347
578	568	35.062	-120.	119.27	1455	0.10351
579	558	34.076	-120.	118.07	1455	0.10357
579	533	32.19	-120.	117.81	1455	0.10358
579	555	33.96	-120.	115.92	1455	0.10367
580	558	34.076	-120.	118.07	1455	0.10357
580	555	33.96	-120.	115.92	1455	0.10367
580	575	36.909	-120.	117.34	1455	0.1036
581	558	34.076	-120.	118.07	1455	0.10357
581	575	36.909	-120.	117.34	1455	0.1036
581	568	35.062	-120.	119.27	1455	0.10351
582	558	34.076	-120.	118.07	1455	0.10357
582	568	35.062	-120.	119.27	1455	0.10351
582	559	34.106	-120.	119.51	1455	0.1035
583	558	34.076	-120.	118.07	1455	0.10357
583	559	34.106	-120.	119.51	1455	0.1035
583	537	32.231	-120.	118.57	1455	0.10355
584	558	34.076	-120.	118.07	1455	0.10357
584	537	32.231	-120.	118.57	1455	0.10355
584	533	32.19	-120.	117.81	1455	0.10358
585	538	32.245	-120.	120.	1455	0.10348
585	560	34.106	-120.	120.25	1455	0.10347
585	539	32.274	-120.	122.15	1455	0.10338
586	538	32.245	-120.	120.	1455	0.10348
586	539	32.274	-120.	122.15	1455	0.10338
586	491	29.497	-120.	120.69	1455	0.10345
587	538	32.245	-120.	120.	1455	0.10348
587	491	29.497	-120.	120.69	1455	0.10345
587	516	31.257	-120.	118.83	1455	0.10353
588	538	32.245	-120.	120.	1455	0.10348
588	516	31.257	-120.	118.83	1455	0.10353
588	537	32.231	-120.	118.57	1455	0.10355
589	538	32.245	-120.	120.	1455	0.10348
589	537	32.231	-120.	118.57	1455	0.10355
589	559	34.106	-120.	119.51	1455	0.1035
590	538	32.245	-120.	120.	1455	0.10348
590	559	34.106	-120.	119.51	1455	0.1035
590	560	34.106	-120.	120.25	1455	0.10347
591	523	31.753	-120.	114.26	1519	0.10375
591	507	30.803	-120.	114.51	1519	0.10374
591	528	31.894	-120.	115.	1519	0.10372
592	518	31.423	-120.	112.87	1519	0.10382
592	511	30.932	-120.	110.76	1519	0.10391
592	477	28.754	-120.	113.62	1519	0.10378
593	518	31.423	-120.	112.87	1519	0.10382
593	477	28.754	-120.	113.62	1519	0.10378
593	507	30.803	-120.	114.51	1519	0.10374
594	518	31.423	-120.	112.87	1519	0.10382
594	507	30.803	-120.	114.51	1519	0.10374
594	523	31.753	-120.	114.26	1519	0.10375
595	518	31.423	-120.	112.87	1519	0.10382
595	523	31.753	-120.	114.26	1519	0.10375
595	548	33.238	-120.	112.39	1519	0.10384
596	518	31.423	-120.	112.87	1519	0.10382
596	548	33.238	-120.	112.39	1519	0.10384
596	545	33.06	-120.	111.67	1519	0.10387
597	518	31.423	-120.	112.87	1519	0.10382
597	545	33.06	-120.	111.67	1519	0.10387
597	511	30.932	-120.	110.76	1519	0.10391
598	551	33.555	-120.	113.8	1519	0.10377
598	573	36.317	-120.	113.07	1519	0.1038
598	555	33.96	-120.	115.92	1519	0.10367
599	551	33.555	-120.	113.8	1519	0.10377
599	555	33.96	-120.	115.92	1519	0.10367
599	528	31.894	-120.	115.	1519	0.10372
600	551	33.555	-120.	113.8	1519	0.10377
600	528	31.894	-120.	115.	1519	0.10372
600	523	31.753	-120.	114.26	1519	0.10375
601	551	33.555	-120.	113.8	1519	0.10377
601	523	31.753	-120.	114.26	1519	0.10375
601	548	33.238	-120.	112.39	1519	0.10384
602	551	33.555	-120.	113.8	1519	0.10377
602	548	33.238	-120.	112.39	1519	0.10384
602	563	34.168	-120.	112.14	1519	0.10385
603	551	33.555	-120.	113.8	1519	0.10377
603	563	34.168	-120.	112.14	1519	0.10385
603	573	36.317	-120.	113.07	1519	0.1038
604	548	33.238	-120.	112.39	1519	0.10384
604	563	34.168	-120.	112.14	1519	0.10385
604	545	33.06	-120.	111.67	1519	0.10387
605	544	33.06	-120.	111.67	1521	0.10387
605	511	30.932	-120.	110.76	1521	0.10391
605	535	32.207	-120.	108.95	1521	0.10399
606	553	33.855	-120.	109.98	1521	0.10394
606	544	33.06	-120.	111.67	1521	0.10387
606	535	32.207	-120.	108.95	1521	0.10399
607	553	33.855	-120.	109.98	1521	0.10394
607	535	32.207	-120.	108.95	1521	0.10399
607	543	32.875	-120.	108.	1521	0.10402
608	553	33.855	-120.	109.98	1521	0.10394
608	543	32.875	-120.	108.	1521	0.10402
608	569	35.206	-120.	108.91	1521	0.10398
609	553	33.855	-120.	109.98	1521	0.10394
609	569	35.206	-120.	108.91	1521	0.10398
609	571	35.614	-120.	110.21	1521	0.10393
610	553	33.855	-120.	109.98	1521	0.10394
610	571	35.614	-120.	110.21	1521	0.10393
610	562	34.168	-120.	112.14	1521	0.10385
611	553	33.855	-120.	109.98	1521	0.10394
611	562	34.168	-120.	112.14	1521	0.10385
611	544	33.06	-120.	111.67	1521	0.10387
612	569	35.206	-120.	108.91	1521	0.10398
612	543	32.875	-120.	108.	1521	0.10402
612	561	34.155	-120.	106.16	1521	0.10409
613	571	35.614	-120.	110.21	1521	0.10393
613	573	36.317	-120.	113.07	1521	0.1038
613	562	34.168	-120.	112.14	1521	0.10385
614	461	27.302	-120.	105.87	1528	0.10411
614	464	27.85	-120.	104.3	1528	0.10416
614	482	29.263	-120.	106.75	1528	0.10408
615	461	27.302	-120.	105.87	1528	0.10411
615	482	29.263	-120.	106.75	1528	0.10408
615	475	28.622	-120.	107.7	1528	0.10404
616	461	27.302	-120.	105.87	1528	0.10411
616	475	28.622	-120.	107.7	1528	0.10404
616	448	26.217	-120.	106.97	1528	0.10407
617	461	27.302	-120.	105.87	1528	0.10411
617	448	26.217	-120.	106.97	1528	0.10407
617	443	25.406	-120.	105.57	1528	0.10412
618	461	27.302	-120.	105.87	1528	0.10411
618	443	25.406	-120.	105.57	1528	0.10412
618	451	26.451	-120.	103.94	1528	0.10418
619	461	27.302	-120.	105.87	1528	0.10411
619	451	26.451	-120.	103.94	1528	0.10418
619	464	27.85	-120.	104.3	1528	0.10416
620	448	26.217	-120.	106.97	1528	0.10407
620	475	28.622	-120.	107.7	1528	0.10404
620	462	27.402	-120.	109.46	1528	0.10397
621	464	27.85	-120.	104.3	1528	0.10416
621	499	30.485	-120.	104.97	1528	0.10414
621	482	29.263	-120.	106.75	1528	0.10408
622	451	26.451	-120.	103.94	1528	0.10418
622	443	25.406	-120.	105.57	1528	0.10412
622	432	23.847	-120.	103.3	1528	0.1042
623	353	12.589	-120.	91.638	1530	0.10429
623	340	10.786	-120.	89.228	1530	0.10422
623	357	13.535	-120.	90.005	1530	0.10424
624	321	8.0152	-120.	85.538	1530	0.10407
624	341	10.891	-120.	86.162	1530	0.10411
624	331	9.8569	-120.	87.974	1530	0.10417
625	364	14.983	-120.	87.508	1530	0.10417
625	360	14.027	-120.	89.153	1530	0.10422
625	350	12.207	-120.	86.534	1530	0.10413
626	348	11.884	-120.	88.176	1530	0.10418
626	357	13.535	-120.	90.005	1530	0.10424
626	340	10.786	-120.	89.228	1530	0.10422
627	348	11.884	-120.	88.176	1530	0.10418
627	340	10.786	-120.	89.228	1530	0.10422
627	331	9.8569	-120.	87.974	1530	0.10417
628	348	11.884	-120.	88.176	1530	0.10418
628	331	9.8569	-120.	87.974	1530	0.10417
628	341	10.891	-120.	86.162	1530	0.10411
629	348	11.884	-120.	88.176	1530	0.10418
629	341	10.891	-120.	86.162	1530	0.10411
629	350	12.207	-120.	86.534	1530	0.10413
630	348	11.884	-120.	88.176	1530	0.10418
630	350	12.207	-120.	86.534	1530	0.10413
630	360	14.027	-120.	89.153	1530	0.10422
631	348	11.884	-120.	88.176	1530	0.10418
631	360	14.027	-120.	89.153	1530	0.10422
631	357	13.535	-120.	90.005	1530	0.10424
632	371	15.86	-120.	93.118	1531	0.10431
632	374	16.06	-120.	94.294	1531	0.10433
632	378	16.533	-120.	93.457	1531	0.10431
633	363	14.571	-120.	92.538	1531	0.1043
633	353	12.589	-120.	91.638	1531	0.10429
633	365	15.169	-120.	95.872	1531	0.10435
634	363	14.571	-120.	92.538	1531	0.1043
634	365	15.169	-120.	95.872	1531	0.10435
634	374	16.06	-120.	94.294	1531	0.10433
635	363	14.571	-120.	92.538	1531	0.1043
635	374	16.06	-120.	94.294	1531	0.10433
635	371	15.86	-120.	93.118	1531	0.10431
636	363	14.571	-120.	92.538	1531	0.1043
636	371	15.86	-120.	93.118	1531	0.10431
636	361	14.21	-120.	90.302	1531	0.10425
637	363	14.571	-120.	92.538	1531	0.1043
637	361	14.21	-120.	90.302	1531	0.10425
637	357	13.535	-120.	90.005	1531	0.10424
638	363	14.571	-120.	92.538	1531	0.1043
638	357	13.535	-120.	90.005	1531	0.10424
638	353	12.589	-120.	91.638	1531	0.10429
639	368	15.507	-120.	90.901	1531	0.10427
639	364	14.983	-120.	87.508	1531	0.10417
639	381	17.43	-120.	91.87	1531	0.10429
640	368	15.507	-120.	90.901	1531	0.10427
640	381	17.43	-120.	91.87	1531	0.10429
640	378	16.533	-120.	93.457	1531	0.10431
641	368	15.507	-120.	90.901	1531	0.10427
641	378	16.533	-120.	93.457	1531	0.10431
641	371	15.86	-120.	93.118	1531	0.10431
642	368	15.507	-120.	90.901	1531	0.10427
642	371	15.86	-120.	93.118	1531	0.10431
642	361	14.21	-120.	90.302	1531	0.10425
643	368	15.507	-120.	90.901	1531	0.10427
643	361	14.21	-120.	90.302	1531	0.10425
643	360	14.027	-120.	89.153	1531	0.10422
644	368	15.507	-120.	90.901	1531	0.10427
644	360	14.027	-120.	89.153	1531	0.10422
644	364	14.983	-120.	87.508	1531	0.10417
645	361	14.21	-120.	90.302	1531	0.10425
645	360	14.027	-120.	89.153	1531	0.10422
645	357	13.535	-120.	90.005	1531	0.10424
646	432	23.847	-120.	103.3	1544	0.1042
646	444	25.409	-120.	100.72	1544	0.10426
646	407	20.921	-120.	100.05	1544	0.10429
647	449	26.403	-120.	99.043	1546	0.10429
647	468	28.095	-120.	101.35	1546	0.10424
647	444	25.409	-120.	100.72	1546	0.10426
648	501	30.617	-120.	99.84	1546	0.10427
648	536	32.209	-120.	102.31	1546	0.10422
648	489	29.49	-120.	101.66	1546	0.10423
649	472	28.556	-120.	99.8	1546	0.10428
649	501	30.617	-120.	99.84	1546	0.10427
649	489	29.49	-120.	101.66	1546	0.10423
650	472	28.556	-120.	99.8	1546	0.10428
650	489	29.49	-120.	101.66	1546	0.10423
650	468	28.095	-120.	101.35	1546	0.10424
651	472	28.556	-120.	99.8	1546	0.10428
651	468	28.095	-120.	101.35	1546	0.10424
651	449	26.403	-120.	99.043	1546	0.10429
652	472	28.556	-120.	99.8	1546	0.10428
652	449	26.403	-120.	99.043	1546	0.10429
652	459	26.924	-120.	98.172	1546	0.1043
653	472	28.556	-120.	99.8	1546	0.10428
653	459	26.924	-120.	98.172	1546	0.1043
653	496	29.807	-120.	98.737	1546	0.10429
654	472	28.556	-120.	99.8	1546	0.10428
654	496	29.807	-120.	98.737	1546	0.10429
654	501	30.617	-120.	99.84	1546	0.10427
655	466	27.921	-120.	96.479	1546	0.10432
655	496	29.807	-120.	98.737	1546	0.10429
655	459	26.924	-120.	98.172	1546	0.1043
656	428	22.931	-120.	98.116	1547	0.10431
656	423	22.388	-120.	97.593	1547	0.10431
656	419	21.882	-120.	98.448	1547	0.1043
657	433	23.908	-120.	99.146	1547	0.10429
657	449	26.403	-120.	99.043	1547	0.10429
657	444	25.409	-120.	100.72	1547	0.10426
658	433	23.908	-120.	99.146	1547	0.10429
658	444	25.409	-120.	100.72	1547	0.10426
658	407	20.921	-120.	100.05	1547	0.10429
659	433	23.908	-120.	99.146	1547	0.10429
659	407	20.921	-120.	100.05	1547	0.10429
659	419	21.882	-120.	98.448	1547	0.1043
660	433	23.908	-120.	99.146	1547	0.10429
660	419	21.882	-120.	98.448	1547	0.1043
660	428	22.931	-120.	98.116	1547	0.10431
661	433	23.908	-120.	99.146	1547	0.10429
661	428	22.931	-120.	98.116	1547	0.10431
661	447	25.899	-120.	98.502	1547	0.1043
662	433	23.908	-120.	99.146	1547	0.10429
662	447	25.899	-120.	98.502	1547	0.1043
662	449	26.403	-120.	99.043	1547	0.10429
663	459	26.924	-120.	98.172	1547	0.1043
663	447	25.899	-120.	98.502	1547	0.1043
663	449	26.403	-120.	99.043	1547	0.10429
664	442	24.902	-120.	97.473	1547	0.10431
664	466	27.921	-120.	96.479	1547	0.10432
664	431	23.352	-120.	95.976	1547	0.10432
665	442	24.902	-120.	97.473	1547	0.10431
665	431	23.352	-120.	95.976	1547	0.10432
665	423	22.388	-120.	97.593	1547	0.10431
666	442	24.902	-120.	97.473	1547	0.10431
666	423	22.388	-120.	97.593	1547	0.10431
666	428	22.931	-120.	98.116	1547	0.10431
667	442	24.902	-120.	97.473	1547	0.10431
667	428	22.931	-120.	98.116	1547	0.10431
667	447	25.899	-120.	98.502	1547	0.1043
668	442	24.902	-120.	97.473	1547	0.10431
668	447	25.899	-120.	98.502	1547	0.1043
668	459	26.924	-120.	98.172	1547	0.1043
669	442	24.902	-120.	97.473	1547	0.10431
669	459	26.924	-120.	98.172	1547	0.1043
669	466	27.921	-120.	96.479	1547	0.10432
670	395	19.847	-120.	97.24	1566	0.10432
670	418	21.882	-120.	98.448	1566	0.1043
670	391	18.828	-120.	98.263	1566	0.10432
671	395	19.847	-120.	97.24	1566	0.10432
671	391	18.828	-120.	98.263	1566	0.10432
671	382	17.516	-120.	97.31	1566	0.10434
672	395	19.847	-120.	97.24	1566	0.10432
672	382	17.516	-120.	97.31	1566	0.10434
672	389	18.369	-120.	95.895	1566	0.10433
673	395	19.847	-120.	97.24	1566	0.10432
673	389	18.369	-120.	95.895	1566	0.10433
673	402	20.101	-120.	95.931	1566	0.10432
674	395	19.847	-120.	97.24	1566	0.10432
674	402	20.101	-120.	95.931	1566	0.10432
674	422	22.388	-120.	97.593	1566	0.10431
675	395	19.847	-120.	97.24	1566	0.10432
675	422	22.388	-120.	97.593	1566	0.10431
675	418	21.882	-120.	98.448	1566	0.1043
676	389	18.369	-120.	95.895	1566	0.10433
676	382	17.516	-120.	97.31	1566	0.10434
676	365	15.169	-120.	95.872	1566	0.10435
677	418	21.882	-120.	98.448	1566	0.1043
677	407	20.921	-120.	100.05	1566	0.10429
677	391	18.828	-120.	98.263	1566	0.10432
678	422	22.388	-120.	97.593	1566	0.10431
678	402	20.101	-120.	95.931	1566	0.10432
678	431	23.352	-120.	95.976	1566	0.10432
679	439	24.656	-120.	135.59	1581	0.10293
679	479	29.242	-120.	133.19	1581	0.10298
679	456	26.843	-120.	131.8	1581	0.10302
680	460	27.061	-120.	136.97	1582	0.10291
680	479	29.242	-120.	133.19	1582	0.10298
680	439	24.656	-120.	135.59	1582	0.10293
681	539	32.274	-120.	122.15	1583	0.10338
681	491	29.497	-120.	120.69	1583	0.10345
681	478	29.04	-120.	125.04	1583	0.10326
682	556	34.028	-120.	123.11	1585	0.10334
682	539	32.274	-120.	122.15	1585	0.10338
682	560	34.106	-120.	120.25	1585	0.10347
683	570	35.354	-120.	121.36	1585	0.10342
683	556	34.028	-120.	123.11	1585	0.10334
683	560	34.106	-120.	120.25	1585	0.10347
684	570	35.354	-120.	121.36	1585	0.10342
684	560	34.106	-120.	120.25	1585	0.10347
684	568	35.062	-120.	119.27	1585	0.10351
685	570	35.354	-120.	121.36	1585	0.10342
685	568	35.062	-120.	119.27	1585	0.10351
685	577	37.01	-120.	120.28	1585	0.10347
686	570	35.354	-120.	121.36	1585	0.10342
686	577	37.01	-120.	120.28	1585	0.10347
686	576	36.972	-120.	121.65	1585	0.10341
687	570	35.354	-120.	121.36	1585	0.10342
687	576	36.972	-120.	121.65	1585	0.10341
687	566	34.943	-120.	123.6	1585	0.10332
688	570	35.354	-120.	121.36	1585	0.10342
688	566	34.943	-120.	123.6	1585	0.10332
688	556	34.028	-120.	123.11	1585	0.10334
689	577	37.01	-120.	120.28	1585	0.10347
689	568	35.062	-120.	119.27	1585	0.10351
689	575	36.909	-120.	117.34	1585	0.1036
690	576	36.972	-120.	121.65	1585	0.10341
690	574	36.709	-120.	124.58	1585	0.10328
690	566	34.943	-120.	123.6	1585	0.10332
691	524	31.758	-120.	125.71	1588	0.10323
691	503	30.725	-120.	125.95	1588	0.10322
691	519	31.619	-120.	126.45	1588	0.1032
692	552	33.712	-120.	125.26	1588	0.10325
692	565	34.943	-120.	123.6	1588	0.10332
692	574	36.709	-120.	124.58	1588	0.10328
693	552	33.712	-120.	125.26	1588	0.10325
693	574	36.709	-120.	124.58	1588	0.10328
693	549	33.314	-120.	127.38	1588	0.10316
694	552	33.712	-120.	125.26	1588	0.10325
694	549	33.314	-120.	127.38	1588	0.10316
694	519	31.619	-120.	126.45	1588	0.1032
695	552	33.712	-120.	125.26	1588	0.10325
695	519	31.619	-120.	126.45	1588	0.1032
695	524	31.758	-120.	125.71	1588	0.10323
696	552	33.712	-120.	125.26	1588	0.10325
696	524	31.758	-120.	125.71	1588	0.10323
696	554	33.93	-120.	123.84	1588	0.10331
697	552	33.712	-120.	125.26	1588	0.10325
697	554	33.93	-120.	123.84	1588	0.10331
697	565	34.943	-120.	123.6	1588	0.10332
698	557	34.028	-120.	123.11	1588	0.10334
698	554	33.93	-120.	123.84	1588	0.10331
698	565	34.943	-120.	123.6	1588	0.10332
699	530	31.959	-120.	124.3	1588	0.10329
699	539	32.274	-120.	122.15	1588	0.10338
699	478	29.04	-120.	125.04	1588	0.10326
700	530	31.959	-120.	124.3	1588	0.10329
700	478	29.04	-120.	125.04	1588	0.10326
700	503	30.725	-120.	125.95	1588	0.10322
701	530	31.959	-120.	124.3	1588	0.10329
701	503	30.725	-120.	125.95	1588	0.10322
701	524	31.758	-120.	125.71	1588	0.10323
702	530	31.959	-120.	124.3	1588	0.10329
702	524	31.758	-120.	125.71	1588	0.10323
702	554	33.93	-120.	123.84	1588	0.10331
703	530	31.959	-120.	124.3	1588	0.10329
703	554	33.93	-120.	123.84	1588	0.10331
703	557	34.028	-120.	123.11	1588	0.10334
704	530	31.959	-120.	124.3	1588	0.10329
704	557	34.028	-120.	123.11	1588	0.10334
704	539	32.274	-120.	122.15	1588	0.10338
705	549	33.314	-120.	127.38	1589	0.10316
705	572	35.883	-120.	128.81	1589	0.10312
705	574	36.709	-120.	124.58	1589	0.10328
706	495	29.794	-120.	128.1	1591	0.10314
706	470	28.397	-120.	127.71	1591	0.10315
706	502	30.725	-120.	125.95	1591	0.10322
707	495	29.794	-120.	128.1	1591	0.10314
707	502	30.725	-120.	125.95	1591	0.10322
707	520	31.619	-120.	126.45	1591	0.1032
708	495	29.794	-120.	128.1	1591	0.10314
708	520	31.619	-120.	126.45	1591	0.1032
708	505	30.745	-120.	129.14	1591	0.1031
709	495	29.794	-120.	128.1	1591	0.10314
709	505	30.745	-120.	129.14	1591	0.1031
709	485	29.384	-120.	130.08	1591	0.10307
710	495	29.794	-120.	128.1	1591	0.10314
710	485	29.384	-120.	130.08	1591	0.10307
710	465	27.896	-120.	129.26	1591	0.1031
711	495	29.794	-120.	128.1	1591	0.10314
711	465	27.896	-120.	129.26	1591	0.1031
711	470	28.397	-120.	127.71	1591	0.10315
712	505	30.745	-120.	129.14	1591	0.1031
712	520	31.619	-120.	126.45	1591	0.1032
712	549	33.314	-120.	127.38	1591	0.10316
713	470	28.397	-120.	127.71	1591	0.10315
713	478	29.04	-120.	125.04	1591	0.10326
713	502	30.725	-120.	125.95	1591	0.10322
714	465	27.896	-120.	129.26	1591	0.1031
714	485	29.384	-120.	130.08	1591	0.10307
714	456	26.843	-120.	131.8	1591	0.10302
715	500	30.508	-120.	129.85	1592	0.10308
715	504	30.745	-120.	129.14	1592	0.1031
715	484	29.384	-120.	130.08	1592	0.10307
716	540	32.636	-120.	129.42	1592	0.10309
716	572	35.883	-120.	128.81	1592	0.10312
716	549	33.314	-120.	127.38	1592	0.10316
717	540	32.636	-120.	129.42	1592	0.10309
717	549	33.314	-120.	127.38	1592	0.10316
717	504	30.745	-120.	129.14	1592	0.1031
718	540	32.636	-120.	129.42	1592	0.10309
718	504	30.745	-120.	129.14	1592	0.1031
718	500	30.508	-120.	129.85	1592	0.10308
719	540	32.636	-120.	129.42	1592	0.10309
719	500	30.508	-120.	129.85	1592	0.10308
719	531	32.136	-120.	130.77	1592	0.10305
720	540	32.636	-120.	129.42	1592	0.10309
720	531	32.136	-120.	130.77	1592	0.10305
720	547	33.229	-120.	130.57	1592	0.10306
721	540	32.636	-120.	129.42	1592	0.10309
721	547	33.229	-120.	130.57	1592	0.10306
721	572	35.883	-120.	128.81	1592	0.10312
722	497	29.996	-120.	131.19	1592	0.10303
722	479	29.242	-120.	133.19	1592	0.10298
722	456	26.843	-120.	131.8	1592	0.10302
723	497	29.996	-120.	131.19	1592	0.10303
723	456	26.843	-120.	131.8	1592	0.10302
723	484	29.384	-120.	130.08	1592	0.10307
724	497	29.996	-120.	131.19	1592	0.10303
724	484	29.384	-120.	130.08	1592	0.10307
724	500	30.508	-120.	129.85	1592	0.10308
725	497	29.996	-120.	131.19	1592	0.10303
725	500	30.508	-120.	129.85	1592	0.10308
725	531	32.136	-120.	130.77	1592	0.10305
726	497	29.996	-120.	131.19	1592	0.10303
726	531	32.136	-120.	130.77	1592	0.10305
726	525	31.866	-120.	131.46	1592	0.10303
727	497	29.996	-120.	131.19	1592	0.10303
727	525	31.866	-120.	131.46	1592	0.10303
727	479	29.242	-120.	133.19	1592	0.10298
728	531	32.136	-120.	130.77	1592	0.10305
728	525	31.866	-120.	131.46	1592	0.10303
728	547	33.229	-120.	130.57	1592	0.10306
729	494	29.577	-120.	107.44	1594	0.10405
729	481	29.263	-120.	106.75	1594	0.10408
729	474	28.622	-120.	107.7	1594	0.10404
730	517	31.382	-120.	106.93	1594	0.10407
730	561	34.155	-120.	106.16	1594	0.10409
730	499	30.485	-120.	104.97	1594	0.10414
731	517	31.382	-120.	106.93	1594	0.10407
731	499	30.485	-120.	104.97	1594	0.10414
731	481	29.263	-120.	106.75	1594	0.10408
732	517	31.382	-120.	106.93	1594	0.10407
732	481	29.263	-120.	106.75	1594	0.10408
732	494	29.577	-120.	107.44	1594	0.10405
733	517	31.382	-120.	106.93	1594	0.10407
733	494	29.577	-120.	107.44	1594	0.10405
733	529	31.935	-120.	108.26	1594	0.10402
734	517	31.382	-120.	106.93	1594	0.10407
734	529	31.935	-120.	108.26	1594	0.10402
734	542	32.875	-120.	108.	1594	0.10402
735	517	31.382	-120.	106.93	1594	0.10407
735	542	32.875	-120.	108.	1594	0.10402
735	561	34.155	-120.	106.16	1594	0.10409
736	498	30.113	-120.	108.76	1594	0.104
736	511	30.932	-120.	110.76	1594	0.10391
736	462	27.402	-120.	109.46	1594	0.10397
737	498	30.113	-120.	108.76	1594	0.104
737	462	27.402	-120.	109.46	1594	0.10397
737	474	28.622	-120.	107.7	1594	0.10404
738	498	30.113	-120.	108.76	1594	0.104
738	474	28.622	-120.	107.7	1594	0.10404
738	494	29.577	-120.	107.44	1594	0.10405
739	498	30.113	-120.	108.76	1594	0.104
739	494	29.577	-120.	107.44	1594	0.10405
739	529	31.935	-120.	108.26	1594	0.10402
740	498	30.113	-120.	108.76	1594	0.104
740	529	31.935	-120.	108.26	1594	0.10402
740	534	32.207	-120.	108.95	1594	0.10399
741	498	30.113	-120.	108.76	1594	0.104
741	534	32.207	-120.	108.95	1594	0.10399
741	511	30.932	-120.	110.76	1594	0.10391
742	529	31.935	-120.	108.26	1594	0.10402
742	534	32.207	-120.	108.95	1594	0.10399
742	542	32.875	-120.	108.	1594	0.10402
743	477	28.754	-120.	113.62	1595	0.10378
743	511	30.932	-120.	110.76	1595	0.10391
743	462	27.402	-120.	109.46	1595	0.10397
744	561	34.155	-120.	106.16	1598	0.10409
744	536	32.209	-120.	102.31	1598	0.10422
744	499	30.485	-120.	104.97	1598	0.10414
745	107	-23.785	-120.	100.93	1649	0.10438
745	110	-23.545	-120.	96.143	1649	0.10439
745	73	-26.285	-120.	99.47	1649	0.10439
746	136	-21.358	-120.	102.37	1650	0.10436
746	130	-21.726	-120.	101.28	1650	0.10437
746	123	-22.197	-120.	101.87	1650	0.10437
747	133	-21.51	-120.	98.163	1650	0.1044
747	138	-21.019	-120.	97.611	1650	0.1044
747	125	-21.878	-120.	97.108	1650	0.1044
748	119	-22.44	-120.	99.25	1650	0.10439
748	123	-22.197	-120.	101.87	1650	0.10437
748	107	-23.785	-120.	100.93	1650	0.10438
749	119	-22.44	-120.	99.25	1650	0.10439
749	107	-23.785	-120.	100.93	1650	0.10438
749	110	-23.545	-120.	96.143	1650	0.10439
750	119	-22.44	-120.	99.25	1650	0.10439
750	110	-23.545	-120.	96.143	1650	0.10439
750	125	-21.878	-120.	97.108	1650	0.1044
751	119	-22.44	-120.	99.25	1650	0.10439
751	125	-21.878	-120.	97.108	1650	0.1044
751	133	-21.51	-120.	98.163	1650	0.1044
752	119	-22.44	-120.	99.25	1650	0.10439
752	133	-21.51	-120.	98.163	1650	0.1044
752	130	-21.726	-120.	101.28	1650	0.10437
753	119	-22.44	-120.	99.25	1650	0.10439
753	130	-21.726	-120.	101.28	1650	0.10437
753	123	-22.197	-120.	101.87	1650	0.10437
754	140	-20.794	-120.	100.22	1650	0.10439
754	138	-21.019	-120.	97.611	1650	0.1044
754	153	-19.369	-120.	98.573	1650	0.1044
755	140	-20.794	-120.	100.22	1650	0.10439
755	153	-19.369	-120.	98.573	1650	0.1044
755	151	-19.781	-120.	103.3	1650	0.10435
756	140	-20.794	-120.	100.22	1650	0.10439
756	151	-19.781	-120.	103.3	1650	0.10435
756	136	-21.358	-120.	102.37	1650	0.10436
757	140	-20.794	-120.	100.22	1650	0.10439
757	136	-21.358	-120.	102.37	1650	0.10436
757	130	-21.726	-120.	101.28	1650	0.10437
758	140	-20.794	-120.	100.22	1650	0.10439
758	130	-21.726	-120.	101.28	1650	0.10437
758	133	-21.51	-120.	98.163	1650	0.1044
759	140	-20.794	-120.	100.22	1650	0.10439
759	133	-21.51	-120.	98.163	1650	0.1044
759	138	-21.019	-120.	97.611	1650	0.1044
760	171	-16.855	-120.	100.05	1654	0.1044
760	153	-19.369	-120.	98.573	1654	0.1044
760	151	-19.781	-120.	103.3	1654	0.10435
761	221	-8.7706	-120.	146.81	1667	0.10296
761	229	-7.1945	-120.	148.83	1667	0.103
761	217	-9.7773	-120.	147.68	1667	0.10298
762	221	-8.7706	-120.	146.81	1667	0.10296
762	217	-9.7773	-120.	147.68	1667	0.10298
762	212	-10.674	-120.	146.2	1667	0.10296
763	221	-8.7706	-120.	146.81	1667	0.10296
763	212	-10.674	-120.	146.2	1667	0.10296
763	215	-9.8754	-120.	144.75	1667	0.10293
764	221	-8.7706	-120.	146.81	1667	0.10296
764	215	-9.8754	-120.	144.75	1667	0.10293
764	224	-8.3944	-120.	145.41	1667	0.10293
765	221	-8.7706	-120.	146.81	1667	0.10296
765	224	-8.3944	-120.	145.41	1667	0.10293
765	233	-6.7075	-120.	147.97	1667	0.10298
766	221	-8.7706	-120.	146.81	1667	0.10296
766	233	-6.7075	-120.	147.97	1667	0.10298
766	229	-7.1945	-120.	148.83	1667	0.103
767	215	-9.8754	-120.	144.75	1667	0.10293
767	212	-10.674	-120.	146.2	1667	0.10296
767	197	-12.295	-120.	143.44	1667	0.10293
768	229	-7.1945	-120.	148.83	1667	0.103
768	226	-8.113	-120.	150.47	1667	0.10305
768	217	-9.7773	-120.	147.68	1667	0.10298
769	233	-6.7075	-120.	147.97	1667	0.10298
769	224	-8.3944	-120.	145.41	1667	0.10293
769	240	-5.7995	-120.	146.33	1667	0.10293
770	486	29.388	-120.	135.79	1726	0.10293
770	479	29.242	-120.	133.19	1726	0.10298
770	460	27.061	-120.	136.97	1726	0.10291
771	486	29.388	-120.	135.79	1726	0.10293
771	460	27.061	-120.	136.97	1726	0.10291
771	476	28.693	-120.	137.9	1726	0.1029
772	486	29.388	-120.	135.79	1726	0.10293
772	476	28.693	-120.	137.9	1726	0.1029
772	492	29.517	-120.	137.53	1726	0.1029
773	486	29.388	-120.	135.79	1726	0.10293
773	492	29.517	-120.	137.53	1726	0.1029
773	512	30.952	-120.	135.04	1726	0.10294
774	486	29.388	-120.	135.79	1726	0.10293
774	512	30.952	-120.	135.04	1726	0.10294
774	509	30.864	-120.	134.14	1726	0.10296
775	486	29.388	-120.	135.79	1726	0.10293
775	509	30.864	-120.	134.14	1726	0.10296
775	479	29.242	-120.	133.19	1726	0.10298
776	513	31.043	-120.	136.75	1726	0.10291
776	550	33.344	-120.	135.59	1726	0.10293
776	514	31.189	-120.	139.32	1726	0.10289
777	513	31.043	-120.	136.75	1726	0.10291
777	514	31.189	-120.	139.32	1726	0.10289
777	493	29.543	-120.	138.38	1726	0.10289
778	513	31.043	-120.	136.75	1726	0.10291
778	493	29.543	-120.	138.38	1726	0.10289
778	492	29.517	-120.	137.53	1726	0.1029
779	513	31.043	-120.	136.75	1726	0.10291
779	492	29.517	-120.	137.53	1726	0.1029
779	512	30.952	-120.	135.04	1726	0.10294
780	513	31.043	-120.	136.75	1726	0.10291
780	512	30.952	-120.	135.04	1726	0.10294
780	521	31.71	-120.	134.63	1726	0.10295
781	513	31.043	-120.	136.75	1726	0.10291
781	521	31.71	-120.	134.63	1726	0.10295
781	550	33.344	-120.	135.59	1726	0.10293
782	492	29.517	-120.	137.53	1726	0.1029
782	476	28.693	-120.	137.9	1726	0.1029
782	493	29.543	-120.	138.38	1726	0.10289
783	512	30.952	-120.	135.04	1726	0.10294
783	521	31.71	-120.	134.63	1726	0.10295
783	509	30.864	-120.	134.14	1726	0.10296
784	476	28.693	-120.	137.9	1744	0.1029
784	458	26.876	-120.	140.1	1744	0.10288
784	460	27.061	-120.	136.97	1744	0.10291
785	473	28.593	-120.	142.76	1744	0.10288
785	452	26.586	-120.	144.91	1744	0.1029
785	454	26.788	-120.	141.73	1744	0.10288
786	469	28.326	-120.	140.43	1744	0.10288
786	473	28.593	-120.	142.76	1744	0.10288
786	454	26.788	-120.	141.73	1744	0.10288
787	469	28.326	-120.	140.43	1744	0.10288
787	454	26.788	-120.	141.73	1744	0.10288
787	458	26.876	-120.	140.1	1744	0.10288
788	469	28.326	-120.	140.43	1744	0.10288
788	458	26.876	-120.	140.1	1744	0.10288
788	476	28.693	-120.	137.9	1744	0.1029
789	469	28.326	-120.	140.43	1744	0.10288
789	476	28.693	-120.	137.9	1744	0.1029
789	493	29.543	-120.	138.38	1744	0.10289
790	469	28.326	-120.	140.43	1744	0.10288
790	493	29.543	-120.	138.38	1744	0.10289
790	488	29.463	-120.	141.7	1744	0.10288
791	469	28.326	-120.	140.43	1744	0.10288
791	488	29.463	-120.	141.7	1744	0.10288
791	473	28.593	-120.	142.76	1744	0.10288
792	514	31.189	-120.	139.32	1744	0.10289
792	488	29.463	-120.	141.7	1744	0.10288
792	493	29.543	-120.	138.38	1744	0.10289
793	390	18.671	-120.	94.527	1810	0.10432
793	388	18.369	-120.	95.895	1810	0.10433
793	373	16.06	-120.	94.294	1810	0.10433
794	390	18.671	-120.	94.527	1810	0.10432
794	373	16.06	-120.	94.294	1810	0.10433
794	377	16.533	-120.	93.457	1810	0.10431
795	390	18.671	-120.	94.527	1810	0.10432
795	377	16.533	-120.	93.457	1810	0.10431
795	397	19.897	-120.	93.386	1810	0.10431
796	390	18.671	-120.	94.527	1810	0.10432
796	397	19.897	-120.	93.386	1810	0.10431
796	409	21.067	-120.	94.197	1810	0.10431
797	390	18.671	-120.	94.527	1810	0.10432
797	409	21.067	-120.	94.197	1810	0.10431
797	401	20.101	-120.	95.931	1810	0.10432
798	390	18.671	-120.	94.527	1810	0.10432
798	401	20.101	-120.	95.931	1810	0.10432
798	388	18.369	-120.	95.895	1810	0.10433
799	397	19.897	-120.	93.386	1810	0.10431
799	377	16.533	-120.	93.457	1810	0.10431
799	381	17.43	-120.	91.87	1810	0.10429
800	388	18.369	-120.	95.895	1810	0.10433
800	365	15.169	-120.	95.872	1810	0.10435
800	373	16.06	-120.	94.294	1810	0.10433
801	401	20.101	-120.	95.931	1810	0.10432
801	409	21.067	-120.	94.197	1810	0.10431
801	431	23.352	-120.	95.976	1810	0.10432
802	406	20.74	-120.	93.354	1811	0.10431
802	398	19.897	-120.	93.386	1811	0.10431
802	410	21.067	-120.	94.197	1811	0.10431
803	400	20.015	-120.	91.744	1811	0.10429
803	392	18.881	-120.	89.348	1811	0.10424
803	381	17.43	-120.	91.87	1811	0.10429
804	400	20.015	-120.	91.744	1811	0.10429
804	381	17.43	-120.	91.87	1811	0.10429
804	398	19.897	-120.	93.386	1811	0.10431
805	400	20.015	-120.	91.744	1811	0.10429
805	398	19.897	-120.	93.386	1811	0.10431
805	406	20.74	-120.	93.354	1811	0.10431
806	400	20.015	-120.	91.744	1811	0.10429
806	406	20.74	-120.	93.354	1811	0.10431
806	416	21.743	-120.	91.638	1811	0.10429
807	400	20.015	-120.	91.744	1811	0.10429
807	416	21.743	-120.	91.638	1811	0.10429
807	412	21.398	-120.	90.871	1811	0.10428
808	400	20.015	-120.	91.744	1811	0.10429
808	412	21.398	-120.	90.871	1811	0.10428
808	392	18.881	-120.	89.348	1811	0.10424
809	421	22.376	-120.	93.382	1811	0.10431
809	441	24.832	-120.	93.474	1811	0.10432
809	431	23.352	-120.	95.976	1811	0.10432
810	421	22.376	-120.	93.382	1811	0.10431
810	431	23.352	-120.	95.976	1811	0.10432
810	410	21.067	-120.	94.197	1811	0.10431
811	421	22.376	-120.	93.382	1811	0.10431
811	410	21.067	-120.	94.197	1811	0.10431
811	406	20.74	-120.	93.354	1811	0.10431
812	421	22.376	-120.	93.382	1811	0.10431
812	406	20.74	-120.	93.354	1811	0.10431
812	416	21.743	-120.	91.638	1811	0.10429
813	421	22.376	-120.	93.382	1811	0.10431
813	416	21.743	-120.	91.638	1811	0.10429
813	426	22.522	-120.	91.651	1811	0.1043
814	421	22.376	-120.	93.382	1811	0.10431
814	426	22.522	-120.	91.651	1811	0.1043
814	441	24.832	-120.	93.474	1811	0.10432
815	416	21.743	-120.	91.638	1811	0.10429
815	426	22.522	-120.	91.651	1811	0.1043
815	412	21.398	-120.	90.871	1811	0.10428
