小面	点	X坐标 (mm)	Y坐标 (mm)	Z坐标 (mm)	单元数	定向变形 (mm)
0	256	-2.9777	-120.	149.89	577	0.11705
0	268	-1.0913	-120.	151.9	577	0.11737
0	252	-3.9312	-120.	151.58	577	0.11729
1	288	1.8045	-120.	154.98	577	0.11828
1	267	-1.1343	-120.	154.83	577	0.11801
1	276	-0.11815	-120.	152.95	577	0.11762
2	243	-5.3928	-120.	154.18	577	0.11756
2	248	-4.4252	-120.	152.47	577	0.11739
2	259	-2.4941	-120.	154.68	577	0.11788
3	261	-2.1991	-120.	153.07	577	0.11757
3	252	-3.9312	-120.	151.58	577	0.11729
3	268	-1.0913	-120.	151.9	577	0.11737
4	261	-2.1991	-120.	153.07	577	0.11757
4	268	-1.0913	-120.	151.9	577	0.11737
4	276	-0.11815	-120.	152.95	577	0.11762
5	261	-2.1991	-120.	153.07	577	0.11757
5	276	-0.11815	-120.	152.95	577	0.11762
5	267	-1.1343	-120.	154.83	577	0.11801
6	261	-2.1991	-120.	153.07	577	0.11757
6	267	-1.1343	-120.	154.83	577	0.11801
6	259	-2.4941	-120.	154.68	577	0.11788
7	261	-2.1991	-120.	153.07	577	0.11757
7	259	-2.4941	-120.	154.68	577	0.11788
7	248	-4.4252	-120.	152.47	577	0.11739
8	261	-2.1991	-120.	153.07	577	0.11757
8	248	-4.4252	-120.	152.47	577	0.11739
8	252	-3.9312	-120.	151.58	577	0.11729
9	526	31.866	-120.	131.46	610	0.1101
9	510	30.864	-120.	134.14	610	0.1104
9	479	29.242	-120.	133.19	610	0.11025
10	564	34.544	-120.	132.9	610	0.11027
10	550	33.344	-120.	135.59	610	0.11068
10	522	31.71	-120.	134.63	610	0.11048
11	541	32.873	-120.	132.56	610	0.11021
11	564	34.544	-120.	132.9	610	0.11027
11	522	31.71	-120.	134.63	610	0.11048
12	541	32.873	-120.	132.56	610	0.11021
12	522	31.71	-120.	134.63	610	0.11048
12	510	30.864	-120.	134.14	610	0.1104
13	541	32.873	-120.	132.56	610	0.11021
13	510	30.864	-120.	134.14	610	0.1104
13	526	31.866	-120.	131.46	610	0.1101
14	541	32.873	-120.	132.56	610	0.11021
14	526	31.866	-120.	131.46	610	0.1101
14	546	33.229	-120.	130.57	610	0.11007
15	541	32.873	-120.	132.56	610	0.11021
15	546	33.229	-120.	130.57	610	0.11007
15	567	35.024	-120.	131.62	610	0.11017
16	541	32.873	-120.	132.56	610	0.11021
16	567	35.024	-120.	131.62	610	0.11017
16	564	34.544	-120.	132.9	610	0.11027
17	572	35.883	-120.	128.81	610	0.11012
17	567	35.024	-120.	131.62	610	0.11017
17	546	33.229	-120.	130.57	610	0.11007
18	109	-23.556	-120.	106.6	619	0.13216
18	124	-22.151	-120.	106.97	619	0.13217
18	98	-24.934	-120.	108.56	619	0.1323
19	109	-23.556	-120.	106.6	619	0.13216
19	98	-24.934	-120.	108.56	619	0.1323
19	83	-25.781	-120.	108.08	619	0.13229
20	109	-23.556	-120.	106.6	619	0.13216
20	83	-25.781	-120.	108.08	619	0.13229
20	104	-24.368	-120.	105.63	619	0.13205
21	109	-23.556	-120.	106.6	619	0.13216
21	104	-24.368	-120.	105.63	619	0.13205
21	117	-22.763	-120.	104.8	619	0.13192
22	109	-23.556	-120.	106.6	619	0.13216
22	117	-22.763	-120.	104.8	619	0.13192
22	137	-21.34	-120.	105.57	619	0.13202
23	109	-23.556	-120.	106.6	619	0.13216
23	137	-21.34	-120.	105.57	619	0.13202
23	124	-22.151	-120.	106.97	619	0.13217
24	104	-24.368	-120.	105.63	619	0.13205
24	83	-25.781	-120.	108.08	619	0.13229
24	55	-27.388	-120.	107.17	619	0.13222
25	124	-22.151	-120.	106.97	619	0.13217
25	112	-23.336	-120.	109.46	619	0.13227
25	98	-24.934	-120.	108.56	619	0.1323
26	137	-21.34	-120.	105.57	619	0.13202
26	117	-22.763	-120.	104.8	619	0.13192
26	151	-19.781	-120.	103.3	619	0.13162
27	153	-19.369	-120.	98.573	622	0.13005
27	139	-21.019	-120.	97.611	622	0.12966
27	155	-18.865	-120.	95.735	622	0.12878
28	110	-23.545	-120.	96.143	622	0.12904
28	134	-21.451	-120.	94.077	622	0.12801
28	126	-21.878	-120.	97.108	622	0.12945
29	165	-18.085	-120.	91.387	622	0.12652
29	161	-18.611	-120.	94.262	622	0.12806
29	144	-20.419	-120.	93.178	622	0.12754
30	145	-20.374	-120.	95.329	622	0.12861
30	155	-18.865	-120.	95.735	622	0.12878
30	139	-21.019	-120.	97.611	622	0.12966
31	145	-20.374	-120.	95.329	622	0.12861
31	139	-21.019	-120.	97.611	622	0.12966
31	126	-21.878	-120.	97.108	622	0.12945
32	145	-20.374	-120.	95.329	622	0.12861
32	126	-21.878	-120.	97.108	622	0.12945
32	134	-21.451	-120.	94.077	622	0.12801
33	145	-20.374	-120.	95.329	622	0.12861
33	134	-21.451	-120.	94.077	622	0.12801
33	144	-20.419	-120.	93.178	622	0.12754
34	145	-20.374	-120.	95.329	622	0.12861
34	144	-20.419	-120.	93.178	622	0.12754
34	161	-18.611	-120.	94.262	622	0.12806
35	145	-20.374	-120.	95.329	622	0.12861
35	161	-18.611	-120.	94.262	622	0.12806
35	155	-18.865	-120.	95.735	622	0.12878
36	285	1.3031	-120.	89.681	635	0.12529
36	275	-0.15357	-120.	92.615	635	0.12644
36	300	4.2195	-120.	92.615	635	0.12582
37	80	-26.056	-120.	108.78	712	0.13231
37	97	-24.934	-120.	108.56	712	0.1323
37	82	-25.781	-120.	108.08	712	0.13229
38	43	-28.173	-120.	109.18	712	0.13231
38	23	-29.748	-120.	110.74	712	0.13227
38	7	-31.417	-120.	109.78	712	0.13225
39	43	-28.173	-120.	109.18	712	0.13231
39	7	-31.417	-120.	109.78	712	0.13225
39	55	-27.388	-120.	107.17	712	0.13222
40	43	-28.173	-120.	109.18	712	0.13231
40	55	-27.388	-120.	107.17	712	0.13222
40	82	-25.781	-120.	108.08	712	0.13229
41	43	-28.173	-120.	109.18	712	0.13231
41	82	-25.781	-120.	108.08	712	0.13229
41	80	-26.056	-120.	108.78	712	0.13231
42	43	-28.173	-120.	109.18	712	0.13231
42	80	-26.056	-120.	108.78	712	0.13231
42	36	-28.65	-120.	110.53	712	0.13229
43	43	-28.173	-120.	109.18	712	0.13231
43	36	-28.65	-120.	110.53	712	0.13229
43	23	-29.748	-120.	110.74	712	0.13227
44	32	-28.882	-120.	111.23	712	0.13226
44	36	-28.65	-120.	110.53	712	0.13229
44	23	-29.748	-120.	110.74	712	0.13227
45	68	-26.514	-120.	110.12	712	0.13231
45	61	-27.224	-120.	112.18	712	0.13218
45	112	-23.336	-120.	109.46	712	0.13227
46	68	-26.514	-120.	110.12	712	0.13231
46	112	-23.336	-120.	109.46	712	0.13227
46	97	-24.934	-120.	108.56	712	0.1323
47	68	-26.514	-120.	110.12	712	0.13231
47	97	-24.934	-120.	108.56	712	0.1323
47	80	-26.056	-120.	108.78	712	0.13231
48	68	-26.514	-120.	110.12	712	0.13231
48	80	-26.056	-120.	108.78	712	0.13231
48	36	-28.65	-120.	110.53	712	0.13229
49	68	-26.514	-120.	110.12	712	0.13231
49	36	-28.65	-120.	110.53	712	0.13229
49	32	-28.882	-120.	111.23	712	0.13226
50	68	-26.514	-120.	110.12	712	0.13231
50	32	-28.882	-120.	111.23	712	0.13226
50	61	-27.224	-120.	112.18	712	0.13218
51	241	-5.7764	-120.	90.758	716	0.12602
51	235	-6.5008	-120.	90.968	716	0.12613
51	237	-6.2516	-120.	91.919	716	0.12661
52	225	-8.3372	-120.	89.613	716	0.12547
52	223	-8.5933	-120.	88.683	716	0.12499
52	220	-9.0374	-120.	89.857	716	0.12559
53	227	-7.8565	-120.	91.427	716	0.1264
53	237	-6.2516	-120.	91.919	716	0.12661
53	231	-7.1082	-120.	94.093	716	0.12777
54	227	-7.8565	-120.	91.427	716	0.1264
54	231	-7.1082	-120.	94.093	716	0.12777
54	214	-9.904	-120.	92.112	716	0.1268
55	227	-7.8565	-120.	91.427	716	0.1264
55	214	-9.904	-120.	92.112	716	0.1268
55	220	-9.0374	-120.	89.857	716	0.12559
56	227	-7.8565	-120.	91.427	716	0.1264
56	220	-9.0374	-120.	89.857	716	0.12559
56	225	-8.3372	-120.	89.613	716	0.12547
57	227	-7.8565	-120.	91.427	716	0.1264
57	225	-8.3372	-120.	89.613	716	0.12547
57	235	-6.5008	-120.	90.968	716	0.12613
58	227	-7.8565	-120.	91.427	716	0.1264
58	235	-6.5008	-120.	90.968	716	0.12613
58	237	-6.2516	-120.	91.919	716	0.12661
59	232	-6.9679	-120.	89.165	716	0.12524
59	223	-8.5933	-120.	88.683	716	0.12499
59	228	-7.7041	-120.	86.405	716	0.12388
60	232	-6.9679	-120.	89.165	716	0.12524
60	228	-7.7041	-120.	86.405	716	0.12388
60	245	-4.8957	-120.	88.564	716	0.12495
61	232	-6.9679	-120.	89.165	716	0.12524
61	245	-4.8957	-120.	88.564	716	0.12495
61	241	-5.7764	-120.	90.758	716	0.12602
62	232	-6.9679	-120.	89.165	716	0.12524
62	241	-5.7764	-120.	90.758	716	0.12602
62	235	-6.5008	-120.	90.968	716	0.12613
63	232	-6.9679	-120.	89.165	716	0.12524
63	235	-6.5008	-120.	90.968	716	0.12613
63	225	-8.3372	-120.	89.613	716	0.12547
64	232	-6.9679	-120.	89.165	716	0.12524
64	225	-8.3372	-120.	89.613	716	0.12547
64	223	-8.5933	-120.	88.683	716	0.12499
65	177	-15.833	-120.	140.87	735	0.11972
65	169	-17.251	-120.	143.32	735	0.11878
65	197	-12.295	-120.	143.44	735	0.11844
66	1	-32.805	-120.	116.88	751	0.13124
66	0	-32.924	-120.	121.19	751	0.12985
66	16	-30.093	-120.	118.32	751	0.13091
67	226	-8.113	-120.	150.47	765	0.11717
67	218	-9.54	-120.	153.01	765	0.11713
67	243	-5.3928	-120.	154.18	765	0.11756
68	250	-4.0658	-120.	91.691	802	0.1264
68	263	-2.0045	-120.	91.016	802	0.12596
68	257	-2.8829	-120.	92.974	802	0.1269
69	250	-4.0658	-120.	91.691	802	0.1264
69	257	-2.8829	-120.	92.974	802	0.1269
69	247	-4.4686	-120.	93.311	802	0.1272
70	250	-4.0658	-120.	91.691	802	0.1264
70	247	-4.4686	-120.	93.311	802	0.1272
70	238	-6.2516	-120.	91.919	802	0.12661
71	250	-4.0658	-120.	91.691	802	0.1264
71	238	-6.2516	-120.	91.919	802	0.12661
71	242	-5.7764	-120.	90.758	802	0.12602
72	250	-4.0658	-120.	91.691	802	0.1264
72	242	-5.7764	-120.	90.758	802	0.12602
72	254	-3.011	-120.	90.17	802	0.12565
73	250	-4.0658	-120.	91.691	802	0.1264
73	254	-3.011	-120.	90.17	802	0.12565
73	263	-2.0045	-120.	91.016	802	0.12596
74	238	-6.2516	-120.	91.919	802	0.12661
74	247	-4.4686	-120.	93.311	802	0.1272
74	231	-7.1082	-120.	94.093	802	0.12777
75	263	-2.0045	-120.	91.016	802	0.12596
75	275	-0.15357	-120.	92.615	802	0.12644
75	257	-2.8829	-120.	92.974	802	0.1269
76	254	-3.011	-120.	90.17	802	0.12565
76	242	-5.7764	-120.	90.758	802	0.12602
76	245	-4.8957	-120.	88.564	802	0.12495
77	353	12.589	-120.	91.638	810	0.12487
77	343	11.174	-120.	94.093	810	0.12475
77	365	15.169	-120.	95.872	810	0.12384
78	427	22.928	-120.	139.99	840	0.11191
78	413	21.536	-120.	141.87	840	0.11262
78	420	21.895	-120.	138.97	840	0.11155
79	427	22.928	-120.	139.99	840	0.11191
79	420	21.895	-120.	138.97	840	0.11155
79	429	22.98	-120.	137.77	840	0.11119
80	427	22.928	-120.	139.99	840	0.11191
80	429	22.98	-120.	137.77	840	0.11119
80	437	24.441	-120.	138.64	840	0.11148
81	427	22.928	-120.	139.99	840	0.11191
81	437	24.441	-120.	138.64	840	0.11148
81	435	24.303	-120.	140.3	840	0.11203
82	427	22.928	-120.	139.99	840	0.11191
82	435	24.303	-120.	140.3	840	0.11203
82	424	22.411	-120.	142.4	840	0.11285
83	427	22.928	-120.	139.99	840	0.11191
83	424	22.411	-120.	142.4	840	0.11285
83	413	21.536	-120.	141.87	840	0.11262
84	437	24.441	-120.	138.64	840	0.11148
84	429	22.98	-120.	137.77	840	0.11119
84	439	24.656	-120.	135.59	840	0.11065
85	413	21.536	-120.	141.87	840	0.11262
85	399	19.899	-120.	140.87	840	0.1122
85	420	21.895	-120.	138.97	840	0.11155
86	424	22.411	-120.	142.4	840	0.11285
86	435	24.303	-120.	140.3	840	0.11203
86	434	24.064	-120.	143.4	840	0.11327
87	240	-5.7995	-120.	146.33	842	0.11711
87	256	-2.9777	-120.	149.89	842	0.11705
87	265	-1.522	-120.	147.24	842	0.11654
88	35	-28.656	-120.	129.72	857	0.1259
88	6	-31.929	-120.	128.36	857	0.1266
88	10	-30.643	-120.	132.48	857	0.12441
89	152	-19.63	-120.	147.46	858	0.11741
89	175	-16.089	-120.	149.92	858	0.11699
89	181	-14.63	-120.	147.4	858	0.11752
90	214	-9.904	-120.	92.112	861	0.1268
90	206	-11.103	-120.	95.872	861	0.12882
90	231	-7.1082	-120.	94.093	861	0.12777
91	56	-27.376	-120.	127.13	865	0.12724
91	63	-27.196	-120.	127.86	865	0.12687
91	70	-26.429	-120.	126.87	865	0.12736
92	31	-29.171	-120.	127.62	865	0.127
92	6	-31.929	-120.	128.36	865	0.1266
92	35	-28.656	-120.	129.72	865	0.1259
93	31	-29.171	-120.	127.62	865	0.127
93	35	-28.656	-120.	129.72	865	0.1259
93	63	-27.196	-120.	127.86	865	0.12687
94	31	-29.171	-120.	127.62	865	0.127
94	63	-27.196	-120.	127.86	865	0.12687
94	56	-27.376	-120.	127.13	865	0.12724
95	31	-29.171	-120.	127.62	865	0.127
95	56	-27.376	-120.	127.13	865	0.12724
95	28	-29.468	-120.	126.21	865	0.1277
96	31	-29.171	-120.	127.62	865	0.127
96	28	-29.468	-120.	126.21	865	0.1277
96	15	-30.401	-120.	126.46	865	0.12758
97	31	-29.171	-120.	127.62	865	0.127
97	15	-30.401	-120.	126.46	865	0.12758
97	6	-31.929	-120.	128.36	865	0.1266
98	52	-27.657	-120.	125.72	865	0.12793
98	44	-28.087	-120.	123.61	865	0.12892
98	96	-24.974	-120.	125.04	865	0.12821
99	52	-27.657	-120.	125.72	865	0.12793
99	96	-24.974	-120.	125.04	865	0.12821
99	70	-26.429	-120.	126.87	865	0.12736
100	52	-27.657	-120.	125.72	865	0.12793
100	70	-26.429	-120.	126.87	865	0.12736
100	56	-27.376	-120.	127.13	865	0.12724
101	52	-27.657	-120.	125.72	865	0.12793
101	56	-27.376	-120.	127.13	865	0.12724
101	28	-29.468	-120.	126.21	865	0.1277
102	52	-27.657	-120.	125.72	865	0.12793
102	28	-29.468	-120.	126.21	865	0.1277
102	25	-29.607	-120.	125.48	865	0.12805
103	52	-27.657	-120.	125.72	865	0.12793
103	25	-29.607	-120.	125.48	865	0.12805
103	44	-28.087	-120.	123.61	865	0.12892
104	28	-29.468	-120.	126.21	865	0.1277
104	25	-29.607	-120.	125.48	865	0.12805
104	15	-30.401	-120.	126.46	865	0.12758
105	44	-28.087	-120.	123.61	867	0.12892
105	24	-29.607	-120.	125.48	867	0.12805
105	19	-29.999	-120.	122.65	867	0.12933
106	6	-31.929	-120.	128.36	867	0.1266
106	3	-32.513	-120.	125.48	867	0.12803
106	14	-30.401	-120.	126.46	867	0.12758
107	0	-32.924	-120.	121.19	867	0.12985
107	9	-30.996	-120.	122.16	867	0.12952
107	2	-32.701	-120.	124.13	867	0.12864
108	8	-31.036	-120.	124.39	867	0.12855
108	19	-29.999	-120.	122.65	867	0.12933
108	24	-29.607	-120.	125.48	867	0.12805
109	8	-31.036	-120.	124.39	867	0.12855
109	24	-29.607	-120.	125.48	867	0.12805
109	14	-30.401	-120.	126.46	867	0.12758
110	8	-31.036	-120.	124.39	867	0.12855
110	14	-30.401	-120.	126.46	867	0.12758
110	3	-32.513	-120.	125.48	867	0.12803
111	8	-31.036	-120.	124.39	867	0.12855
111	3	-32.513	-120.	125.48	867	0.12803
111	2	-32.701	-120.	124.13	867	0.12864
112	8	-31.036	-120.	124.39	867	0.12855
112	2	-32.701	-120.	124.13	867	0.12864
112	9	-30.996	-120.	122.16	867	0.12952
113	8	-31.036	-120.	124.39	867	0.12855
113	9	-30.996	-120.	122.16	867	0.12952
113	19	-29.999	-120.	122.65	867	0.12933
114	204	-11.69	-120.	149.52	879	0.11719
114	208	-10.796	-120.	149.39	879	0.11721
114	199	-12.084	-120.	148.78	879	0.11728
115	207	-10.848	-120.	150.93	879	0.11709
115	218	-9.54	-120.	153.01	879	0.11713
115	226	-8.113	-120.	150.47	879	0.11717
116	207	-10.848	-120.	150.93	879	0.11709
116	226	-8.113	-120.	150.47	879	0.11717
116	208	-10.796	-120.	149.39	879	0.11721
117	207	-10.848	-120.	150.93	879	0.11709
117	208	-10.796	-120.	149.39	879	0.11721
117	204	-11.69	-120.	149.52	879	0.11719
118	207	-10.848	-120.	150.93	879	0.11709
118	204	-11.69	-120.	149.52	879	0.11719
118	194	-12.675	-120.	151.25	879	0.11699
119	207	-10.848	-120.	150.93	879	0.11709
119	194	-12.675	-120.	151.25	879	0.11699
119	198	-12.273	-120.	151.92	879	0.11697
120	207	-10.848	-120.	150.93	879	0.11709
120	198	-12.273	-120.	151.92	879	0.11697
120	218	-9.54	-120.	153.01	879	0.11713
121	190	-13.446	-120.	149.7	879	0.11714
121	175	-16.089	-120.	149.92	879	0.11699
121	181	-14.63	-120.	147.4	879	0.11752
122	190	-13.446	-120.	149.7	879	0.11714
122	181	-14.63	-120.	147.4	879	0.11752
122	199	-12.084	-120.	148.78	879	0.11728
123	190	-13.446	-120.	149.7	879	0.11714
123	199	-12.084	-120.	148.78	879	0.11728
123	204	-11.69	-120.	149.52	879	0.11719
124	190	-13.446	-120.	149.7	879	0.11714
124	204	-11.69	-120.	149.52	879	0.11719
124	194	-12.675	-120.	151.25	879	0.11699
125	190	-13.446	-120.	149.7	879	0.11714
125	194	-12.675	-120.	151.25	879	0.11699
125	188	-13.511	-120.	151.33	879	0.11694
126	190	-13.446	-120.	149.7	879	0.11714
126	188	-13.511	-120.	151.33	879	0.11694
126	175	-16.089	-120.	149.92	879	0.11699
127	194	-12.675	-120.	151.25	879	0.11699
127	188	-13.511	-120.	151.33	879	0.11694
127	198	-12.273	-120.	151.92	879	0.11697
128	463	27.448	-120.	103.66	890	0.11949
128	451	26.451	-120.	103.94	890	0.11935
128	464	27.85	-120.	104.3	890	0.11913
129	453	26.629	-120.	102.49	890	0.12015
129	444	25.409	-120.	100.72	890	0.12112
129	432	23.847	-120.	103.3	890	0.11976
130	453	26.629	-120.	102.49	890	0.12015
130	432	23.847	-120.	103.3	890	0.11976
130	451	26.451	-120.	103.94	890	0.11935
131	453	26.629	-120.	102.49	890	0.12015
131	451	26.451	-120.	103.94	890	0.11935
131	463	27.448	-120.	103.66	890	0.11949
132	453	26.629	-120.	102.49	890	0.12015
132	463	27.448	-120.	103.66	890	0.11949
132	471	28.524	-120.	101.95	890	0.12041
133	453	26.629	-120.	102.49	890	0.12015
133	471	28.524	-120.	101.95	890	0.12041
133	467	28.095	-120.	101.35	890	0.12074
134	453	26.629	-120.	102.49	890	0.12015
134	467	28.095	-120.	101.35	890	0.12074
134	444	25.409	-120.	100.72	890	0.12112
135	483	29.334	-120.	103.14	890	0.11975
135	536	32.209	-120.	102.31	890	0.12017
135	499	30.485	-120.	104.97	890	0.11873
136	483	29.334	-120.	103.14	890	0.11975
136	499	30.485	-120.	104.97	890	0.11873
136	464	27.85	-120.	104.3	890	0.11913
137	483	29.334	-120.	103.14	890	0.11975
137	464	27.85	-120.	104.3	890	0.11913
137	463	27.448	-120.	103.66	890	0.11949
138	483	29.334	-120.	103.14	890	0.11975
138	463	27.448	-120.	103.66	890	0.11949
138	471	28.524	-120.	101.95	890	0.12041
139	483	29.334	-120.	103.14	890	0.11975
139	471	28.524	-120.	101.95	890	0.12041
139	490	29.49	-120.	101.66	890	0.12055
140	483	29.334	-120.	103.14	890	0.11975
140	490	29.49	-120.	101.66	890	0.12055
140	536	32.209	-120.	102.31	890	0.12017
141	471	28.524	-120.	101.95	890	0.12041
141	490	29.49	-120.	101.66	890	0.12055
141	467	28.095	-120.	101.35	890	0.12074
142	50	-27.848	-120.	115.7	894	0.1316
142	45	-27.948	-120.	116.45	894	0.13143
142	65	-26.814	-120.	115.45	894	0.13164
143	53	-27.595	-120.	114.29	894	0.13188
143	29	-29.43	-120.	114.03	894	0.13192
143	61	-27.224	-120.	112.18	894	0.13218
144	53	-27.595	-120.	114.29	894	0.13188
144	61	-27.224	-120.	112.18	894	0.13218
144	100	-24.688	-120.	113.62	894	0.13193
145	53	-27.595	-120.	114.29	894	0.13188
145	100	-24.688	-120.	113.62	894	0.13193
145	65	-26.814	-120.	115.45	894	0.13164
146	53	-27.595	-120.	114.29	894	0.13188
146	65	-26.814	-120.	115.45	894	0.13164
146	50	-27.848	-120.	115.7	894	0.1316
147	53	-27.595	-120.	114.29	894	0.13188
147	50	-27.848	-120.	115.7	894	0.1316
147	26	-29.567	-120.	114.76	894	0.13179
148	53	-27.595	-120.	114.29	894	0.13188
148	26	-29.567	-120.	114.76	894	0.13179
148	29	-29.43	-120.	114.03	894	0.13192
149	12	-30.578	-120.	114.99	894	0.13173
149	26	-29.567	-120.	114.76	894	0.13179
149	29	-29.43	-120.	114.03	894	0.13192
150	21	-29.807	-120.	116.19	894	0.13149
150	1	-32.805	-120.	116.88	894	0.13124
150	16	-30.093	-120.	118.32	894	0.13091
151	21	-29.807	-120.	116.19	894	0.13149
151	16	-30.093	-120.	118.32	894	0.13091
151	45	-27.948	-120.	116.45	894	0.13143
152	21	-29.807	-120.	116.19	894	0.13149
152	45	-27.948	-120.	116.45	894	0.13143
152	50	-27.848	-120.	115.7	894	0.1316
153	21	-29.807	-120.	116.19	894	0.13149
153	50	-27.848	-120.	115.7	894	0.1316
153	26	-29.567	-120.	114.76	894	0.13179
154	21	-29.807	-120.	116.19	894	0.13149
154	26	-29.567	-120.	114.76	894	0.13179
154	12	-30.578	-120.	114.99	894	0.13173
155	21	-29.807	-120.	116.19	894	0.13149
155	12	-30.578	-120.	114.99	894	0.13173
155	1	-32.805	-120.	116.88	894	0.13124
156	40	-28.243	-120.	120.02	900	0.13035
156	59	-27.268	-120.	119.76	900	0.13042
156	38	-28.244	-120.	119.26	900	0.13061
157	42	-28.178	-120.	121.44	900	0.12982
157	44	-28.087	-120.	123.61	900	0.12892
157	88	-25.431	-120.	120.69	900	0.13004
158	42	-28.178	-120.	121.44	900	0.12982
158	88	-25.431	-120.	120.69	900	0.13004
158	59	-27.268	-120.	119.76	900	0.13042
159	42	-28.178	-120.	121.44	900	0.12982
159	59	-27.268	-120.	119.76	900	0.13042
159	40	-28.243	-120.	120.02	900	0.13035
160	42	-28.178	-120.	121.44	900	0.12982
160	40	-28.243	-120.	120.02	900	0.13035
160	18	-30.04	-120.	121.91	900	0.12963
161	42	-28.178	-120.	121.44	900	0.12982
161	18	-30.04	-120.	121.91	900	0.12963
161	19	-29.999	-120.	122.65	900	0.12933
162	42	-28.178	-120.	121.44	900	0.12982
162	19	-29.999	-120.	122.65	900	0.12933
162	44	-28.087	-120.	123.61	900	0.12892
163	17	-30.09	-120.	120.48	900	0.13018
163	0	-32.924	-120.	121.19	900	0.12985
163	16	-30.093	-120.	118.32	900	0.13091
164	17	-30.09	-120.	120.48	900	0.13018
164	16	-30.093	-120.	118.32	900	0.13091
164	38	-28.244	-120.	119.26	900	0.13061
165	17	-30.09	-120.	120.48	900	0.13018
165	38	-28.244	-120.	119.26	900	0.13061
165	40	-28.243	-120.	120.02	900	0.13035
166	17	-30.09	-120.	120.48	900	0.13018
166	40	-28.243	-120.	120.02	900	0.13035
166	18	-30.04	-120.	121.91	900	0.12963
167	17	-30.09	-120.	120.48	900	0.13018
167	18	-30.04	-120.	121.91	900	0.12963
167	9	-30.996	-120.	122.16	900	0.12952
168	17	-30.09	-120.	120.48	900	0.13018
168	9	-30.996	-120.	122.16	900	0.12952
168	0	-32.924	-120.	121.19	900	0.12985
169	18	-30.04	-120.	121.91	900	0.12963
169	9	-30.996	-120.	122.16	900	0.12952
169	19	-29.999	-120.	122.65	900	0.12933
170	101	-24.589	-120.	134.53	905	0.12323
170	143	-20.59	-120.	135.59	905	0.12259
170	115	-22.777	-120.	131.8	905	0.12471
171	236	-6.4699	-120.	149.04	910	0.11714
171	234	-6.7075	-120.	147.97	910	0.11716
171	230	-7.1945	-120.	148.83	910	0.11717
172	239	-6.0411	-120.	151.07	910	0.11721
172	249	-4.4252	-120.	152.47	910	0.11739
172	243	-5.3928	-120.	154.18	910	0.11756
173	239	-6.0411	-120.	151.07	910	0.11721
173	243	-5.3928	-120.	154.18	910	0.11756
173	226	-8.113	-120.	150.47	910	0.11717
174	239	-6.0411	-120.	151.07	910	0.11721
174	226	-8.113	-120.	150.47	910	0.11717
174	230	-7.1945	-120.	148.83	910	0.11717
175	239	-6.0411	-120.	151.07	910	0.11721
175	230	-7.1945	-120.	148.83	910	0.11717
175	236	-6.4699	-120.	149.04	910	0.11714
176	239	-6.0411	-120.	151.07	910	0.11721
176	236	-6.4699	-120.	149.04	910	0.11714
176	246	-4.6513	-120.	151.42	910	0.11725
177	239	-6.0411	-120.	151.07	910	0.11721
177	246	-4.6513	-120.	151.42	910	0.11725
177	249	-4.4252	-120.	152.47	910	0.11739
178	251	-3.9312	-120.	151.58	910	0.11729
178	246	-4.6513	-120.	151.42	910	0.11725
178	249	-4.4252	-120.	152.47	910	0.11739
179	244	-5.0895	-120.	149.37	910	0.11709
179	256	-2.9777	-120.	149.89	910	0.11705
179	240	-5.7995	-120.	146.33	910	0.11711
180	244	-5.0895	-120.	149.37	910	0.11709
180	240	-5.7995	-120.	146.33	910	0.11711
180	234	-6.7075	-120.	147.97	910	0.11716
181	244	-5.0895	-120.	149.37	910	0.11709
181	234	-6.7075	-120.	147.97	910	0.11716
181	236	-6.4699	-120.	149.04	910	0.11714
182	244	-5.0895	-120.	149.37	910	0.11709
182	236	-6.4699	-120.	149.04	910	0.11714
182	246	-4.6513	-120.	151.42	910	0.11725
183	244	-5.0895	-120.	149.37	910	0.11709
183	246	-4.6513	-120.	151.42	910	0.11725
183	251	-3.9312	-120.	151.58	910	0.11729
184	244	-5.0895	-120.	149.37	910	0.11709
184	251	-3.9312	-120.	151.58	910	0.11729
184	256	-2.9777	-120.	149.89	910	0.11705
185	304	4.9242	-120.	150.14	912	0.11676
185	302	4.6741	-120.	149.18	912	0.11642
185	299	4.1731	-120.	150.21	912	0.11681
186	312	6.3385	-120.	149.94	912	0.11664
186	323	8.4836	-120.	149.65	912	0.11646
186	308	5.588	-120.	147.24	912	0.11562
187	312	6.3385	-120.	149.94	912	0.11664
187	308	5.588	-120.	147.24	912	0.11562
187	302	4.6741	-120.	149.18	912	0.11642
188	312	6.3385	-120.	149.94	912	0.11664
188	302	4.6741	-120.	149.18	912	0.11642
188	304	4.9242	-120.	150.14	912	0.11676
189	312	6.3385	-120.	149.94	912	0.11664
189	304	4.9242	-120.	150.14	912	0.11676
189	314	6.814	-120.	151.77	912	0.11736
190	312	6.3385	-120.	149.94	912	0.11664
190	314	6.814	-120.	151.77	912	0.11736
190	320	7.5469	-120.	151.66	912	0.11733
191	312	6.3385	-120.	149.94	912	0.11664
191	320	7.5469	-120.	151.66	912	0.11733
191	323	8.4836	-120.	149.65	912	0.11646
192	307	5.3872	-120.	151.95	912	0.11742
192	311	6.1077	-120.	154.74	912	0.11848
192	296	3.2389	-120.	152.16	912	0.11748
193	307	5.3872	-120.	151.95	912	0.11742
193	296	3.2389	-120.	152.16	912	0.11748
193	299	4.1731	-120.	150.21	912	0.11681
194	307	5.3872	-120.	151.95	912	0.11742
194	299	4.1731	-120.	150.21	912	0.11681
194	304	4.9242	-120.	150.14	912	0.11676
195	307	5.3872	-120.	151.95	912	0.11742
195	304	4.9242	-120.	150.14	912	0.11676
195	314	6.814	-120.	151.77	912	0.11736
196	307	5.3872	-120.	151.95	912	0.11742
196	314	6.814	-120.	151.77	912	0.11736
196	316	7.065	-120.	152.71	912	0.11774
197	307	5.3872	-120.	151.95	912	0.11742
197	316	7.065	-120.	152.71	912	0.11774
197	311	6.1077	-120.	154.74	912	0.11848
198	314	6.814	-120.	151.77	912	0.11736
198	316	7.065	-120.	152.71	912	0.11774
198	320	7.5469	-120.	151.66	912	0.11733
199	387	18.289	-120.	147.65	935	0.11535
199	393	19.016	-120.	145.11	935	0.11409
199	405	20.723	-120.	146.15	935	0.11459
200	396	19.872	-120.	148.18	935	0.1156
200	387	18.289	-120.	147.65	935	0.11535
200	405	20.723	-120.	146.15	935	0.11459
201	396	19.872	-120.	148.18	935	0.1156
201	405	20.723	-120.	146.15	935	0.11459
201	415	21.609	-120.	146.7	935	0.11484
202	396	19.872	-120.	148.18	935	0.1156
202	415	21.609	-120.	146.7	935	0.11484
202	408	20.929	-120.	149.43	935	0.11621
203	396	19.872	-120.	148.18	935	0.1156
203	408	20.929	-120.	149.43	935	0.11621
203	394	19.764	-120.	150.15	935	0.11658
204	396	19.872	-120.	148.18	935	0.1156
204	394	19.764	-120.	150.15	935	0.11658
204	385	17.918	-120.	148.97	935	0.11601
205	396	19.872	-120.	148.18	935	0.1156
205	385	17.918	-120.	148.97	935	0.11601
205	387	18.289	-120.	147.65	935	0.11535
206	408	20.929	-120.	149.43	935	0.11621
206	415	21.609	-120.	146.7	935	0.11484
206	430	23.336	-120.	147.74	935	0.11533
207	394	19.764	-120.	150.15	935	0.11658
207	380	17.167	-120.	151.53	935	0.1173
207	385	17.918	-120.	148.97	935	0.11601
208	291	2.4319	-120.	148.95	938	0.1165
208	299	4.1731	-120.	150.21	938	0.11681
208	287	1.3459	-120.	150.21	938	0.11694
209	291	2.4319	-120.	148.95	938	0.1165
209	287	1.3459	-120.	150.21	938	0.11694
209	279	0.33219	-120.	149.18	938	0.11674
210	291	2.4319	-120.	148.95	938	0.1165
210	279	0.33219	-120.	149.18	938	0.11674
210	284	1.2224	-120.	147.46	938	0.11621
211	291	2.4319	-120.	148.95	938	0.1165
211	284	1.2224	-120.	147.46	938	0.11621
211	294	2.8435	-120.	147.46	938	0.11601
212	291	2.4319	-120.	148.95	938	0.1165
212	294	2.8435	-120.	147.46	938	0.11601
212	302	4.6741	-120.	149.18	938	0.11642
213	291	2.4319	-120.	148.95	938	0.1165
213	302	4.6741	-120.	149.18	938	0.11642
213	299	4.1731	-120.	150.21	938	0.11681
214	284	1.2224	-120.	147.46	938	0.11621
214	279	0.33219	-120.	149.18	938	0.11674
214	265	-1.522	-120.	147.24	938	0.11654
215	299	4.1731	-120.	150.21	938	0.11681
215	296	3.2389	-120.	152.16	938	0.11748
215	287	1.3459	-120.	150.21	938	0.11694
216	302	4.6741	-120.	149.18	938	0.11642
216	294	2.8435	-120.	147.46	938	0.11601
216	308	5.588	-120.	147.24	938	0.11562
217	335	10.335	-120.	151.03	942	0.11706
217	319	7.5469	-120.	151.66	942	0.11733
217	323	8.4836	-120.	149.65	942	0.11646
218	326	9.0131	-120.	154.27	942	0.11843
218	311	6.1077	-120.	154.74	942	0.11848
218	317	7.065	-120.	152.71	942	0.11774
219	328	9.2669	-120.	152.57	942	0.11773
219	326	9.0131	-120.	154.27	942	0.11843
219	317	7.065	-120.	152.71	942	0.11774
220	328	9.2669	-120.	152.57	942	0.11773
220	317	7.065	-120.	152.71	942	0.11774
220	319	7.5469	-120.	151.66	942	0.11733
221	328	9.2669	-120.	152.57	942	0.11773
221	319	7.5469	-120.	151.66	942	0.11733
221	335	10.335	-120.	151.03	942	0.11706
222	328	9.2669	-120.	152.57	942	0.11773
222	335	10.335	-120.	151.03	942	0.11706
222	344	11.293	-120.	151.76	942	0.11739
223	328	9.2669	-120.	152.57	942	0.11773
223	344	11.293	-120.	151.76	942	0.11739
223	336	10.348	-120.	153.98	942	0.11835
224	328	9.2669	-120.	152.57	942	0.11773
224	336	10.348	-120.	153.98	942	0.11835
224	326	9.0131	-120.	154.27	942	0.11843
225	356	13.174	-120.	153.16	942	0.11806
225	336	10.348	-120.	153.98	942	0.11835
225	344	11.293	-120.	151.76	942	0.11739
226	219	-9.0374	-120.	89.857	965	0.12559
226	214	-9.904	-120.	92.112	965	0.1268
226	205	-11.685	-120.	90.932	965	0.12618
227	210	-10.696	-120.	89.164	965	0.12523
227	219	-9.0374	-120.	89.857	965	0.12559
227	205	-11.685	-120.	90.932	965	0.12618
228	210	-10.696	-120.	89.164	965	0.12523
228	205	-11.685	-120.	90.932	965	0.12618
228	195	-12.608	-120.	90.314	965	0.12586
229	210	-10.696	-120.	89.164	965	0.12523
229	195	-12.608	-120.	90.314	965	0.12586
229	202	-11.761	-120.	87.856	965	0.12456
230	210	-10.696	-120.	89.164	965	0.12523
230	202	-11.761	-120.	87.856	965	0.12456
230	213	-10.493	-120.	87.342	965	0.1243
231	210	-10.696	-120.	89.164	965	0.12523
231	213	-10.493	-120.	87.342	965	0.1243
231	222	-8.5933	-120.	88.683	965	0.12499
232	210	-10.696	-120.	89.164	965	0.12523
232	222	-8.5933	-120.	88.683	965	0.12499
232	219	-9.0374	-120.	89.857	965	0.12559
233	202	-11.761	-120.	87.856	965	0.12456
233	195	-12.608	-120.	90.314	965	0.12586
233	183	-14.413	-120.	89.13	965	0.12524
234	213	-10.493	-120.	87.342	965	0.1243
234	228	-7.7041	-120.	86.405	965	0.12388
234	222	-8.5933	-120.	88.683	965	0.12499
235	193	-12.821	-120.	94.742	966	0.12824
235	192	-13.091	-120.	93.772	966	0.12773
235	185	-13.745	-120.	94.149	966	0.12794
236	196	-12.345	-120.	91.267	966	0.12637
236	205	-11.685	-120.	90.932	966	0.12618
236	195	-12.608	-120.	90.314	966	0.12586
237	187	-13.615	-120.	91.942	966	0.12675
237	185	-13.745	-120.	94.149	966	0.12794
237	178	-15.485	-120.	93.018	966	0.12735
238	187	-13.615	-120.	91.942	966	0.12675
238	178	-15.485	-120.	93.018	966	0.12735
238	183	-14.413	-120.	89.13	966	0.12524
239	187	-13.615	-120.	91.942	966	0.12675
239	183	-14.413	-120.	89.13	966	0.12524
239	195	-12.608	-120.	90.314	966	0.12586
240	187	-13.615	-120.	91.942	966	0.12675
240	195	-12.608	-120.	90.314	966	0.12586
240	196	-12.345	-120.	91.267	966	0.12637
241	187	-13.615	-120.	91.942	966	0.12675
241	196	-12.345	-120.	91.267	966	0.12637
241	192	-13.091	-120.	93.772	966	0.12773
242	187	-13.615	-120.	91.942	966	0.12675
242	192	-13.091	-120.	93.772	966	0.12773
242	185	-13.745	-120.	94.149	966	0.12794
243	201	-11.825	-120.	93.116	966	0.12736
243	205	-11.685	-120.	90.932	966	0.12618
243	214	-9.904	-120.	92.112	966	0.1268
244	201	-11.825	-120.	93.116	966	0.12736
244	214	-9.904	-120.	92.112	966	0.1268
244	206	-11.103	-120.	95.872	966	0.12882
245	201	-11.825	-120.	93.116	966	0.12736
245	206	-11.103	-120.	95.872	966	0.12882
245	193	-12.821	-120.	94.742	966	0.12824
246	201	-11.825	-120.	93.116	966	0.12736
246	193	-12.821	-120.	94.742	966	0.12824
246	192	-13.091	-120.	93.772	966	0.12773
247	201	-11.825	-120.	93.116	966	0.12736
247	192	-13.091	-120.	93.772	966	0.12773
247	196	-12.345	-120.	91.267	966	0.12637
248	201	-11.825	-120.	93.116	966	0.12736
248	196	-12.345	-120.	91.267	966	0.12637
248	205	-11.685	-120.	90.932	966	0.12618
249	281	0.59341	-120.	150.18	972	0.11696
249	286	1.3459	-120.	150.21	972	0.11694
249	278	0.33219	-120.	149.18	972	0.11674
250	283	1.0853	-120.	152.07	972	0.11743
250	288	1.8045	-120.	154.98	972	0.11828
250	296	3.2389	-120.	152.16	972	0.11748
251	283	1.0853	-120.	152.07	972	0.11743
251	296	3.2389	-120.	152.16	972	0.11748
251	286	1.3459	-120.	150.21	972	0.11694
252	283	1.0853	-120.	152.07	972	0.11743
252	286	1.3459	-120.	150.21	972	0.11694
252	281	0.59341	-120.	150.18	972	0.11696
253	283	1.0853	-120.	152.07	972	0.11743
253	281	0.59341	-120.	150.18	972	0.11696
253	274	-0.353	-120.	151.97	972	0.11739
254	283	1.0853	-120.	152.07	972	0.11743
254	274	-0.353	-120.	151.97	972	0.11739
254	277	-0.11815	-120.	152.95	972	0.11762
255	283	1.0853	-120.	152.07	972	0.11743
255	277	-0.11815	-120.	152.95	972	0.11762
255	288	1.8045	-120.	154.98	972	0.11828
256	271	-0.83641	-120.	150.06	972	0.117
256	256	-2.9777	-120.	149.89	972	0.11705
256	265	-1.522	-120.	147.24	972	0.11654
257	271	-0.83641	-120.	150.06	972	0.117
257	265	-1.522	-120.	147.24	972	0.11654
257	278	0.33219	-120.	149.18	972	0.11674
258	271	-0.83641	-120.	150.06	972	0.117
258	278	0.33219	-120.	149.18	972	0.11674
258	281	0.59341	-120.	150.18	972	0.11696
259	271	-0.83641	-120.	150.06	972	0.117
259	281	0.59341	-120.	150.18	972	0.11696
259	274	-0.353	-120.	151.97	972	0.11739
260	271	-0.83641	-120.	150.06	972	0.117
260	274	-0.353	-120.	151.97	972	0.11739
260	269	-1.0913	-120.	151.9	972	0.11737
261	271	-0.83641	-120.	150.06	972	0.117
261	269	-1.0913	-120.	151.9	972	0.11737
261	256	-2.9777	-120.	149.89	972	0.11705
262	274	-0.353	-120.	151.97	972	0.11739
262	269	-1.0913	-120.	151.9	972	0.11737
262	277	-0.11815	-120.	152.95	972	0.11762
263	57	-27.373	-120.	138.94	975	0.12092
263	99	-24.821	-120.	142.41	975	0.11923
263	113	-23.261	-120.	139.86	975	0.12042
264	318	7.3448	-120.	91.56	976	0.12525
264	329	9.39	-120.	91.764	976	0.12506
264	324	8.5345	-120.	93.311	976	0.1252
265	318	7.3448	-120.	91.56	976	0.12525
265	324	8.5345	-120.	93.311	976	0.1252
265	315	6.9488	-120.	92.974	976	0.12544
266	318	7.3448	-120.	91.56	976	0.12525
266	315	6.9488	-120.	92.974	976	0.12544
266	306	5.1429	-120.	90.861	976	0.12537
267	318	7.3448	-120.	91.56	976	0.12525
267	306	5.1429	-120.	90.861	976	0.12537
267	310	5.6436	-120.	89.931	976	0.12516
268	318	7.3448	-120.	91.56	976	0.12525
268	310	5.6436	-120.	89.931	976	0.12516
268	322	8.4091	-120.	90.519	976	0.12508
269	318	7.3448	-120.	91.56	976	0.12525
269	322	8.4091	-120.	90.519	976	0.12508
269	329	9.39	-120.	91.764	976	0.12506
270	306	5.1429	-120.	90.861	976	0.12537
270	315	6.9488	-120.	92.974	976	0.12544
270	300	4.2195	-120.	92.615	976	0.12582
271	329	9.39	-120.	91.764	976	0.12506
271	343	11.174	-120.	94.093	976	0.12475
271	324	8.5345	-120.	93.311	976	0.1252
272	322	8.4091	-120.	90.519	976	0.12508
272	310	5.6436	-120.	89.931	976	0.12516
272	313	6.5826	-120.	88.167	976	0.12484
273	260	-2.2653	-120.	90.059	979	0.12557
273	255	-3.011	-120.	90.17	979	0.12565
273	262	-2.0045	-120.	91.016	979	0.12596
274	270	-0.84033	-120.	89.911	979	0.12545
274	272	-0.59171	-120.	88.013	979	0.12473
274	285	1.3031	-120.	89.681	979	0.12529
275	270	-0.84033	-120.	89.911	979	0.12545
275	285	1.3031	-120.	89.681	979	0.12529
275	275	-0.15357	-120.	92.615	979	0.12644
276	270	-0.84033	-120.	89.911	979	0.12545
276	275	-0.15357	-120.	92.615	979	0.12644
276	262	-2.0045	-120.	91.016	979	0.12596
277	270	-0.84033	-120.	89.911	979	0.12545
277	262	-2.0045	-120.	91.016	979	0.12596
277	260	-2.2653	-120.	90.059	979	0.12557
278	270	-0.84033	-120.	89.911	979	0.12545
278	260	-2.2653	-120.	90.059	979	0.12557
278	266	-1.3299	-120.	88.083	979	0.12476
279	270	-0.84033	-120.	89.911	979	0.12545
279	266	-1.3299	-120.	88.083	979	0.12476
279	272	-0.59171	-120.	88.013	979	0.12473
280	264	-1.5709	-120.	87.142	979	0.12439
280	266	-1.3299	-120.	88.083	979	0.12476
280	272	-0.59171	-120.	88.013	979	0.12473
281	258	-2.7619	-120.	88.247	979	0.12482
281	253	-3.4987	-120.	85.463	979	0.12363
281	245	-4.8957	-120.	88.564	979	0.12495
282	258	-2.7619	-120.	88.247	979	0.12482
282	245	-4.8957	-120.	88.564	979	0.12495
282	255	-3.011	-120.	90.17	979	0.12565
283	258	-2.7619	-120.	88.247	979	0.12482
283	255	-3.011	-120.	90.17	979	0.12565
283	260	-2.2653	-120.	90.059	979	0.12557
284	258	-2.7619	-120.	88.247	979	0.12482
284	260	-2.2653	-120.	90.059	979	0.12557
284	266	-1.3299	-120.	88.083	979	0.12476
285	258	-2.7619	-120.	88.247	979	0.12482
285	266	-1.3299	-120.	88.083	979	0.12476
285	264	-1.5709	-120.	87.142	979	0.12439
286	258	-2.7619	-120.	88.247	979	0.12482
286	264	-1.5709	-120.	87.142	979	0.12439
286	253	-3.4987	-120.	85.463	979	0.12363
287	309	5.6436	-120.	89.931	984	0.12516
287	303	4.8924	-120.	89.862	984	0.12518
287	305	5.1429	-120.	90.861	984	0.12537
288	295	3.0008	-120.	87.884	984	0.12473
288	293	2.7559	-120.	86.903	984	0.12444
288	289	2.2612	-120.	87.855	984	0.12471
289	297	3.47	-120.	89.793	984	0.12523
289	305	5.1429	-120.	90.861	984	0.12537
289	300	4.2195	-120.	92.615	984	0.12582
290	297	3.47	-120.	89.793	984	0.12523
290	300	4.2195	-120.	92.615	984	0.12582
290	285	1.3031	-120.	89.681	984	0.12529
291	297	3.47	-120.	89.793	984	0.12523
291	285	1.3031	-120.	89.681	984	0.12529
291	289	2.2612	-120.	87.855	984	0.12471
292	297	3.47	-120.	89.793	984	0.12523
292	289	2.2612	-120.	87.855	984	0.12471
292	295	3.0008	-120.	87.884	984	0.12473
293	297	3.47	-120.	89.793	984	0.12523
293	295	3.0008	-120.	87.884	984	0.12473
293	303	4.8924	-120.	89.862	984	0.12518
294	297	3.47	-120.	89.793	984	0.12523
294	303	4.8924	-120.	89.862	984	0.12518
294	305	5.1429	-120.	90.861	984	0.12537
295	301	4.4345	-120.	87.969	984	0.12477
295	293	2.7559	-120.	86.903	984	0.12444
295	298	3.7317	-120.	85.064	984	0.12399
296	301	4.4345	-120.	87.969	984	0.12477
296	298	3.7317	-120.	85.064	984	0.12399
296	313	6.5826	-120.	88.167	984	0.12484
297	301	4.4345	-120.	87.969	984	0.12477
297	313	6.5826	-120.	88.167	984	0.12484
297	309	5.6436	-120.	89.931	984	0.12516
298	301	4.4345	-120.	87.969	984	0.12477
298	309	5.6436	-120.	89.931	984	0.12516
298	303	4.8924	-120.	89.862	984	0.12518
299	301	4.4345	-120.	87.969	984	0.12477
299	303	4.8924	-120.	89.862	984	0.12518
299	295	3.0008	-120.	87.884	984	0.12473
300	301	4.4345	-120.	87.969	984	0.12477
300	295	3.0008	-120.	87.884	984	0.12473
300	293	2.7559	-120.	86.903	984	0.12444
301	182	-14.524	-120.	96.261	995	0.12902
301	176	-16.032	-120.	95.811	995	0.12879
301	185	-13.745	-120.	94.149	995	0.12794
302	182	-14.524	-120.	96.261	995	0.12902
302	185	-13.745	-120.	94.149	995	0.12794
302	193	-12.821	-120.	94.742	995	0.12824
303	182	-14.524	-120.	96.261	995	0.12902
303	193	-12.821	-120.	94.742	995	0.12824
303	189	-13.45	-120.	97.31	995	0.12953
304	182	-14.524	-120.	96.261	995	0.12902
304	189	-13.45	-120.	97.31	995	0.12953
304	180	-14.762	-120.	98.263	995	0.12995
305	182	-14.524	-120.	96.261	995	0.12902
305	180	-14.762	-120.	98.263	995	0.12995
305	174	-16.334	-120.	97.294	995	0.12949
306	182	-14.524	-120.	96.261	995	0.12902
306	174	-16.334	-120.	97.294	995	0.12949
306	176	-16.032	-120.	95.811	995	0.12879
307	189	-13.45	-120.	97.31	995	0.12953
307	193	-12.821	-120.	94.742	995	0.12824
307	206	-11.103	-120.	95.872	995	0.12882
308	176	-16.032	-120.	95.811	995	0.12879
308	178	-15.485	-120.	93.018	995	0.12735
308	185	-13.745	-120.	94.149	995	0.12794
309	174	-16.334	-120.	97.294	995	0.12949
309	180	-14.762	-120.	98.263	995	0.12995
309	171	-16.855	-120.	100.05	995	0.13066
310	253	-3.4987	-120.	85.463	996	0.12363
310	228	-7.7041	-120.	86.405	996	0.12388
310	245	-4.8957	-120.	88.564	996	0.12495
311	169	-17.251	-120.	143.32	997	0.11878
311	163	-18.192	-120.	144.96	997	0.11822
311	148	-20.24	-120.	142.97	997	0.11898
312	152	-19.63	-120.	147.46	997	0.11741
312	127	-21.862	-120.	145.54	997	0.11799
312	159	-18.684	-120.	145.81	997	0.11793
313	99	-24.821	-120.	142.41	997	0.11923
313	129	-21.791	-120.	142.79	997	0.11907
313	114	-22.843	-120.	144.59	997	0.11834
314	142	-20.602	-120.	144.44	997	0.11841
314	148	-20.24	-120.	142.97	997	0.11898
314	163	-18.192	-120.	144.96	997	0.11822
315	142	-20.602	-120.	144.44	997	0.11841
315	163	-18.192	-120.	144.96	997	0.11822
315	159	-18.684	-120.	145.81	997	0.11793
316	142	-20.602	-120.	144.44	997	0.11841
316	159	-18.684	-120.	145.81	997	0.11793
316	127	-21.862	-120.	145.54	997	0.11799
317	142	-20.602	-120.	144.44	997	0.11841
317	127	-21.862	-120.	145.54	997	0.11799
317	114	-22.843	-120.	144.59	997	0.11834
318	142	-20.602	-120.	144.44	997	0.11841
318	114	-22.843	-120.	144.59	997	0.11834
318	129	-21.791	-120.	142.79	997	0.11907
319	142	-20.602	-120.	144.44	997	0.11841
319	129	-21.791	-120.	142.79	997	0.11907
319	148	-20.24	-120.	142.97	997	0.11898
320	575	36.909	-120.	117.34	999	0.11261
320	573	36.317	-120.	113.07	999	0.11444
320	555	33.96	-120.	115.92	999	0.11312
321	313	6.5826	-120.	88.167	1004	0.12484
321	321	8.0152	-120.	85.538	1004	0.12448
321	298	3.7317	-120.	85.064	1004	0.12399
322	108	-23.689	-120.	103.77	1024	0.1317
322	103	-24.368	-120.	105.63	1024	0.13205
322	78	-26.081	-120.	104.59	1024	0.13186
323	108	-23.689	-120.	103.77	1024	0.1317
323	78	-26.081	-120.	104.59	1024	0.13186
323	90	-25.369	-120.	103.36	1024	0.1316
324	108	-23.689	-120.	103.77	1024	0.1317
324	90	-25.369	-120.	103.36	1024	0.1316
324	122	-22.197	-120.	101.87	1024	0.13121
325	108	-23.689	-120.	103.77	1024	0.1317
325	122	-22.197	-120.	101.87	1024	0.13121
325	135	-21.358	-120.	102.37	1024	0.13136
326	108	-23.689	-120.	103.77	1024	0.1317
326	135	-21.358	-120.	102.37	1024	0.13136
326	116	-22.763	-120.	104.8	1024	0.13192
327	108	-23.689	-120.	103.77	1024	0.1317
327	116	-22.763	-120.	104.8	1024	0.13192
327	103	-24.368	-120.	105.63	1024	0.13205
328	122	-22.197	-120.	101.87	1024	0.13121
328	90	-25.369	-120.	103.36	1024	0.1316
328	107	-23.785	-120.	100.93	1024	0.13093
329	103	-24.368	-120.	105.63	1024	0.13205
329	55	-27.388	-120.	107.17	1024	0.13222
329	78	-26.081	-120.	104.59	1024	0.13186
330	116	-22.763	-120.	104.8	1024	0.13192
330	135	-21.358	-120.	102.37	1024	0.13136
330	151	-19.781	-120.	103.3	1024	0.13162
331	84	-25.691	-120.	136.27	1035	0.12229
331	64	-26.981	-120.	133.72	1035	0.1237
331	101	-24.589	-120.	134.53	1035	0.12323
332	27	-29.479	-120.	135.18	1035	0.12292
332	10	-30.643	-120.	132.48	1035	0.12441
332	41	-28.225	-120.	133.31	1035	0.12394
333	54	-27.584	-120.	135.34	1035	0.12282
333	27	-29.479	-120.	135.18	1035	0.12292
333	41	-28.225	-120.	133.31	1035	0.12394
334	54	-27.584	-120.	135.34	1035	0.12282
334	41	-28.225	-120.	133.31	1035	0.12394
334	64	-26.981	-120.	133.72	1035	0.1237
335	54	-27.584	-120.	135.34	1035	0.12282
335	64	-26.981	-120.	133.72	1035	0.1237
335	84	-25.691	-120.	136.27	1035	0.12229
336	54	-27.584	-120.	135.34	1035	0.12282
336	84	-25.691	-120.	136.27	1035	0.12229
336	75	-26.268	-120.	137.17	1035	0.12182
337	54	-27.584	-120.	135.34	1035	0.12282
337	75	-26.268	-120.	137.17	1035	0.12182
337	34	-28.862	-120.	136.4	1035	0.12226
338	54	-27.584	-120.	135.34	1035	0.12282
338	34	-28.862	-120.	136.4	1035	0.12226
338	27	-29.479	-120.	135.18	1035	0.12292
339	57	-27.373	-120.	138.94	1035	0.12092
339	34	-28.862	-120.	136.4	1035	0.12226
339	75	-26.268	-120.	137.17	1035	0.12182
340	131	-21.647	-120.	137.26	1036	0.12171
340	118	-22.638	-120.	137.55	1036	0.12158
340	120	-22.202	-120.	138.16	1036	0.12126
341	92	-25.296	-120.	136.9	1036	0.12196
341	85	-25.691	-120.	136.27	1036	0.12229
341	74	-26.268	-120.	137.17	1036	0.12182
342	102	-24.506	-120.	138.1	1036	0.12132
342	120	-22.202	-120.	138.16	1036	0.12126
342	113	-23.261	-120.	139.86	1036	0.12042
343	102	-24.506	-120.	138.1	1036	0.12132
343	113	-23.261	-120.	139.86	1036	0.12042
343	57	-27.373	-120.	138.94	1036	0.12092
344	102	-24.506	-120.	138.1	1036	0.12132
344	57	-27.373	-120.	138.94	1036	0.12092
344	74	-26.268	-120.	137.17	1036	0.12182
345	102	-24.506	-120.	138.1	1036	0.12132
345	74	-26.268	-120.	137.17	1036	0.12182
345	92	-25.296	-120.	136.9	1036	0.12196
346	102	-24.506	-120.	138.1	1036	0.12132
346	92	-25.296	-120.	136.9	1036	0.12196
346	118	-22.638	-120.	137.55	1036	0.12158
347	102	-24.506	-120.	138.1	1036	0.12132
347	118	-22.638	-120.	137.55	1036	0.12158
347	120	-22.202	-120.	138.16	1036	0.12126
348	111	-23.409	-120.	136.35	1036	0.12223
348	85	-25.691	-120.	136.27	1036	0.12229
348	101	-24.589	-120.	134.53	1036	0.12323
349	111	-23.409	-120.	136.35	1036	0.12223
349	101	-24.589	-120.	134.53	1036	0.12323
349	143	-20.59	-120.	135.59	1036	0.12259
350	111	-23.409	-120.	136.35	1036	0.12223
350	143	-20.59	-120.	135.59	1036	0.12259
350	131	-21.647	-120.	137.26	1036	0.12171
351	111	-23.409	-120.	136.35	1036	0.12223
351	131	-21.647	-120.	137.26	1036	0.12171
351	118	-22.638	-120.	137.55	1036	0.12158
352	111	-23.409	-120.	136.35	1036	0.12223
352	118	-22.638	-120.	137.55	1036	0.12158
352	92	-25.296	-120.	136.9	1036	0.12196
353	111	-23.409	-120.	136.35	1036	0.12223
353	92	-25.296	-120.	136.9	1036	0.12196
353	85	-25.691	-120.	136.27	1036	0.12229
354	149	-19.941	-120.	138.82	1037	0.12087
354	166	-17.829	-120.	138.97	1037	0.12073
354	158	-18.742	-120.	140.49	1037	0.12001
355	149	-19.941	-120.	138.82	1037	0.12087
355	158	-18.742	-120.	140.49	1037	0.12001
355	147	-20.31	-120.	140.26	1037	0.12017
356	149	-19.941	-120.	138.82	1037	0.12087
356	147	-20.31	-120.	140.26	1037	0.12017
356	121	-22.202	-120.	138.16	1037	0.12126
357	149	-19.941	-120.	138.82	1037	0.12087
357	121	-22.202	-120.	138.16	1037	0.12126
357	132	-21.647	-120.	137.26	1037	0.12171
358	149	-19.941	-120.	138.82	1037	0.12087
358	132	-21.647	-120.	137.26	1037	0.12171
358	154	-18.914	-120.	137.77	1037	0.12138
359	149	-19.941	-120.	138.82	1037	0.12087
359	154	-18.914	-120.	137.77	1037	0.12138
359	166	-17.829	-120.	138.97	1037	0.12073
360	121	-22.202	-120.	138.16	1037	0.12126
360	147	-20.31	-120.	140.26	1037	0.12017
360	113	-23.261	-120.	139.86	1037	0.12042
361	166	-17.829	-120.	138.97	1037	0.12073
361	177	-15.833	-120.	140.87	1037	0.11972
361	158	-18.742	-120.	140.49	1037	0.12001
362	154	-18.914	-120.	137.77	1037	0.12138
362	132	-21.647	-120.	137.26	1037	0.12171
362	143	-20.59	-120.	135.59	1037	0.12259
363	86	-25.532	-120.	128.87	1041	0.12632
363	71	-26.322	-120.	130.55	1041	0.12544
363	62	-27.196	-120.	127.86	1041	0.12687
364	86	-25.532	-120.	128.87	1041	0.12632
364	62	-27.196	-120.	127.86	1041	0.12687
364	69	-26.429	-120.	126.87	1041	0.12736
365	86	-25.532	-120.	128.87	1041	0.12632
365	69	-26.429	-120.	126.87	1041	0.12736
365	105	-24.331	-120.	127.71	1041	0.12689
366	86	-25.532	-120.	128.87	1041	0.12632
366	105	-24.331	-120.	127.71	1041	0.12689
366	106	-23.83	-120.	129.26	1041	0.12609
367	86	-25.532	-120.	128.87	1041	0.12632
367	106	-23.83	-120.	129.26	1041	0.12609
367	95	-25.087	-120.	131.	1041	0.12518
368	86	-25.532	-120.	128.87	1041	0.12632
368	95	-25.087	-120.	131.	1041	0.12518
368	71	-26.322	-120.	130.55	1041	0.12544
369	105	-24.331	-120.	127.71	1041	0.12689
369	69	-26.429	-120.	126.87	1041	0.12736
369	96	-24.974	-120.	125.04	1041	0.12821
370	71	-26.322	-120.	130.55	1041	0.12544
370	35	-28.656	-120.	129.72	1041	0.1259
370	62	-27.196	-120.	127.86	1041	0.12687
371	95	-25.087	-120.	131.	1041	0.12518
371	106	-23.83	-120.	129.26	1041	0.12609
371	115	-22.777	-120.	131.8	1041	0.12471
372	61	-27.224	-120.	112.18	1056	0.13218
372	100	-24.688	-120.	113.62	1056	0.13193
372	112	-23.336	-120.	109.46	1056	0.13227
373	150	-19.798	-120.	140.81	1065	0.1199
373	157	-18.742	-120.	140.49	1065	0.12001
373	146	-20.31	-120.	140.26	1065	0.12017
374	156	-18.773	-120.	141.82	1065	0.11943
374	169	-17.251	-120.	143.32	1065	0.11878
374	177	-15.833	-120.	140.87	1065	0.11972
375	156	-18.773	-120.	141.82	1065	0.11943
375	177	-15.833	-120.	140.87	1065	0.11972
375	157	-18.742	-120.	140.49	1065	0.12001
376	156	-18.773	-120.	141.82	1065	0.11943
376	157	-18.742	-120.	140.49	1065	0.12001
376	150	-19.798	-120.	140.81	1065	0.1199
377	156	-18.773	-120.	141.82	1065	0.11943
377	150	-19.798	-120.	140.81	1065	0.1199
377	141	-20.774	-120.	142.45	1065	0.1192
378	156	-18.773	-120.	141.82	1065	0.11943
378	141	-20.774	-120.	142.45	1065	0.1192
378	148	-20.24	-120.	142.97	1065	0.11898
379	156	-18.773	-120.	141.82	1065	0.11943
379	148	-20.24	-120.	142.97	1065	0.11898
379	169	-17.251	-120.	143.32	1065	0.11878
380	128	-21.792	-120.	141.43	1065	0.11966
380	99	-24.821	-120.	142.41	1065	0.11923
380	113	-23.261	-120.	139.86	1065	0.12042
381	128	-21.792	-120.	141.43	1065	0.11966
381	113	-23.261	-120.	139.86	1065	0.12042
381	146	-20.31	-120.	140.26	1065	0.12017
382	128	-21.792	-120.	141.43	1065	0.11966
382	146	-20.31	-120.	140.26	1065	0.12017
382	150	-19.798	-120.	140.81	1065	0.1199
383	128	-21.792	-120.	141.43	1065	0.11966
383	150	-19.798	-120.	140.81	1065	0.1199
383	141	-20.774	-120.	142.45	1065	0.1192
384	128	-21.792	-120.	141.43	1065	0.11966
384	141	-20.774	-120.	142.45	1065	0.1192
384	129	-21.791	-120.	142.79	1065	0.11907
385	128	-21.792	-120.	141.43	1065	0.11966
385	129	-21.791	-120.	142.79	1065	0.11907
385	99	-24.821	-120.	142.41	1065	0.11923
386	141	-20.774	-120.	142.45	1065	0.1192
386	129	-21.791	-120.	142.79	1065	0.11907
386	148	-20.24	-120.	142.97	1065	0.11898
387	77	-26.164	-120.	103.72	1069	0.13168
387	79	-26.081	-120.	104.59	1069	0.13186
387	89	-25.369	-120.	103.36	1069	0.1316
388	76	-26.232	-120.	102.02	1069	0.13127
388	47	-27.911	-120.	101.92	1069	0.13124
388	73	-26.285	-120.	99.47	1069	0.13045
389	76	-26.232	-120.	102.02	1069	0.13127
389	73	-26.285	-120.	99.47	1069	0.13045
389	107	-23.785	-120.	100.93	1069	0.13093
390	76	-26.232	-120.	102.02	1069	0.13127
390	107	-23.785	-120.	100.93	1069	0.13093
390	89	-25.369	-120.	103.36	1069	0.1316
391	76	-26.232	-120.	102.02	1069	0.13127
391	89	-25.369	-120.	103.36	1069	0.1316
391	77	-26.164	-120.	103.72	1069	0.13168
392	76	-26.232	-120.	102.02	1069	0.13127
392	77	-26.164	-120.	103.72	1069	0.13168
392	48	-27.878	-120.	102.73	1069	0.13145
393	76	-26.232	-120.	102.02	1069	0.13127
393	48	-27.878	-120.	102.73	1069	0.13145
393	47	-27.911	-120.	101.92	1069	0.13124
394	37	-28.595	-120.	103.11	1069	0.13154
394	48	-27.878	-120.	102.73	1069	0.13145
394	47	-27.911	-120.	101.92	1069	0.13124
395	51	-27.669	-120.	104.51	1069	0.13183
395	20	-29.906	-120.	105.74	1069	0.13202
395	55	-27.388	-120.	107.17	1069	0.13222
396	51	-27.669	-120.	104.51	1069	0.13183
396	55	-27.388	-120.	107.17	1069	0.13222
396	79	-26.081	-120.	104.59	1069	0.13186
397	51	-27.669	-120.	104.51	1069	0.13183
397	79	-26.081	-120.	104.59	1069	0.13186
397	77	-26.164	-120.	103.72	1069	0.13168
398	51	-27.669	-120.	104.51	1069	0.13183
398	77	-26.164	-120.	103.72	1069	0.13168
398	48	-27.878	-120.	102.73	1069	0.13145
399	51	-27.669	-120.	104.51	1069	0.13183
399	48	-27.878	-120.	102.73	1069	0.13145
399	37	-28.595	-120.	103.11	1069	0.13154
400	51	-27.669	-120.	104.51	1069	0.13183
400	37	-28.595	-120.	103.11	1069	0.13154
400	20	-29.906	-120.	105.74	1069	0.13202
401	417	21.839	-120.	142.89	1084	0.11306
401	424	22.411	-120.	142.4	1084	0.11285
401	413	21.536	-120.	141.87	1084	0.11262
402	425	22.428	-120.	144.8	1084	0.11392
402	430	23.336	-120.	147.74	1084	0.11533
402	434	24.064	-120.	143.4	1084	0.11327
403	425	22.428	-120.	144.8	1084	0.11392
403	434	24.064	-120.	143.4	1084	0.11327
403	424	22.411	-120.	142.4	1084	0.11285
404	425	22.428	-120.	144.8	1084	0.11392
404	424	22.411	-120.	142.4	1084	0.11285
404	417	21.839	-120.	142.89	1084	0.11306
405	425	22.428	-120.	144.8	1084	0.11392
405	417	21.839	-120.	142.89	1084	0.11306
405	411	21.309	-120.	145.7	1084	0.11436
406	425	22.428	-120.	144.8	1084	0.11392
406	411	21.309	-120.	145.7	1084	0.11436
406	414	21.609	-120.	146.7	1084	0.11484
407	425	22.428	-120.	144.8	1084	0.11392
407	414	21.609	-120.	146.7	1084	0.11484
407	430	23.336	-120.	147.74	1084	0.11533
408	403	20.72	-120.	143.77	1084	0.11345
408	393	19.016	-120.	145.11	1084	0.11409
408	399	19.899	-120.	140.87	1084	0.1122
409	403	20.72	-120.	143.77	1084	0.11345
409	399	19.899	-120.	140.87	1084	0.1122
409	413	21.536	-120.	141.87	1084	0.11262
410	403	20.72	-120.	143.77	1084	0.11345
410	413	21.536	-120.	141.87	1084	0.11262
410	417	21.839	-120.	142.89	1084	0.11306
411	403	20.72	-120.	143.77	1084	0.11345
411	417	21.839	-120.	142.89	1084	0.11306
411	411	21.309	-120.	145.7	1084	0.11436
412	403	20.72	-120.	143.77	1084	0.11345
412	411	21.309	-120.	145.7	1084	0.11436
412	404	20.723	-120.	146.15	1084	0.11459
413	403	20.72	-120.	143.77	1084	0.11345
413	404	20.723	-120.	146.15	1084	0.11459
413	393	19.016	-120.	145.11	1084	0.11409
414	411	21.309	-120.	145.7	1084	0.11436
414	404	20.723	-120.	146.15	1084	0.11459
414	414	21.609	-120.	146.7	1084	0.11484
415	346	11.663	-120.	147.66	1097	0.11545
415	349	11.922	-120.	148.61	1097	0.1159
415	354	12.635	-120.	148.36	1097	0.11577
416	342	11.047	-120.	150.83	1097	0.11696
416	334	10.335	-120.	151.03	1097	0.11706
416	345	11.293	-120.	151.76	1097	0.11739
417	351	12.422	-120.	150.4	1097	0.11676
417	354	12.635	-120.	148.36	1097	0.11577
417	362	14.46	-120.	149.69	1097	0.1164
418	351	12.422	-120.	150.4	1097	0.11676
418	362	14.46	-120.	149.69	1097	0.1164
418	356	13.174	-120.	153.16	1097	0.11806
419	351	12.422	-120.	150.4	1097	0.11676
419	356	13.174	-120.	153.16	1097	0.11806
419	345	11.293	-120.	151.76	1097	0.11739
420	351	12.422	-120.	150.4	1097	0.11676
420	345	11.293	-120.	151.76	1097	0.11739
420	342	11.047	-120.	150.83	1097	0.11696
421	351	12.422	-120.	150.4	1097	0.11676
421	342	11.047	-120.	150.83	1097	0.11696
421	349	11.922	-120.	148.61	1097	0.1159
422	351	12.422	-120.	150.4	1097	0.11676
422	349	11.922	-120.	148.61	1097	0.1159
422	354	12.635	-120.	148.36	1097	0.11577
423	338	10.553	-120.	149.02	1097	0.11613
423	334	10.335	-120.	151.03	1097	0.11706
423	323	8.4836	-120.	149.65	1097	0.11646
424	338	10.553	-120.	149.02	1097	0.11613
424	323	8.4836	-120.	149.65	1097	0.11646
424	332	9.8655	-120.	146.33	1097	0.11488
425	338	10.553	-120.	149.02	1097	0.11613
425	332	9.8655	-120.	146.33	1097	0.11488
425	346	11.663	-120.	147.66	1097	0.11545
426	338	10.553	-120.	149.02	1097	0.11613
426	346	11.663	-120.	147.66	1097	0.11545
426	349	11.922	-120.	148.61	1097	0.1159
427	338	10.553	-120.	149.02	1097	0.11613
427	349	11.922	-120.	148.61	1097	0.1159
427	342	11.047	-120.	150.83	1097	0.11696
428	338	10.553	-120.	149.02	1097	0.11613
428	342	11.047	-120.	150.83	1097	0.11696
428	334	10.335	-120.	151.03	1097	0.11706
429	393	19.016	-120.	145.11	1104	0.11409
429	399	19.899	-120.	140.87	1104	0.1122
429	375	16.361	-120.	143.44	1104	0.11329
430	436	24.303	-120.	140.3	1108	0.11203
430	440	24.802	-120.	139.73	1108	0.11183
430	438	24.441	-120.	138.64	1108	0.11148
431	450	26.414	-120.	140.68	1108	0.11215
431	455	26.788	-120.	141.73	1108	0.11254
431	457	26.876	-120.	140.1	1108	0.11194
432	446	25.708	-120.	138.62	1108	0.11147
432	438	24.441	-120.	138.64	1108	0.11148
432	439	24.656	-120.	135.59	1108	0.11065
433	446	25.708	-120.	138.62	1108	0.11147
433	439	24.656	-120.	135.59	1108	0.11065
433	460	27.061	-120.	136.97	1108	0.11099
434	446	25.708	-120.	138.62	1108	0.11147
434	460	27.061	-120.	136.97	1108	0.11099
434	457	26.876	-120.	140.1	1108	0.11194
435	446	25.708	-120.	138.62	1108	0.11147
435	457	26.876	-120.	140.1	1108	0.11194
435	450	26.414	-120.	140.68	1108	0.11215
436	446	25.708	-120.	138.62	1108	0.11147
436	450	26.414	-120.	140.68	1108	0.11215
436	440	24.802	-120.	139.73	1108	0.11183
437	446	25.708	-120.	138.62	1108	0.11147
437	440	24.802	-120.	139.73	1108	0.11183
437	438	24.441	-120.	138.64	1108	0.11148
438	445	25.493	-120.	141.79	1108	0.11258
438	455	26.788	-120.	141.73	1108	0.11254
438	452	26.586	-120.	144.91	1108	0.1139
439	445	25.493	-120.	141.79	1108	0.11258
439	452	26.586	-120.	144.91	1108	0.1139
439	434	24.064	-120.	143.4	1108	0.11327
440	445	25.493	-120.	141.79	1108	0.11258
440	434	24.064	-120.	143.4	1108	0.11327
440	436	24.303	-120.	140.3	1108	0.11203
441	445	25.493	-120.	141.79	1108	0.11258
441	436	24.303	-120.	140.3	1108	0.11203
441	440	24.802	-120.	139.73	1108	0.11183
442	445	25.493	-120.	141.79	1108	0.11258
442	440	24.802	-120.	139.73	1108	0.11183
442	450	26.414	-120.	140.68	1108	0.11215
443	445	25.493	-120.	141.79	1108	0.11258
443	450	26.414	-120.	140.68	1108	0.11215
443	455	26.788	-120.	141.73	1108	0.11254
444	88	-25.431	-120.	120.69	1109	0.13004
444	44	-28.087	-120.	123.61	1109	0.12892
444	96	-24.974	-120.	125.04	1109	0.12821
445	362	14.46	-120.	149.69	1115	0.1164
445	356	13.174	-120.	153.16	1115	0.11806
445	380	17.167	-120.	151.53	1115	0.1173
446	308	5.588	-120.	147.24	1140	0.11562
446	323	8.4836	-120.	149.65	1140	0.11646
446	332	9.8655	-120.	146.33	1140	0.11488
447	508	30.804	-120.	116.74	1153	0.11281
447	480	29.255	-120.	116.32	1153	0.11303
447	506	30.803	-120.	114.51	1153	0.11375
448	508	30.804	-120.	116.74	1153	0.11281
448	506	30.803	-120.	114.51	1153	0.11375
448	527	31.894	-120.	115.	1153	0.11352
449	508	30.804	-120.	116.74	1153	0.11281
449	527	31.894	-120.	115.	1153	0.11352
449	532	32.19	-120.	117.81	1153	0.11237
450	508	30.804	-120.	116.74	1153	0.11281
450	532	32.19	-120.	117.81	1153	0.11237
450	515	31.257	-120.	118.83	1153	0.11202
451	508	30.804	-120.	116.74	1153	0.11281
451	515	31.257	-120.	118.83	1153	0.11202
451	487	29.425	-120.	117.94	1153	0.11241
452	508	30.804	-120.	116.74	1153	0.11281
452	487	29.425	-120.	117.94	1153	0.11241
452	480	29.255	-120.	116.32	1153	0.11303
453	532	32.19	-120.	117.81	1153	0.11237
453	527	31.894	-120.	115.	1153	0.11352
453	555	33.96	-120.	115.92	1153	0.11312
454	480	29.255	-120.	116.32	1153	0.11303
454	477	28.754	-120.	113.62	1153	0.11421
454	506	30.803	-120.	114.51	1153	0.11375
455	487	29.425	-120.	117.94	1153	0.11241
455	515	31.257	-120.	118.83	1153	0.11202
455	491	29.497	-120.	120.69	1153	0.11148
456	466	27.921	-120.	96.479	1215	0.12316
456	441	24.832	-120.	93.474	1215	0.12437
456	431	23.352	-120.	95.976	1215	0.12339
457	67	-26.804	-120.	117.53	1253	0.13111
457	66	-26.814	-120.	115.45	1253	0.13164
457	93	-25.189	-120.	116.32	1253	0.13137
458	67	-26.804	-120.	117.53	1253	0.13111
458	93	-25.189	-120.	116.32	1253	0.13137
458	91	-25.359	-120.	117.94	1253	0.13094
459	67	-26.804	-120.	117.53	1253	0.13111
459	91	-25.359	-120.	117.94	1253	0.13094
459	60	-27.268	-120.	119.76	1253	0.13042
460	67	-26.804	-120.	117.53	1253	0.13111
460	60	-27.268	-120.	119.76	1253	0.13042
460	39	-28.244	-120.	119.26	1253	0.13061
461	67	-26.804	-120.	117.53	1253	0.13111
461	39	-28.244	-120.	119.26	1253	0.13061
461	46	-27.948	-120.	116.45	1253	0.13143
462	67	-26.804	-120.	117.53	1253	0.13111
462	46	-27.948	-120.	116.45	1253	0.13143
462	66	-26.814	-120.	115.45	1253	0.13164
463	60	-27.268	-120.	119.76	1253	0.13042
463	91	-25.359	-120.	117.94	1253	0.13094
463	88	-25.431	-120.	120.69	1253	0.13004
464	66	-26.814	-120.	115.45	1253	0.13164
464	100	-24.688	-120.	113.62	1253	0.13193
464	93	-25.189	-120.	116.32	1253	0.13137
465	46	-27.948	-120.	116.45	1253	0.13143
465	39	-28.244	-120.	119.26	1253	0.13061
465	16	-30.093	-120.	118.32	1253	0.13091
466	33	-28.882	-120.	111.23	1255	0.13226
466	61	-27.224	-120.	112.18	1255	0.13218
466	30	-29.43	-120.	114.03	1255	0.13192
467	13	-30.536	-120.	112.93	1255	0.13206
467	33	-28.882	-120.	111.23	1255	0.13226
467	30	-29.43	-120.	114.03	1255	0.13192
468	13	-30.536	-120.	112.93	1255	0.13206
468	30	-29.43	-120.	114.03	1255	0.13192
468	11	-30.578	-120.	114.99	1255	0.13173
469	13	-30.536	-120.	112.93	1255	0.13206
469	11	-30.578	-120.	114.99	1255	0.13173
469	4	-32.421	-120.	113.97	1255	0.13186
470	13	-30.536	-120.	112.93	1255	0.13206
470	4	-32.421	-120.	113.97	1255	0.13186
470	5	-32.159	-120.	112.62	1255	0.13205
471	13	-30.536	-120.	112.93	1255	0.13206
471	5	-32.159	-120.	112.62	1255	0.13205
471	22	-29.748	-120.	110.74	1255	0.13227
472	13	-30.536	-120.	112.93	1255	0.13206
472	22	-29.748	-120.	110.74	1255	0.13227
472	33	-28.882	-120.	111.23	1255	0.13226
473	4	-32.421	-120.	113.97	1255	0.13186
473	11	-30.578	-120.	114.99	1255	0.13173
473	1	-32.805	-120.	116.88	1255	0.13124
474	5	-32.159	-120.	112.62	1255	0.13205
474	7	-31.417	-120.	109.78	1255	0.13225
474	22	-29.748	-120.	110.74	1255	0.13227
475	381	17.43	-120.	91.87	1256	0.12474
475	392	18.881	-120.	89.348	1256	0.12526
475	364	14.983	-120.	87.508	1256	0.12518
476	81	-26.046	-120.	131.25	1264	0.12505
476	94	-25.087	-120.	131.	1264	0.12518
476	72	-26.322	-120.	130.55	1264	0.12544
477	49	-27.864	-120.	131.72	1264	0.12481
477	41	-28.225	-120.	133.31	1264	0.12394
477	10	-30.643	-120.	132.48	1264	0.12441
478	49	-27.864	-120.	131.72	1264	0.12481
478	10	-30.643	-120.	132.48	1264	0.12441
478	35	-28.656	-120.	129.72	1264	0.1259
479	49	-27.864	-120.	131.72	1264	0.12481
479	35	-28.656	-120.	129.72	1264	0.1259
479	72	-26.322	-120.	130.55	1264	0.12544
480	49	-27.864	-120.	131.72	1264	0.12481
480	72	-26.322	-120.	130.55	1264	0.12544
480	81	-26.046	-120.	131.25	1264	0.12505
481	49	-27.864	-120.	131.72	1264	0.12481
481	81	-26.046	-120.	131.25	1264	0.12505
481	58	-27.289	-120.	133.05	1264	0.12408
482	49	-27.864	-120.	131.72	1264	0.12481
482	58	-27.289	-120.	133.05	1264	0.12408
482	41	-28.225	-120.	133.31	1264	0.12394
483	64	-26.981	-120.	133.72	1264	0.1237
483	58	-27.289	-120.	133.05	1264	0.12408
483	41	-28.225	-120.	133.31	1264	0.12394
484	87	-25.462	-120.	132.56	1264	0.12433
484	101	-24.589	-120.	134.53	1264	0.12323
484	115	-22.777	-120.	131.8	1264	0.12471
485	87	-25.462	-120.	132.56	1264	0.12433
485	115	-22.777	-120.	131.8	1264	0.12471
485	94	-25.087	-120.	131.	1264	0.12518
486	87	-25.462	-120.	132.56	1264	0.12433
486	94	-25.087	-120.	131.	1264	0.12518
486	81	-26.046	-120.	131.25	1264	0.12505
487	87	-25.462	-120.	132.56	1264	0.12433
487	81	-26.046	-120.	131.25	1264	0.12505
487	58	-27.289	-120.	133.05	1264	0.12408
488	87	-25.462	-120.	132.56	1264	0.12433
488	58	-27.289	-120.	133.05	1264	0.12408
488	64	-26.981	-120.	133.72	1264	0.1237
489	87	-25.462	-120.	132.56	1264	0.12433
489	64	-26.981	-120.	133.72	1264	0.1237
489	101	-24.589	-120.	134.53	1264	0.12323
490	184	-14.334	-120.	145.42	1276	0.118
490	186	-13.704	-120.	145.83	1276	0.11787
490	191	-13.215	-120.	145.	1276	0.11806
491	173	-16.43	-120.	146.22	1276	0.11782
491	152	-19.63	-120.	147.46	1276	0.11741
491	181	-14.63	-120.	147.4	1276	0.11752
492	173	-16.43	-120.	146.22	1276	0.11782
492	181	-14.63	-120.	147.4	1276	0.11752
492	186	-13.704	-120.	145.83	1276	0.11787
493	173	-16.43	-120.	146.22	1276	0.11782
493	186	-13.704	-120.	145.83	1276	0.11787
493	184	-14.334	-120.	145.42	1276	0.118
494	173	-16.43	-120.	146.22	1276	0.11782
494	184	-14.334	-120.	145.42	1276	0.118
494	168	-17.598	-120.	145.4	1276	0.11807
495	173	-16.43	-120.	146.22	1276	0.11782
495	168	-17.598	-120.	145.4	1276	0.11807
495	160	-18.684	-120.	145.81	1276	0.11793
496	173	-16.43	-120.	146.22	1276	0.11782
496	160	-18.684	-120.	145.81	1276	0.11793
496	152	-19.63	-120.	147.46	1276	0.11741
497	179	-15.481	-120.	144.59	1276	0.11828
497	169	-17.251	-120.	143.32	1276	0.11878
497	197	-12.295	-120.	143.44	1276	0.11844
498	179	-15.481	-120.	144.59	1276	0.11828
498	197	-12.295	-120.	143.44	1276	0.11844
498	191	-13.215	-120.	145.	1276	0.11806
499	179	-15.481	-120.	144.59	1276	0.11828
499	191	-13.215	-120.	145.	1276	0.11806
499	184	-14.334	-120.	145.42	1276	0.118
500	179	-15.481	-120.	144.59	1276	0.11828
500	184	-14.334	-120.	145.42	1276	0.118
500	168	-17.598	-120.	145.4	1276	0.11807
501	179	-15.481	-120.	144.59	1276	0.11828
501	168	-17.598	-120.	145.4	1276	0.11807
501	164	-18.192	-120.	144.96	1276	0.11822
502	179	-15.481	-120.	144.59	1276	0.11828
502	164	-18.192	-120.	144.96	1276	0.11822
502	169	-17.251	-120.	143.32	1276	0.11878
503	168	-17.598	-120.	145.4	1276	0.11807
503	164	-18.192	-120.	144.96	1276	0.11822
503	160	-18.684	-120.	145.81	1276	0.11793
504	20	-29.906	-120.	105.74	1287	0.13202
504	7	-31.417	-120.	109.78	1287	0.13225
504	55	-27.388	-120.	107.17	1287	0.13222
505	203	-11.708	-120.	147.15	1310	0.11752
505	191	-13.215	-120.	145.	1310	0.11806
505	211	-10.674	-120.	146.2	1310	0.11765
506	203	-11.708	-120.	147.15	1310	0.11752
506	211	-10.674	-120.	146.2	1310	0.11765
506	216	-9.7773	-120.	147.68	1310	0.11737
507	203	-11.708	-120.	147.15	1310	0.11752
507	216	-9.7773	-120.	147.68	1310	0.11737
507	209	-10.796	-120.	149.39	1310	0.11721
508	203	-11.708	-120.	147.15	1310	0.11752
508	209	-10.796	-120.	149.39	1310	0.11721
508	200	-12.084	-120.	148.78	1310	0.11728
509	203	-11.708	-120.	147.15	1310	0.11752
509	200	-12.084	-120.	148.78	1310	0.11728
509	186	-13.704	-120.	145.83	1310	0.11787
510	203	-11.708	-120.	147.15	1310	0.11752
510	186	-13.704	-120.	145.83	1310	0.11787
510	191	-13.215	-120.	145.	1310	0.11806
511	209	-10.796	-120.	149.39	1310	0.11721
511	216	-9.7773	-120.	147.68	1310	0.11737
511	226	-8.113	-120.	150.47	1310	0.11717
512	191	-13.215	-120.	145.	1310	0.11806
512	197	-12.295	-120.	143.44	1310	0.11844
512	211	-10.674	-120.	146.2	1310	0.11765
513	186	-13.704	-120.	145.83	1310	0.11787
513	200	-12.084	-120.	148.78	1310	0.11728
513	181	-14.63	-120.	147.4	1310	0.11752
514	288	1.8045	-120.	154.98	1350	0.11828
514	311	6.1077	-120.	154.74	1350	0.11848
514	296	3.2389	-120.	152.16	1350	0.11748
515	430	23.336	-120.	147.74	1355	0.11533
515	452	26.586	-120.	144.91	1355	0.1139
515	434	24.064	-120.	143.4	1355	0.11327
516	372	15.89	-120.	146.87	1362	0.11498
516	369	15.629	-120.	145.89	1362	0.1145
516	366	15.218	-120.	147.21	1362	0.11516
517	379	17.139	-120.	146.16	1362	0.11463
517	393	19.016	-120.	145.11	1362	0.11409
517	375	16.361	-120.	143.44	1362	0.11329
518	379	17.139	-120.	146.16	1362	0.11463
518	375	16.361	-120.	143.44	1362	0.11329
518	369	15.629	-120.	145.89	1362	0.1145
519	379	17.139	-120.	146.16	1362	0.11463
519	369	15.629	-120.	145.89	1362	0.1145
519	372	15.89	-120.	146.87	1362	0.11498
520	379	17.139	-120.	146.16	1362	0.11463
520	372	15.89	-120.	146.87	1362	0.11498
520	383	17.646	-120.	148.02	1362	0.11554
521	379	17.139	-120.	146.16	1362	0.11463
521	383	17.646	-120.	148.02	1362	0.11554
521	386	18.289	-120.	147.65	1362	0.11535
522	379	17.139	-120.	146.16	1362	0.11463
522	386	18.289	-120.	147.65	1362	0.11535
522	393	19.016	-120.	145.11	1362	0.11409
523	376	16.383	-120.	148.72	1362	0.1159
523	380	17.167	-120.	151.53	1362	0.1173
523	362	14.46	-120.	149.69	1362	0.1164
524	376	16.383	-120.	148.72	1362	0.1159
524	362	14.46	-120.	149.69	1362	0.1164
524	366	15.218	-120.	147.21	1362	0.11516
525	376	16.383	-120.	148.72	1362	0.1159
525	366	15.218	-120.	147.21	1362	0.11516
525	372	15.89	-120.	146.87	1362	0.11498
526	376	16.383	-120.	148.72	1362	0.1159
526	372	15.89	-120.	146.87	1362	0.11498
526	383	17.646	-120.	148.02	1362	0.11554
527	376	16.383	-120.	148.72	1362	0.1159
527	383	17.646	-120.	148.02	1362	0.11554
527	384	17.918	-120.	148.97	1362	0.11601
528	376	16.383	-120.	148.72	1362	0.1159
528	384	17.918	-120.	148.97	1362	0.11601
528	380	17.167	-120.	151.53	1362	0.1173
529	383	17.646	-120.	148.02	1362	0.11554
529	384	17.918	-120.	148.97	1362	0.11601
529	386	18.289	-120.	147.65	1362	0.11535
530	358	13.591	-120.	146.55	1363	0.11485
530	359	13.941	-120.	144.75	1363	0.11396
530	370	15.629	-120.	145.89	1363	0.1145
531	358	13.591	-120.	146.55	1363	0.11485
531	370	15.629	-120.	145.89	1363	0.1145
531	367	15.218	-120.	147.21	1363	0.11516
532	358	13.591	-120.	146.55	1363	0.11485
532	367	15.218	-120.	147.21	1363	0.11516
532	355	12.635	-120.	148.36	1363	0.11577
533	358	13.591	-120.	146.55	1363	0.11485
533	355	12.635	-120.	148.36	1363	0.11577
533	347	11.663	-120.	147.66	1363	0.11545
534	358	13.591	-120.	146.55	1363	0.11485
534	347	11.663	-120.	147.66	1363	0.11545
534	352	12.46	-120.	145.41	1363	0.11432
535	358	13.591	-120.	146.55	1363	0.11485
535	352	12.46	-120.	145.41	1363	0.11432
535	359	13.941	-120.	144.75	1363	0.11396
536	355	12.635	-120.	148.36	1363	0.11577
536	367	15.218	-120.	147.21	1363	0.11516
536	362	14.46	-120.	149.69	1363	0.1164
537	359	13.941	-120.	144.75	1363	0.11396
537	375	16.361	-120.	143.44	1363	0.11329
537	370	15.629	-120.	145.89	1363	0.1145
538	352	12.46	-120.	145.41	1363	0.11432
538	347	11.663	-120.	147.66	1363	0.11545
538	332	9.8655	-120.	146.33	1363	0.11488
539	172	-16.628	-120.	96.27	1435	0.12901
539	174	-16.334	-120.	97.294	1435	0.12949
539	176	-16.032	-120.	95.811	1435	0.12879
540	167	-17.726	-120.	97.196	1435	0.12944
540	153	-19.369	-120.	98.573	1435	0.13005
540	171	-16.855	-120.	100.05	1435	0.13066
541	167	-17.726	-120.	97.196	1435	0.12944
541	171	-16.855	-120.	100.05	1435	0.13066
541	174	-16.334	-120.	97.294	1435	0.12949
542	167	-17.726	-120.	97.196	1435	0.12944
542	174	-16.334	-120.	97.294	1435	0.12949
542	172	-16.628	-120.	96.27	1435	0.12901
543	167	-17.726	-120.	97.196	1435	0.12944
543	172	-16.628	-120.	96.27	1435	0.12901
543	162	-18.302	-120.	95.252	1435	0.12854
544	167	-17.726	-120.	97.196	1435	0.12944
544	162	-18.302	-120.	95.252	1435	0.12854
544	155	-18.865	-120.	95.735	1435	0.12878
545	167	-17.726	-120.	97.196	1435	0.12944
545	155	-18.865	-120.	95.735	1435	0.12878
545	153	-19.369	-120.	98.573	1435	0.13005
546	170	-17.191	-120.	94.333	1435	0.12807
546	165	-18.085	-120.	91.387	1435	0.12652
546	178	-15.485	-120.	93.018	1435	0.12735
547	170	-17.191	-120.	94.333	1435	0.12807
547	178	-15.485	-120.	93.018	1435	0.12735
547	176	-16.032	-120.	95.811	1435	0.12879
548	170	-17.191	-120.	94.333	1435	0.12807
548	176	-16.032	-120.	95.811	1435	0.12879
548	172	-16.628	-120.	96.27	1435	0.12901
549	170	-17.191	-120.	94.333	1435	0.12807
549	172	-16.628	-120.	96.27	1435	0.12901
549	162	-18.302	-120.	95.252	1435	0.12854
550	170	-17.191	-120.	94.333	1435	0.12807
550	162	-18.302	-120.	95.252	1435	0.12854
550	161	-18.611	-120.	94.262	1435	0.12806
551	170	-17.191	-120.	94.333	1435	0.12807
551	161	-18.611	-120.	94.262	1435	0.12806
551	165	-18.085	-120.	91.387	1435	0.12652
552	162	-18.302	-120.	95.252	1435	0.12854
552	161	-18.611	-120.	94.262	1435	0.12806
552	155	-18.865	-120.	95.735	1435	0.12878
553	183	-14.413	-120.	89.13	1437	0.12524
553	165	-18.085	-120.	91.387	1437	0.12652
553	178	-15.485	-120.	93.018	1437	0.12735
554	272	-0.59171	-120.	88.013	1449	0.12473
554	290	2.2612	-120.	87.855	1449	0.12471
554	285	1.3031	-120.	89.681	1449	0.12529
555	282	0.78947	-120.	85.044	1449	0.12375
555	298	3.7317	-120.	85.064	1449	0.12399
555	292	2.7559	-120.	86.903	1449	0.12444
556	280	0.51125	-120.	86.679	1449	0.12428
556	282	0.78947	-120.	85.044	1449	0.12375
556	292	2.7559	-120.	86.903	1449	0.12444
557	280	0.51125	-120.	86.679	1449	0.12428
557	292	2.7559	-120.	86.903	1449	0.12444
557	290	2.2612	-120.	87.855	1449	0.12471
558	280	0.51125	-120.	86.679	1449	0.12428
558	290	2.2612	-120.	87.855	1449	0.12471
558	272	-0.59171	-120.	88.013	1449	0.12473
559	280	0.51125	-120.	86.679	1449	0.12428
559	272	-0.59171	-120.	88.013	1449	0.12473
559	264	-1.5709	-120.	87.142	1449	0.12439
560	280	0.51125	-120.	86.679	1449	0.12428
560	264	-1.5709	-120.	87.142	1449	0.12439
560	273	-0.57654	-120.	85.119	1449	0.12368
561	280	0.51125	-120.	86.679	1449	0.12428
561	273	-0.57654	-120.	85.119	1449	0.12368
561	282	0.78947	-120.	85.044	1449	0.12375
562	253	-3.4987	-120.	85.463	1449	0.12363
562	273	-0.57654	-120.	85.119	1449	0.12368
562	264	-1.5709	-120.	87.142	1449	0.12439
563	327	9.1417	-120.	90.688	1451	0.12505
563	322	8.4091	-120.	90.519	1451	0.12508
563	329	9.39	-120.	91.764	1451	0.12506
564	325	8.6798	-120.	88.651	1451	0.12493
564	321	8.0152	-120.	85.538	1451	0.12448
564	313	6.5826	-120.	88.167	1451	0.12484
565	325	8.6798	-120.	88.651	1451	0.12493
565	313	6.5826	-120.	88.167	1451	0.12484
565	322	8.4091	-120.	90.519	1451	0.12508
566	325	8.6798	-120.	88.651	1451	0.12493
566	322	8.4091	-120.	90.519	1451	0.12508
566	327	9.1417	-120.	90.688	1451	0.12505
567	325	8.6798	-120.	88.651	1451	0.12493
567	327	9.1417	-120.	90.688	1451	0.12505
567	333	10.073	-120.	89.023	1451	0.12497
568	325	8.6798	-120.	88.651	1451	0.12493
568	333	10.073	-120.	89.023	1451	0.12497
568	330	9.8569	-120.	87.974	1451	0.12491
569	325	8.6798	-120.	88.651	1451	0.12493
569	330	9.8569	-120.	87.974	1451	0.12491
569	321	8.0152	-120.	85.538	1451	0.12448
570	337	10.526	-120.	91.072	1451	0.12499
570	353	12.589	-120.	91.638	1451	0.12487
570	343	11.174	-120.	94.093	1451	0.12475
571	337	10.526	-120.	91.072	1451	0.12499
571	343	11.174	-120.	94.093	1451	0.12475
571	329	9.39	-120.	91.764	1451	0.12506
572	337	10.526	-120.	91.072	1451	0.12499
572	329	9.39	-120.	91.764	1451	0.12506
572	327	9.1417	-120.	90.688	1451	0.12505
573	337	10.526	-120.	91.072	1451	0.12499
573	327	9.1417	-120.	90.688	1451	0.12505
573	333	10.073	-120.	89.023	1451	0.12497
574	337	10.526	-120.	91.072	1451	0.12499
574	333	10.073	-120.	89.023	1451	0.12497
574	339	10.786	-120.	89.228	1451	0.12498
575	337	10.526	-120.	91.072	1451	0.12499
575	339	10.786	-120.	89.228	1451	0.12498
575	353	12.589	-120.	91.638	1451	0.12487
576	333	10.073	-120.	89.023	1451	0.12497
576	339	10.786	-120.	89.228	1451	0.12498
576	330	9.8569	-120.	87.974	1451	0.12491
577	516	31.257	-120.	118.83	1455	0.11202
577	537	32.231	-120.	118.57	1455	0.1121
577	533	32.19	-120.	117.81	1455	0.11237
578	559	34.106	-120.	119.51	1455	0.11177
578	560	34.106	-120.	120.25	1455	0.11154
578	568	35.062	-120.	119.27	1455	0.11186
579	558	34.076	-120.	118.07	1455	0.11227
579	533	32.19	-120.	117.81	1455	0.11237
579	555	33.96	-120.	115.92	1455	0.11312
580	558	34.076	-120.	118.07	1455	0.11227
580	555	33.96	-120.	115.92	1455	0.11312
580	575	36.909	-120.	117.34	1455	0.11261
581	558	34.076	-120.	118.07	1455	0.11227
581	575	36.909	-120.	117.34	1455	0.11261
581	568	35.062	-120.	119.27	1455	0.11186
582	558	34.076	-120.	118.07	1455	0.11227
582	568	35.062	-120.	119.27	1455	0.11186
582	559	34.106	-120.	119.51	1455	0.11177
583	558	34.076	-120.	118.07	1455	0.11227
583	559	34.106	-120.	119.51	1455	0.11177
583	537	32.231	-120.	118.57	1455	0.1121
584	558	34.076	-120.	118.07	1455	0.11227
584	537	32.231	-120.	118.57	1455	0.1121
584	533	32.19	-120.	117.81	1455	0.11237
585	538	32.245	-120.	120.	1455	0.11162
585	560	34.106	-120.	120.25	1455	0.11154
585	539	32.274	-120.	122.15	1455	0.111
586	538	32.245	-120.	120.	1455	0.11162
586	539	32.274	-120.	122.15	1455	0.111
586	491	29.497	-120.	120.69	1455	0.11148
587	538	32.245	-120.	120.	1455	0.11162
587	491	29.497	-120.	120.69	1455	0.11148
587	516	31.257	-120.	118.83	1455	0.11202
588	538	32.245	-120.	120.	1455	0.11162
588	516	31.257	-120.	118.83	1455	0.11202
588	537	32.231	-120.	118.57	1455	0.1121
589	538	32.245	-120.	120.	1455	0.11162
589	537	32.231	-120.	118.57	1455	0.1121
589	559	34.106	-120.	119.51	1455	0.11177
590	538	32.245	-120.	120.	1455	0.11162
590	559	34.106	-120.	119.51	1455	0.11177
590	560	34.106	-120.	120.25	1455	0.11154
591	523	31.753	-120.	114.26	1519	0.11385
591	507	30.803	-120.	114.51	1519	0.11375
591	528	31.894	-120.	115.	1519	0.11352
592	518	31.423	-120.	112.87	1519	0.11451
592	511	30.932	-120.	110.76	1519	0.11557
592	477	28.754	-120.	113.62	1519	0.11421
593	518	31.423	-120.	112.87	1519	0.11451
593	477	28.754	-120.	113.62	1519	0.11421
593	507	30.803	-120.	114.51	1519	0.11375
594	518	31.423	-120.	112.87	1519	0.11451
594	507	30.803	-120.	114.51	1519	0.11375
594	523	31.753	-120.	114.26	1519	0.11385
595	518	31.423	-120.	112.87	1519	0.11451
595	523	31.753	-120.	114.26	1519	0.11385
595	548	33.238	-120.	112.39	1519	0.11473
596	518	31.423	-120.	112.87	1519	0.11451
596	548	33.238	-120.	112.39	1519	0.11473
596	545	33.06	-120.	111.67	1519	0.11509
597	518	31.423	-120.	112.87	1519	0.11451
597	545	33.06	-120.	111.67	1519	0.11509
597	511	30.932	-120.	110.76	1519	0.11557
598	551	33.555	-120.	113.8	1519	0.11406
598	573	36.317	-120.	113.07	1519	0.11444
598	555	33.96	-120.	115.92	1519	0.11312
599	551	33.555	-120.	113.8	1519	0.11406
599	555	33.96	-120.	115.92	1519	0.11312
599	528	31.894	-120.	115.	1519	0.11352
600	551	33.555	-120.	113.8	1519	0.11406
600	528	31.894	-120.	115.	1519	0.11352
600	523	31.753	-120.	114.26	1519	0.11385
601	551	33.555	-120.	113.8	1519	0.11406
601	523	31.753	-120.	114.26	1519	0.11385
601	548	33.238	-120.	112.39	1519	0.11473
602	551	33.555	-120.	113.8	1519	0.11406
602	548	33.238	-120.	112.39	1519	0.11473
602	563	34.168	-120.	112.14	1519	0.11486
603	551	33.555	-120.	113.8	1519	0.11406
603	563	34.168	-120.	112.14	1519	0.11486
603	573	36.317	-120.	113.07	1519	0.11444
604	548	33.238	-120.	112.39	1519	0.11473
604	563	34.168	-120.	112.14	1519	0.11486
604	545	33.06	-120.	111.67	1519	0.11509
605	544	33.06	-120.	111.67	1521	0.11509
605	511	30.932	-120.	110.76	1521	0.11557
605	535	32.207	-120.	108.95	1521	0.11652
606	553	33.855	-120.	109.98	1521	0.11597
606	544	33.06	-120.	111.67	1521	0.11509
606	535	32.207	-120.	108.95	1521	0.11652
607	553	33.855	-120.	109.98	1521	0.11597
607	535	32.207	-120.	108.95	1521	0.11652
607	543	32.875	-120.	108.	1521	0.11703
608	553	33.855	-120.	109.98	1521	0.11597
608	543	32.875	-120.	108.	1521	0.11703
608	569	35.206	-120.	108.91	1521	0.11653
609	553	33.855	-120.	109.98	1521	0.11597
609	569	35.206	-120.	108.91	1521	0.11653
609	571	35.614	-120.	110.21	1521	0.11585
610	553	33.855	-120.	109.98	1521	0.11597
610	571	35.614	-120.	110.21	1521	0.11585
610	562	34.168	-120.	112.14	1521	0.11486
611	553	33.855	-120.	109.98	1521	0.11597
611	562	34.168	-120.	112.14	1521	0.11486
611	544	33.06	-120.	111.67	1521	0.11509
612	569	35.206	-120.	108.91	1521	0.11653
612	543	32.875	-120.	108.	1521	0.11703
612	561	34.155	-120.	106.16	1521	0.11803
613	571	35.614	-120.	110.21	1521	0.11585
613	573	36.317	-120.	113.07	1521	0.11444
613	562	34.168	-120.	112.14	1521	0.11486
614	461	27.302	-120.	105.87	1528	0.11826
614	464	27.85	-120.	104.3	1528	0.11913
614	482	29.263	-120.	106.75	1528	0.11774
615	461	27.302	-120.	105.87	1528	0.11826
615	482	29.263	-120.	106.75	1528	0.11774
615	475	28.622	-120.	107.7	1528	0.11723
616	461	27.302	-120.	105.87	1528	0.11826
616	475	28.622	-120.	107.7	1528	0.11723
616	448	26.217	-120.	106.97	1528	0.11766
617	461	27.302	-120.	105.87	1528	0.11826
617	448	26.217	-120.	106.97	1528	0.11766
617	443	25.406	-120.	105.57	1528	0.11845
618	461	27.302	-120.	105.87	1528	0.11826
618	443	25.406	-120.	105.57	1528	0.11845
618	451	26.451	-120.	103.94	1528	0.11935
619	461	27.302	-120.	105.87	1528	0.11826
619	451	26.451	-120.	103.94	1528	0.11935
619	464	27.85	-120.	104.3	1528	0.11913
620	448	26.217	-120.	106.97	1528	0.11766
620	475	28.622	-120.	107.7	1528	0.11723
620	462	27.402	-120.	109.46	1528	0.1163
621	464	27.85	-120.	104.3	1528	0.11913
621	499	30.485	-120.	104.97	1528	0.11873
621	482	29.263	-120.	106.75	1528	0.11774
622	451	26.451	-120.	103.94	1528	0.11935
622	443	25.406	-120.	105.57	1528	0.11845
622	432	23.847	-120.	103.3	1528	0.11976
623	353	12.589	-120.	91.638	1530	0.12487
623	340	10.786	-120.	89.228	1530	0.12498
623	357	13.535	-120.	90.005	1530	0.12499
624	321	8.0152	-120.	85.538	1530	0.12448
624	341	10.891	-120.	86.162	1530	0.12482
624	331	9.8569	-120.	87.974	1530	0.12491
625	364	14.983	-120.	87.508	1530	0.12518
625	360	14.027	-120.	89.153	1530	0.12506
625	350	12.207	-120.	86.534	1530	0.12495
626	348	11.884	-120.	88.176	1530	0.125
626	357	13.535	-120.	90.005	1530	0.12499
626	340	10.786	-120.	89.228	1530	0.12498
627	348	11.884	-120.	88.176	1530	0.125
627	340	10.786	-120.	89.228	1530	0.12498
627	331	9.8569	-120.	87.974	1530	0.12491
628	348	11.884	-120.	88.176	1530	0.125
628	331	9.8569	-120.	87.974	1530	0.12491
628	341	10.891	-120.	86.162	1530	0.12482
629	348	11.884	-120.	88.176	1530	0.125
629	341	10.891	-120.	86.162	1530	0.12482
629	350	12.207	-120.	86.534	1530	0.12495
630	348	11.884	-120.	88.176	1530	0.125
630	350	12.207	-120.	86.534	1530	0.12495
630	360	14.027	-120.	89.153	1530	0.12506
631	348	11.884	-120.	88.176	1530	0.125
631	360	14.027	-120.	89.153	1530	0.12506
631	357	13.535	-120.	90.005	1530	0.12499
632	371	15.86	-120.	93.118	1531	0.1245
632	374	16.06	-120.	94.294	1531	0.1242
632	378	16.533	-120.	93.457	1531	0.12439
633	363	14.571	-120.	92.538	1531	0.12467
633	353	12.589	-120.	91.638	1531	0.12487
633	365	15.169	-120.	95.872	1531	0.12384
634	363	14.571	-120.	92.538	1531	0.12467
634	365	15.169	-120.	95.872	1531	0.12384
634	374	16.06	-120.	94.294	1531	0.1242
635	363	14.571	-120.	92.538	1531	0.12467
635	374	16.06	-120.	94.294	1531	0.1242
635	371	15.86	-120.	93.118	1531	0.1245
636	363	14.571	-120.	92.538	1531	0.12467
636	371	15.86	-120.	93.118	1531	0.1245
636	361	14.21	-120.	90.302	1531	0.12497
637	363	14.571	-120.	92.538	1531	0.12467
637	361	14.21	-120.	90.302	1531	0.12497
637	357	13.535	-120.	90.005	1531	0.12499
638	363	14.571	-120.	92.538	1531	0.12467
638	357	13.535	-120.	90.005	1531	0.12499
638	353	12.589	-120.	91.638	1531	0.12487
639	368	15.507	-120.	90.901	1531	0.12491
639	364	14.983	-120.	87.508	1531	0.12518
639	381	17.43	-120.	91.87	1531	0.12474
640	368	15.507	-120.	90.901	1531	0.12491
640	381	17.43	-120.	91.87	1531	0.12474
640	378	16.533	-120.	93.457	1531	0.12439
641	368	15.507	-120.	90.901	1531	0.12491
641	378	16.533	-120.	93.457	1531	0.12439
641	371	15.86	-120.	93.118	1531	0.1245
642	368	15.507	-120.	90.901	1531	0.12491
642	371	15.86	-120.	93.118	1531	0.1245
642	361	14.21	-120.	90.302	1531	0.12497
643	368	15.507	-120.	90.901	1531	0.12491
643	361	14.21	-120.	90.302	1531	0.12497
643	360	14.027	-120.	89.153	1531	0.12506
644	368	15.507	-120.	90.901	1531	0.12491
644	360	14.027	-120.	89.153	1531	0.12506
644	364	14.983	-120.	87.508	1531	0.12518
645	361	14.21	-120.	90.302	1531	0.12497
645	360	14.027	-120.	89.153	1531	0.12506
645	357	13.535	-120.	90.005	1531	0.12499
646	432	23.847	-120.	103.3	1544	0.11976
646	444	25.409	-120.	100.72	1544	0.12112
646	407	20.921	-120.	100.05	1544	0.1216
647	449	26.403	-120.	99.043	1546	0.12196
647	468	28.095	-120.	101.35	1546	0.12074
647	444	25.409	-120.	100.72	1546	0.12112
648	501	30.617	-120.	99.84	1546	0.12151
648	536	32.209	-120.	102.31	1546	0.12017
648	489	29.49	-120.	101.66	1546	0.12055
649	472	28.556	-120.	99.8	1546	0.12155
649	501	30.617	-120.	99.84	1546	0.12151
649	489	29.49	-120.	101.66	1546	0.12055
650	472	28.556	-120.	99.8	1546	0.12155
650	489	29.49	-120.	101.66	1546	0.12055
650	468	28.095	-120.	101.35	1546	0.12074
651	472	28.556	-120.	99.8	1546	0.12155
651	468	28.095	-120.	101.35	1546	0.12074
651	449	26.403	-120.	99.043	1546	0.12196
652	472	28.556	-120.	99.8	1546	0.12155
652	449	26.403	-120.	99.043	1546	0.12196
652	459	26.924	-120.	98.172	1546	0.12238
653	472	28.556	-120.	99.8	1546	0.12155
653	459	26.924	-120.	98.172	1546	0.12238
653	496	29.807	-120.	98.737	1546	0.12207
654	472	28.556	-120.	99.8	1546	0.12155
654	496	29.807	-120.	98.737	1546	0.12207
654	501	30.617	-120.	99.84	1546	0.12151
655	466	27.921	-120.	96.479	1546	0.12316
655	496	29.807	-120.	98.737	1546	0.12207
655	459	26.924	-120.	98.172	1546	0.12238
656	428	22.931	-120.	98.116	1547	0.12246
656	423	22.388	-120.	97.593	1547	0.12271
656	419	21.882	-120.	98.448	1547	0.12234
657	433	23.908	-120.	99.146	1547	0.12195
657	449	26.403	-120.	99.043	1547	0.12196
657	444	25.409	-120.	100.72	1547	0.12112
658	433	23.908	-120.	99.146	1547	0.12195
658	444	25.409	-120.	100.72	1547	0.12112
658	407	20.921	-120.	100.05	1547	0.1216
659	433	23.908	-120.	99.146	1547	0.12195
659	407	20.921	-120.	100.05	1547	0.1216
659	419	21.882	-120.	98.448	1547	0.12234
660	433	23.908	-120.	99.146	1547	0.12195
660	419	21.882	-120.	98.448	1547	0.12234
660	428	22.931	-120.	98.116	1547	0.12246
661	433	23.908	-120.	99.146	1547	0.12195
661	428	22.931	-120.	98.116	1547	0.12246
661	447	25.899	-120.	98.502	1547	0.12223
662	433	23.908	-120.	99.146	1547	0.12195
662	447	25.899	-120.	98.502	1547	0.12223
662	449	26.403	-120.	99.043	1547	0.12196
663	459	26.924	-120.	98.172	1547	0.12238
663	447	25.899	-120.	98.502	1547	0.12223
663	449	26.403	-120.	99.043	1547	0.12196
664	442	24.902	-120.	97.473	1547	0.12272
664	466	27.921	-120.	96.479	1547	0.12316
664	431	23.352	-120.	95.976	1547	0.12339
665	442	24.902	-120.	97.473	1547	0.12272
665	431	23.352	-120.	95.976	1547	0.12339
665	423	22.388	-120.	97.593	1547	0.12271
666	442	24.902	-120.	97.473	1547	0.12272
666	423	22.388	-120.	97.593	1547	0.12271
666	428	22.931	-120.	98.116	1547	0.12246
667	442	24.902	-120.	97.473	1547	0.12272
667	428	22.931	-120.	98.116	1547	0.12246
667	447	25.899	-120.	98.502	1547	0.12223
668	442	24.902	-120.	97.473	1547	0.12272
668	447	25.899	-120.	98.502	1547	0.12223
668	459	26.924	-120.	98.172	1547	0.12238
669	442	24.902	-120.	97.473	1547	0.12272
669	459	26.924	-120.	98.172	1547	0.12238
669	466	27.921	-120.	96.479	1547	0.12316
670	395	19.847	-120.	97.24	1566	0.12297
670	418	21.882	-120.	98.448	1566	0.12234
670	391	18.828	-120.	98.263	1566	0.12258
671	395	19.847	-120.	97.24	1566	0.12297
671	391	18.828	-120.	98.263	1566	0.12258
671	382	17.516	-120.	97.31	1566	0.12309
672	395	19.847	-120.	97.24	1566	0.12297
672	382	17.516	-120.	97.31	1566	0.12309
672	389	18.369	-120.	95.895	1566	0.12359
673	395	19.847	-120.	97.24	1566	0.12297
673	389	18.369	-120.	95.895	1566	0.12359
673	402	20.101	-120.	95.931	1566	0.12349
674	395	19.847	-120.	97.24	1566	0.12297
674	402	20.101	-120.	95.931	1566	0.12349
674	422	22.388	-120.	97.593	1566	0.12271
675	395	19.847	-120.	97.24	1566	0.12297
675	422	22.388	-120.	97.593	1566	0.12271
675	418	21.882	-120.	98.448	1566	0.12234
676	389	18.369	-120.	95.895	1566	0.12359
676	382	17.516	-120.	97.31	1566	0.12309
676	365	15.169	-120.	95.872	1566	0.12384
677	418	21.882	-120.	98.448	1566	0.12234
677	407	20.921	-120.	100.05	1566	0.1216
677	391	18.828	-120.	98.263	1566	0.12258
678	422	22.388	-120.	97.593	1566	0.12271
678	402	20.101	-120.	95.931	1566	0.12349
678	431	23.352	-120.	95.976	1566	0.12339
679	439	24.656	-120.	135.59	1581	0.11065
679	479	29.242	-120.	133.19	1581	0.11025
679	456	26.843	-120.	131.8	1581	0.11015
680	460	27.061	-120.	136.97	1582	0.11099
680	479	29.242	-120.	133.19	1582	0.11025
680	439	24.656	-120.	135.59	1582	0.11065
681	539	32.274	-120.	122.15	1583	0.111
681	491	29.497	-120.	120.69	1583	0.11148
681	478	29.04	-120.	125.04	1583	0.11049
682	556	34.028	-120.	123.11	1585	0.11078
682	539	32.274	-120.	122.15	1585	0.111
682	560	34.106	-120.	120.25	1585	0.11154
683	570	35.354	-120.	121.36	1585	0.11124
683	556	34.028	-120.	123.11	1585	0.11078
683	560	34.106	-120.	120.25	1585	0.11154
684	570	35.354	-120.	121.36	1585	0.11124
684	560	34.106	-120.	120.25	1585	0.11154
684	568	35.062	-120.	119.27	1585	0.11186
685	570	35.354	-120.	121.36	1585	0.11124
685	568	35.062	-120.	119.27	1585	0.11186
685	577	37.01	-120.	120.28	1585	0.1116
686	570	35.354	-120.	121.36	1585	0.11124
686	577	37.01	-120.	120.28	1585	0.1116
686	576	36.972	-120.	121.65	1585	0.11121
687	570	35.354	-120.	121.36	1585	0.11124
687	576	36.972	-120.	121.65	1585	0.11121
687	566	34.943	-120.	123.6	1585	0.11069
688	570	35.354	-120.	121.36	1585	0.11124
688	566	34.943	-120.	123.6	1585	0.11069
688	556	34.028	-120.	123.11	1585	0.11078
689	577	37.01	-120.	120.28	1585	0.1116
689	568	35.062	-120.	119.27	1585	0.11186
689	575	36.909	-120.	117.34	1585	0.11261
690	576	36.972	-120.	121.65	1585	0.11121
690	574	36.709	-120.	124.58	1585	0.11057
690	566	34.943	-120.	123.6	1585	0.11069
691	524	31.758	-120.	125.71	1588	0.11031
691	503	30.725	-120.	125.95	1588	0.1103
691	519	31.619	-120.	126.45	1588	0.11022
692	552	33.712	-120.	125.26	1588	0.11038
692	565	34.943	-120.	123.6	1588	0.11069
692	574	36.709	-120.	124.58	1588	0.11057
693	552	33.712	-120.	125.26	1588	0.11038
693	574	36.709	-120.	124.58	1588	0.11057
693	549	33.314	-120.	127.38	1588	0.11013
694	552	33.712	-120.	125.26	1588	0.11038
694	549	33.314	-120.	127.38	1588	0.11013
694	519	31.619	-120.	126.45	1588	0.11022
695	552	33.712	-120.	125.26	1588	0.11038
695	519	31.619	-120.	126.45	1588	0.11022
695	524	31.758	-120.	125.71	1588	0.11031
696	552	33.712	-120.	125.26	1588	0.11038
696	524	31.758	-120.	125.71	1588	0.11031
696	554	33.93	-120.	123.84	1588	0.11063
697	552	33.712	-120.	125.26	1588	0.11038
697	554	33.93	-120.	123.84	1588	0.11063
697	565	34.943	-120.	123.6	1588	0.11069
698	557	34.028	-120.	123.11	1588	0.11078
698	554	33.93	-120.	123.84	1588	0.11063
698	565	34.943	-120.	123.6	1588	0.11069
699	530	31.959	-120.	124.3	1588	0.11054
699	539	32.274	-120.	122.15	1588	0.111
699	478	29.04	-120.	125.04	1588	0.11049
700	530	31.959	-120.	124.3	1588	0.11054
700	478	29.04	-120.	125.04	1588	0.11049
700	503	30.725	-120.	125.95	1588	0.1103
701	530	31.959	-120.	124.3	1588	0.11054
701	503	30.725	-120.	125.95	1588	0.1103
701	524	31.758	-120.	125.71	1588	0.11031
702	530	31.959	-120.	124.3	1588	0.11054
702	524	31.758	-120.	125.71	1588	0.11031
702	554	33.93	-120.	123.84	1588	0.11063
703	530	31.959	-120.	124.3	1588	0.11054
703	554	33.93	-120.	123.84	1588	0.11063
703	557	34.028	-120.	123.11	1588	0.11078
704	530	31.959	-120.	124.3	1588	0.11054
704	557	34.028	-120.	123.11	1588	0.11078
704	539	32.274	-120.	122.15	1588	0.111
705	549	33.314	-120.	127.38	1589	0.11013
705	572	35.883	-120.	128.81	1589	0.11012
705	574	36.709	-120.	124.58	1589	0.11057
706	495	29.794	-120.	128.1	1591	0.11011
706	470	28.397	-120.	127.71	1591	0.11018
706	502	30.725	-120.	125.95	1591	0.1103
707	495	29.794	-120.	128.1	1591	0.11011
707	502	30.725	-120.	125.95	1591	0.1103
707	520	31.619	-120.	126.45	1591	0.11022
708	495	29.794	-120.	128.1	1591	0.11011
708	520	31.619	-120.	126.45	1591	0.11022
708	505	30.745	-120.	129.14	1591	0.11004
709	495	29.794	-120.	128.1	1591	0.11011
709	505	30.745	-120.	129.14	1591	0.11004
709	485	29.384	-120.	130.08	1591	0.11005
710	495	29.794	-120.	128.1	1591	0.11011
710	485	29.384	-120.	130.08	1591	0.11005
710	465	27.896	-120.	129.26	1591	0.11011
711	495	29.794	-120.	128.1	1591	0.11011
711	465	27.896	-120.	129.26	1591	0.11011
711	470	28.397	-120.	127.71	1591	0.11018
712	505	30.745	-120.	129.14	1591	0.11004
712	520	31.619	-120.	126.45	1591	0.11022
712	549	33.314	-120.	127.38	1591	0.11013
713	470	28.397	-120.	127.71	1591	0.11018
713	478	29.04	-120.	125.04	1591	0.11049
713	502	30.725	-120.	125.95	1591	0.1103
714	465	27.896	-120.	129.26	1591	0.11011
714	485	29.384	-120.	130.08	1591	0.11005
714	456	26.843	-120.	131.8	1591	0.11015
715	500	30.508	-120.	129.85	1592	0.11004
715	504	30.745	-120.	129.14	1592	0.11004
715	484	29.384	-120.	130.08	1592	0.11005
716	540	32.636	-120.	129.42	1592	0.11005
716	572	35.883	-120.	128.81	1592	0.11012
716	549	33.314	-120.	127.38	1592	0.11013
717	540	32.636	-120.	129.42	1592	0.11005
717	549	33.314	-120.	127.38	1592	0.11013
717	504	30.745	-120.	129.14	1592	0.11004
718	540	32.636	-120.	129.42	1592	0.11005
718	504	30.745	-120.	129.14	1592	0.11004
718	500	30.508	-120.	129.85	1592	0.11004
719	540	32.636	-120.	129.42	1592	0.11005
719	500	30.508	-120.	129.85	1592	0.11004
719	531	32.136	-120.	130.77	1592	0.11007
720	540	32.636	-120.	129.42	1592	0.11005
720	531	32.136	-120.	130.77	1592	0.11007
720	547	33.229	-120.	130.57	1592	0.11007
721	540	32.636	-120.	129.42	1592	0.11005
721	547	33.229	-120.	130.57	1592	0.11007
721	572	35.883	-120.	128.81	1592	0.11012
722	497	29.996	-120.	131.19	1592	0.11008
722	479	29.242	-120.	133.19	1592	0.11025
722	456	26.843	-120.	131.8	1592	0.11015
723	497	29.996	-120.	131.19	1592	0.11008
723	456	26.843	-120.	131.8	1592	0.11015
723	484	29.384	-120.	130.08	1592	0.11005
724	497	29.996	-120.	131.19	1592	0.11008
724	484	29.384	-120.	130.08	1592	0.11005
724	500	30.508	-120.	129.85	1592	0.11004
725	497	29.996	-120.	131.19	1592	0.11008
725	500	30.508	-120.	129.85	1592	0.11004
725	531	32.136	-120.	130.77	1592	0.11007
726	497	29.996	-120.	131.19	1592	0.11008
726	531	32.136	-120.	130.77	1592	0.11007
726	525	31.866	-120.	131.46	1592	0.1101
727	497	29.996	-120.	131.19	1592	0.11008
727	525	31.866	-120.	131.46	1592	0.1101
727	479	29.242	-120.	133.19	1592	0.11025
728	531	32.136	-120.	130.77	1592	0.11007
728	525	31.866	-120.	131.46	1592	0.1101
728	547	33.229	-120.	130.57	1592	0.11007
729	494	29.577	-120.	107.44	1594	0.11736
729	481	29.263	-120.	106.75	1594	0.11774
729	474	28.622	-120.	107.7	1594	0.11723
730	517	31.382	-120.	106.93	1594	0.11763
730	561	34.155	-120.	106.16	1594	0.11803
730	499	30.485	-120.	104.97	1594	0.11873
731	517	31.382	-120.	106.93	1594	0.11763
731	499	30.485	-120.	104.97	1594	0.11873
731	481	29.263	-120.	106.75	1594	0.11774
732	517	31.382	-120.	106.93	1594	0.11763
732	481	29.263	-120.	106.75	1594	0.11774
732	494	29.577	-120.	107.44	1594	0.11736
733	517	31.382	-120.	106.93	1594	0.11763
733	494	29.577	-120.	107.44	1594	0.11736
733	529	31.935	-120.	108.26	1594	0.1169
734	517	31.382	-120.	106.93	1594	0.11763
734	529	31.935	-120.	108.26	1594	0.1169
734	542	32.875	-120.	108.	1594	0.11703
735	517	31.382	-120.	106.93	1594	0.11763
735	542	32.875	-120.	108.	1594	0.11703
735	561	34.155	-120.	106.16	1594	0.11803
736	498	30.113	-120.	108.76	1594	0.11664
736	511	30.932	-120.	110.76	1594	0.11557
736	462	27.402	-120.	109.46	1594	0.1163
737	498	30.113	-120.	108.76	1594	0.11664
737	462	27.402	-120.	109.46	1594	0.1163
737	474	28.622	-120.	107.7	1594	0.11723
738	498	30.113	-120.	108.76	1594	0.11664
738	474	28.622	-120.	107.7	1594	0.11723
738	494	29.577	-120.	107.44	1594	0.11736
739	498	30.113	-120.	108.76	1594	0.11664
739	494	29.577	-120.	107.44	1594	0.11736
739	529	31.935	-120.	108.26	1594	0.1169
740	498	30.113	-120.	108.76	1594	0.11664
740	529	31.935	-120.	108.26	1594	0.1169
740	534	32.207	-120.	108.95	1594	0.11652
741	498	30.113	-120.	108.76	1594	0.11664
741	534	32.207	-120.	108.95	1594	0.11652
741	511	30.932	-120.	110.76	1594	0.11557
742	529	31.935	-120.	108.26	1594	0.1169
742	534	32.207	-120.	108.95	1594	0.11652
742	542	32.875	-120.	108.	1594	0.11703
743	477	28.754	-120.	113.62	1595	0.11421
743	511	30.932	-120.	110.76	1595	0.11557
743	462	27.402	-120.	109.46	1595	0.1163
744	561	34.155	-120.	106.16	1598	0.11803
744	536	32.209	-120.	102.31	1598	0.12017
744	499	30.485	-120.	104.97	1598	0.11873
745	107	-23.785	-120.	100.93	1649	0.13093
745	110	-23.545	-120.	96.143	1649	0.12904
745	73	-26.285	-120.	99.47	1649	0.13045
746	136	-21.358	-120.	102.37	1650	0.13136
746	130	-21.726	-120.	101.28	1650	0.13104
746	123	-22.197	-120.	101.87	1650	0.13121
747	133	-21.51	-120.	98.163	1650	0.1299
747	138	-21.019	-120.	97.611	1650	0.12966
747	125	-21.878	-120.	97.108	1650	0.12945
748	119	-22.44	-120.	99.25	1650	0.13034
748	123	-22.197	-120.	101.87	1650	0.13121
748	107	-23.785	-120.	100.93	1650	0.13093
749	119	-22.44	-120.	99.25	1650	0.13034
749	107	-23.785	-120.	100.93	1650	0.13093
749	110	-23.545	-120.	96.143	1650	0.12904
750	119	-22.44	-120.	99.25	1650	0.13034
750	110	-23.545	-120.	96.143	1650	0.12904
750	125	-21.878	-120.	97.108	1650	0.12945
751	119	-22.44	-120.	99.25	1650	0.13034
751	125	-21.878	-120.	97.108	1650	0.12945
751	133	-21.51	-120.	98.163	1650	0.1299
752	119	-22.44	-120.	99.25	1650	0.13034
752	133	-21.51	-120.	98.163	1650	0.1299
752	130	-21.726	-120.	101.28	1650	0.13104
753	119	-22.44	-120.	99.25	1650	0.13034
753	130	-21.726	-120.	101.28	1650	0.13104
753	123	-22.197	-120.	101.87	1650	0.13121
754	140	-20.794	-120.	100.22	1650	0.13068
754	138	-21.019	-120.	97.611	1650	0.12966
754	153	-19.369	-120.	98.573	1650	0.13005
755	140	-20.794	-120.	100.22	1650	0.13068
755	153	-19.369	-120.	98.573	1650	0.13005
755	151	-19.781	-120.	103.3	1650	0.13162
756	140	-20.794	-120.	100.22	1650	0.13068
756	151	-19.781	-120.	103.3	1650	0.13162
756	136	-21.358	-120.	102.37	1650	0.13136
757	140	-20.794	-120.	100.22	1650	0.13068
757	136	-21.358	-120.	102.37	1650	0.13136
757	130	-21.726	-120.	101.28	1650	0.13104
758	140	-20.794	-120.	100.22	1650	0.13068
758	130	-21.726	-120.	101.28	1650	0.13104
758	133	-21.51	-120.	98.163	1650	0.1299
759	140	-20.794	-120.	100.22	1650	0.13068
759	133	-21.51	-120.	98.163	1650	0.1299
759	138	-21.019	-120.	97.611	1650	0.12966
760	171	-16.855	-120.	100.05	1654	0.13066
760	153	-19.369	-120.	98.573	1654	0.13005
760	151	-19.781	-120.	103.3	1654	0.13162
761	221	-8.7706	-120.	146.81	1667	0.11741
761	229	-7.1945	-120.	148.83	1667	0.11717
761	217	-9.7773	-120.	147.68	1667	0.11737
762	221	-8.7706	-120.	146.81	1667	0.11741
762	217	-9.7773	-120.	147.68	1667	0.11737
762	212	-10.674	-120.	146.2	1667	0.11765
763	221	-8.7706	-120.	146.81	1667	0.11741
763	212	-10.674	-120.	146.2	1667	0.11765
763	215	-9.8754	-120.	144.75	1667	0.11784
764	221	-8.7706	-120.	146.81	1667	0.11741
764	215	-9.8754	-120.	144.75	1667	0.11784
764	224	-8.3944	-120.	145.41	1667	0.11754
765	221	-8.7706	-120.	146.81	1667	0.11741
765	224	-8.3944	-120.	145.41	1667	0.11754
765	233	-6.7075	-120.	147.97	1667	0.11716
766	221	-8.7706	-120.	146.81	1667	0.11741
766	233	-6.7075	-120.	147.97	1667	0.11716
766	229	-7.1945	-120.	148.83	1667	0.11717
767	215	-9.8754	-120.	144.75	1667	0.11784
767	212	-10.674	-120.	146.2	1667	0.11765
767	197	-12.295	-120.	143.44	1667	0.11844
768	229	-7.1945	-120.	148.83	1667	0.11717
768	226	-8.113	-120.	150.47	1667	0.11717
768	217	-9.7773	-120.	147.68	1667	0.11737
769	233	-6.7075	-120.	147.97	1667	0.11716
769	224	-8.3944	-120.	145.41	1667	0.11754
769	240	-5.7995	-120.	146.33	1667	0.11711
770	486	29.388	-120.	135.79	1726	0.1107
770	479	29.242	-120.	133.19	1726	0.11025
770	460	27.061	-120.	136.97	1726	0.11099
771	486	29.388	-120.	135.79	1726	0.1107
771	460	27.061	-120.	136.97	1726	0.11099
771	476	28.693	-120.	137.9	1726	0.11123
772	486	29.388	-120.	135.79	1726	0.1107
772	476	28.693	-120.	137.9	1726	0.11123
772	492	29.517	-120.	137.53	1726	0.11112
773	486	29.388	-120.	135.79	1726	0.1107
773	492	29.517	-120.	137.53	1726	0.11112
773	512	30.952	-120.	135.04	1726	0.11055
774	486	29.388	-120.	135.79	1726	0.1107
774	512	30.952	-120.	135.04	1726	0.11055
774	509	30.864	-120.	134.14	1726	0.1104
775	486	29.388	-120.	135.79	1726	0.1107
775	509	30.864	-120.	134.14	1726	0.1104
775	479	29.242	-120.	133.19	1726	0.11025
776	513	31.043	-120.	136.75	1726	0.11092
776	550	33.344	-120.	135.59	1726	0.11068
776	514	31.189	-120.	139.32	1726	0.11166
777	513	31.043	-120.	136.75	1726	0.11092
777	514	31.189	-120.	139.32	1726	0.11166
777	493	29.543	-120.	138.38	1726	0.11137
778	513	31.043	-120.	136.75	1726	0.11092
778	493	29.543	-120.	138.38	1726	0.11137
778	492	29.517	-120.	137.53	1726	0.11112
779	513	31.043	-120.	136.75	1726	0.11092
779	492	29.517	-120.	137.53	1726	0.11112
779	512	30.952	-120.	135.04	1726	0.11055
780	513	31.043	-120.	136.75	1726	0.11092
780	512	30.952	-120.	135.04	1726	0.11055
780	521	31.71	-120.	134.63	1726	0.11048
781	513	31.043	-120.	136.75	1726	0.11092
781	521	31.71	-120.	134.63	1726	0.11048
781	550	33.344	-120.	135.59	1726	0.11068
782	492	29.517	-120.	137.53	1726	0.11112
782	476	28.693	-120.	137.9	1726	0.11123
782	493	29.543	-120.	138.38	1726	0.11137
783	512	30.952	-120.	135.04	1726	0.11055
783	521	31.71	-120.	134.63	1726	0.11048
783	509	30.864	-120.	134.14	1726	0.1104
784	476	28.693	-120.	137.9	1744	0.11123
784	458	26.876	-120.	140.1	1744	0.11194
784	460	27.061	-120.	136.97	1744	0.11099
785	473	28.593	-120.	142.76	1744	0.11293
785	452	26.586	-120.	144.91	1744	0.1139
785	454	26.788	-120.	141.73	1744	0.11254
786	469	28.326	-120.	140.43	1744	0.11204
786	473	28.593	-120.	142.76	1744	0.11293
786	454	26.788	-120.	141.73	1744	0.11254
787	469	28.326	-120.	140.43	1744	0.11204
787	454	26.788	-120.	141.73	1744	0.11254
787	458	26.876	-120.	140.1	1744	0.11194
788	469	28.326	-120.	140.43	1744	0.11204
788	458	26.876	-120.	140.1	1744	0.11194
788	476	28.693	-120.	137.9	1744	0.11123
789	469	28.326	-120.	140.43	1744	0.11204
789	476	28.693	-120.	137.9	1744	0.11123
789	493	29.543	-120.	138.38	1744	0.11137
790	469	28.326	-120.	140.43	1744	0.11204
790	493	29.543	-120.	138.38	1744	0.11137
790	488	29.463	-120.	141.7	1744	0.11251
791	469	28.326	-120.	140.43	1744	0.11204
791	488	29.463	-120.	141.7	1744	0.11251
791	473	28.593	-120.	142.76	1744	0.11293
792	514	31.189	-120.	139.32	1744	0.11166
792	488	29.463	-120.	141.7	1744	0.11251
792	493	29.543	-120.	138.38	1744	0.11137
793	390	18.671	-120.	94.527	1810	0.12402
793	388	18.369	-120.	95.895	1810	0.12359
793	373	16.06	-120.	94.294	1810	0.1242
794	390	18.671	-120.	94.527	1810	0.12402
794	373	16.06	-120.	94.294	1810	0.1242
794	377	16.533	-120.	93.457	1810	0.12439
795	390	18.671	-120.	94.527	1810	0.12402
795	377	16.533	-120.	93.457	1810	0.12439
795	397	19.897	-120.	93.386	1810	0.12435
796	390	18.671	-120.	94.527	1810	0.12402
796	397	19.897	-120.	93.386	1810	0.12435
796	409	21.067	-120.	94.197	1810	0.12408
797	390	18.671	-120.	94.527	1810	0.12402
797	409	21.067	-120.	94.197	1810	0.12408
797	401	20.101	-120.	95.931	1810	0.12349
798	390	18.671	-120.	94.527	1810	0.12402
798	401	20.101	-120.	95.931	1810	0.12349
798	388	18.369	-120.	95.895	1810	0.12359
799	397	19.897	-120.	93.386	1810	0.12435
799	377	16.533	-120.	93.457	1810	0.12439
799	381	17.43	-120.	91.87	1810	0.12474
800	388	18.369	-120.	95.895	1810	0.12359
800	365	15.169	-120.	95.872	1810	0.12384
800	373	16.06	-120.	94.294	1810	0.1242
801	401	20.101	-120.	95.931	1810	0.12349
801	409	21.067	-120.	94.197	1810	0.12408
801	431	23.352	-120.	95.976	1810	0.12339
802	406	20.74	-120.	93.354	1811	0.12436
802	398	19.897	-120.	93.386	1811	0.12435
802	410	21.067	-120.	94.197	1811	0.12408
803	400	20.015	-120.	91.744	1811	0.1248
803	392	18.881	-120.	89.348	1811	0.12526
803	381	17.43	-120.	91.87	1811	0.12474
804	400	20.015	-120.	91.744	1811	0.1248
804	381	17.43	-120.	91.87	1811	0.12474
804	398	19.897	-120.	93.386	1811	0.12435
805	400	20.015	-120.	91.744	1811	0.1248
805	398	19.897	-120.	93.386	1811	0.12435
805	406	20.74	-120.	93.354	1811	0.12436
806	400	20.015	-120.	91.744	1811	0.1248
806	406	20.74	-120.	93.354	1811	0.12436
806	416	21.743	-120.	91.638	1811	0.12487
807	400	20.015	-120.	91.744	1811	0.1248
807	416	21.743	-120.	91.638	1811	0.12487
807	412	21.398	-120.	90.871	1811	0.12506
808	400	20.015	-120.	91.744	1811	0.1248
808	412	21.398	-120.	90.871	1811	0.12506
808	392	18.881	-120.	89.348	1811	0.12526
809	421	22.376	-120.	93.382	1811	0.12435
809	441	24.832	-120.	93.474	1811	0.12437
809	431	23.352	-120.	95.976	1811	0.12339
810	421	22.376	-120.	93.382	1811	0.12435
810	431	23.352	-120.	95.976	1811	0.12339
810	410	21.067	-120.	94.197	1811	0.12408
811	421	22.376	-120.	93.382	1811	0.12435
811	410	21.067	-120.	94.197	1811	0.12408
811	406	20.74	-120.	93.354	1811	0.12436
812	421	22.376	-120.	93.382	1811	0.12435
812	406	20.74	-120.	93.354	1811	0.12436
812	416	21.743	-120.	91.638	1811	0.12487
813	421	22.376	-120.	93.382	1811	0.12435
813	416	21.743	-120.	91.638	1811	0.12487
813	426	22.522	-120.	91.651	1811	0.12489
814	421	22.376	-120.	93.382	1811	0.12435
814	426	22.522	-120.	91.651	1811	0.12489
814	441	24.832	-120.	93.474	1811	0.12437
815	416	21.743	-120.	91.638	1811	0.12487
815	426	22.522	-120.	91.651	1811	0.12489
815	412	21.398	-120.	90.871	1811	0.12506
