小面	点	X坐标 (mm)	Y坐标 (mm)	Z坐标 (mm)	单元数	定向变形 (mm)
0	135	-5.0197	-90.002	146.51	580	9.713e-002
0	129	-7.53	-90.002	149.49	580	9.7733e-002
0	149	-2.2115	-90.002	150.32	580	0.10566
1	55	-22.885	-90.002	100.04	647	1.1433e-002
1	63	-21.217	-90.002	102.2	647	1.6638e-002
1	37	-25.28	-90.002	103.92	647	1.2672e-002
1	39	-25.257	-90.002	101.82	647	1.0074e-002
2	21	-27.703	-90.002	101.55	647	6.0568e-003
2	44	-24.757	-90.002	97.566	647	5.5395e-003
2	55	-22.885	-90.002	100.04	647	1.1433e-002
2	39	-25.257	-90.002	101.82	647	1.0074e-002
3	37	-25.28	-90.002	103.92	647	1.2672e-002
3	10	-30.011	-90.002	105.94	647	8.1742e-003
3	21	-27.703	-90.002	101.55	647	6.0568e-003
3	39	-25.257	-90.002	101.82	647	1.0074e-002
4	32	-26.312	-90.002	123.11	656	3.6374e-002
4	14	-29.112	-90.002	125.85	656	3.5969e-002
4	8	-30.546	-90.002	123.5	656	3.064e-002
4	12	-29.622	-90.002	120.92	656	2.8518e-002
5	4	-31.893	-90.002	128.58	656	3.5561e-002
5	14	-29.112	-90.002	125.85	656	3.5969e-002
5	8	-30.546	-90.002	123.5	656	3.064e-002
5	2	-32.767	-90.002	123.7	656	2.763e-002
6	2	-32.767	-90.002	123.7	656	2.763e-002
6	0	-32.887	-90.002	118.75	656	2.0771e-002
6	12	-29.622	-90.002	120.92	656	2.8518e-002
6	8	-30.546	-90.002	123.5	656	3.064e-002
7	165	2.7109	-90.002	153.59	662	0.11612
7	169	3.6719	-90.002	154.9	662	0.11904
7	163	2.0246	-90.002	154.99	662	0.11709
8	48	-23.809	-90.002	110.63	699	2.3368e-002
8	18	-27.981	-90.002	114.05	699	2.1726e-002
8	23	-27.343	-90.002	116.6	699	2.6046e-002
8	40	-25.213	-90.002	116.27	699	2.8746e-002
9	5	-31.752	-90.002	117.17	699	2.0318e-002
9	18	-27.981	-90.002	114.05	699	2.1726e-002
9	23	-27.343	-90.002	116.6	699	2.6046e-002
9	17	-28.584	-90.002	119.37	699	2.7942e-002
10	36	-25.373	-90.002	121.58	699	3.5678e-002
10	40	-25.213	-90.002	116.27	699	2.8746e-002
10	23	-27.343	-90.002	116.6	699	2.6046e-002
10	17	-28.584	-90.002	119.37	699	2.7942e-002
11	310	35.46	-90.002	116.52	839	0.11336
11	314	36.682	-90.002	115.48	839	0.11387
11	315	36.909	-90.002	117.12	839	0.11592
12	129	-7.53	-90.002	149.49	876	9.7733e-002
12	135	-5.0197	-90.002	146.51	876	9.713e-002
12	130	-6.6575	-90.002	146.08	876	9.4461e-002
13	66	-21.126	-90.002	134.77	880	5.9846e-002
13	59	-22.444	-90.002	134.49	880	5.7547e-002
13	60	-22.067	-90.002	133.15	880	5.6316e-002
14	196	12.174	-90.002	92.983	911	5.5931e-002
14	191	10.051	-90.002	89.339	911	4.8607e-002
14	189	9.2434	-90.002	90.571	911	4.8889e-002
14	194	11.136	-90.002	94.105	911	5.5766e-002
15	185	7.8012	-90.002	85.484	911	4.0735e-002
15	191	10.051	-90.002	89.339	911	4.8607e-002
15	189	9.2434	-90.002	90.571	911	4.8889e-002
15	180	7.202	-90.002	86.783	911	4.1394e-002
16	96	-14.944	-90.002	91.296	917	1.2968e-002
16	94	-16.021	-90.002	90.083	917	9.8255e-003
16	101	-14.615	-90.002	89.219	917	1.096e-002
17	159	0.73719	-90.002	90.924	937	3.6737e-002
17	168	3.3289	-90.002	88.209	937	3.7341e-002
17	170	4.8072	-90.002	89.82	937	4.1485e-002
17	164	2.6704	-90.002	92.534	937	4.1585e-002
18	173	6.1614	-90.002	85.302	937	3.808e-002
18	168	3.3289	-90.002	88.209	937	3.7341e-002
18	170	4.8072	-90.002	89.82	937	4.1485e-002
18	180	7.202	-90.002	86.783	937	4.1394e-002
19	173	6.1614	-90.002	85.302	969	3.808e-002
19	185	7.8012	-90.002	85.484	969	4.0735e-002
19	180	7.202	-90.002	86.783	969	4.1394e-002
20	255	26.603	-90.002	95.154	990	7.8514e-002
20	266	27.785	-90.002	96.305	990	8.1389e-002
20	252	25.972	-90.002	96.176	990	7.8751e-002
21	251	25.873	-90.002	133.71	1005	0.12025
21	254	26.449	-90.002	134.72	1005	0.12218
21	249	25.239	-90.002	134.65	1005	0.12056
22	97	-14.844	-90.002	142.26	1039	7.8602e-002
22	100	-14.667	-90.002	141.83	1039	7.83e-002
22	104	-14.262	-90.002	142.14	1039	7.9256e-002
23	60	-22.067	-90.002	133.15	1042	5.6316e-002
23	30	-26.321	-90.002	130.95	1042	4.7032e-002
23	34	-26.16	-90.002	128.54	1042	4.4003e-002
23	46	-24.131	-90.002	128.47	1042	4.6914e-002
24	9	-30.45	-90.002	128.78	1042	3.7965e-002
24	30	-26.321	-90.002	130.95	1042	4.7032e-002
24	34	-26.16	-90.002	128.54	1042	4.4003e-002
24	20	-27.847	-90.002	126.17	1042	3.827e-002
25	41	-25.207	-90.002	123.54	1042	3.859e-002
25	46	-24.131	-90.002	128.47	1042	4.6914e-002
25	34	-26.16	-90.002	128.54	1042	4.4003e-002
25	20	-27.847	-90.002	126.17	1042	3.827e-002
26	45	-24.224	-90.002	110.6	1054	2.2728e-002
26	22	-27.554	-90.002	108.97	1054	1.5716e-002
26	13	-29.544	-90.002	111.72	1054	1.6365e-002
26	15	-28.737	-90.002	114.01	1054	2.0558e-002
27	7	-30.589	-90.002	107.48	1054	9.2987e-003
27	22	-27.554	-90.002	108.97	1054	1.5716e-002
27	13	-29.544	-90.002	111.72	1054	1.6365e-002
27	3	-32.083	-90.002	112.2	1054	1.3242e-002
28	1	-32.842	-90.002	117.1	1054	1.8632e-002
28	15	-28.737	-90.002	114.01	1054	2.0558e-002
28	13	-29.544	-90.002	111.72	1054	1.6365e-002
28	3	-32.083	-90.002	112.2	1054	1.3242e-002
29	130	-6.6575	-90.002	146.08	1057	9.4461e-002
29	129	-7.53	-90.002	149.49	1057	9.7733e-002
29	117	-10.195	-90.002	146.17	1057	8.993e-002
29	116	-10.495	-90.002	144.48	1057	8.7354e-002
30	110	-12.092	-90.002	143.49	1057	8.3934e-002
30	117	-10.195	-90.002	146.17	1057	8.993e-002
30	116	-10.495	-90.002	144.48	1057	8.7354e-002
31	28	-26.974	-90.002	132.31	1072	4.7905e-002
31	59	-22.444	-90.002	134.49	1072	5.7547e-002
31	43	-24.88	-90.002	136.84	1072	5.7089e-002
31	25	-27.225	-90.002	134.67	1072	5.0713e-002
32	11	-29.679	-90.002	134.8	1072	4.727e-002
32	6	-31.401	-90.002	130.16	1072	3.8435e-002
32	28	-26.974	-90.002	132.31	1072	4.7905e-002
32	25	-27.225	-90.002	134.67	1072	5.0713e-002
33	43	-24.88	-90.002	136.84	1072	5.7089e-002
33	24	-27.268	-90.002	139.13	1072	5.6651e-002
33	11	-29.679	-90.002	134.8	1072	4.727e-002
33	25	-27.225	-90.002	134.67	1072	5.0713e-002
34	201	13.107	-90.002	149.08	1102	0.1232
34	209	14.791	-90.002	144.3	1102	0.11917
34	199	12.662	-90.002	145.36	1102	0.11787
35	299	32.942	-90.002	112.85	1127	0.10605
35	274	29.405	-90.002	110.41	1127	9.8677e-002
35	291	31.665	-90.002	108.26	1127	9.9427e-002
35	302	33.464	-90.002	110.57	1127	0.10431
36	311	35.749	-90.002	110.62	1127	0.10743
36	314	36.682	-90.002	115.48	1127	0.11387
36	299	32.942	-90.002	112.85	1127	0.10605
36	302	33.464	-90.002	110.57	1127	0.10431
37	291	31.665	-90.002	108.26	1127	9.9427e-002
37	306	34.084	-90.002	105.95	1127	0.10024
37	311	35.749	-90.002	110.62	1127	0.10743
37	302	33.464	-90.002	110.57	1127	0.10431
38	269	28.361	-90.002	112.15	1129	9.914e-002
38	292	31.755	-90.002	114.24	1129	0.10595
38	300	32.942	-90.002	112.85	1129	0.10605
38	274	29.405	-90.002	110.41	1129	9.8677e-002
39	310	35.46	-90.002	116.52	1129	0.11336
39	292	31.755	-90.002	114.24	1129	0.10595
39	300	32.942	-90.002	112.85	1129	0.10605
39	314	36.682	-90.002	115.48	1129	0.11387
40	249	25.239	-90.002	134.65	1134	0.12056
40	264	27.603	-90.002	136.82	1134	0.12616
40	246	24.829	-90.002	138.5	1134	0.12465
40	236	22.51	-90.002	138.35	1134	0.12153
41	279	29.932	-90.002	138.96	1134	0.13167
41	264	27.603	-90.002	136.82	1134	0.12616
41	246	24.829	-90.002	138.5	1134	0.12465
41	243	24.443	-90.002	140.12	1134	0.12614
42	243	24.443	-90.002	140.12	1134	0.12614
42	224	19.581	-90.002	141.16	1134	0.12127
42	236	22.51	-90.002	138.35	1134	0.12153
42	246	24.829	-90.002	138.5	1134	0.12465
43	134	-5.3286	-90.002	85.842	1172	2.1271e-002
43	144	-3.7187	-90.002	85.481	1172	2.3313e-002
43	141	-4.2919	-90.002	87.196	1172	2.4514e-002
44	113	-11.58	-90.002	96.147	1173	2.4086e-002
44	102	-14.602	-90.002	98.106	1173	2.1769e-002
44	105	-14.113	-90.002	95.271	1173	1.9086e-002
44	108	-13.159	-90.002	93.87	1173	1.8871e-002
45	88	-17.169	-90.002	100.34	1173	2.0519e-002
45	99	-14.726	-90.002	98.203	1173	2.1694e-002
45	95	-15.545	-90.002	96.249	1173	1.8051e-002
45	93	-16.178	-90.002	96.318	1173	1.7153e-002
46	99	-14.726	-90.002	98.203	1173	2.1694e-002
46	102	-14.602	-90.002	98.106	1173	2.1769e-002
46	105	-14.113	-90.002	95.271	1173	1.9086e-002
46	95	-15.545	-90.002	96.249	1173	1.8051e-002
47	98	-14.788	-90.002	94.601	1173	1.7224e-002
47	95	-15.545	-90.002	96.249	1173	1.8051e-002
47	93	-16.178	-90.002	96.318	1173	1.7153e-002
48	98	-14.788	-90.002	94.601	1173	1.7224e-002
48	93	-16.178	-90.002	96.318	1173	1.7153e-002
48	96	-14.944	-90.002	91.296	1173	1.2968e-002
49	98	-14.788	-90.002	94.601	1173	1.7224e-002
49	96	-14.944	-90.002	91.296	1173	1.2968e-002
49	108	-13.159	-90.002	93.87	1173	1.8871e-002
50	98	-14.788	-90.002	94.601	1173	1.7224e-002
50	108	-13.159	-90.002	93.87	1173	1.8871e-002
50	105	-14.113	-90.002	95.271	1173	1.9086e-002
51	98	-14.788	-90.002	94.601	1173	1.7224e-002
51	105	-14.113	-90.002	95.271	1173	1.9086e-002
51	95	-15.545	-90.002	96.249	1173	1.8051e-002
52	45	-24.224	-90.002	110.6	1184	2.2728e-002
52	16	-28.737	-90.002	114.01	1184	2.0558e-002
52	18	-27.981	-90.002	114.05	1184	2.1726e-002
52	48	-23.809	-90.002	110.63	1184	2.3368e-002
53	1	-32.842	-90.002	117.1	1184	1.8632e-002
53	16	-28.737	-90.002	114.01	1184	2.0558e-002
53	18	-27.981	-90.002	114.05	1184	2.1726e-002
53	5	-31.752	-90.002	117.17	1184	2.0318e-002
54	9	-30.45	-90.002	128.78	1185	3.7965e-002
54	6	-31.401	-90.002	130.16	1185	3.8435e-002
54	4	-31.893	-90.002	128.58	1185	3.5561e-002
55	155	-4.9186e-002	-90.002	147.42	1212	0.10464
55	156	8.971e-002	-90.002	147.72	1212	0.10521
55	157	0.31472	-90.002	147.43	1212	0.10511
56	165	2.7109	-90.002	153.59	1212	0.11612
56	166	3.0035	-90.002	150.3	1212	0.1122
56	158	0.52758	-90.002	149.32	1212	0.10782
56	151	-1.8452	-90.002	150.57	1212	0.10645
57	162	1.4381	-90.002	148.45	1212	0.10784
57	157	0.31472	-90.002	147.43	1212	0.10511
57	167	3.2552	-90.002	147.47	1212	0.10885
58	162	1.4381	-90.002	148.45	1212	0.10784
58	167	3.2552	-90.002	147.47	1212	0.10885
58	166	3.0035	-90.002	150.3	1212	0.1122
59	162	1.4381	-90.002	148.45	1212	0.10784
59	166	3.0035	-90.002	150.3	1212	0.1122
59	158	0.52758	-90.002	149.32	1212	0.10782
60	162	1.4381	-90.002	148.45	1212	0.10784
60	158	0.52758	-90.002	149.32	1212	0.10782
60	156	8.971e-002	-90.002	147.72	1212	0.10521
61	162	1.4381	-90.002	148.45	1212	0.10784
61	156	8.971e-002	-90.002	147.72	1212	0.10521
61	157	0.31472	-90.002	147.43	1212	0.10511
62	152	-1.4181	-90.002	148.64	1212	0.10449
62	151	-1.8452	-90.002	150.57	1212	0.10645
62	149	-2.2115	-90.002	150.32	1212	0.10566
63	152	-1.4181	-90.002	148.64	1212	0.10449
63	149	-2.2115	-90.002	150.32	1212	0.10566
63	135	-5.0197	-90.002	146.51	1212	9.713e-002
64	152	-1.4181	-90.002	148.64	1212	0.10449
64	135	-5.0197	-90.002	146.51	1212	9.713e-002
64	155	-4.9186e-002	-90.002	147.42	1212	0.10464
65	152	-1.4181	-90.002	148.64	1212	0.10449
65	155	-4.9186e-002	-90.002	147.42	1212	0.10464
65	156	8.971e-002	-90.002	147.72	1212	0.10521
66	152	-1.4181	-90.002	148.64	1212	0.10449
66	156	8.971e-002	-90.002	147.72	1212	0.10521
66	158	0.52758	-90.002	149.32	1212	0.10782
67	152	-1.4181	-90.002	148.64	1212	0.10449
67	158	0.52758	-90.002	149.32	1212	0.10782
67	151	-1.8452	-90.002	150.57	1212	0.10645
68	194	11.136	-90.002	94.105	1217	5.5766e-002
68	196	12.174	-90.002	92.983	1217	5.5931e-002
68	205	13.598	-90.002	95.081	1217	6.0364e-002
69	285	30.96	-90.002	121.77	1218	0.11315
69	305	33.832	-90.002	119.53	1218	0.11447
69	308	34.797	-90.002	121.96	1218	0.11842
69	304	33.548	-90.002	124.29	1218	0.11935
70	315	36.909	-90.002	117.12	1218	0.11592
70	305	33.832	-90.002	119.53	1218	0.11447
70	308	34.797	-90.002	121.96	1218	0.11842
70	316	36.967	-90.002	122.08	1218	0.12139
71	316	36.967	-90.002	122.08	1218	0.12139
71	313	36.271	-90.002	126.98	1218	0.12592
71	304	33.548	-90.002	124.29	1218	0.11935
71	308	34.797	-90.002	121.96	1218	0.11842
72	273	29.3	-90.002	123.37	1222	0.11276
72	268	28.333	-90.002	128.03	1222	0.11681
72	281	30.387	-90.002	128.01	1222	0.11945
72	294	32.017	-90.002	125.63	1222	0.11886
73	253	26.333	-90.002	132.77	1222	0.11973
73	268	28.333	-90.002	128.03	1222	0.11681
73	281	30.387	-90.002	128.01	1222	0.11945
73	282	30.657	-90.002	130.42	1222	0.12256
74	309	34.938	-90.002	128.06	1222	0.12541
74	294	32.017	-90.002	125.63	1222	0.11886
74	281	30.387	-90.002	128.01	1222	0.11945
74	282	30.657	-90.002	130.42	1222	0.12256
75	285	30.96	-90.002	121.77	1224	0.11315
75	273	29.3	-90.002	123.37	1224	0.11276
75	275	29.473	-90.002	120.63	1224	0.10992
76	221	18.696	-90.002	89.227	1234	6.0881e-002
76	220	18.184	-90.002	90.246	1234	6.1313e-002
76	234	22.295	-90.002	92.927	1234	7.0088e-002
76	237	22.879	-90.002	91.89	1234	6.9756e-002
77	252	25.972	-90.002	96.176	1234	7.8751e-002
77	234	22.295	-90.002	92.927	1234	7.0088e-002
77	237	22.879	-90.002	91.89	1234	6.9756e-002
77	255	26.603	-90.002	95.154	1234	7.8514e-002
78	9	-30.45	-90.002	128.78	1284	3.7965e-002
78	31	-26.321	-90.002	130.95	1284	4.7032e-002
78	29	-26.974	-90.002	132.31	1284	4.7905e-002
78	6	-31.401	-90.002	130.16	1284	3.8435e-002
79	60	-22.067	-90.002	133.15	1284	5.6316e-002
79	31	-26.321	-90.002	130.95	1284	4.7032e-002
79	29	-26.974	-90.002	132.31	1284	4.7905e-002
79	59	-22.444	-90.002	134.49	1284	5.7547e-002
80	78	-18.99	-90.002	102.3	1291	2.0142e-002
80	62	-21.397	-90.002	105.6	1291	2.0595e-002
80	58	-22.737	-90.002	105.43	1291	1.8376e-002
80	63	-21.217	-90.002	102.2	1291	1.6638e-002
81	51	-23.605	-90.002	110.09	1291	2.2975e-002
81	62	-21.397	-90.002	105.6	1291	2.0595e-002
81	58	-22.737	-90.002	105.43	1291	1.8376e-002
81	47	-24.021	-90.002	109.98	1291	2.2222e-002
82	38	-25.28	-90.002	103.92	1292	1.2672e-002
82	63	-21.217	-90.002	102.2	1292	1.6638e-002
82	57	-22.737	-90.002	105.43	1292	1.8376e-002
82	42	-25.037	-90.002	105.63	1292	1.5196e-002
83	27	-27.158	-90.002	107.86	1292	1.4877e-002
83	10	-30.011	-90.002	105.94	1292	8.1742e-003
83	38	-25.28	-90.002	103.92	1292	1.2672e-002
83	42	-25.037	-90.002	105.63	1292	1.5196e-002
84	57	-22.737	-90.002	105.43	1292	1.8376e-002
84	47	-24.021	-90.002	109.98	1292	2.2222e-002
84	27	-27.158	-90.002	107.86	1292	1.4877e-002
84	42	-25.037	-90.002	105.63	1292	1.5196e-002
85	45	-24.224	-90.002	110.6	1293	2.2728e-002
85	22	-27.554	-90.002	108.97	1293	1.5716e-002
85	26	-27.158	-90.002	107.86	1293	1.4877e-002
85	47	-24.021	-90.002	109.98	1293	2.2222e-002
86	7	-30.589	-90.002	107.48	1293	9.2987e-003
86	22	-27.554	-90.002	108.97	1293	1.5716e-002
86	26	-27.158	-90.002	107.86	1293	1.4877e-002
86	10	-30.011	-90.002	105.94	1293	8.1742e-003
87	4	-31.893	-90.002	128.58	1300	3.5561e-002
87	9	-30.45	-90.002	128.78	1300	3.7965e-002
87	19	-27.847	-90.002	126.17	1300	3.827e-002
87	14	-29.112	-90.002	125.85	1300	3.5969e-002
88	41	-25.207	-90.002	123.54	1300	3.859e-002
88	19	-27.847	-90.002	126.17	1300	3.827e-002
88	14	-29.112	-90.002	125.85	1300	3.5969e-002
88	32	-26.312	-90.002	123.11	1300	3.6374e-002
89	259	27.185	-90.002	133.3	1342	0.12145
89	288	31.581	-90.002	130.94	1342	0.12436
89	293	31.93	-90.002	133.27	1342	0.12751
89	277	29.684	-90.002	135.52	1342	0.12727
90	312	35.955	-90.002	128.6	1342	0.12733
90	288	31.581	-90.002	130.94	1342	0.12436
90	293	31.93	-90.002	133.27	1342	0.12751
90	307	34.4	-90.002	133.31	1342	0.13072
91	307	34.4	-90.002	133.31	1342	0.13072
91	296	32.15	-90.002	137.72	1342	0.13301
91	277	29.684	-90.002	135.52	1342	0.12727
91	293	31.93	-90.002	133.27	1342	0.12751
92	151	-1.8452	-90.002	150.57	1369	0.10645
92	150	-1.9103	-90.002	150.65	1369	0.10647
92	149	-2.2115	-90.002	150.32	1369	0.10566
93	163	2.0246	-90.002	154.99	1369	0.11709
93	150	-1.9103	-90.002	150.65	1369	0.10647
93	151	-1.8452	-90.002	150.57	1369	0.10645
93	165	2.7109	-90.002	153.59	1369	0.11612
94	245	24.765	-90.002	146.54	1372	0.13446
94	241	23.521	-90.002	147.62	1372	0.13427
94	239	23.427	-90.002	146.17	1372	0.13234
95	224	19.581	-90.002	141.16	1415	0.12127
95	230	21.388	-90.002	143.52	1415	0.12647
95	242	24.223	-90.002	142.15	1415	0.12835
95	244	24.443	-90.002	140.12	1415	0.12614
96	239	23.427	-90.002	146.17	1415	0.13234
96	230	21.388	-90.002	143.52	1415	0.12647
96	242	24.223	-90.002	142.15	1415	0.12835
96	256	26.941	-90.002	142.8	1415	0.13256
97	279	29.932	-90.002	138.96	1415	0.13167
97	244	24.443	-90.002	140.12	1415	0.12614
97	242	24.223	-90.002	142.15	1415	0.12835
97	256	26.941	-90.002	142.8	1415	0.13256
98	32	-26.312	-90.002	123.11	1442	3.6374e-002
98	36	-25.373	-90.002	121.58	1442	3.5678e-002
98	41	-25.207	-90.002	123.54	1442	3.859e-002
99	78	-18.99	-90.002	102.3	1453	2.0142e-002
99	64	-21.156	-90.002	100.07	1453	1.4091e-002
99	56	-22.885	-90.002	100.04	1453	1.1433e-002
99	63	-21.217	-90.002	102.2	1453	1.6638e-002
100	50	-23.617	-90.002	97.533	1453	7.2255e-003
100	64	-21.156	-90.002	100.07	1453	1.4091e-002
100	56	-22.885	-90.002	100.04	1453	1.1433e-002
100	44	-24.757	-90.002	97.566	1453	5.5395e-003
101	50	-23.617	-90.002	97.533	1459	7.2255e-003
101	44	-24.757	-90.002	97.566	1459	5.5395e-003
101	49	-23.708	-90.002	96.293	1459	5.5695e-003
102	50	-23.617	-90.002	97.533	1460	7.2255e-003
102	49	-23.708	-90.002	96.293	1460	5.5695e-003
102	61	-22.047	-90.002	96.947	1460	8.905e-003
103	78	-18.99	-90.002	102.3	1461	2.0142e-002
103	88	-17.169	-90.002	100.34	1461	2.0519e-002
103	76	-19.339	-90.002	98.832	1461	1.5352e-002
103	65	-21.156	-90.002	100.07	1461	1.4091e-002
104	50	-23.617	-90.002	97.533	1461	7.2255e-003
104	65	-21.156	-90.002	100.07	1461	1.4091e-002
104	76	-19.339	-90.002	98.832	1461	1.5352e-002
104	61	-22.047	-90.002	96.947	1461	8.905e-003
105	145	-3.2462	-90.002	91.92	1467	3.1878e-002
105	143	-4.0154	-90.002	91.185	1467	2.98e-002
105	147	-2.3403	-90.002	90.107	1467	3.106e-002
106	145	-3.2462	-90.002	91.92	1467	3.1878e-002
106	147	-2.3403	-90.002	90.107	1467	3.106e-002
106	154	-0.62363	-90.002	92.674	1467	3.6808e-002
107	145	-3.2462	-90.002	91.92	1467	3.1878e-002
107	154	-0.62363	-90.002	92.674	1467	3.6808e-002
107	137	-4.6633	-90.002	93.328	1467	3.1413e-002
108	145	-3.2462	-90.002	91.92	1467	3.1878e-002
108	137	-4.6633	-90.002	93.328	1467	3.1413e-002
108	139	-4.5884	-90.002	92.305	1467	3.0281e-002
109	145	-3.2462	-90.002	91.92	1467	3.1878e-002
109	139	-4.5884	-90.002	92.305	1467	3.0281e-002
109	143	-4.0154	-90.002	91.185	1467	2.98e-002
110	140	-4.4417	-90.002	90.216	1467	2.7961e-002
110	136	-5.0021	-90.002	91.436	1467	2.8583e-002
110	132	-6.5589	-90.002	91.154	1467	2.5827e-002
111	140	-4.4417	-90.002	90.216	1467	2.7961e-002
111	132	-6.5589	-90.002	91.154	1467	2.5827e-002
111	141	-4.2919	-90.002	87.196	1467	2.4514e-002
112	140	-4.4417	-90.002	90.216	1467	2.7961e-002
112	141	-4.2919	-90.002	87.196	1467	2.4514e-002
112	147	-2.3403	-90.002	90.107	1467	3.106e-002
113	140	-4.4417	-90.002	90.216	1467	2.7961e-002
113	147	-2.3403	-90.002	90.107	1467	3.106e-002
113	143	-4.0154	-90.002	91.185	1467	2.98e-002
114	140	-4.4417	-90.002	90.216	1467	2.7961e-002
114	143	-4.0154	-90.002	91.185	1467	2.98e-002
114	136	-5.0021	-90.002	91.436	1467	2.8583e-002
115	133	-5.8744	-90.002	92.576	1467	2.8623e-002
115	139	-4.5884	-90.002	92.305	1467	3.0281e-002
115	137	-4.6633	-90.002	93.328	1467	3.1413e-002
116	133	-5.8744	-90.002	92.576	1467	2.8623e-002
116	137	-4.6633	-90.002	93.328	1467	3.1413e-002
116	125	-8.5594	-90.002	94.656	1467	2.6983e-002
117	133	-5.8744	-90.002	92.576	1467	2.8623e-002
117	125	-8.5594	-90.002	94.656	1467	2.6983e-002
117	132	-6.5589	-90.002	91.154	1467	2.5827e-002
118	133	-5.8744	-90.002	92.576	1467	2.8623e-002
118	132	-6.5589	-90.002	91.154	1467	2.5827e-002
118	136	-5.0021	-90.002	91.436	1467	2.8583e-002
119	133	-5.8744	-90.002	92.576	1467	2.8623e-002
119	136	-5.0021	-90.002	91.436	1467	2.8583e-002
119	139	-4.5884	-90.002	92.305	1467	3.0281e-002
120	139	-4.5884	-90.002	92.305	1467	3.0281e-002
120	136	-5.0021	-90.002	91.436	1467	2.8583e-002
120	143	-4.0154	-90.002	91.185	1467	2.98e-002
121	101	-14.615	-90.002	89.219	1472	1.096e-002
121	109	-12.869	-90.002	90.243	1472	1.4921e-002
121	122	-8.6841	-90.002	88.427	1472	1.9216e-002
121	119	-10.098	-90.002	87.174	1472	1.5503e-002
122	141	-4.2919	-90.002	87.196	1472	2.4514e-002
122	122	-8.6841	-90.002	88.427	1472	1.9216e-002
122	119	-10.098	-90.002	87.174	1472	1.5503e-002
122	134	-5.3286	-90.002	85.842	1472	2.1271e-002
123	159	0.73719	-90.002	90.924	1483	3.6737e-002
123	153	-1.3916	-90.002	88.322	1483	3.0335e-002
123	160	1.0489	-90.002	87.174	1483	3.2653e-002
123	168	3.3289	-90.002	88.209	1483	3.7341e-002
124	144	-3.7187	-90.002	85.481	1483	2.3313e-002
124	153	-1.3916	-90.002	88.322	1483	3.0335e-002
124	160	1.0489	-90.002	87.174	1483	3.2653e-002
124	161	1.2176	-90.002	85.013	1483	3.0298e-002
125	161	1.2176	-90.002	85.013	1483	3.0298e-002
125	173	6.1614	-90.002	85.302	1483	3.808e-002
125	168	3.3289	-90.002	88.209	1483	3.7341e-002
125	160	1.0489	-90.002	87.174	1483	3.2653e-002
126	159	0.73719	-90.002	90.924	1484	3.6737e-002
126	153	-1.3916	-90.002	88.322	1484	3.0335e-002
126	148	-2.3403	-90.002	90.107	1484	3.106e-002
126	154	-0.62363	-90.002	92.674	1484	3.6808e-002
127	144	-3.7187	-90.002	85.481	1484	2.3313e-002
127	153	-1.3916	-90.002	88.322	1484	3.0335e-002
127	148	-2.3403	-90.002	90.107	1484	3.106e-002
127	141	-4.2919	-90.002	87.196	1484	2.4514e-002
128	188	9.2434	-90.002	90.571	1485	4.8889e-002
128	194	11.136	-90.002	94.105	1485	5.5766e-002
128	178	6.8885	-90.002	92.933	1485	4.8268e-002
128	179	6.9717	-90.002	91.088	1485	4.6192e-002
129	171	4.8072	-90.002	89.82	1485	4.1485e-002
129	180	7.202	-90.002	86.783	1485	4.1394e-002
129	188	9.2434	-90.002	90.571	1485	4.8889e-002
129	179	6.9717	-90.002	91.088	1485	4.6192e-002
130	178	6.8885	-90.002	92.933	1485	4.8268e-002
130	164	2.6704	-90.002	92.534	1485	4.1585e-002
130	171	4.8072	-90.002	89.82	1485	4.1485e-002
130	179	6.9717	-90.002	91.088	1485	4.6192e-002
131	259	27.185	-90.002	133.3	1511	0.12145
131	254	26.449	-90.002	134.72	1511	0.12218
131	271	28.894	-90.002	136.94	1511	0.12794
131	276	29.684	-90.002	135.52	1511	0.12727
132	296	32.15	-90.002	137.72	1511	0.13301
132	276	29.684	-90.002	135.52	1511	0.12727
132	271	28.894	-90.002	136.94	1511	0.12794
132	287	31.325	-90.002	139.15	1511	0.13366
133	96	-14.944	-90.002	91.296	1536	1.2968e-002
133	94	-16.021	-90.002	90.083	1536	9.8255e-003
133	73	-20.1	-90.002	92.891	1536	6.9353e-003
133	79	-18.687	-90.002	93.88	1536	1.0314e-002
134	49	-23.708	-90.002	96.293	1536	5.5695e-003
134	61	-22.047	-90.002	96.947	1536	8.905e-003
134	79	-18.687	-90.002	93.88	1536	1.0314e-002
134	73	-20.1	-90.002	92.891	1536	6.9353e-003
135	238	23.04	-90.002	102.31	1553	8.1358e-002
135	262	27.514	-90.002	103.88	1553	8.9139e-002
135	265	27.642	-90.002	105.76	1553	9.1317e-002
135	250	25.563	-90.002	105.77	1553	8.8503e-002
136	298	32.404	-90.002	105.6	1553	9.7605e-002
136	262	27.514	-90.002	103.88	1553	8.9139e-002
136	265	27.642	-90.002	105.76	1553	9.1317e-002
136	278	29.825	-90.002	107.7	1553	9.6344e-002
137	278	29.825	-90.002	107.7	1553	9.6344e-002
137	260	27.455	-90.002	109.62	1553	9.5195e-002
137	250	25.563	-90.002	105.77	1553	8.8503e-002
137	265	27.642	-90.002	105.76	1553	9.1317e-002
138	254	26.449	-90.002	134.72	1560	0.12218
138	249	25.239	-90.002	134.65	1560	0.12056
138	264	27.603	-90.002	136.82	1560	0.12616
138	270	28.894	-90.002	136.94	1560	0.12794
139	287	31.325	-90.002	139.15	1560	0.13366
139	270	28.894	-90.002	136.94	1560	0.12794
139	264	27.603	-90.002	136.82	1560	0.12616
139	279	29.932	-90.002	138.96	1560	0.13167
140	298	32.404	-90.002	105.6	1562	9.7605e-002
140	301	33.339	-90.002	104.48	1562	9.7679e-002
140	284	30.877	-90.002	100.18	1562	8.9774e-002
140	280	30.058	-90.002	101.5	1562	9.0062e-002
141	266	27.785	-90.002	96.305	1562	8.1389e-002
141	258	27.158	-90.002	97.759	1562	8.2094e-002
141	280	30.058	-90.002	101.5	1562	9.0062e-002
141	284	30.877	-90.002	100.18	1562	8.9774e-002
142	196	12.174	-90.002	92.983	1563	5.5931e-002
142	207	14.625	-90.002	90.794	1563	5.689e-002
142	197	12.444	-90.002	88.909	1563	5.157e-002
142	192	10.051	-90.002	89.339	1563	4.8607e-002
143	215	17.204	-90.002	88.523	1563	5.7955e-002
143	207	14.625	-90.002	90.794	1563	5.689e-002
143	197	12.444	-90.002	88.909	1563	5.157e-002
143	198	12.622	-90.002	86.644	1563	4.9182e-002
144	185	7.8012	-90.002	85.484	1563	4.0735e-002
144	192	10.051	-90.002	89.339	1563	4.8607e-002
144	197	12.444	-90.002	88.909	1563	5.157e-002
144	198	12.622	-90.002	86.644	1563	4.9182e-002
145	228	21.146	-90.002	100.29	1564	7.6603e-002
145	218	17.642	-90.002	97.36	1564	6.8557e-002
145	219	17.763	-90.002	95.17	1564	6.6275e-002
145	226	19.724	-90.002	95.456	1564	6.932e-002
146	205	13.598	-90.002	95.081	1564	6.0364e-002
146	218	17.642	-90.002	97.36	1564	6.8557e-002
146	219	17.763	-90.002	95.17	1564	6.6275e-002
146	212	15.823	-90.002	92.734	1564	6.0811e-002
147	212	15.823	-90.002	92.734	1564	6.0811e-002
147	220	18.184	-90.002	90.246	1564	6.1313e-002
147	226	19.724	-90.002	95.456	1564	6.932e-002
147	219	17.763	-90.002	95.17	1564	6.6275e-002
148	228	21.146	-90.002	100.29	1570	7.6603e-002
148	240	23.471	-90.002	98.309	1570	7.7625e-002
148	233	21.844	-90.002	95.571	1570	7.2386e-002
148	227	19.724	-90.002	95.456	1570	6.932e-002
149	252	25.972	-90.002	96.176	1570	7.8751e-002
149	240	23.471	-90.002	98.309	1570	7.7625e-002
149	233	21.844	-90.002	95.571	1570	7.2386e-002
149	235	22.295	-90.002	92.927	1570	7.0088e-002
150	220	18.184	-90.002	90.246	1570	6.1313e-002
150	227	19.724	-90.002	95.456	1570	6.932e-002
150	233	21.844	-90.002	95.571	1570	7.2386e-002
150	235	22.295	-90.002	92.927	1570	7.0088e-002
151	285	30.96	-90.002	121.77	1576	0.11315
151	273	29.3	-90.002	123.37	1576	0.11276
151	295	32.017	-90.002	125.63	1576	0.11886
151	303	33.548	-90.002	124.29	1576	0.11935
152	313	36.271	-90.002	126.98	1576	0.12592
152	303	33.548	-90.002	124.29	1576	0.11935
152	295	32.017	-90.002	125.63	1576	0.11886
152	309	34.938	-90.002	128.06	1576	0.12541
153	201	13.107	-90.002	149.08	1603	0.1232
153	203	13.174	-90.002	149.2	1603	0.12345
153	202	13.118	-90.002	149.23	1603	0.12341
154	210	14.916	-90.002	152.48	1603	0.12982
154	203	13.174	-90.002	149.2	1603	0.12345
154	202	13.118	-90.002	149.23	1603	0.12341
154	204	13.388	-90.002	153.1	1603	0.12873
155	298	32.404	-90.002	105.6	1607	9.7605e-002
155	301	33.339	-90.002	104.48	1607	9.7679e-002
155	306	34.084	-90.002	105.95	1607	0.10024
156	260	27.455	-90.002	109.62	1612	9.5195e-002
156	278	29.825	-90.002	107.7	1612	9.6344e-002
156	290	31.665	-90.002	108.26	1612	9.9427e-002
156	274	29.405	-90.002	110.41	1612	9.8677e-002
157	298	32.404	-90.002	105.6	1612	9.7605e-002
157	278	29.825	-90.002	107.7	1612	9.6344e-002
157	290	31.665	-90.002	108.26	1612	9.9427e-002
157	306	34.084	-90.002	105.95	1612	0.10024
158	274	29.405	-90.002	110.41	1613	9.8677e-002
158	269	28.361	-90.002	112.15	1613	9.914e-002
158	260	27.455	-90.002	109.62	1613	9.5195e-002
159	287	31.325	-90.002	139.15	1616	0.13366
159	279	29.932	-90.002	138.96	1616	0.13167
159	257	26.941	-90.002	142.8	1616	0.13256
159	267	28.326	-90.002	143.1	1616	0.13467
160	239	23.427	-90.002	146.17	1616	0.13234
160	257	26.941	-90.002	142.8	1616	0.13256
160	267	28.326	-90.002	143.1	1616	0.13467
160	245	24.765	-90.002	146.54	1616	0.13446
161	47	-24.021	-90.002	109.98	1683	2.2222e-002
161	48	-23.809	-90.002	110.63	1683	2.3368e-002
161	45	-24.224	-90.002	110.6	1683	2.2728e-002
162	51	-23.605	-90.002	110.09	1684	2.2975e-002
162	48	-23.809	-90.002	110.63	1684	2.3368e-002
162	47	-24.021	-90.002	109.98	1684	2.2222e-002
163	33	-26.291	-90.002	140.46	1687	5.987e-002
163	24	-27.268	-90.002	139.13	1687	5.6651e-002
163	35	-25.697	-90.002	139.38	1687	5.9286e-002
164	66	-21.126	-90.002	134.77	1688	5.9846e-002
164	52	-23.442	-90.002	137.1	1688	5.9555e-002
164	43	-24.88	-90.002	136.84	1688	5.7089e-002
164	59	-22.444	-90.002	134.49	1688	5.7547e-002
165	35	-25.697	-90.002	139.38	1688	5.9286e-002
165	52	-23.442	-90.002	137.1	1688	5.9555e-002
165	43	-24.88	-90.002	136.84	1688	5.7089e-002
165	24	-27.268	-90.002	139.13	1688	5.6651e-002
166	35	-25.697	-90.002	139.38	1689	5.9286e-002
166	53	-23.442	-90.002	137.1	1689	5.9555e-002
166	69	-20.826	-90.002	138.72	1689	6.5494e-002
166	71	-20.457	-90.002	140.55	1689	6.8436e-002
167	66	-21.126	-90.002	134.77	1689	5.9846e-002
167	53	-23.442	-90.002	137.1	1689	5.9555e-002
167	69	-20.826	-90.002	138.72	1689	6.5494e-002
167	81	-18.349	-90.002	138.46	1689	6.8719e-002
168	100	-14.667	-90.002	141.83	1689	7.83e-002
168	71	-20.457	-90.002	140.55	1689	6.8436e-002
168	69	-20.826	-90.002	138.72	1689	6.5494e-002
168	81	-18.349	-90.002	138.46	1689	6.8719e-002
169	127	-7.6585	-90.002	149.75	1711	9.7897e-002
169	129	-7.53	-90.002	149.49	1711	9.7733e-002
169	128	-7.5452	-90.002	149.78	1711	9.8084e-002
170	126	-7.7502	-90.002	153.54	1711	0.10271
170	128	-7.5452	-90.002	149.78	1711	9.8084e-002
170	127	-7.6585	-90.002	149.75	1711	9.7897e-002
170	121	-9.3377	-90.002	153.1	1711	0.10003
171	138	-4.6543	-90.002	150.43	1712	0.10267
171	128	-7.5452	-90.002	149.78	1712	9.8084e-002
171	129	-7.53	-90.002	149.49	1712	9.7733e-002
172	138	-4.6543	-90.002	150.43	1712	0.10267
172	129	-7.53	-90.002	149.49	1712	9.7733e-002
172	149	-2.2115	-90.002	150.32	1712	0.10566
173	138	-4.6543	-90.002	150.43	1712	0.10267
173	149	-2.2115	-90.002	150.32	1712	0.10566
173	150	-1.9103	-90.002	150.65	1712	0.10647
174	138	-4.6543	-90.002	150.43	1712	0.10267
174	150	-1.9103	-90.002	150.65	1712	0.10647
174	142	-4.0746	-90.002	151.89	1712	0.10531
175	138	-4.6543	-90.002	150.43	1712	0.10267
175	142	-4.0746	-90.002	151.89	1712	0.10531
175	128	-7.5452	-90.002	149.78	1712	9.8084e-002
176	146	-2.9214	-90.002	154.64	1712	0.11037
176	126	-7.7502	-90.002	153.54	1712	0.10271
176	128	-7.5452	-90.002	149.78	1712	9.8084e-002
176	142	-4.0746	-90.002	151.89	1712	0.10531
177	150	-1.9103	-90.002	150.65	1712	0.10647
177	163	2.0246	-90.002	154.99	1712	0.11709
177	146	-2.9214	-90.002	154.64	1712	0.11037
177	142	-4.0746	-90.002	151.89	1712	0.10531
178	110	-12.092	-90.002	143.49	1748	8.3934e-002
178	103	-14.269	-90.002	142.62	1748	7.9861e-002
178	104	-14.262	-90.002	142.14	1748	7.9256e-002
179	129	-7.53	-90.002	149.49	1749	9.7733e-002
179	127	-7.6585	-90.002	149.75	1749	9.7897e-002
179	120	-10.012	-90.002	147.44	1749	9.181e-002
179	118	-10.195	-90.002	146.17	1749	8.993e-002
180	121	-9.3377	-90.002	153.1	1749	0.10003
180	127	-7.6585	-90.002	149.75	1749	9.7897e-002
180	120	-10.012	-90.002	147.44	1749	9.181e-002
180	111	-11.689	-90.002	148.1	1749	9.043e-002
181	112	-11.651	-90.002	145.56	1749	8.7202e-002
181	103	-14.269	-90.002	142.62	1749	7.9861e-002
181	110	-12.092	-90.002	143.49	1749	8.3934e-002
182	112	-11.651	-90.002	145.56	1749	8.7202e-002
182	110	-12.092	-90.002	143.49	1749	8.3934e-002
182	118	-10.195	-90.002	146.17	1749	8.993e-002
183	112	-11.651	-90.002	145.56	1749	8.7202e-002
183	118	-10.195	-90.002	146.17	1749	8.993e-002
183	120	-10.012	-90.002	147.44	1749	9.181e-002
184	112	-11.651	-90.002	145.56	1749	8.7202e-002
184	120	-10.012	-90.002	147.44	1749	9.181e-002
184	111	-11.689	-90.002	148.1	1749	9.043e-002
185	112	-11.651	-90.002	145.56	1749	8.7202e-002
185	111	-11.689	-90.002	148.1	1749	9.043e-002
185	103	-14.269	-90.002	142.62	1749	7.9861e-002
186	91	-16.278	-90.002	145.72	1750	8.109e-002
186	103	-14.269	-90.002	142.62	1750	7.9861e-002
186	111	-11.689	-90.002	148.1	1750	9.043e-002
186	106	-13.977	-90.002	148.41	1750	8.7736e-002
187	107	-13.902	-90.002	151.16	1750	9.1413e-002
187	83	-18.112	-90.002	148.55	1750	8.2234e-002
187	91	-16.278	-90.002	145.72	1750	8.109e-002
187	106	-13.977	-90.002	148.41	1750	8.7736e-002
188	111	-11.689	-90.002	148.1	1750	9.043e-002
188	121	-9.3377	-90.002	153.1	1750	0.10003
188	107	-13.902	-90.002	151.16	1750	9.1413e-002
188	106	-13.977	-90.002	148.41	1750	8.7736e-002
189	193	10.965	-90.002	145.9	1760	0.11643
189	201	13.107	-90.002	149.08	1760	0.1232
189	199	12.662	-90.002	145.36	1760	0.11787
190	165	2.7109	-90.002	153.59	1762	0.11612
190	184	7.3848	-90.002	153.09	1762	0.1213
190	187	8.5958	-90.002	154.38	1762	0.12447
190	169	3.6719	-90.002	154.9	1762	0.11904
191	195	11.943	-90.002	151.95	1762	0.12546
191	184	7.3848	-90.002	153.09	1762	0.1213
191	187	8.5958	-90.002	154.38	1762	0.12447
191	204	13.388	-90.002	153.1	1762	0.12873
192	195	11.943	-90.002	151.95	1763	0.12546
192	204	13.388	-90.002	153.1	1763	0.12873
192	202	13.118	-90.002	149.23	1763	0.12341
192	200	13.063	-90.002	149.19	1763	0.12329
193	201	13.107	-90.002	149.08	1763	0.1232
193	202	13.118	-90.002	149.23	1763	0.12341
193	200	13.063	-90.002	149.19	1763	0.12329
194	259	27.185	-90.002	133.3	1769	0.12145
194	289	31.581	-90.002	130.94	1769	0.12436
194	283	30.657	-90.002	130.42	1769	0.12256
194	253	26.333	-90.002	132.77	1769	0.11973
195	312	35.955	-90.002	128.6	1769	0.12733
195	289	31.581	-90.002	130.94	1769	0.12436
195	283	30.657	-90.002	130.42	1769	0.12256
195	309	34.938	-90.002	128.06	1769	0.12541
196	313	36.271	-90.002	126.98	1770	0.12592
196	312	35.955	-90.002	128.6	1770	0.12733
196	309	34.938	-90.002	128.06	1770	0.12541
197	159	0.73719	-90.002	90.924	1771	3.6737e-002
197	164	2.6704	-90.002	92.534	1771	4.1585e-002
197	154	-0.62363	-90.002	92.674	1771	3.6808e-002
198	224	19.581	-90.002	141.16	1775	0.12127
198	214	16.311	-90.002	143.48	1775	0.12005
198	213	16.267	-90.002	144.11	1775	0.12079
198	225	19.609	-90.002	143.36	1775	0.12405
199	213	16.267	-90.002	144.11	1775	0.12079
199	209	14.791	-90.002	144.3	1775	0.11917
199	214	16.311	-90.002	143.48	1775	0.12005
200	224	19.581	-90.002	141.16	1776	0.12127
200	229	21.388	-90.002	143.52	1776	0.12647
200	232	21.458	-90.002	145.37	1776	0.12888
200	225	19.609	-90.002	143.36	1776	0.12405
201	239	23.427	-90.002	146.17	1776	0.13234
201	229	21.388	-90.002	143.52	1776	0.12647
201	232	21.458	-90.002	145.37	1776	0.12888
201	241	23.521	-90.002	147.62	1776	0.13427
202	238	23.04	-90.002	102.31	1812	8.1358e-002
202	263	27.514	-90.002	103.88	1812	8.9139e-002
202	261	27.513	-90.002	101.82	1812	8.6941e-002
202	248	25.009	-90.002	100.13	1812	8.1702e-002
203	298	32.404	-90.002	105.6	1812	9.7605e-002
203	263	27.514	-90.002	103.88	1812	8.9139e-002
203	261	27.513	-90.002	101.82	1812	8.6941e-002
203	280	30.058	-90.002	101.5	1812	9.0062e-002
204	258	27.158	-90.002	97.759	1812	8.2094e-002
204	248	25.009	-90.002	100.13	1812	8.1702e-002
204	261	27.513	-90.002	101.82	1812	8.6941e-002
204	280	30.058	-90.002	101.5	1812	9.0062e-002
205	84	-17.717	-90.002	97.835	1816	1.6627e-002
205	77	-19.339	-90.002	98.832	1816	1.5352e-002
205	88	-17.169	-90.002	100.34	1816	2.0519e-002
206	84	-17.717	-90.002	97.835	1816	1.6627e-002
206	88	-17.169	-90.002	100.34	1816	2.0519e-002
206	92	-16.178	-90.002	96.318	1816	1.7153e-002
207	84	-17.717	-90.002	97.835	1816	1.6627e-002
207	92	-16.178	-90.002	96.318	1816	1.7153e-002
207	85	-17.373	-90.002	96.383	1816	1.5388e-002
208	84	-17.717	-90.002	97.835	1816	1.6627e-002
208	85	-17.373	-90.002	96.383	1816	1.5388e-002
208	80	-18.525	-90.002	97.299	1816	1.4732e-002
209	84	-17.717	-90.002	97.835	1816	1.6627e-002
209	80	-18.525	-90.002	97.299	1816	1.4732e-002
209	77	-19.339	-90.002	98.832	1816	1.5352e-002
210	80	-18.525	-90.002	97.299	1816	1.4732e-002
210	82	-18.139	-90.002	96.073	1816	1.3832e-002
210	85	-17.373	-90.002	96.383	1816	1.5388e-002
211	89	-17.064	-90.002	94.79	1816	1.3927e-002
211	79	-18.687	-90.002	93.88	1816	1.0314e-002
211	96	-14.944	-90.002	91.296	1816	1.2968e-002
212	89	-17.064	-90.002	94.79	1816	1.3927e-002
212	96	-14.944	-90.002	91.296	1816	1.2968e-002
212	92	-16.178	-90.002	96.318	1816	1.7153e-002
213	89	-17.064	-90.002	94.79	1816	1.3927e-002
213	92	-16.178	-90.002	96.318	1816	1.7153e-002
213	85	-17.373	-90.002	96.383	1816	1.5388e-002
214	89	-17.064	-90.002	94.79	1816	1.3927e-002
214	85	-17.373	-90.002	96.383	1816	1.5388e-002
214	82	-18.139	-90.002	96.073	1816	1.3832e-002
215	89	-17.064	-90.002	94.79	1816	1.3927e-002
215	82	-18.139	-90.002	96.073	1816	1.3832e-002
215	79	-18.687	-90.002	93.88	1816	1.0314e-002
216	75	-19.347	-90.002	96.606	1816	1.2623e-002
216	79	-18.687	-90.002	93.88	1816	1.0314e-002
216	61	-22.047	-90.002	96.947	1816	8.905e-003
217	75	-19.347	-90.002	96.606	1816	1.2623e-002
217	61	-22.047	-90.002	96.947	1816	8.905e-003
217	77	-19.339	-90.002	98.832	1816	1.5352e-002
218	75	-19.347	-90.002	96.606	1816	1.2623e-002
218	77	-19.339	-90.002	98.832	1816	1.5352e-002
218	80	-18.525	-90.002	97.299	1816	1.4732e-002
219	75	-19.347	-90.002	96.606	1816	1.2623e-002
219	80	-18.525	-90.002	97.299	1816	1.4732e-002
219	82	-18.139	-90.002	96.073	1816	1.3832e-002
220	75	-19.347	-90.002	96.606	1816	1.2623e-002
220	82	-18.139	-90.002	96.073	1816	1.3832e-002
220	79	-18.687	-90.002	93.88	1816	1.0314e-002
221	131	-6.5589	-90.002	91.154	1818	2.5827e-002
221	125	-8.5594	-90.002	94.656	1818	2.6983e-002
221	115	-10.582	-90.002	92.583	1818	2.1323e-002
221	124	-8.6146	-90.002	90.747	1818	2.2146e-002
222	123	-8.6841	-90.002	88.427	1818	1.9216e-002
222	141	-4.2919	-90.002	87.196	1818	2.4514e-002
222	131	-6.5589	-90.002	91.154	1818	2.5827e-002
222	124	-8.6146	-90.002	90.747	1818	2.2146e-002
223	115	-10.582	-90.002	92.583	1818	2.1323e-002
223	109	-12.869	-90.002	90.243	1818	1.4921e-002
223	123	-8.6841	-90.002	88.427	1818	1.9216e-002
223	124	-8.6146	-90.002	90.747	1818	2.2146e-002
224	272	29.288	-90.002	116.35	1898	0.10495
224	269	28.361	-90.002	112.15	1898	9.914e-002
224	292	31.755	-90.002	114.24	1898	0.10595
224	286	31.145	-90.002	116.41	1898	0.1075
225	297	32.337	-90.002	118.67	1898	0.11155
225	275	29.473	-90.002	120.63	1898	0.10992
225	272	29.288	-90.002	116.35	1898	0.10495
225	286	31.145	-90.002	116.41	1898	0.1075
226	292	31.755	-90.002	114.24	1898	0.10595
226	310	35.46	-90.002	116.52	1898	0.11336
226	297	32.337	-90.002	118.67	1898	0.11155
226	286	31.145	-90.002	116.41	1898	0.1075
227	285	30.96	-90.002	121.77	1899	0.11315
227	305	33.832	-90.002	119.53	1899	0.11447
227	297	32.337	-90.002	118.67	1899	0.11155
227	275	29.473	-90.002	120.63	1899	0.10992
228	315	36.909	-90.002	117.12	1899	0.11592
228	305	33.832	-90.002	119.53	1899	0.11447
228	297	32.337	-90.002	118.67	1899	0.11155
228	310	35.46	-90.002	116.52	1899	0.11336
229	113	-11.58	-90.002	96.147	2908	2.4086e-002
229	108	-13.159	-90.002	93.87	2908	1.8871e-002
229	114	-10.582	-90.002	92.583	2908	2.1323e-002
229	125	-8.5594	-90.002	94.656	2908	2.6983e-002
230	96	-14.944	-90.002	91.296	2908	1.2968e-002
230	108	-13.159	-90.002	93.87	2908	1.8871e-002
230	114	-10.582	-90.002	92.583	2908	2.1323e-002
230	109	-12.869	-90.002	90.243	2908	1.4921e-002
231	96	-14.944	-90.002	91.296	2909	1.2968e-002
231	101	-14.615	-90.002	89.219	2909	1.096e-002
231	109	-12.869	-90.002	90.243	2909	1.4921e-002
232	0	-32.887	-90.002	118.75	2926	2.0771e-002
232	1	-32.842	-90.002	117.1	2926	1.8632e-002
232	5	-31.752	-90.002	117.17	2926	2.0318e-002
233	36	-25.373	-90.002	121.58	2927	3.5678e-002
233	17	-28.584	-90.002	119.37	2927	2.7942e-002
233	12	-29.622	-90.002	120.92	2927	2.8518e-002
233	32	-26.312	-90.002	123.11	2927	3.6374e-002
234	5	-31.752	-90.002	117.17	2927	2.0318e-002
234	17	-28.584	-90.002	119.37	2927	2.7942e-002
234	12	-29.622	-90.002	120.92	2927	2.8518e-002
234	0	-32.887	-90.002	118.75	2927	2.0771e-002
235	97	-14.844	-90.002	142.26	2943	7.8602e-002
235	67	-20.831	-90.002	141.32	2943	6.8906e-002
235	70	-20.492	-90.002	143.6	2943	7.239e-002
235	86	-17.264	-90.002	145.06	2943	7.8859e-002
236	33	-26.291	-90.002	140.46	2943	5.987e-002
236	67	-20.831	-90.002	141.32	2943	6.8906e-002
236	70	-20.492	-90.002	143.6	2943	7.239e-002
236	54	-23.155	-90.002	144.3	2943	6.9501e-002
237	74	-19.468	-90.002	147.61	2943	7.9101e-002
237	86	-17.264	-90.002	145.06	2943	7.8859e-002
237	70	-20.492	-90.002	143.6	2943	7.239e-002
237	54	-23.155	-90.002	144.3	2943	6.9501e-002
238	97	-14.844	-90.002	142.26	2944	7.8602e-002
238	100	-14.667	-90.002	141.83	2944	7.83e-002
238	72	-20.457	-90.002	140.55	2944	6.8436e-002
238	68	-20.831	-90.002	141.32	2944	6.8906e-002
239	35	-25.697	-90.002	139.38	2944	5.9286e-002
239	72	-20.457	-90.002	140.55	2944	6.8436e-002
239	68	-20.831	-90.002	141.32	2944	6.8906e-002
239	33	-26.291	-90.002	140.46	2944	5.987e-002
240	259	27.185	-90.002	133.3	2947	0.12145
240	254	26.449	-90.002	134.72	2947	0.12218
240	251	25.873	-90.002	133.71	2947	0.12025
241	251	25.873	-90.002	133.71	2948	0.12025
241	253	26.333	-90.002	132.77	2948	0.11973
241	259	27.185	-90.002	133.3	2948	0.12145
242	215	17.204	-90.002	88.523	2951	5.7955e-002
242	221	18.696	-90.002	89.227	2951	6.0881e-002
242	220	18.184	-90.002	90.246	2951	6.1313e-002
243	196	12.174	-90.002	92.983	2952	5.5931e-002
243	205	13.598	-90.002	95.081	2952	6.0364e-002
243	212	15.823	-90.002	92.734	2952	6.0811e-002
243	208	14.625	-90.002	90.794	2952	5.689e-002
244	215	17.204	-90.002	88.523	2952	5.7955e-002
244	208	14.625	-90.002	90.794	2952	5.689e-002
244	212	15.823	-90.002	92.734	2952	6.0811e-002
244	220	18.184	-90.002	90.246	2952	6.1313e-002
245	177	6.8003	-90.002	147.48	2953	0.11328
245	176	6.4059	-90.002	147.15	2953	0.11236
245	172	5.9208	-90.002	147.2	2953	0.11182
246	175	6.3378	-90.002	148.05	2953	0.11345
246	172	5.9208	-90.002	147.2	2953	0.11182
246	167	3.2552	-90.002	147.47	2953	0.10885
247	175	6.3378	-90.002	148.05	2953	0.11345
247	167	3.2552	-90.002	147.47	2953	0.10885
247	182	7.2706	-90.002	149.54	2953	0.11654
248	175	6.3378	-90.002	148.05	2953	0.11345
248	182	7.2706	-90.002	149.54	2953	0.11654
248	186	8.4421	-90.002	148.57	2953	0.11674
249	175	6.3378	-90.002	148.05	2953	0.11345
249	186	8.4421	-90.002	148.57	2953	0.11674
249	177	6.8003	-90.002	147.48	2953	0.11328
250	175	6.3378	-90.002	148.05	2953	0.11345
250	177	6.8003	-90.002	147.48	2953	0.11328
250	172	5.9208	-90.002	147.2	2953	0.11182
251	195	11.943	-90.002	151.95	2953	0.12546
251	182	7.2706	-90.002	149.54	2953	0.11654
251	186	8.4421	-90.002	148.57	2953	0.11674
251	200	13.063	-90.002	149.19	2953	0.12329
252	190	9.7973	-90.002	147.89	2953	0.11756
252	201	13.107	-90.002	149.08	2953	0.1232
252	193	10.965	-90.002	145.9	2953	0.11643
253	190	9.7973	-90.002	147.89	2953	0.11756
253	193	10.965	-90.002	145.9	2953	0.11643
253	176	6.4059	-90.002	147.15	2953	0.11236
254	190	9.7973	-90.002	147.89	2953	0.11756
254	176	6.4059	-90.002	147.15	2953	0.11236
254	177	6.8003	-90.002	147.48	2953	0.11328
255	190	9.7973	-90.002	147.89	2953	0.11756
255	177	6.8003	-90.002	147.48	2953	0.11328
255	186	8.4421	-90.002	148.57	2953	0.11674
256	190	9.7973	-90.002	147.89	2953	0.11756
256	186	8.4421	-90.002	148.57	2953	0.11674
256	200	13.063	-90.002	149.19	2953	0.12329
257	190	9.7973	-90.002	147.89	2953	0.11756
257	200	13.063	-90.002	149.19	2953	0.12329
257	201	13.107	-90.002	149.08	2953	0.1232
258	195	11.943	-90.002	151.95	2954	0.12546
258	181	7.2705	-90.002	149.54	2954	0.11654
258	174	6.1728	-90.002	151.39	2954	0.11758
258	183	7.3848	-90.002	153.09	2954	0.1213
259	167	3.2552	-90.002	147.47	2954	0.10885
259	181	7.2705	-90.002	149.54	2954	0.11654
259	174	6.1728	-90.002	151.39	2954	0.11758
259	166	3.0035	-90.002	150.3	2954	0.1122
260	183	7.3848	-90.002	153.09	2954	0.1213
260	165	2.7109	-90.002	153.59	2954	0.11612
260	166	3.0035	-90.002	150.3	2954	0.1122
260	174	6.1728	-90.002	151.39	2954	0.11758
261	104	-14.262	-90.002	142.14	2975	7.9256e-002
261	103	-14.269	-90.002	142.62	2975	7.9861e-002
261	97	-14.844	-90.002	142.26	2975	7.8602e-002
262	103	-14.269	-90.002	142.62	2976	7.9861e-002
262	97	-14.844	-90.002	142.26	2976	7.8602e-002
262	87	-17.264	-90.002	145.06	2976	7.8859e-002
262	90	-16.278	-90.002	145.72	2976	8.109e-002
263	83	-18.112	-90.002	148.55	2976	8.2234e-002
263	90	-16.278	-90.002	145.72	2976	8.109e-002
263	87	-17.264	-90.002	145.06	2976	7.8859e-002
263	74	-19.468	-90.002	147.61	2976	7.9101e-002
264	225	19.609	-90.002	143.36	2981	0.12405
264	217	17.408	-90.002	147.7	2981	0.12678
264	223	19.442	-90.002	147.8	2981	0.12944
264	231	21.458	-90.002	145.37	2981	0.12888
265	210	14.916	-90.002	152.48	2981	0.12982
265	217	17.408	-90.002	147.7	2981	0.12678
265	223	19.442	-90.002	147.8	2981	0.12944
265	222	19.402	-90.002	150.38	2981	0.13267
266	241	23.521	-90.002	147.62	2981	0.13427
266	231	21.458	-90.002	145.37	2981	0.12888
266	223	19.442	-90.002	147.8	2981	0.12944
266	222	19.402	-90.002	150.38	2981	0.13267
267	225	19.609	-90.002	143.36	2982	0.12405
267	216	17.408	-90.002	147.7	2982	0.12678
267	211	15.765	-90.002	147.01	2982	0.12385
267	213	16.267	-90.002	144.11	2982	0.12079
268	210	14.916	-90.002	152.48	2982	0.12982
268	216	17.408	-90.002	147.7	2982	0.12678
268	211	15.765	-90.002	147.01	2982	0.12385
268	203	13.174	-90.002	149.2	2982	0.12345
269	206	14.621	-90.002	146.74	2982	0.12208
269	203	13.174	-90.002	149.2	2982	0.12345
269	201	13.107	-90.002	149.08	2982	0.1232
270	206	14.621	-90.002	146.74	2982	0.12208
270	201	13.107	-90.002	149.08	2982	0.1232
270	209	14.791	-90.002	144.3	2982	0.11917
271	206	14.621	-90.002	146.74	2982	0.12208
271	209	14.791	-90.002	144.3	2982	0.11917
271	213	16.267	-90.002	144.11	2982	0.12079
272	206	14.621	-90.002	146.74	2982	0.12208
272	213	16.267	-90.002	144.11	2982	0.12079
272	211	15.765	-90.002	147.01	2982	0.12385
273	206	14.621	-90.002	146.74	2982	0.12208
273	211	15.765	-90.002	147.01	2982	0.12385
273	203	13.174	-90.002	149.2	2982	0.12345
274	238	23.04	-90.002	102.31	3002	8.1358e-002
274	247	25.009	-90.002	100.13	3002	8.1702e-002
274	240	23.471	-90.002	98.309	3002	7.7625e-002
274	228	21.146	-90.002	100.29	3002	7.6603e-002
275	258	27.158	-90.002	97.759	3002	8.2094e-002
275	247	25.009	-90.002	100.13	3002	8.1702e-002
275	240	23.471	-90.002	98.309	3002	7.7625e-002
275	252	25.972	-90.002	96.176	3002	7.8751e-002
276	252	25.972	-90.002	96.176	3003	7.8751e-002
276	266	27.785	-90.002	96.305	3003	8.1389e-002
276	258	27.158	-90.002	97.759	3003	8.2094e-002
