小面	点	X坐标 (mm)	Y坐标 (mm)	Z坐标 (mm)	单元数	定向变形 (mm)
0	256	-2.9777	-120.	149.89	577	0.10216
0	268	-1.0913	-120.	151.9	577	0.10226
0	252	-3.9312	-120.	151.58	577	0.10224
1	288	1.8045	-120.	154.98	577	0.10242
1	267	-1.1343	-120.	154.83	577	0.1024
1	276	-0.11815	-120.	152.95	577	0.10231
2	243	-5.3928	-120.	154.18	577	0.10235
2	248	-4.4252	-120.	152.47	577	0.10228
2	259	-2.4941	-120.	154.68	577	0.10239
3	261	-2.1991	-120.	153.07	577	0.10231
3	252	-3.9312	-120.	151.58	577	0.10224
3	268	-1.0913	-120.	151.9	577	0.10226
4	261	-2.1991	-120.	153.07	577	0.10231
4	268	-1.0913	-120.	151.9	577	0.10226
4	276	-0.11815	-120.	152.95	577	0.10231
5	261	-2.1991	-120.	153.07	577	0.10231
5	276	-0.11815	-120.	152.95	577	0.10231
5	267	-1.1343	-120.	154.83	577	0.1024
6	261	-2.1991	-120.	153.07	577	0.10231
6	267	-1.1343	-120.	154.83	577	0.1024
6	259	-2.4941	-120.	154.68	577	0.10239
7	261	-2.1991	-120.	153.07	577	0.10231
7	259	-2.4941	-120.	154.68	577	0.10239
7	248	-4.4252	-120.	152.47	577	0.10228
8	261	-2.1991	-120.	153.07	577	0.10231
8	248	-4.4252	-120.	152.47	577	0.10228
8	252	-3.9312	-120.	151.58	577	0.10224
9	526	31.866	-120.	131.46	610	0.10198
9	510	30.864	-120.	134.14	610	0.10191
9	479	29.242	-120.	133.19	610	0.10193
10	564	34.544	-120.	132.9	610	0.10195
10	550	33.344	-120.	135.59	610	0.10189
10	522	31.71	-120.	134.63	610	0.1019
11	541	32.873	-120.	132.56	610	0.10195
11	564	34.544	-120.	132.9	610	0.10195
11	522	31.71	-120.	134.63	610	0.1019
12	541	32.873	-120.	132.56	610	0.10195
12	522	31.71	-120.	134.63	610	0.1019
12	510	30.864	-120.	134.14	610	0.10191
13	541	32.873	-120.	132.56	610	0.10195
13	510	30.864	-120.	134.14	610	0.10191
13	526	31.866	-120.	131.46	610	0.10198
14	541	32.873	-120.	132.56	610	0.10195
14	526	31.866	-120.	131.46	610	0.10198
14	546	33.229	-120.	130.57	610	0.10202
15	541	32.873	-120.	132.56	610	0.10195
15	546	33.229	-120.	130.57	610	0.10202
15	567	35.024	-120.	131.62	610	0.10199
16	541	32.873	-120.	132.56	610	0.10195
16	567	35.024	-120.	131.62	610	0.10199
16	564	34.544	-120.	132.9	610	0.10195
17	572	35.883	-120.	128.81	610	0.10209
17	567	35.024	-120.	131.62	610	0.10199
17	546	33.229	-120.	130.57	610	0.10202
18	109	-23.556	-120.	106.6	619	0.10402
18	124	-22.151	-120.	106.97	619	0.10401
18	98	-24.934	-120.	108.56	619	0.10396
19	109	-23.556	-120.	106.6	619	0.10402
19	98	-24.934	-120.	108.56	619	0.10396
19	83	-25.781	-120.	108.08	619	0.10397
20	109	-23.556	-120.	106.6	619	0.10402
20	83	-25.781	-120.	108.08	619	0.10397
20	104	-24.368	-120.	105.63	619	0.10405
21	109	-23.556	-120.	106.6	619	0.10402
21	104	-24.368	-120.	105.63	619	0.10405
21	117	-22.763	-120.	104.8	619	0.10407
22	109	-23.556	-120.	106.6	619	0.10402
22	117	-22.763	-120.	104.8	619	0.10407
22	137	-21.34	-120.	105.57	619	0.10405
23	109	-23.556	-120.	106.6	619	0.10402
23	137	-21.34	-120.	105.57	619	0.10405
23	124	-22.151	-120.	106.97	619	0.10401
24	104	-24.368	-120.	105.63	619	0.10405
24	83	-25.781	-120.	108.08	619	0.10397
24	55	-27.388	-120.	107.17	619	0.104
25	124	-22.151	-120.	106.97	619	0.10401
25	112	-23.336	-120.	109.46	619	0.10392
25	98	-24.934	-120.	108.56	619	0.10396
26	137	-21.34	-120.	105.57	619	0.10405
26	117	-22.763	-120.	104.8	619	0.10407
26	151	-19.781	-120.	103.3	619	0.10411
27	153	-19.369	-120.	98.573	622	0.10412
27	139	-21.019	-120.	97.611	622	0.1041
27	155	-18.865	-120.	95.735	622	0.10407
28	110	-23.545	-120.	96.143	622	0.10408
28	134	-21.451	-120.	94.077	622	0.10403
28	126	-21.878	-120.	97.108	622	0.1041
29	165	-18.085	-120.	91.387	622	0.10392
29	161	-18.611	-120.	94.262	622	0.10403
29	144	-20.419	-120.	93.178	622	0.104
30	145	-20.374	-120.	95.329	622	0.10406
30	155	-18.865	-120.	95.735	622	0.10407
30	139	-21.019	-120.	97.611	622	0.1041
31	145	-20.374	-120.	95.329	622	0.10406
31	139	-21.019	-120.	97.611	622	0.1041
31	126	-21.878	-120.	97.108	622	0.1041
32	145	-20.374	-120.	95.329	622	0.10406
32	126	-21.878	-120.	97.108	622	0.1041
32	134	-21.451	-120.	94.077	622	0.10403
33	145	-20.374	-120.	95.329	622	0.10406
33	134	-21.451	-120.	94.077	622	0.10403
33	144	-20.419	-120.	93.178	622	0.104
34	145	-20.374	-120.	95.329	622	0.10406
34	144	-20.419	-120.	93.178	622	0.104
34	161	-18.611	-120.	94.262	622	0.10403
35	145	-20.374	-120.	95.329	622	0.10406
35	161	-18.611	-120.	94.262	622	0.10403
35	155	-18.865	-120.	95.735	622	0.10407
36	285	1.3031	-120.	89.681	635	0.10379
36	275	-0.15357	-120.	92.615	635	0.10397
36	300	4.2195	-120.	92.615	635	0.10394
37	80	-26.056	-120.	108.78	712	0.10395
37	97	-24.934	-120.	108.56	712	0.10396
37	82	-25.781	-120.	108.08	712	0.10397
38	43	-28.173	-120.	109.18	712	0.10393
38	23	-29.748	-120.	110.74	712	0.10386
38	7	-31.417	-120.	109.78	712	0.1039
39	43	-28.173	-120.	109.18	712	0.10393
39	7	-31.417	-120.	109.78	712	0.1039
39	55	-27.388	-120.	107.17	712	0.104
40	43	-28.173	-120.	109.18	712	0.10393
40	55	-27.388	-120.	107.17	712	0.104
40	82	-25.781	-120.	108.08	712	0.10397
41	43	-28.173	-120.	109.18	712	0.10393
41	82	-25.781	-120.	108.08	712	0.10397
41	80	-26.056	-120.	108.78	712	0.10395
42	43	-28.173	-120.	109.18	712	0.10393
42	80	-26.056	-120.	108.78	712	0.10395
42	36	-28.65	-120.	110.53	712	0.10387
43	43	-28.173	-120.	109.18	712	0.10393
43	36	-28.65	-120.	110.53	712	0.10387
43	23	-29.748	-120.	110.74	712	0.10386
44	32	-28.882	-120.	111.23	712	0.10384
44	36	-28.65	-120.	110.53	712	0.10387
44	23	-29.748	-120.	110.74	712	0.10386
45	68	-26.514	-120.	110.12	712	0.10389
45	61	-27.224	-120.	112.18	712	0.10379
45	112	-23.336	-120.	109.46	712	0.10392
46	68	-26.514	-120.	110.12	712	0.10389
46	112	-23.336	-120.	109.46	712	0.10392
46	97	-24.934	-120.	108.56	712	0.10396
47	68	-26.514	-120.	110.12	712	0.10389
47	97	-24.934	-120.	108.56	712	0.10396
47	80	-26.056	-120.	108.78	712	0.10395
48	68	-26.514	-120.	110.12	712	0.10389
48	80	-26.056	-120.	108.78	712	0.10395
48	36	-28.65	-120.	110.53	712	0.10387
49	68	-26.514	-120.	110.12	712	0.10389
49	36	-28.65	-120.	110.53	712	0.10387
49	32	-28.882	-120.	111.23	712	0.10384
50	68	-26.514	-120.	110.12	712	0.10389
50	32	-28.882	-120.	111.23	712	0.10384
50	61	-27.224	-120.	112.18	712	0.10379
51	241	-5.7764	-120.	90.758	716	0.10386
51	235	-6.5008	-120.	90.968	716	0.10387
51	237	-6.2516	-120.	91.919	716	0.10393
52	225	-8.3372	-120.	89.613	716	0.1038
52	223	-8.5933	-120.	88.683	716	0.10374
52	220	-9.0374	-120.	89.857	716	0.10381
53	227	-7.8565	-120.	91.427	716	0.1039
53	237	-6.2516	-120.	91.919	716	0.10393
53	231	-7.1082	-120.	94.093	716	0.10405
54	227	-7.8565	-120.	91.427	716	0.1039
54	231	-7.1082	-120.	94.093	716	0.10405
54	214	-9.904	-120.	92.112	716	0.10393
55	227	-7.8565	-120.	91.427	716	0.1039
55	214	-9.904	-120.	92.112	716	0.10393
55	220	-9.0374	-120.	89.857	716	0.10381
56	227	-7.8565	-120.	91.427	716	0.1039
56	220	-9.0374	-120.	89.857	716	0.10381
56	225	-8.3372	-120.	89.613	716	0.1038
57	227	-7.8565	-120.	91.427	716	0.1039
57	225	-8.3372	-120.	89.613	716	0.1038
57	235	-6.5008	-120.	90.968	716	0.10387
58	227	-7.8565	-120.	91.427	716	0.1039
58	235	-6.5008	-120.	90.968	716	0.10387
58	237	-6.2516	-120.	91.919	716	0.10393
59	232	-6.9679	-120.	89.165	716	0.10377
59	223	-8.5933	-120.	88.683	716	0.10374
59	228	-7.7041	-120.	86.405	716	0.10361
60	232	-6.9679	-120.	89.165	716	0.10377
60	228	-7.7041	-120.	86.405	716	0.10361
60	245	-4.8957	-120.	88.564	716	0.10373
61	232	-6.9679	-120.	89.165	716	0.10377
61	245	-4.8957	-120.	88.564	716	0.10373
61	241	-5.7764	-120.	90.758	716	0.10386
62	232	-6.9679	-120.	89.165	716	0.10377
62	241	-5.7764	-120.	90.758	716	0.10386
62	235	-6.5008	-120.	90.968	716	0.10387
63	232	-6.9679	-120.	89.165	716	0.10377
63	235	-6.5008	-120.	90.968	716	0.10387
63	225	-8.3372	-120.	89.613	716	0.1038
64	232	-6.9679	-120.	89.165	716	0.10377
64	225	-8.3372	-120.	89.613	716	0.1038
64	223	-8.5933	-120.	88.683	716	0.10374
65	177	-15.833	-120.	140.87	735	0.10215
65	169	-17.251	-120.	143.32	735	0.10212
65	197	-12.295	-120.	143.44	735	0.10209
66	1	-32.805	-120.	116.88	751	0.10352
66	0	-32.924	-120.	121.19	751	0.10325
66	16	-30.093	-120.	118.32	751	0.10344
67	226	-8.113	-120.	150.47	765	0.10219
67	218	-9.54	-120.	153.01	765	0.10227
67	243	-5.3928	-120.	154.18	765	0.10235
68	250	-4.0658	-120.	91.691	802	0.10392
68	263	-2.0045	-120.	91.016	802	0.10388
68	257	-2.8829	-120.	92.974	802	0.10399
69	250	-4.0658	-120.	91.691	802	0.10392
69	257	-2.8829	-120.	92.974	802	0.10399
69	247	-4.4686	-120.	93.311	802	0.10401
70	250	-4.0658	-120.	91.691	802	0.10392
70	247	-4.4686	-120.	93.311	802	0.10401
70	238	-6.2516	-120.	91.919	802	0.10393
71	250	-4.0658	-120.	91.691	802	0.10392
71	238	-6.2516	-120.	91.919	802	0.10393
71	242	-5.7764	-120.	90.758	802	0.10386
72	250	-4.0658	-120.	91.691	802	0.10392
72	242	-5.7764	-120.	90.758	802	0.10386
72	254	-3.011	-120.	90.17	802	0.10383
73	250	-4.0658	-120.	91.691	802	0.10392
73	254	-3.011	-120.	90.17	802	0.10383
73	263	-2.0045	-120.	91.016	802	0.10388
74	238	-6.2516	-120.	91.919	802	0.10393
74	247	-4.4686	-120.	93.311	802	0.10401
74	231	-7.1082	-120.	94.093	802	0.10405
75	263	-2.0045	-120.	91.016	802	0.10388
75	275	-0.15357	-120.	92.615	802	0.10397
75	257	-2.8829	-120.	92.974	802	0.10399
76	254	-3.011	-120.	90.17	802	0.10383
76	242	-5.7764	-120.	90.758	802	0.10386
76	245	-4.8957	-120.	88.564	802	0.10373
77	353	12.589	-120.	91.638	810	0.10383
77	343	11.174	-120.	94.093	810	0.10391
77	365	15.169	-120.	95.872	810	0.10388
78	427	22.928	-120.	139.99	840	0.10186
78	413	21.536	-120.	141.87	840	0.10187
78	420	21.895	-120.	138.97	840	0.10185
79	427	22.928	-120.	139.99	840	0.10186
79	420	21.895	-120.	138.97	840	0.10185
79	429	22.98	-120.	137.77	840	0.10185
80	427	22.928	-120.	139.99	840	0.10186
80	429	22.98	-120.	137.77	840	0.10185
80	437	24.441	-120.	138.64	840	0.10186
81	427	22.928	-120.	139.99	840	0.10186
81	437	24.441	-120.	138.64	840	0.10186
81	435	24.303	-120.	140.3	840	0.10186
82	427	22.928	-120.	139.99	840	0.10186
82	435	24.303	-120.	140.3	840	0.10186
82	424	22.411	-120.	142.4	840	0.10188
83	427	22.928	-120.	139.99	840	0.10186
83	424	22.411	-120.	142.4	840	0.10188
83	413	21.536	-120.	141.87	840	0.10187
84	437	24.441	-120.	138.64	840	0.10186
84	429	22.98	-120.	137.77	840	0.10185
84	439	24.656	-120.	135.59	840	0.10188
85	413	21.536	-120.	141.87	840	0.10187
85	399	19.899	-120.	140.87	840	0.10185
85	420	21.895	-120.	138.97	840	0.10185
86	424	22.411	-120.	142.4	840	0.10188
86	435	24.303	-120.	140.3	840	0.10186
86	434	24.064	-120.	143.4	840	0.1019
87	240	-5.7995	-120.	146.33	842	0.10205
87	256	-2.9777	-120.	149.89	842	0.10216
87	265	-1.522	-120.	147.24	842	0.10204
88	35	-28.656	-120.	129.72	857	0.1027
88	6	-31.929	-120.	128.36	857	0.10279
88	10	-30.643	-120.	132.48	857	0.10254
89	152	-19.63	-120.	147.46	858	0.1021
89	175	-16.089	-120.	149.92	858	0.10215
89	181	-14.63	-120.	147.4	858	0.10212
90	214	-9.904	-120.	92.112	861	0.10393
90	206	-11.103	-120.	95.872	861	0.1041
90	231	-7.1082	-120.	94.093	861	0.10405
91	56	-27.376	-120.	127.13	865	0.10286
91	63	-27.196	-120.	127.86	865	0.10281
91	70	-26.429	-120.	126.87	865	0.10288
92	31	-29.171	-120.	127.62	865	0.10283
92	6	-31.929	-120.	128.36	865	0.10279
92	35	-28.656	-120.	129.72	865	0.1027
93	31	-29.171	-120.	127.62	865	0.10283
93	35	-28.656	-120.	129.72	865	0.1027
93	63	-27.196	-120.	127.86	865	0.10281
94	31	-29.171	-120.	127.62	865	0.10283
94	63	-27.196	-120.	127.86	865	0.10281
94	56	-27.376	-120.	127.13	865	0.10286
95	31	-29.171	-120.	127.62	865	0.10283
95	56	-27.376	-120.	127.13	865	0.10286
95	28	-29.468	-120.	126.21	865	0.10292
96	31	-29.171	-120.	127.62	865	0.10283
96	28	-29.468	-120.	126.21	865	0.10292
96	15	-30.401	-120.	126.46	865	0.10291
97	31	-29.171	-120.	127.62	865	0.10283
97	15	-30.401	-120.	126.46	865	0.10291
97	6	-31.929	-120.	128.36	865	0.10279
98	52	-27.657	-120.	125.72	865	0.10295
98	44	-28.087	-120.	123.61	865	0.10309
98	96	-24.974	-120.	125.04	865	0.103
99	52	-27.657	-120.	125.72	865	0.10295
99	96	-24.974	-120.	125.04	865	0.103
99	70	-26.429	-120.	126.87	865	0.10288
100	52	-27.657	-120.	125.72	865	0.10295
100	70	-26.429	-120.	126.87	865	0.10288
100	56	-27.376	-120.	127.13	865	0.10286
101	52	-27.657	-120.	125.72	865	0.10295
101	56	-27.376	-120.	127.13	865	0.10286
101	28	-29.468	-120.	126.21	865	0.10292
102	52	-27.657	-120.	125.72	865	0.10295
102	28	-29.468	-120.	126.21	865	0.10292
102	25	-29.607	-120.	125.48	865	0.10297
103	52	-27.657	-120.	125.72	865	0.10295
103	25	-29.607	-120.	125.48	865	0.10297
103	44	-28.087	-120.	123.61	865	0.10309
104	28	-29.468	-120.	126.21	865	0.10292
104	25	-29.607	-120.	125.48	865	0.10297
104	15	-30.401	-120.	126.46	865	0.10291
105	44	-28.087	-120.	123.61	867	0.10309
105	24	-29.607	-120.	125.48	867	0.10297
105	19	-29.999	-120.	122.65	867	0.10316
106	6	-31.929	-120.	128.36	867	0.10279
106	3	-32.513	-120.	125.48	867	0.10297
106	14	-30.401	-120.	126.46	867	0.10291
107	0	-32.924	-120.	121.19	867	0.10325
107	9	-30.996	-120.	122.16	867	0.10319
107	2	-32.701	-120.	124.13	867	0.10306
108	8	-31.036	-120.	124.39	867	0.10304
108	19	-29.999	-120.	122.65	867	0.10316
108	24	-29.607	-120.	125.48	867	0.10297
109	8	-31.036	-120.	124.39	867	0.10304
109	24	-29.607	-120.	125.48	867	0.10297
109	14	-30.401	-120.	126.46	867	0.10291
110	8	-31.036	-120.	124.39	867	0.10304
110	14	-30.401	-120.	126.46	867	0.10291
110	3	-32.513	-120.	125.48	867	0.10297
111	8	-31.036	-120.	124.39	867	0.10304
111	3	-32.513	-120.	125.48	867	0.10297
111	2	-32.701	-120.	124.13	867	0.10306
112	8	-31.036	-120.	124.39	867	0.10304
112	2	-32.701	-120.	124.13	867	0.10306
112	9	-30.996	-120.	122.16	867	0.10319
113	8	-31.036	-120.	124.39	867	0.10304
113	9	-30.996	-120.	122.16	867	0.10319
113	19	-29.999	-120.	122.65	867	0.10316
114	204	-11.69	-120.	149.52	879	0.10216
114	208	-10.796	-120.	149.39	879	0.10216
114	199	-12.084	-120.	148.78	879	0.10214
115	207	-10.848	-120.	150.93	879	0.1022
115	218	-9.54	-120.	153.01	879	0.10227
115	226	-8.113	-120.	150.47	879	0.10219
116	207	-10.848	-120.	150.93	879	0.1022
116	226	-8.113	-120.	150.47	879	0.10219
116	208	-10.796	-120.	149.39	879	0.10216
117	207	-10.848	-120.	150.93	879	0.1022
117	208	-10.796	-120.	149.39	879	0.10216
117	204	-11.69	-120.	149.52	879	0.10216
118	207	-10.848	-120.	150.93	879	0.1022
118	204	-11.69	-120.	149.52	879	0.10216
118	194	-12.675	-120.	151.25	879	0.1022
119	207	-10.848	-120.	150.93	879	0.1022
119	194	-12.675	-120.	151.25	879	0.1022
119	198	-12.273	-120.	151.92	879	0.10222
120	207	-10.848	-120.	150.93	879	0.1022
120	198	-12.273	-120.	151.92	879	0.10222
120	218	-9.54	-120.	153.01	879	0.10227
121	190	-13.446	-120.	149.7	879	0.10216
121	175	-16.089	-120.	149.92	879	0.10215
121	181	-14.63	-120.	147.4	879	0.10212
122	190	-13.446	-120.	149.7	879	0.10216
122	181	-14.63	-120.	147.4	879	0.10212
122	199	-12.084	-120.	148.78	879	0.10214
123	190	-13.446	-120.	149.7	879	0.10216
123	199	-12.084	-120.	148.78	879	0.10214
123	204	-11.69	-120.	149.52	879	0.10216
124	190	-13.446	-120.	149.7	879	0.10216
124	204	-11.69	-120.	149.52	879	0.10216
124	194	-12.675	-120.	151.25	879	0.1022
125	190	-13.446	-120.	149.7	879	0.10216
125	194	-12.675	-120.	151.25	879	0.1022
125	188	-13.511	-120.	151.33	879	0.10219
126	190	-13.446	-120.	149.7	879	0.10216
126	188	-13.511	-120.	151.33	879	0.10219
126	175	-16.089	-120.	149.92	879	0.10215
127	194	-12.675	-120.	151.25	879	0.1022
127	188	-13.511	-120.	151.33	879	0.10219
127	198	-12.273	-120.	151.92	879	0.10222
128	463	27.448	-120.	103.66	890	0.10357
128	451	26.451	-120.	103.94	890	0.10355
128	464	27.85	-120.	104.3	890	0.10353
129	453	26.629	-120.	102.49	890	0.10362
129	444	25.409	-120.	100.72	890	0.1037
129	432	23.847	-120.	103.3	890	0.10359
130	453	26.629	-120.	102.49	890	0.10362
130	432	23.847	-120.	103.3	890	0.10359
130	451	26.451	-120.	103.94	890	0.10355
131	453	26.629	-120.	102.49	890	0.10362
131	451	26.451	-120.	103.94	890	0.10355
131	463	27.448	-120.	103.66	890	0.10357
132	453	26.629	-120.	102.49	890	0.10362
132	463	27.448	-120.	103.66	890	0.10357
132	471	28.524	-120.	101.95	890	0.10364
133	453	26.629	-120.	102.49	890	0.10362
133	471	28.524	-120.	101.95	890	0.10364
133	467	28.095	-120.	101.35	890	0.10367
134	453	26.629	-120.	102.49	890	0.10362
134	467	28.095	-120.	101.35	890	0.10367
134	444	25.409	-120.	100.72	890	0.1037
135	483	29.334	-120.	103.14	890	0.10359
135	536	32.209	-120.	102.31	890	0.10362
135	499	30.485	-120.	104.97	890	0.10349
136	483	29.334	-120.	103.14	890	0.10359
136	499	30.485	-120.	104.97	890	0.10349
136	464	27.85	-120.	104.3	890	0.10353
137	483	29.334	-120.	103.14	890	0.10359
137	464	27.85	-120.	104.3	890	0.10353
137	463	27.448	-120.	103.66	890	0.10357
138	483	29.334	-120.	103.14	890	0.10359
138	463	27.448	-120.	103.66	890	0.10357
138	471	28.524	-120.	101.95	890	0.10364
139	483	29.334	-120.	103.14	890	0.10359
139	471	28.524	-120.	101.95	890	0.10364
139	490	29.49	-120.	101.66	890	0.10365
140	483	29.334	-120.	103.14	890	0.10359
140	490	29.49	-120.	101.66	890	0.10365
140	536	32.209	-120.	102.31	890	0.10362
141	471	28.524	-120.	101.95	890	0.10364
141	490	29.49	-120.	101.66	890	0.10365
141	467	28.095	-120.	101.35	890	0.10367
142	50	-27.848	-120.	115.7	894	0.1036
142	45	-27.948	-120.	116.45	894	0.10356
142	65	-26.814	-120.	115.45	894	0.10362
143	53	-27.595	-120.	114.29	894	0.10368
143	29	-29.43	-120.	114.03	894	0.1037
143	61	-27.224	-120.	112.18	894	0.10379
144	53	-27.595	-120.	114.29	894	0.10368
144	61	-27.224	-120.	112.18	894	0.10379
144	100	-24.688	-120.	113.62	894	0.10372
145	53	-27.595	-120.	114.29	894	0.10368
145	100	-24.688	-120.	113.62	894	0.10372
145	65	-26.814	-120.	115.45	894	0.10362
146	53	-27.595	-120.	114.29	894	0.10368
146	65	-26.814	-120.	115.45	894	0.10362
146	50	-27.848	-120.	115.7	894	0.1036
147	53	-27.595	-120.	114.29	894	0.10368
147	50	-27.848	-120.	115.7	894	0.1036
147	26	-29.567	-120.	114.76	894	0.10365
148	53	-27.595	-120.	114.29	894	0.10368
148	26	-29.567	-120.	114.76	894	0.10365
148	29	-29.43	-120.	114.03	894	0.1037
149	12	-30.578	-120.	114.99	894	0.10364
149	26	-29.567	-120.	114.76	894	0.10365
149	29	-29.43	-120.	114.03	894	0.1037
150	21	-29.807	-120.	116.19	894	0.10357
150	1	-32.805	-120.	116.88	894	0.10352
150	16	-30.093	-120.	118.32	894	0.10344
151	21	-29.807	-120.	116.19	894	0.10357
151	16	-30.093	-120.	118.32	894	0.10344
151	45	-27.948	-120.	116.45	894	0.10356
152	21	-29.807	-120.	116.19	894	0.10357
152	45	-27.948	-120.	116.45	894	0.10356
152	50	-27.848	-120.	115.7	894	0.1036
153	21	-29.807	-120.	116.19	894	0.10357
153	50	-27.848	-120.	115.7	894	0.1036
153	26	-29.567	-120.	114.76	894	0.10365
154	21	-29.807	-120.	116.19	894	0.10357
154	26	-29.567	-120.	114.76	894	0.10365
154	12	-30.578	-120.	114.99	894	0.10364
155	21	-29.807	-120.	116.19	894	0.10357
155	12	-30.578	-120.	114.99	894	0.10364
155	1	-32.805	-120.	116.88	894	0.10352
156	40	-28.243	-120.	120.02	900	0.10333
156	59	-27.268	-120.	119.76	900	0.10335
156	38	-28.244	-120.	119.26	900	0.10338
157	42	-28.178	-120.	121.44	900	0.10324
157	44	-28.087	-120.	123.61	900	0.10309
157	88	-25.431	-120.	120.69	900	0.10329
158	42	-28.178	-120.	121.44	900	0.10324
158	88	-25.431	-120.	120.69	900	0.10329
158	59	-27.268	-120.	119.76	900	0.10335
159	42	-28.178	-120.	121.44	900	0.10324
159	59	-27.268	-120.	119.76	900	0.10335
159	40	-28.243	-120.	120.02	900	0.10333
160	42	-28.178	-120.	121.44	900	0.10324
160	40	-28.243	-120.	120.02	900	0.10333
160	18	-30.04	-120.	121.91	900	0.10321
161	42	-28.178	-120.	121.44	900	0.10324
161	18	-30.04	-120.	121.91	900	0.10321
161	19	-29.999	-120.	122.65	900	0.10316
162	42	-28.178	-120.	121.44	900	0.10324
162	19	-29.999	-120.	122.65	900	0.10316
162	44	-28.087	-120.	123.61	900	0.10309
163	17	-30.09	-120.	120.48	900	0.1033
163	0	-32.924	-120.	121.19	900	0.10325
163	16	-30.093	-120.	118.32	900	0.10344
164	17	-30.09	-120.	120.48	900	0.1033
164	16	-30.093	-120.	118.32	900	0.10344
164	38	-28.244	-120.	119.26	900	0.10338
165	17	-30.09	-120.	120.48	900	0.1033
165	38	-28.244	-120.	119.26	900	0.10338
165	40	-28.243	-120.	120.02	900	0.10333
166	17	-30.09	-120.	120.48	900	0.1033
166	40	-28.243	-120.	120.02	900	0.10333
166	18	-30.04	-120.	121.91	900	0.10321
167	17	-30.09	-120.	120.48	900	0.1033
167	18	-30.04	-120.	121.91	900	0.10321
167	9	-30.996	-120.	122.16	900	0.10319
168	17	-30.09	-120.	120.48	900	0.1033
168	9	-30.996	-120.	122.16	900	0.10319
168	0	-32.924	-120.	121.19	900	0.10325
169	18	-30.04	-120.	121.91	900	0.10321
169	9	-30.996	-120.	122.16	900	0.10319
169	19	-29.999	-120.	122.65	900	0.10316
170	101	-24.589	-120.	134.53	905	0.10242
170	143	-20.59	-120.	135.59	905	0.10237
170	115	-22.777	-120.	131.8	905	0.10257
171	236	-6.4699	-120.	149.04	910	0.10214
171	234	-6.7075	-120.	147.97	910	0.10211
171	230	-7.1945	-120.	148.83	910	0.10214
172	239	-6.0411	-120.	151.07	910	0.10221
172	249	-4.4252	-120.	152.47	910	0.10228
172	243	-5.3928	-120.	154.18	910	0.10235
173	239	-6.0411	-120.	151.07	910	0.10221
173	243	-5.3928	-120.	154.18	910	0.10235
173	226	-8.113	-120.	150.47	910	0.10219
174	239	-6.0411	-120.	151.07	910	0.10221
174	226	-8.113	-120.	150.47	910	0.10219
174	230	-7.1945	-120.	148.83	910	0.10214
175	239	-6.0411	-120.	151.07	910	0.10221
175	230	-7.1945	-120.	148.83	910	0.10214
175	236	-6.4699	-120.	149.04	910	0.10214
176	239	-6.0411	-120.	151.07	910	0.10221
176	236	-6.4699	-120.	149.04	910	0.10214
176	246	-4.6513	-120.	151.42	910	0.10223
177	239	-6.0411	-120.	151.07	910	0.10221
177	246	-4.6513	-120.	151.42	910	0.10223
177	249	-4.4252	-120.	152.47	910	0.10228
178	251	-3.9312	-120.	151.58	910	0.10224
178	246	-4.6513	-120.	151.42	910	0.10223
178	249	-4.4252	-120.	152.47	910	0.10228
179	244	-5.0895	-120.	149.37	910	0.10215
179	256	-2.9777	-120.	149.89	910	0.10216
179	240	-5.7995	-120.	146.33	910	0.10205
180	244	-5.0895	-120.	149.37	910	0.10215
180	240	-5.7995	-120.	146.33	910	0.10205
180	234	-6.7075	-120.	147.97	910	0.10211
181	244	-5.0895	-120.	149.37	910	0.10215
181	234	-6.7075	-120.	147.97	910	0.10211
181	236	-6.4699	-120.	149.04	910	0.10214
182	244	-5.0895	-120.	149.37	910	0.10215
182	236	-6.4699	-120.	149.04	910	0.10214
182	246	-4.6513	-120.	151.42	910	0.10223
183	244	-5.0895	-120.	149.37	910	0.10215
183	246	-4.6513	-120.	151.42	910	0.10223
183	251	-3.9312	-120.	151.58	910	0.10224
184	244	-5.0895	-120.	149.37	910	0.10215
184	251	-3.9312	-120.	151.58	910	0.10224
184	256	-2.9777	-120.	149.89	910	0.10216
185	304	4.9242	-120.	150.14	912	0.10216
185	302	4.6741	-120.	149.18	912	0.10211
185	299	4.1731	-120.	150.21	912	0.10217
186	312	6.3385	-120.	149.94	912	0.10215
186	323	8.4836	-120.	149.65	912	0.10213
186	308	5.588	-120.	147.24	912	0.102
187	312	6.3385	-120.	149.94	912	0.10215
187	308	5.588	-120.	147.24	912	0.102
187	302	4.6741	-120.	149.18	912	0.10211
188	312	6.3385	-120.	149.94	912	0.10215
188	302	4.6741	-120.	149.18	912	0.10211
188	304	4.9242	-120.	150.14	912	0.10216
189	312	6.3385	-120.	149.94	912	0.10215
189	304	4.9242	-120.	150.14	912	0.10216
189	314	6.814	-120.	151.77	912	0.10225
190	312	6.3385	-120.	149.94	912	0.10215
190	314	6.814	-120.	151.77	912	0.10225
190	320	7.5469	-120.	151.66	912	0.10224
191	312	6.3385	-120.	149.94	912	0.10215
191	320	7.5469	-120.	151.66	912	0.10224
191	323	8.4836	-120.	149.65	912	0.10213
192	307	5.3872	-120.	151.95	912	0.10226
192	311	6.1077	-120.	154.74	912	0.10241
192	296	3.2389	-120.	152.16	912	0.10227
193	307	5.3872	-120.	151.95	912	0.10226
193	296	3.2389	-120.	152.16	912	0.10227
193	299	4.1731	-120.	150.21	912	0.10217
194	307	5.3872	-120.	151.95	912	0.10226
194	299	4.1731	-120.	150.21	912	0.10217
194	304	4.9242	-120.	150.14	912	0.10216
195	307	5.3872	-120.	151.95	912	0.10226
195	304	4.9242	-120.	150.14	912	0.10216
195	314	6.814	-120.	151.77	912	0.10225
196	307	5.3872	-120.	151.95	912	0.10226
196	314	6.814	-120.	151.77	912	0.10225
196	316	7.065	-120.	152.71	912	0.1023
197	307	5.3872	-120.	151.95	912	0.10226
197	316	7.065	-120.	152.71	912	0.1023
197	311	6.1077	-120.	154.74	912	0.10241
198	314	6.814	-120.	151.77	912	0.10225
198	316	7.065	-120.	152.71	912	0.1023
198	320	7.5469	-120.	151.66	912	0.10224
199	387	18.289	-120.	147.65	935	0.10204
199	393	19.016	-120.	145.11	935	0.10195
199	405	20.723	-120.	146.15	935	0.10198
200	396	19.872	-120.	148.18	935	0.10206
200	387	18.289	-120.	147.65	935	0.10204
200	405	20.723	-120.	146.15	935	0.10198
201	396	19.872	-120.	148.18	935	0.10206
201	405	20.723	-120.	146.15	935	0.10198
201	415	21.609	-120.	146.7	935	0.102
202	396	19.872	-120.	148.18	935	0.10206
202	415	21.609	-120.	146.7	935	0.102
202	408	20.929	-120.	149.43	935	0.1021
203	396	19.872	-120.	148.18	935	0.10206
203	408	20.929	-120.	149.43	935	0.1021
203	394	19.764	-120.	150.15	935	0.10214
204	396	19.872	-120.	148.18	935	0.10206
204	394	19.764	-120.	150.15	935	0.10214
204	385	17.918	-120.	148.97	935	0.10209
205	396	19.872	-120.	148.18	935	0.10206
205	385	17.918	-120.	148.97	935	0.10209
205	387	18.289	-120.	147.65	935	0.10204
206	408	20.929	-120.	149.43	935	0.1021
206	415	21.609	-120.	146.7	935	0.102
206	430	23.336	-120.	147.74	935	0.10203
207	394	19.764	-120.	150.15	935	0.10214
207	380	17.167	-120.	151.53	935	0.10222
207	385	17.918	-120.	148.97	935	0.10209
208	291	2.4319	-120.	148.95	938	0.1021
208	299	4.1731	-120.	150.21	938	0.10217
208	287	1.3459	-120.	150.21	938	0.10217
209	291	2.4319	-120.	148.95	938	0.1021
209	287	1.3459	-120.	150.21	938	0.10217
209	279	0.33219	-120.	149.18	938	0.10212
210	291	2.4319	-120.	148.95	938	0.1021
210	279	0.33219	-120.	149.18	938	0.10212
210	284	1.2224	-120.	147.46	938	0.10203
211	291	2.4319	-120.	148.95	938	0.1021
211	284	1.2224	-120.	147.46	938	0.10203
211	294	2.8435	-120.	147.46	938	0.10202
212	291	2.4319	-120.	148.95	938	0.1021
212	294	2.8435	-120.	147.46	938	0.10202
212	302	4.6741	-120.	149.18	938	0.10211
213	291	2.4319	-120.	148.95	938	0.1021
213	302	4.6741	-120.	149.18	938	0.10211
213	299	4.1731	-120.	150.21	938	0.10217
214	284	1.2224	-120.	147.46	938	0.10203
214	279	0.33219	-120.	149.18	938	0.10212
214	265	-1.522	-120.	147.24	938	0.10204
215	299	4.1731	-120.	150.21	938	0.10217
215	296	3.2389	-120.	152.16	938	0.10227
215	287	1.3459	-120.	150.21	938	0.10217
216	302	4.6741	-120.	149.18	938	0.10211
216	294	2.8435	-120.	147.46	938	0.10202
216	308	5.588	-120.	147.24	938	0.102
217	335	10.335	-120.	151.03	942	0.10221
217	319	7.5469	-120.	151.66	942	0.10224
217	323	8.4836	-120.	149.65	942	0.10213
218	326	9.0131	-120.	154.27	942	0.10239
218	311	6.1077	-120.	154.74	942	0.10241
218	317	7.065	-120.	152.71	942	0.1023
219	328	9.2669	-120.	152.57	942	0.10229
219	326	9.0131	-120.	154.27	942	0.10239
219	317	7.065	-120.	152.71	942	0.1023
220	328	9.2669	-120.	152.57	942	0.10229
220	317	7.065	-120.	152.71	942	0.1023
220	319	7.5469	-120.	151.66	942	0.10224
221	328	9.2669	-120.	152.57	942	0.10229
221	319	7.5469	-120.	151.66	942	0.10224
221	335	10.335	-120.	151.03	942	0.10221
222	328	9.2669	-120.	152.57	942	0.10229
222	335	10.335	-120.	151.03	942	0.10221
222	344	11.293	-120.	151.76	942	0.10225
223	328	9.2669	-120.	152.57	942	0.10229
223	344	11.293	-120.	151.76	942	0.10225
223	336	10.348	-120.	153.98	942	0.10237
224	328	9.2669	-120.	152.57	942	0.10229
224	336	10.348	-120.	153.98	942	0.10237
224	326	9.0131	-120.	154.27	942	0.10239
225	356	13.174	-120.	153.16	942	0.10232
225	336	10.348	-120.	153.98	942	0.10237
225	344	11.293	-120.	151.76	942	0.10225
226	219	-9.0374	-120.	89.857	965	0.10381
226	214	-9.904	-120.	92.112	965	0.10393
226	205	-11.685	-120.	90.932	965	0.10387
227	210	-10.696	-120.	89.164	965	0.10378
227	219	-9.0374	-120.	89.857	965	0.10381
227	205	-11.685	-120.	90.932	965	0.10387
228	210	-10.696	-120.	89.164	965	0.10378
228	205	-11.685	-120.	90.932	965	0.10387
228	195	-12.608	-120.	90.314	965	0.10384
229	210	-10.696	-120.	89.164	965	0.10378
229	195	-12.608	-120.	90.314	965	0.10384
229	202	-11.761	-120.	87.856	965	0.10371
230	210	-10.696	-120.	89.164	965	0.10378
230	202	-11.761	-120.	87.856	965	0.10371
230	213	-10.493	-120.	87.342	965	0.10367
231	210	-10.696	-120.	89.164	965	0.10378
231	213	-10.493	-120.	87.342	965	0.10367
231	222	-8.5933	-120.	88.683	965	0.10374
232	210	-10.696	-120.	89.164	965	0.10378
232	222	-8.5933	-120.	88.683	965	0.10374
232	219	-9.0374	-120.	89.857	965	0.10381
233	202	-11.761	-120.	87.856	965	0.10371
233	195	-12.608	-120.	90.314	965	0.10384
233	183	-14.413	-120.	89.13	965	0.10379
234	213	-10.493	-120.	87.342	965	0.10367
234	228	-7.7041	-120.	86.405	965	0.10361
234	222	-8.5933	-120.	88.683	965	0.10374
235	193	-12.821	-120.	94.742	966	0.10405
235	192	-13.091	-120.	93.772	966	0.10401
235	185	-13.745	-120.	94.149	966	0.10402
236	196	-12.345	-120.	91.267	966	0.10389
236	205	-11.685	-120.	90.932	966	0.10387
236	195	-12.608	-120.	90.314	966	0.10384
237	187	-13.615	-120.	91.942	966	0.10393
237	185	-13.745	-120.	94.149	966	0.10402
237	178	-15.485	-120.	93.018	966	0.10397
238	187	-13.615	-120.	91.942	966	0.10393
238	178	-15.485	-120.	93.018	966	0.10397
238	183	-14.413	-120.	89.13	966	0.10379
239	187	-13.615	-120.	91.942	966	0.10393
239	183	-14.413	-120.	89.13	966	0.10379
239	195	-12.608	-120.	90.314	966	0.10384
240	187	-13.615	-120.	91.942	966	0.10393
240	195	-12.608	-120.	90.314	966	0.10384
240	196	-12.345	-120.	91.267	966	0.10389
241	187	-13.615	-120.	91.942	966	0.10393
241	196	-12.345	-120.	91.267	966	0.10389
241	192	-13.091	-120.	93.772	966	0.10401
242	187	-13.615	-120.	91.942	966	0.10393
242	192	-13.091	-120.	93.772	966	0.10401
242	185	-13.745	-120.	94.149	966	0.10402
243	201	-11.825	-120.	93.116	966	0.10398
243	205	-11.685	-120.	90.932	966	0.10387
243	214	-9.904	-120.	92.112	966	0.10393
244	201	-11.825	-120.	93.116	966	0.10398
244	214	-9.904	-120.	92.112	966	0.10393
244	206	-11.103	-120.	95.872	966	0.1041
245	201	-11.825	-120.	93.116	966	0.10398
245	206	-11.103	-120.	95.872	966	0.1041
245	193	-12.821	-120.	94.742	966	0.10405
246	201	-11.825	-120.	93.116	966	0.10398
246	193	-12.821	-120.	94.742	966	0.10405
246	192	-13.091	-120.	93.772	966	0.10401
247	201	-11.825	-120.	93.116	966	0.10398
247	192	-13.091	-120.	93.772	966	0.10401
247	196	-12.345	-120.	91.267	966	0.10389
248	201	-11.825	-120.	93.116	966	0.10398
248	196	-12.345	-120.	91.267	966	0.10389
248	205	-11.685	-120.	90.932	966	0.10387
249	281	0.59341	-120.	150.18	972	0.10217
249	286	1.3459	-120.	150.21	972	0.10217
249	278	0.33219	-120.	149.18	972	0.10212
250	283	1.0853	-120.	152.07	972	0.10227
250	288	1.8045	-120.	154.98	972	0.10242
250	296	3.2389	-120.	152.16	972	0.10227
251	283	1.0853	-120.	152.07	972	0.10227
251	296	3.2389	-120.	152.16	972	0.10227
251	286	1.3459	-120.	150.21	972	0.10217
252	283	1.0853	-120.	152.07	972	0.10227
252	286	1.3459	-120.	150.21	972	0.10217
252	281	0.59341	-120.	150.18	972	0.10217
253	283	1.0853	-120.	152.07	972	0.10227
253	281	0.59341	-120.	150.18	972	0.10217
253	274	-0.353	-120.	151.97	972	0.10226
254	283	1.0853	-120.	152.07	972	0.10227
254	274	-0.353	-120.	151.97	972	0.10226
254	277	-0.11815	-120.	152.95	972	0.10231
255	283	1.0853	-120.	152.07	972	0.10227
255	277	-0.11815	-120.	152.95	972	0.10231
255	288	1.8045	-120.	154.98	972	0.10242
256	271	-0.83641	-120.	150.06	972	0.10217
256	256	-2.9777	-120.	149.89	972	0.10216
256	265	-1.522	-120.	147.24	972	0.10204
257	271	-0.83641	-120.	150.06	972	0.10217
257	265	-1.522	-120.	147.24	972	0.10204
257	278	0.33219	-120.	149.18	972	0.10212
258	271	-0.83641	-120.	150.06	972	0.10217
258	278	0.33219	-120.	149.18	972	0.10212
258	281	0.59341	-120.	150.18	972	0.10217
259	271	-0.83641	-120.	150.06	972	0.10217
259	281	0.59341	-120.	150.18	972	0.10217
259	274	-0.353	-120.	151.97	972	0.10226
260	271	-0.83641	-120.	150.06	972	0.10217
260	274	-0.353	-120.	151.97	972	0.10226
260	269	-1.0913	-120.	151.9	972	0.10226
261	271	-0.83641	-120.	150.06	972	0.10217
261	269	-1.0913	-120.	151.9	972	0.10226
261	256	-2.9777	-120.	149.89	972	0.10216
262	274	-0.353	-120.	151.97	972	0.10226
262	269	-1.0913	-120.	151.9	972	0.10226
262	277	-0.11815	-120.	152.95	972	0.10231
263	57	-27.373	-120.	138.94	975	0.10224
263	99	-24.821	-120.	142.41	975	0.10214
263	113	-23.261	-120.	139.86	975	0.1022
264	318	7.3448	-120.	91.56	976	0.10386
264	329	9.39	-120.	91.764	976	0.10385
264	324	8.5345	-120.	93.311	976	0.10392
265	318	7.3448	-120.	91.56	976	0.10386
265	324	8.5345	-120.	93.311	976	0.10392
265	315	6.9488	-120.	92.974	976	0.10393
266	318	7.3448	-120.	91.56	976	0.10386
266	315	6.9488	-120.	92.974	976	0.10393
266	306	5.1429	-120.	90.861	976	0.10385
267	318	7.3448	-120.	91.56	976	0.10386
267	306	5.1429	-120.	90.861	976	0.10385
267	310	5.6436	-120.	89.931	976	0.1038
268	318	7.3448	-120.	91.56	976	0.10386
268	310	5.6436	-120.	89.931	976	0.1038
268	322	8.4091	-120.	90.519	976	0.10381
269	318	7.3448	-120.	91.56	976	0.10386
269	322	8.4091	-120.	90.519	976	0.10381
269	329	9.39	-120.	91.764	976	0.10385
270	306	5.1429	-120.	90.861	976	0.10385
270	315	6.9488	-120.	92.974	976	0.10393
270	300	4.2195	-120.	92.615	976	0.10394
271	329	9.39	-120.	91.764	976	0.10385
271	343	11.174	-120.	94.093	976	0.10391
271	324	8.5345	-120.	93.311	976	0.10392
272	322	8.4091	-120.	90.519	976	0.10381
272	310	5.6436	-120.	89.931	976	0.1038
272	313	6.5826	-120.	88.167	976	0.10371
273	260	-2.2653	-120.	90.059	979	0.10382
273	255	-3.011	-120.	90.17	979	0.10383
273	262	-2.0045	-120.	91.016	979	0.10388
274	270	-0.84033	-120.	89.911	979	0.10381
274	272	-0.59171	-120.	88.013	979	0.10369
274	285	1.3031	-120.	89.681	979	0.10379
275	270	-0.84033	-120.	89.911	979	0.10381
275	285	1.3031	-120.	89.681	979	0.10379
275	275	-0.15357	-120.	92.615	979	0.10397
276	270	-0.84033	-120.	89.911	979	0.10381
276	275	-0.15357	-120.	92.615	979	0.10397
276	262	-2.0045	-120.	91.016	979	0.10388
277	270	-0.84033	-120.	89.911	979	0.10381
277	262	-2.0045	-120.	91.016	979	0.10388
277	260	-2.2653	-120.	90.059	979	0.10382
278	270	-0.84033	-120.	89.911	979	0.10381
278	260	-2.2653	-120.	90.059	979	0.10382
278	266	-1.3299	-120.	88.083	979	0.1037
279	270	-0.84033	-120.	89.911	979	0.10381
279	266	-1.3299	-120.	88.083	979	0.1037
279	272	-0.59171	-120.	88.013	979	0.10369
280	264	-1.5709	-120.	87.142	979	0.10364
280	266	-1.3299	-120.	88.083	979	0.1037
280	272	-0.59171	-120.	88.013	979	0.10369
281	258	-2.7619	-120.	88.247	979	0.10371
281	253	-3.4987	-120.	85.463	979	0.10354
281	245	-4.8957	-120.	88.564	979	0.10373
282	258	-2.7619	-120.	88.247	979	0.10371
282	245	-4.8957	-120.	88.564	979	0.10373
282	255	-3.011	-120.	90.17	979	0.10383
283	258	-2.7619	-120.	88.247	979	0.10371
283	255	-3.011	-120.	90.17	979	0.10383
283	260	-2.2653	-120.	90.059	979	0.10382
284	258	-2.7619	-120.	88.247	979	0.10371
284	260	-2.2653	-120.	90.059	979	0.10382
284	266	-1.3299	-120.	88.083	979	0.1037
285	258	-2.7619	-120.	88.247	979	0.10371
285	266	-1.3299	-120.	88.083	979	0.1037
285	264	-1.5709	-120.	87.142	979	0.10364
286	258	-2.7619	-120.	88.247	979	0.10371
286	264	-1.5709	-120.	87.142	979	0.10364
286	253	-3.4987	-120.	85.463	979	0.10354
287	309	5.6436	-120.	89.931	984	0.1038
287	303	4.8924	-120.	89.862	984	0.10379
287	305	5.1429	-120.	90.861	984	0.10385
288	295	3.0008	-120.	87.884	984	0.10369
288	293	2.7559	-120.	86.903	984	0.10363
288	289	2.2612	-120.	87.855	984	0.10369
289	297	3.47	-120.	89.793	984	0.10379
289	305	5.1429	-120.	90.861	984	0.10385
289	300	4.2195	-120.	92.615	984	0.10394
290	297	3.47	-120.	89.793	984	0.10379
290	300	4.2195	-120.	92.615	984	0.10394
290	285	1.3031	-120.	89.681	984	0.10379
291	297	3.47	-120.	89.793	984	0.10379
291	285	1.3031	-120.	89.681	984	0.10379
291	289	2.2612	-120.	87.855	984	0.10369
292	297	3.47	-120.	89.793	984	0.10379
292	289	2.2612	-120.	87.855	984	0.10369
292	295	3.0008	-120.	87.884	984	0.10369
293	297	3.47	-120.	89.793	984	0.10379
293	295	3.0008	-120.	87.884	984	0.10369
293	303	4.8924	-120.	89.862	984	0.10379
294	297	3.47	-120.	89.793	984	0.10379
294	303	4.8924	-120.	89.862	984	0.10379
294	305	5.1429	-120.	90.861	984	0.10385
295	301	4.4345	-120.	87.969	984	0.10369
295	293	2.7559	-120.	86.903	984	0.10363
295	298	3.7317	-120.	85.064	984	0.10353
296	301	4.4345	-120.	87.969	984	0.10369
296	298	3.7317	-120.	85.064	984	0.10353
296	313	6.5826	-120.	88.167	984	0.10371
297	301	4.4345	-120.	87.969	984	0.10369
297	313	6.5826	-120.	88.167	984	0.10371
297	309	5.6436	-120.	89.931	984	0.1038
298	301	4.4345	-120.	87.969	984	0.10369
298	309	5.6436	-120.	89.931	984	0.1038
298	303	4.8924	-120.	89.862	984	0.10379
299	301	4.4345	-120.	87.969	984	0.10369
299	303	4.8924	-120.	89.862	984	0.10379
299	295	3.0008	-120.	87.884	984	0.10369
300	301	4.4345	-120.	87.969	984	0.10369
300	295	3.0008	-120.	87.884	984	0.10369
300	293	2.7559	-120.	86.903	984	0.10363
301	182	-14.524	-120.	96.261	995	0.10409
301	176	-16.032	-120.	95.811	995	0.10407
301	185	-13.745	-120.	94.149	995	0.10402
302	182	-14.524	-120.	96.261	995	0.10409
302	185	-13.745	-120.	94.149	995	0.10402
302	193	-12.821	-120.	94.742	995	0.10405
303	182	-14.524	-120.	96.261	995	0.10409
303	193	-12.821	-120.	94.742	995	0.10405
303	189	-13.45	-120.	97.31	995	0.10412
304	182	-14.524	-120.	96.261	995	0.10409
304	189	-13.45	-120.	97.31	995	0.10412
304	180	-14.762	-120.	98.263	995	0.10413
305	182	-14.524	-120.	96.261	995	0.10409
305	180	-14.762	-120.	98.263	995	0.10413
305	174	-16.334	-120.	97.294	995	0.1041
306	182	-14.524	-120.	96.261	995	0.10409
306	174	-16.334	-120.	97.294	995	0.1041
306	176	-16.032	-120.	95.811	995	0.10407
307	189	-13.45	-120.	97.31	995	0.10412
307	193	-12.821	-120.	94.742	995	0.10405
307	206	-11.103	-120.	95.872	995	0.1041
308	176	-16.032	-120.	95.811	995	0.10407
308	178	-15.485	-120.	93.018	995	0.10397
308	185	-13.745	-120.	94.149	995	0.10402
309	174	-16.334	-120.	97.294	995	0.1041
309	180	-14.762	-120.	98.263	995	0.10413
309	171	-16.855	-120.	100.05	995	0.10414
310	253	-3.4987	-120.	85.463	996	0.10354
310	228	-7.7041	-120.	86.405	996	0.10361
310	245	-4.8957	-120.	88.564	996	0.10373
311	169	-17.251	-120.	143.32	997	0.10212
311	163	-18.192	-120.	144.96	997	0.10211
311	148	-20.24	-120.	142.97	997	0.10213
312	152	-19.63	-120.	147.46	997	0.1021
312	127	-21.862	-120.	145.54	997	0.1021
312	159	-18.684	-120.	145.81	997	0.10211
313	99	-24.821	-120.	142.41	997	0.10214
313	129	-21.791	-120.	142.79	997	0.10213
313	114	-22.843	-120.	144.59	997	0.10211
314	142	-20.602	-120.	144.44	997	0.10211
314	148	-20.24	-120.	142.97	997	0.10213
314	163	-18.192	-120.	144.96	997	0.10211
315	142	-20.602	-120.	144.44	997	0.10211
315	163	-18.192	-120.	144.96	997	0.10211
315	159	-18.684	-120.	145.81	997	0.10211
316	142	-20.602	-120.	144.44	997	0.10211
316	159	-18.684	-120.	145.81	997	0.10211
316	127	-21.862	-120.	145.54	997	0.1021
317	142	-20.602	-120.	144.44	997	0.10211
317	127	-21.862	-120.	145.54	997	0.1021
317	114	-22.843	-120.	144.59	997	0.10211
318	142	-20.602	-120.	144.44	997	0.10211
318	114	-22.843	-120.	144.59	997	0.10211
318	129	-21.791	-120.	142.79	997	0.10213
319	142	-20.602	-120.	144.44	997	0.10211
319	129	-21.791	-120.	142.79	997	0.10213
319	148	-20.24	-120.	142.97	997	0.10213
320	575	36.909	-120.	117.34	999	0.10271
320	573	36.317	-120.	113.07	999	0.10299
320	555	33.96	-120.	115.92	999	0.10281
321	313	6.5826	-120.	88.167	1004	0.10371
321	321	8.0152	-120.	85.538	1004	0.10358
321	298	3.7317	-120.	85.064	1004	0.10353
322	108	-23.689	-120.	103.77	1024	0.10409
322	103	-24.368	-120.	105.63	1024	0.10405
322	78	-26.081	-120.	104.59	1024	0.10407
323	108	-23.689	-120.	103.77	1024	0.10409
323	78	-26.081	-120.	104.59	1024	0.10407
323	90	-25.369	-120.	103.36	1024	0.1041
324	108	-23.689	-120.	103.77	1024	0.10409
324	90	-25.369	-120.	103.36	1024	0.1041
324	122	-22.197	-120.	101.87	1024	0.10412
325	108	-23.689	-120.	103.77	1024	0.10409
325	122	-22.197	-120.	101.87	1024	0.10412
325	135	-21.358	-120.	102.37	1024	0.10411
326	108	-23.689	-120.	103.77	1024	0.10409
326	135	-21.358	-120.	102.37	1024	0.10411
326	116	-22.763	-120.	104.8	1024	0.10407
327	108	-23.689	-120.	103.77	1024	0.10409
327	116	-22.763	-120.	104.8	1024	0.10407
327	103	-24.368	-120.	105.63	1024	0.10405
328	122	-22.197	-120.	101.87	1024	0.10412
328	90	-25.369	-120.	103.36	1024	0.1041
328	107	-23.785	-120.	100.93	1024	0.10412
329	103	-24.368	-120.	105.63	1024	0.10405
329	55	-27.388	-120.	107.17	1024	0.104
329	78	-26.081	-120.	104.59	1024	0.10407
330	116	-22.763	-120.	104.8	1024	0.10407
330	135	-21.358	-120.	102.37	1024	0.10411
330	151	-19.781	-120.	103.3	1024	0.10411
331	84	-25.691	-120.	136.27	1035	0.10234
331	64	-26.981	-120.	133.72	1035	0.10247
331	101	-24.589	-120.	134.53	1035	0.10242
332	27	-29.479	-120.	135.18	1035	0.1024
332	10	-30.643	-120.	132.48	1035	0.10254
332	41	-28.225	-120.	133.31	1035	0.10249
333	54	-27.584	-120.	135.34	1035	0.10239
333	27	-29.479	-120.	135.18	1035	0.1024
333	41	-28.225	-120.	133.31	1035	0.10249
334	54	-27.584	-120.	135.34	1035	0.10239
334	41	-28.225	-120.	133.31	1035	0.10249
334	64	-26.981	-120.	133.72	1035	0.10247
335	54	-27.584	-120.	135.34	1035	0.10239
335	64	-26.981	-120.	133.72	1035	0.10247
335	84	-25.691	-120.	136.27	1035	0.10234
336	54	-27.584	-120.	135.34	1035	0.10239
336	84	-25.691	-120.	136.27	1035	0.10234
336	75	-26.268	-120.	137.17	1035	0.1023
337	54	-27.584	-120.	135.34	1035	0.10239
337	75	-26.268	-120.	137.17	1035	0.1023
337	34	-28.862	-120.	136.4	1035	0.10234
338	54	-27.584	-120.	135.34	1035	0.10239
338	34	-28.862	-120.	136.4	1035	0.10234
338	27	-29.479	-120.	135.18	1035	0.1024
339	57	-27.373	-120.	138.94	1035	0.10224
339	34	-28.862	-120.	136.4	1035	0.10234
339	75	-26.268	-120.	137.17	1035	0.1023
340	131	-21.647	-120.	137.26	1036	0.10229
340	118	-22.638	-120.	137.55	1036	0.10228
340	120	-22.202	-120.	138.16	1036	0.10226
341	92	-25.296	-120.	136.9	1036	0.10231
341	85	-25.691	-120.	136.27	1036	0.10234
341	74	-26.268	-120.	137.17	1036	0.1023
342	102	-24.506	-120.	138.1	1036	0.10227
342	120	-22.202	-120.	138.16	1036	0.10226
342	113	-23.261	-120.	139.86	1036	0.1022
343	102	-24.506	-120.	138.1	1036	0.10227
343	113	-23.261	-120.	139.86	1036	0.1022
343	57	-27.373	-120.	138.94	1036	0.10224
344	102	-24.506	-120.	138.1	1036	0.10227
344	57	-27.373	-120.	138.94	1036	0.10224
344	74	-26.268	-120.	137.17	1036	0.1023
345	102	-24.506	-120.	138.1	1036	0.10227
345	74	-26.268	-120.	137.17	1036	0.1023
345	92	-25.296	-120.	136.9	1036	0.10231
346	102	-24.506	-120.	138.1	1036	0.10227
346	92	-25.296	-120.	136.9	1036	0.10231
346	118	-22.638	-120.	137.55	1036	0.10228
347	102	-24.506	-120.	138.1	1036	0.10227
347	118	-22.638	-120.	137.55	1036	0.10228
347	120	-22.202	-120.	138.16	1036	0.10226
348	111	-23.409	-120.	136.35	1036	0.10234
348	85	-25.691	-120.	136.27	1036	0.10234
348	101	-24.589	-120.	134.53	1036	0.10242
349	111	-23.409	-120.	136.35	1036	0.10234
349	101	-24.589	-120.	134.53	1036	0.10242
349	143	-20.59	-120.	135.59	1036	0.10237
350	111	-23.409	-120.	136.35	1036	0.10234
350	143	-20.59	-120.	135.59	1036	0.10237
350	131	-21.647	-120.	137.26	1036	0.10229
351	111	-23.409	-120.	136.35	1036	0.10234
351	131	-21.647	-120.	137.26	1036	0.10229
351	118	-22.638	-120.	137.55	1036	0.10228
352	111	-23.409	-120.	136.35	1036	0.10234
352	118	-22.638	-120.	137.55	1036	0.10228
352	92	-25.296	-120.	136.9	1036	0.10231
353	111	-23.409	-120.	136.35	1036	0.10234
353	92	-25.296	-120.	136.9	1036	0.10231
353	85	-25.691	-120.	136.27	1036	0.10234
354	149	-19.941	-120.	138.82	1037	0.10223
354	166	-17.829	-120.	138.97	1037	0.10222
354	158	-18.742	-120.	140.49	1037	0.10218
355	149	-19.941	-120.	138.82	1037	0.10223
355	158	-18.742	-120.	140.49	1037	0.10218
355	147	-20.31	-120.	140.26	1037	0.10219
356	149	-19.941	-120.	138.82	1037	0.10223
356	147	-20.31	-120.	140.26	1037	0.10219
356	121	-22.202	-120.	138.16	1037	0.10226
357	149	-19.941	-120.	138.82	1037	0.10223
357	121	-22.202	-120.	138.16	1037	0.10226
357	132	-21.647	-120.	137.26	1037	0.10229
358	149	-19.941	-120.	138.82	1037	0.10223
358	132	-21.647	-120.	137.26	1037	0.10229
358	154	-18.914	-120.	137.77	1037	0.10227
359	149	-19.941	-120.	138.82	1037	0.10223
359	154	-18.914	-120.	137.77	1037	0.10227
359	166	-17.829	-120.	138.97	1037	0.10222
360	121	-22.202	-120.	138.16	1037	0.10226
360	147	-20.31	-120.	140.26	1037	0.10219
360	113	-23.261	-120.	139.86	1037	0.1022
361	166	-17.829	-120.	138.97	1037	0.10222
361	177	-15.833	-120.	140.87	1037	0.10215
361	158	-18.742	-120.	140.49	1037	0.10218
362	154	-18.914	-120.	137.77	1037	0.10227
362	132	-21.647	-120.	137.26	1037	0.10229
362	143	-20.59	-120.	135.59	1037	0.10237
363	86	-25.532	-120.	128.87	1041	0.10275
363	71	-26.322	-120.	130.55	1041	0.10265
363	62	-27.196	-120.	127.86	1041	0.10281
364	86	-25.532	-120.	128.87	1041	0.10275
364	62	-27.196	-120.	127.86	1041	0.10281
364	69	-26.429	-120.	126.87	1041	0.10288
365	86	-25.532	-120.	128.87	1041	0.10275
365	69	-26.429	-120.	126.87	1041	0.10288
365	105	-24.331	-120.	127.71	1041	0.10282
366	86	-25.532	-120.	128.87	1041	0.10275
366	105	-24.331	-120.	127.71	1041	0.10282
366	106	-23.83	-120.	129.26	1041	0.10273
367	86	-25.532	-120.	128.87	1041	0.10275
367	106	-23.83	-120.	129.26	1041	0.10273
367	95	-25.087	-120.	131.	1041	0.10262
368	86	-25.532	-120.	128.87	1041	0.10275
368	95	-25.087	-120.	131.	1041	0.10262
368	71	-26.322	-120.	130.55	1041	0.10265
369	105	-24.331	-120.	127.71	1041	0.10282
369	69	-26.429	-120.	126.87	1041	0.10288
369	96	-24.974	-120.	125.04	1041	0.103
370	71	-26.322	-120.	130.55	1041	0.10265
370	35	-28.656	-120.	129.72	1041	0.1027
370	62	-27.196	-120.	127.86	1041	0.10281
371	95	-25.087	-120.	131.	1041	0.10262
371	106	-23.83	-120.	129.26	1041	0.10273
371	115	-22.777	-120.	131.8	1041	0.10257
372	61	-27.224	-120.	112.18	1056	0.10379
372	100	-24.688	-120.	113.62	1056	0.10372
372	112	-23.336	-120.	109.46	1056	0.10392
373	150	-19.798	-120.	140.81	1065	0.10217
373	157	-18.742	-120.	140.49	1065	0.10218
373	146	-20.31	-120.	140.26	1065	0.10219
374	156	-18.773	-120.	141.82	1065	0.10215
374	169	-17.251	-120.	143.32	1065	0.10212
374	177	-15.833	-120.	140.87	1065	0.10215
375	156	-18.773	-120.	141.82	1065	0.10215
375	177	-15.833	-120.	140.87	1065	0.10215
375	157	-18.742	-120.	140.49	1065	0.10218
376	156	-18.773	-120.	141.82	1065	0.10215
376	157	-18.742	-120.	140.49	1065	0.10218
376	150	-19.798	-120.	140.81	1065	0.10217
377	156	-18.773	-120.	141.82	1065	0.10215
377	150	-19.798	-120.	140.81	1065	0.10217
377	141	-20.774	-120.	142.45	1065	0.10214
378	156	-18.773	-120.	141.82	1065	0.10215
378	141	-20.774	-120.	142.45	1065	0.10214
378	148	-20.24	-120.	142.97	1065	0.10213
379	156	-18.773	-120.	141.82	1065	0.10215
379	148	-20.24	-120.	142.97	1065	0.10213
379	169	-17.251	-120.	143.32	1065	0.10212
380	128	-21.792	-120.	141.43	1065	0.10216
380	99	-24.821	-120.	142.41	1065	0.10214
380	113	-23.261	-120.	139.86	1065	0.1022
381	128	-21.792	-120.	141.43	1065	0.10216
381	113	-23.261	-120.	139.86	1065	0.1022
381	146	-20.31	-120.	140.26	1065	0.10219
382	128	-21.792	-120.	141.43	1065	0.10216
382	146	-20.31	-120.	140.26	1065	0.10219
382	150	-19.798	-120.	140.81	1065	0.10217
383	128	-21.792	-120.	141.43	1065	0.10216
383	150	-19.798	-120.	140.81	1065	0.10217
383	141	-20.774	-120.	142.45	1065	0.10214
384	128	-21.792	-120.	141.43	1065	0.10216
384	141	-20.774	-120.	142.45	1065	0.10214
384	129	-21.791	-120.	142.79	1065	0.10213
385	128	-21.792	-120.	141.43	1065	0.10216
385	129	-21.791	-120.	142.79	1065	0.10213
385	99	-24.821	-120.	142.41	1065	0.10214
386	141	-20.774	-120.	142.45	1065	0.10214
386	129	-21.791	-120.	142.79	1065	0.10213
386	148	-20.24	-120.	142.97	1065	0.10213
387	77	-26.164	-120.	103.72	1069	0.10409
387	79	-26.081	-120.	104.59	1069	0.10407
387	89	-25.369	-120.	103.36	1069	0.1041
388	76	-26.232	-120.	102.02	1069	0.10411
388	47	-27.911	-120.	101.92	1069	0.10411
388	73	-26.285	-120.	99.47	1069	0.10412
389	76	-26.232	-120.	102.02	1069	0.10411
389	73	-26.285	-120.	99.47	1069	0.10412
389	107	-23.785	-120.	100.93	1069	0.10412
390	76	-26.232	-120.	102.02	1069	0.10411
390	107	-23.785	-120.	100.93	1069	0.10412
390	89	-25.369	-120.	103.36	1069	0.1041
391	76	-26.232	-120.	102.02	1069	0.10411
391	89	-25.369	-120.	103.36	1069	0.1041
391	77	-26.164	-120.	103.72	1069	0.10409
392	76	-26.232	-120.	102.02	1069	0.10411
392	77	-26.164	-120.	103.72	1069	0.10409
392	48	-27.878	-120.	102.73	1069	0.1041
393	76	-26.232	-120.	102.02	1069	0.10411
393	48	-27.878	-120.	102.73	1069	0.1041
393	47	-27.911	-120.	101.92	1069	0.10411
394	37	-28.595	-120.	103.11	1069	0.1041
394	48	-27.878	-120.	102.73	1069	0.1041
394	47	-27.911	-120.	101.92	1069	0.10411
395	51	-27.669	-120.	104.51	1069	0.10407
395	20	-29.906	-120.	105.74	1069	0.10404
395	55	-27.388	-120.	107.17	1069	0.104
396	51	-27.669	-120.	104.51	1069	0.10407
396	55	-27.388	-120.	107.17	1069	0.104
396	79	-26.081	-120.	104.59	1069	0.10407
397	51	-27.669	-120.	104.51	1069	0.10407
397	79	-26.081	-120.	104.59	1069	0.10407
397	77	-26.164	-120.	103.72	1069	0.10409
398	51	-27.669	-120.	104.51	1069	0.10407
398	77	-26.164	-120.	103.72	1069	0.10409
398	48	-27.878	-120.	102.73	1069	0.1041
399	51	-27.669	-120.	104.51	1069	0.10407
399	48	-27.878	-120.	102.73	1069	0.1041
399	37	-28.595	-120.	103.11	1069	0.1041
400	51	-27.669	-120.	104.51	1069	0.10407
400	37	-28.595	-120.	103.11	1069	0.1041
400	20	-29.906	-120.	105.74	1069	0.10404
401	417	21.839	-120.	142.89	1084	0.10189
401	424	22.411	-120.	142.4	1084	0.10188
401	413	21.536	-120.	141.87	1084	0.10187
402	425	22.428	-120.	144.8	1084	0.10194
402	430	23.336	-120.	147.74	1084	0.10203
402	434	24.064	-120.	143.4	1084	0.1019
403	425	22.428	-120.	144.8	1084	0.10194
403	434	24.064	-120.	143.4	1084	0.1019
403	424	22.411	-120.	142.4	1084	0.10188
404	425	22.428	-120.	144.8	1084	0.10194
404	424	22.411	-120.	142.4	1084	0.10188
404	417	21.839	-120.	142.89	1084	0.10189
405	425	22.428	-120.	144.8	1084	0.10194
405	417	21.839	-120.	142.89	1084	0.10189
405	411	21.309	-120.	145.7	1084	0.10196
406	425	22.428	-120.	144.8	1084	0.10194
406	411	21.309	-120.	145.7	1084	0.10196
406	414	21.609	-120.	146.7	1084	0.102
407	425	22.428	-120.	144.8	1084	0.10194
407	414	21.609	-120.	146.7	1084	0.102
407	430	23.336	-120.	147.74	1084	0.10203
408	403	20.72	-120.	143.77	1084	0.10191
408	393	19.016	-120.	145.11	1084	0.10195
408	399	19.899	-120.	140.87	1084	0.10185
409	403	20.72	-120.	143.77	1084	0.10191
409	399	19.899	-120.	140.87	1084	0.10185
409	413	21.536	-120.	141.87	1084	0.10187
410	403	20.72	-120.	143.77	1084	0.10191
410	413	21.536	-120.	141.87	1084	0.10187
410	417	21.839	-120.	142.89	1084	0.10189
411	403	20.72	-120.	143.77	1084	0.10191
411	417	21.839	-120.	142.89	1084	0.10189
411	411	21.309	-120.	145.7	1084	0.10196
412	403	20.72	-120.	143.77	1084	0.10191
412	411	21.309	-120.	145.7	1084	0.10196
412	404	20.723	-120.	146.15	1084	0.10198
413	403	20.72	-120.	143.77	1084	0.10191
413	404	20.723	-120.	146.15	1084	0.10198
413	393	19.016	-120.	145.11	1084	0.10195
414	411	21.309	-120.	145.7	1084	0.10196
414	404	20.723	-120.	146.15	1084	0.10198
414	414	21.609	-120.	146.7	1084	0.102
415	346	11.663	-120.	147.66	1097	0.10203
415	349	11.922	-120.	148.61	1097	0.10208
415	354	12.635	-120.	148.36	1097	0.10207
416	342	11.047	-120.	150.83	1097	0.1022
416	334	10.335	-120.	151.03	1097	0.10221
416	345	11.293	-120.	151.76	1097	0.10225
417	351	12.422	-120.	150.4	1097	0.10217
417	354	12.635	-120.	148.36	1097	0.10207
417	362	14.46	-120.	149.69	1097	0.10213
418	351	12.422	-120.	150.4	1097	0.10217
418	362	14.46	-120.	149.69	1097	0.10213
418	356	13.174	-120.	153.16	1097	0.10232
419	351	12.422	-120.	150.4	1097	0.10217
419	356	13.174	-120.	153.16	1097	0.10232
419	345	11.293	-120.	151.76	1097	0.10225
420	351	12.422	-120.	150.4	1097	0.10217
420	345	11.293	-120.	151.76	1097	0.10225
420	342	11.047	-120.	150.83	1097	0.1022
421	351	12.422	-120.	150.4	1097	0.10217
421	342	11.047	-120.	150.83	1097	0.1022
421	349	11.922	-120.	148.61	1097	0.10208
422	351	12.422	-120.	150.4	1097	0.10217
422	349	11.922	-120.	148.61	1097	0.10208
422	354	12.635	-120.	148.36	1097	0.10207
423	338	10.553	-120.	149.02	1097	0.1021
423	334	10.335	-120.	151.03	1097	0.10221
423	323	8.4836	-120.	149.65	1097	0.10213
424	338	10.553	-120.	149.02	1097	0.1021
424	323	8.4836	-120.	149.65	1097	0.10213
424	332	9.8655	-120.	146.33	1097	0.10196
425	338	10.553	-120.	149.02	1097	0.1021
425	332	9.8655	-120.	146.33	1097	0.10196
425	346	11.663	-120.	147.66	1097	0.10203
426	338	10.553	-120.	149.02	1097	0.1021
426	346	11.663	-120.	147.66	1097	0.10203
426	349	11.922	-120.	148.61	1097	0.10208
427	338	10.553	-120.	149.02	1097	0.1021
427	349	11.922	-120.	148.61	1097	0.10208
427	342	11.047	-120.	150.83	1097	0.1022
428	338	10.553	-120.	149.02	1097	0.1021
428	342	11.047	-120.	150.83	1097	0.1022
428	334	10.335	-120.	151.03	1097	0.10221
429	393	19.016	-120.	145.11	1104	0.10195
429	399	19.899	-120.	140.87	1104	0.10185
429	375	16.361	-120.	143.44	1104	0.10188
430	436	24.303	-120.	140.3	1108	0.10186
430	440	24.802	-120.	139.73	1108	0.10186
430	438	24.441	-120.	138.64	1108	0.10186
431	450	26.414	-120.	140.68	1108	0.10186
431	455	26.788	-120.	141.73	1108	0.10187
431	457	26.876	-120.	140.1	1108	0.10186
432	446	25.708	-120.	138.62	1108	0.10186
432	438	24.441	-120.	138.64	1108	0.10186
432	439	24.656	-120.	135.59	1108	0.10188
433	446	25.708	-120.	138.62	1108	0.10186
433	439	24.656	-120.	135.59	1108	0.10188
433	460	27.061	-120.	136.97	1108	0.10187
434	446	25.708	-120.	138.62	1108	0.10186
434	460	27.061	-120.	136.97	1108	0.10187
434	457	26.876	-120.	140.1	1108	0.10186
435	446	25.708	-120.	138.62	1108	0.10186
435	457	26.876	-120.	140.1	1108	0.10186
435	450	26.414	-120.	140.68	1108	0.10186
436	446	25.708	-120.	138.62	1108	0.10186
436	450	26.414	-120.	140.68	1108	0.10186
436	440	24.802	-120.	139.73	1108	0.10186
437	446	25.708	-120.	138.62	1108	0.10186
437	440	24.802	-120.	139.73	1108	0.10186
437	438	24.441	-120.	138.64	1108	0.10186
438	445	25.493	-120.	141.79	1108	0.10188
438	455	26.788	-120.	141.73	1108	0.10187
438	452	26.586	-120.	144.91	1108	0.10193
439	445	25.493	-120.	141.79	1108	0.10188
439	452	26.586	-120.	144.91	1108	0.10193
439	434	24.064	-120.	143.4	1108	0.1019
440	445	25.493	-120.	141.79	1108	0.10188
440	434	24.064	-120.	143.4	1108	0.1019
440	436	24.303	-120.	140.3	1108	0.10186
441	445	25.493	-120.	141.79	1108	0.10188
441	436	24.303	-120.	140.3	1108	0.10186
441	440	24.802	-120.	139.73	1108	0.10186
442	445	25.493	-120.	141.79	1108	0.10188
442	440	24.802	-120.	139.73	1108	0.10186
442	450	26.414	-120.	140.68	1108	0.10186
443	445	25.493	-120.	141.79	1108	0.10188
443	450	26.414	-120.	140.68	1108	0.10186
443	455	26.788	-120.	141.73	1108	0.10187
444	88	-25.431	-120.	120.69	1109	0.10329
444	44	-28.087	-120.	123.61	1109	0.10309
444	96	-24.974	-120.	125.04	1109	0.103
445	362	14.46	-120.	149.69	1115	0.10213
445	356	13.174	-120.	153.16	1115	0.10232
445	380	17.167	-120.	151.53	1115	0.10222
446	308	5.588	-120.	147.24	1140	0.102
446	323	8.4836	-120.	149.65	1140	0.10213
446	332	9.8655	-120.	146.33	1140	0.10196
447	508	30.804	-120.	116.74	1153	0.10275
447	480	29.255	-120.	116.32	1153	0.10278
447	506	30.803	-120.	114.51	1153	0.1029
448	508	30.804	-120.	116.74	1153	0.10275
448	506	30.803	-120.	114.51	1153	0.1029
448	527	31.894	-120.	115.	1153	0.10287
449	508	30.804	-120.	116.74	1153	0.10275
449	527	31.894	-120.	115.	1153	0.10287
449	532	32.19	-120.	117.81	1153	0.10268
450	508	30.804	-120.	116.74	1153	0.10275
450	532	32.19	-120.	117.81	1153	0.10268
450	515	31.257	-120.	118.83	1153	0.10262
451	508	30.804	-120.	116.74	1153	0.10275
451	515	31.257	-120.	118.83	1153	0.10262
451	487	29.425	-120.	117.94	1153	0.10268
452	508	30.804	-120.	116.74	1153	0.10275
452	487	29.425	-120.	117.94	1153	0.10268
452	480	29.255	-120.	116.32	1153	0.10278
453	532	32.19	-120.	117.81	1153	0.10268
453	527	31.894	-120.	115.	1153	0.10287
453	555	33.96	-120.	115.92	1153	0.10281
454	480	29.255	-120.	116.32	1153	0.10278
454	477	28.754	-120.	113.62	1153	0.10296
454	506	30.803	-120.	114.51	1153	0.1029
455	487	29.425	-120.	117.94	1153	0.10268
455	515	31.257	-120.	118.83	1153	0.10262
455	491	29.497	-120.	120.69	1153	0.10251
456	466	27.921	-120.	96.479	1215	0.10382
456	441	24.832	-120.	93.474	1215	0.10386
456	431	23.352	-120.	95.976	1215	0.10383
457	67	-26.804	-120.	117.53	1253	0.10349
457	66	-26.814	-120.	115.45	1253	0.10362
457	93	-25.189	-120.	116.32	1253	0.10356
458	67	-26.804	-120.	117.53	1253	0.10349
458	93	-25.189	-120.	116.32	1253	0.10356
458	91	-25.359	-120.	117.94	1253	0.10346
459	67	-26.804	-120.	117.53	1253	0.10349
459	91	-25.359	-120.	117.94	1253	0.10346
459	60	-27.268	-120.	119.76	1253	0.10335
460	67	-26.804	-120.	117.53	1253	0.10349
460	60	-27.268	-120.	119.76	1253	0.10335
460	39	-28.244	-120.	119.26	1253	0.10338
461	67	-26.804	-120.	117.53	1253	0.10349
461	39	-28.244	-120.	119.26	1253	0.10338
461	46	-27.948	-120.	116.45	1253	0.10356
462	67	-26.804	-120.	117.53	1253	0.10349
462	46	-27.948	-120.	116.45	1253	0.10356
462	66	-26.814	-120.	115.45	1253	0.10362
463	60	-27.268	-120.	119.76	1253	0.10335
463	91	-25.359	-120.	117.94	1253	0.10346
463	88	-25.431	-120.	120.69	1253	0.10329
464	66	-26.814	-120.	115.45	1253	0.10362
464	100	-24.688	-120.	113.62	1253	0.10372
464	93	-25.189	-120.	116.32	1253	0.10356
465	46	-27.948	-120.	116.45	1253	0.10356
465	39	-28.244	-120.	119.26	1253	0.10338
465	16	-30.093	-120.	118.32	1253	0.10344
466	33	-28.882	-120.	111.23	1255	0.10384
466	61	-27.224	-120.	112.18	1255	0.10379
466	30	-29.43	-120.	114.03	1255	0.1037
467	13	-30.536	-120.	112.93	1255	0.10375
467	33	-28.882	-120.	111.23	1255	0.10384
467	30	-29.43	-120.	114.03	1255	0.1037
468	13	-30.536	-120.	112.93	1255	0.10375
468	30	-29.43	-120.	114.03	1255	0.1037
468	11	-30.578	-120.	114.99	1255	0.10364
469	13	-30.536	-120.	112.93	1255	0.10375
469	11	-30.578	-120.	114.99	1255	0.10364
469	4	-32.421	-120.	113.97	1255	0.10369
470	13	-30.536	-120.	112.93	1255	0.10375
470	4	-32.421	-120.	113.97	1255	0.10369
470	5	-32.159	-120.	112.62	1255	0.10376
471	13	-30.536	-120.	112.93	1255	0.10375
471	5	-32.159	-120.	112.62	1255	0.10376
471	22	-29.748	-120.	110.74	1255	0.10386
472	13	-30.536	-120.	112.93	1255	0.10375
472	22	-29.748	-120.	110.74	1255	0.10386
472	33	-28.882	-120.	111.23	1255	0.10384
473	4	-32.421	-120.	113.97	1255	0.10369
473	11	-30.578	-120.	114.99	1255	0.10364
473	1	-32.805	-120.	116.88	1255	0.10352
474	5	-32.159	-120.	112.62	1255	0.10376
474	7	-31.417	-120.	109.78	1255	0.1039
474	22	-29.748	-120.	110.74	1255	0.10386
475	381	17.43	-120.	91.87	1256	0.10383
475	392	18.881	-120.	89.348	1256	0.1038
475	364	14.983	-120.	87.508	1256	0.10372
476	81	-26.046	-120.	131.25	1264	0.1026
476	94	-25.087	-120.	131.	1264	0.10262
476	72	-26.322	-120.	130.55	1264	0.10265
477	49	-27.864	-120.	131.72	1264	0.10258
477	41	-28.225	-120.	133.31	1264	0.10249
477	10	-30.643	-120.	132.48	1264	0.10254
478	49	-27.864	-120.	131.72	1264	0.10258
478	10	-30.643	-120.	132.48	1264	0.10254
478	35	-28.656	-120.	129.72	1264	0.1027
479	49	-27.864	-120.	131.72	1264	0.10258
479	35	-28.656	-120.	129.72	1264	0.1027
479	72	-26.322	-120.	130.55	1264	0.10265
480	49	-27.864	-120.	131.72	1264	0.10258
480	72	-26.322	-120.	130.55	1264	0.10265
480	81	-26.046	-120.	131.25	1264	0.1026
481	49	-27.864	-120.	131.72	1264	0.10258
481	81	-26.046	-120.	131.25	1264	0.1026
481	58	-27.289	-120.	133.05	1264	0.1025
482	49	-27.864	-120.	131.72	1264	0.10258
482	58	-27.289	-120.	133.05	1264	0.1025
482	41	-28.225	-120.	133.31	1264	0.10249
483	64	-26.981	-120.	133.72	1264	0.10247
483	58	-27.289	-120.	133.05	1264	0.1025
483	41	-28.225	-120.	133.31	1264	0.10249
484	87	-25.462	-120.	132.56	1264	0.10253
484	101	-24.589	-120.	134.53	1264	0.10242
484	115	-22.777	-120.	131.8	1264	0.10257
485	87	-25.462	-120.	132.56	1264	0.10253
485	115	-22.777	-120.	131.8	1264	0.10257
485	94	-25.087	-120.	131.	1264	0.10262
486	87	-25.462	-120.	132.56	1264	0.10253
486	94	-25.087	-120.	131.	1264	0.10262
486	81	-26.046	-120.	131.25	1264	0.1026
487	87	-25.462	-120.	132.56	1264	0.10253
487	81	-26.046	-120.	131.25	1264	0.1026
487	58	-27.289	-120.	133.05	1264	0.1025
488	87	-25.462	-120.	132.56	1264	0.10253
488	58	-27.289	-120.	133.05	1264	0.1025
488	64	-26.981	-120.	133.72	1264	0.10247
489	87	-25.462	-120.	132.56	1264	0.10253
489	64	-26.981	-120.	133.72	1264	0.10247
489	101	-24.589	-120.	134.53	1264	0.10242
490	184	-14.334	-120.	145.42	1276	0.1021
490	186	-13.704	-120.	145.83	1276	0.1021
490	191	-13.215	-120.	145.	1276	0.1021
491	173	-16.43	-120.	146.22	1276	0.10211
491	152	-19.63	-120.	147.46	1276	0.1021
491	181	-14.63	-120.	147.4	1276	0.10212
492	173	-16.43	-120.	146.22	1276	0.10211
492	181	-14.63	-120.	147.4	1276	0.10212
492	186	-13.704	-120.	145.83	1276	0.1021
493	173	-16.43	-120.	146.22	1276	0.10211
493	186	-13.704	-120.	145.83	1276	0.1021
493	184	-14.334	-120.	145.42	1276	0.1021
494	173	-16.43	-120.	146.22	1276	0.10211
494	184	-14.334	-120.	145.42	1276	0.1021
494	168	-17.598	-120.	145.4	1276	0.10211
495	173	-16.43	-120.	146.22	1276	0.10211
495	168	-17.598	-120.	145.4	1276	0.10211
495	160	-18.684	-120.	145.81	1276	0.10211
496	173	-16.43	-120.	146.22	1276	0.10211
496	160	-18.684	-120.	145.81	1276	0.10211
496	152	-19.63	-120.	147.46	1276	0.1021
497	179	-15.481	-120.	144.59	1276	0.10211
497	169	-17.251	-120.	143.32	1276	0.10212
497	197	-12.295	-120.	143.44	1276	0.10209
498	179	-15.481	-120.	144.59	1276	0.10211
498	197	-12.295	-120.	143.44	1276	0.10209
498	191	-13.215	-120.	145.	1276	0.1021
499	179	-15.481	-120.	144.59	1276	0.10211
499	191	-13.215	-120.	145.	1276	0.1021
499	184	-14.334	-120.	145.42	1276	0.1021
500	179	-15.481	-120.	144.59	1276	0.10211
500	184	-14.334	-120.	145.42	1276	0.1021
500	168	-17.598	-120.	145.4	1276	0.10211
501	179	-15.481	-120.	144.59	1276	0.10211
501	168	-17.598	-120.	145.4	1276	0.10211
501	164	-18.192	-120.	144.96	1276	0.10211
502	179	-15.481	-120.	144.59	1276	0.10211
502	164	-18.192	-120.	144.96	1276	0.10211
502	169	-17.251	-120.	143.32	1276	0.10212
503	168	-17.598	-120.	145.4	1276	0.10211
503	164	-18.192	-120.	144.96	1276	0.10211
503	160	-18.684	-120.	145.81	1276	0.10211
504	20	-29.906	-120.	105.74	1287	0.10404
504	7	-31.417	-120.	109.78	1287	0.1039
504	55	-27.388	-120.	107.17	1287	0.104
505	203	-11.708	-120.	147.15	1310	0.10211
505	191	-13.215	-120.	145.	1310	0.1021
505	211	-10.674	-120.	146.2	1310	0.1021
506	203	-11.708	-120.	147.15	1310	0.10211
506	211	-10.674	-120.	146.2	1310	0.1021
506	216	-9.7773	-120.	147.68	1310	0.10212
507	203	-11.708	-120.	147.15	1310	0.10211
507	216	-9.7773	-120.	147.68	1310	0.10212
507	209	-10.796	-120.	149.39	1310	0.10216
508	203	-11.708	-120.	147.15	1310	0.10211
508	209	-10.796	-120.	149.39	1310	0.10216
508	200	-12.084	-120.	148.78	1310	0.10214
509	203	-11.708	-120.	147.15	1310	0.10211
509	200	-12.084	-120.	148.78	1310	0.10214
509	186	-13.704	-120.	145.83	1310	0.1021
510	203	-11.708	-120.	147.15	1310	0.10211
510	186	-13.704	-120.	145.83	1310	0.1021
510	191	-13.215	-120.	145.	1310	0.1021
511	209	-10.796	-120.	149.39	1310	0.10216
511	216	-9.7773	-120.	147.68	1310	0.10212
511	226	-8.113	-120.	150.47	1310	0.10219
512	191	-13.215	-120.	145.	1310	0.1021
512	197	-12.295	-120.	143.44	1310	0.10209
512	211	-10.674	-120.	146.2	1310	0.1021
513	186	-13.704	-120.	145.83	1310	0.1021
513	200	-12.084	-120.	148.78	1310	0.10214
513	181	-14.63	-120.	147.4	1310	0.10212
514	288	1.8045	-120.	154.98	1350	0.10242
514	311	6.1077	-120.	154.74	1350	0.10241
514	296	3.2389	-120.	152.16	1350	0.10227
515	430	23.336	-120.	147.74	1355	0.10203
515	452	26.586	-120.	144.91	1355	0.10193
515	434	24.064	-120.	143.4	1355	0.1019
516	372	15.89	-120.	146.87	1362	0.10201
516	369	15.629	-120.	145.89	1362	0.10197
516	366	15.218	-120.	147.21	1362	0.10202
517	379	17.139	-120.	146.16	1362	0.10198
517	393	19.016	-120.	145.11	1362	0.10195
517	375	16.361	-120.	143.44	1362	0.10188
518	379	17.139	-120.	146.16	1362	0.10198
518	375	16.361	-120.	143.44	1362	0.10188
518	369	15.629	-120.	145.89	1362	0.10197
519	379	17.139	-120.	146.16	1362	0.10198
519	369	15.629	-120.	145.89	1362	0.10197
519	372	15.89	-120.	146.87	1362	0.10201
520	379	17.139	-120.	146.16	1362	0.10198
520	372	15.89	-120.	146.87	1362	0.10201
520	383	17.646	-120.	148.02	1362	0.10205
521	379	17.139	-120.	146.16	1362	0.10198
521	383	17.646	-120.	148.02	1362	0.10205
521	386	18.289	-120.	147.65	1362	0.10204
522	379	17.139	-120.	146.16	1362	0.10198
522	386	18.289	-120.	147.65	1362	0.10204
522	393	19.016	-120.	145.11	1362	0.10195
523	376	16.383	-120.	148.72	1362	0.10209
523	380	17.167	-120.	151.53	1362	0.10222
523	362	14.46	-120.	149.69	1362	0.10213
524	376	16.383	-120.	148.72	1362	0.10209
524	362	14.46	-120.	149.69	1362	0.10213
524	366	15.218	-120.	147.21	1362	0.10202
525	376	16.383	-120.	148.72	1362	0.10209
525	366	15.218	-120.	147.21	1362	0.10202
525	372	15.89	-120.	146.87	1362	0.10201
526	376	16.383	-120.	148.72	1362	0.10209
526	372	15.89	-120.	146.87	1362	0.10201
526	383	17.646	-120.	148.02	1362	0.10205
527	376	16.383	-120.	148.72	1362	0.10209
527	383	17.646	-120.	148.02	1362	0.10205
527	384	17.918	-120.	148.97	1362	0.10209
528	376	16.383	-120.	148.72	1362	0.10209
528	384	17.918	-120.	148.97	1362	0.10209
528	380	17.167	-120.	151.53	1362	0.10222
529	383	17.646	-120.	148.02	1362	0.10205
529	384	17.918	-120.	148.97	1362	0.10209
529	386	18.289	-120.	147.65	1362	0.10204
530	358	13.591	-120.	146.55	1363	0.10199
530	359	13.941	-120.	144.75	1363	0.10191
530	370	15.629	-120.	145.89	1363	0.10197
531	358	13.591	-120.	146.55	1363	0.10199
531	370	15.629	-120.	145.89	1363	0.10197
531	367	15.218	-120.	147.21	1363	0.10202
532	358	13.591	-120.	146.55	1363	0.10199
532	367	15.218	-120.	147.21	1363	0.10202
532	355	12.635	-120.	148.36	1363	0.10207
533	358	13.591	-120.	146.55	1363	0.10199
533	355	12.635	-120.	148.36	1363	0.10207
533	347	11.663	-120.	147.66	1363	0.10203
534	358	13.591	-120.	146.55	1363	0.10199
534	347	11.663	-120.	147.66	1363	0.10203
534	352	12.46	-120.	145.41	1363	0.10193
535	358	13.591	-120.	146.55	1363	0.10199
535	352	12.46	-120.	145.41	1363	0.10193
535	359	13.941	-120.	144.75	1363	0.10191
536	355	12.635	-120.	148.36	1363	0.10207
536	367	15.218	-120.	147.21	1363	0.10202
536	362	14.46	-120.	149.69	1363	0.10213
537	359	13.941	-120.	144.75	1363	0.10191
537	375	16.361	-120.	143.44	1363	0.10188
537	370	15.629	-120.	145.89	1363	0.10197
538	352	12.46	-120.	145.41	1363	0.10193
538	347	11.663	-120.	147.66	1363	0.10203
538	332	9.8655	-120.	146.33	1363	0.10196
539	172	-16.628	-120.	96.27	1435	0.10408
539	174	-16.334	-120.	97.294	1435	0.1041
539	176	-16.032	-120.	95.811	1435	0.10407
540	167	-17.726	-120.	97.196	1435	0.1041
540	153	-19.369	-120.	98.573	1435	0.10412
540	171	-16.855	-120.	100.05	1435	0.10414
541	167	-17.726	-120.	97.196	1435	0.1041
541	171	-16.855	-120.	100.05	1435	0.10414
541	174	-16.334	-120.	97.294	1435	0.1041
542	167	-17.726	-120.	97.196	1435	0.1041
542	174	-16.334	-120.	97.294	1435	0.1041
542	172	-16.628	-120.	96.27	1435	0.10408
543	167	-17.726	-120.	97.196	1435	0.1041
543	172	-16.628	-120.	96.27	1435	0.10408
543	162	-18.302	-120.	95.252	1435	0.10405
544	167	-17.726	-120.	97.196	1435	0.1041
544	162	-18.302	-120.	95.252	1435	0.10405
544	155	-18.865	-120.	95.735	1435	0.10407
545	167	-17.726	-120.	97.196	1435	0.1041
545	155	-18.865	-120.	95.735	1435	0.10407
545	153	-19.369	-120.	98.573	1435	0.10412
546	170	-17.191	-120.	94.333	1435	0.10402
546	165	-18.085	-120.	91.387	1435	0.10392
546	178	-15.485	-120.	93.018	1435	0.10397
547	170	-17.191	-120.	94.333	1435	0.10402
547	178	-15.485	-120.	93.018	1435	0.10397
547	176	-16.032	-120.	95.811	1435	0.10407
548	170	-17.191	-120.	94.333	1435	0.10402
548	176	-16.032	-120.	95.811	1435	0.10407
548	172	-16.628	-120.	96.27	1435	0.10408
549	170	-17.191	-120.	94.333	1435	0.10402
549	172	-16.628	-120.	96.27	1435	0.10408
549	162	-18.302	-120.	95.252	1435	0.10405
550	170	-17.191	-120.	94.333	1435	0.10402
550	162	-18.302	-120.	95.252	1435	0.10405
550	161	-18.611	-120.	94.262	1435	0.10403
551	170	-17.191	-120.	94.333	1435	0.10402
551	161	-18.611	-120.	94.262	1435	0.10403
551	165	-18.085	-120.	91.387	1435	0.10392
552	162	-18.302	-120.	95.252	1435	0.10405
552	161	-18.611	-120.	94.262	1435	0.10403
552	155	-18.865	-120.	95.735	1435	0.10407
553	183	-14.413	-120.	89.13	1437	0.10379
553	165	-18.085	-120.	91.387	1437	0.10392
553	178	-15.485	-120.	93.018	1437	0.10397
554	272	-0.59171	-120.	88.013	1449	0.10369
554	290	2.2612	-120.	87.855	1449	0.10369
554	285	1.3031	-120.	89.681	1449	0.10379
555	282	0.78947	-120.	85.044	1449	0.10352
555	298	3.7317	-120.	85.064	1449	0.10353
555	292	2.7559	-120.	86.903	1449	0.10363
556	280	0.51125	-120.	86.679	1449	0.10362
556	282	0.78947	-120.	85.044	1449	0.10352
556	292	2.7559	-120.	86.903	1449	0.10363
557	280	0.51125	-120.	86.679	1449	0.10362
557	292	2.7559	-120.	86.903	1449	0.10363
557	290	2.2612	-120.	87.855	1449	0.10369
558	280	0.51125	-120.	86.679	1449	0.10362
558	290	2.2612	-120.	87.855	1449	0.10369
558	272	-0.59171	-120.	88.013	1449	0.10369
559	280	0.51125	-120.	86.679	1449	0.10362
559	272	-0.59171	-120.	88.013	1449	0.10369
559	264	-1.5709	-120.	87.142	1449	0.10364
560	280	0.51125	-120.	86.679	1449	0.10362
560	264	-1.5709	-120.	87.142	1449	0.10364
560	273	-0.57654	-120.	85.119	1449	0.10352
561	280	0.51125	-120.	86.679	1449	0.10362
561	273	-0.57654	-120.	85.119	1449	0.10352
561	282	0.78947	-120.	85.044	1449	0.10352
562	253	-3.4987	-120.	85.463	1449	0.10354
562	273	-0.57654	-120.	85.119	1449	0.10352
562	264	-1.5709	-120.	87.142	1449	0.10364
563	327	9.1417	-120.	90.688	1451	0.10382
563	322	8.4091	-120.	90.519	1451	0.10381
563	329	9.39	-120.	91.764	1451	0.10385
564	325	8.6798	-120.	88.651	1451	0.10373
564	321	8.0152	-120.	85.538	1451	0.10358
564	313	6.5826	-120.	88.167	1451	0.10371
565	325	8.6798	-120.	88.651	1451	0.10373
565	313	6.5826	-120.	88.167	1451	0.10371
565	322	8.4091	-120.	90.519	1451	0.10381
566	325	8.6798	-120.	88.651	1451	0.10373
566	322	8.4091	-120.	90.519	1451	0.10381
566	327	9.1417	-120.	90.688	1451	0.10382
567	325	8.6798	-120.	88.651	1451	0.10373
567	327	9.1417	-120.	90.688	1451	0.10382
567	333	10.073	-120.	89.023	1451	0.10375
568	325	8.6798	-120.	88.651	1451	0.10373
568	333	10.073	-120.	89.023	1451	0.10375
568	330	9.8569	-120.	87.974	1451	0.10371
569	325	8.6798	-120.	88.651	1451	0.10373
569	330	9.8569	-120.	87.974	1451	0.10371
569	321	8.0152	-120.	85.538	1451	0.10358
570	337	10.526	-120.	91.072	1451	0.10382
570	353	12.589	-120.	91.638	1451	0.10383
570	343	11.174	-120.	94.093	1451	0.10391
571	337	10.526	-120.	91.072	1451	0.10382
571	343	11.174	-120.	94.093	1451	0.10391
571	329	9.39	-120.	91.764	1451	0.10385
572	337	10.526	-120.	91.072	1451	0.10382
572	329	9.39	-120.	91.764	1451	0.10385
572	327	9.1417	-120.	90.688	1451	0.10382
573	337	10.526	-120.	91.072	1451	0.10382
573	327	9.1417	-120.	90.688	1451	0.10382
573	333	10.073	-120.	89.023	1451	0.10375
574	337	10.526	-120.	91.072	1451	0.10382
574	333	10.073	-120.	89.023	1451	0.10375
574	339	10.786	-120.	89.228	1451	0.10376
575	337	10.526	-120.	91.072	1451	0.10382
575	339	10.786	-120.	89.228	1451	0.10376
575	353	12.589	-120.	91.638	1451	0.10383
576	333	10.073	-120.	89.023	1451	0.10375
576	339	10.786	-120.	89.228	1451	0.10376
576	330	9.8569	-120.	87.974	1451	0.10371
577	516	31.257	-120.	118.83	1455	0.10262
577	537	32.231	-120.	118.57	1455	0.10264
577	533	32.19	-120.	117.81	1455	0.10268
578	559	34.106	-120.	119.51	1455	0.10258
578	560	34.106	-120.	120.25	1455	0.10253
578	568	35.062	-120.	119.27	1455	0.10259
579	558	34.076	-120.	118.07	1455	0.10267
579	533	32.19	-120.	117.81	1455	0.10268
579	555	33.96	-120.	115.92	1455	0.10281
580	558	34.076	-120.	118.07	1455	0.10267
580	555	33.96	-120.	115.92	1455	0.10281
580	575	36.909	-120.	117.34	1455	0.10271
581	558	34.076	-120.	118.07	1455	0.10267
581	575	36.909	-120.	117.34	1455	0.10271
581	568	35.062	-120.	119.27	1455	0.10259
582	558	34.076	-120.	118.07	1455	0.10267
582	568	35.062	-120.	119.27	1455	0.10259
582	559	34.106	-120.	119.51	1455	0.10258
583	558	34.076	-120.	118.07	1455	0.10267
583	559	34.106	-120.	119.51	1455	0.10258
583	537	32.231	-120.	118.57	1455	0.10264
584	558	34.076	-120.	118.07	1455	0.10267
584	537	32.231	-120.	118.57	1455	0.10264
584	533	32.19	-120.	117.81	1455	0.10268
585	538	32.245	-120.	120.	1455	0.10255
585	560	34.106	-120.	120.25	1455	0.10253
585	539	32.274	-120.	122.15	1455	0.10242
586	538	32.245	-120.	120.	1455	0.10255
586	539	32.274	-120.	122.15	1455	0.10242
586	491	29.497	-120.	120.69	1455	0.10251
587	538	32.245	-120.	120.	1455	0.10255
587	491	29.497	-120.	120.69	1455	0.10251
587	516	31.257	-120.	118.83	1455	0.10262
588	538	32.245	-120.	120.	1455	0.10255
588	516	31.257	-120.	118.83	1455	0.10262
588	537	32.231	-120.	118.57	1455	0.10264
589	538	32.245	-120.	120.	1455	0.10255
589	537	32.231	-120.	118.57	1455	0.10264
589	559	34.106	-120.	119.51	1455	0.10258
590	538	32.245	-120.	120.	1455	0.10255
590	559	34.106	-120.	119.51	1455	0.10258
590	560	34.106	-120.	120.25	1455	0.10253
591	523	31.753	-120.	114.26	1519	0.10292
591	507	30.803	-120.	114.51	1519	0.1029
591	528	31.894	-120.	115.	1519	0.10287
592	518	31.423	-120.	112.87	1519	0.10301
592	511	30.932	-120.	110.76	1519	0.10315
592	477	28.754	-120.	113.62	1519	0.10296
593	518	31.423	-120.	112.87	1519	0.10301
593	477	28.754	-120.	113.62	1519	0.10296
593	507	30.803	-120.	114.51	1519	0.1029
594	518	31.423	-120.	112.87	1519	0.10301
594	507	30.803	-120.	114.51	1519	0.1029
594	523	31.753	-120.	114.26	1519	0.10292
595	518	31.423	-120.	112.87	1519	0.10301
595	523	31.753	-120.	114.26	1519	0.10292
595	548	33.238	-120.	112.39	1519	0.10304
596	518	31.423	-120.	112.87	1519	0.10301
596	548	33.238	-120.	112.39	1519	0.10304
596	545	33.06	-120.	111.67	1519	0.10309
597	518	31.423	-120.	112.87	1519	0.10301
597	545	33.06	-120.	111.67	1519	0.10309
597	511	30.932	-120.	110.76	1519	0.10315
598	551	33.555	-120.	113.8	1519	0.10295
598	573	36.317	-120.	113.07	1519	0.10299
598	555	33.96	-120.	115.92	1519	0.10281
599	551	33.555	-120.	113.8	1519	0.10295
599	555	33.96	-120.	115.92	1519	0.10281
599	528	31.894	-120.	115.	1519	0.10287
600	551	33.555	-120.	113.8	1519	0.10295
600	528	31.894	-120.	115.	1519	0.10287
600	523	31.753	-120.	114.26	1519	0.10292
601	551	33.555	-120.	113.8	1519	0.10295
601	523	31.753	-120.	114.26	1519	0.10292
601	548	33.238	-120.	112.39	1519	0.10304
602	551	33.555	-120.	113.8	1519	0.10295
602	548	33.238	-120.	112.39	1519	0.10304
602	563	34.168	-120.	112.14	1519	0.10305
603	551	33.555	-120.	113.8	1519	0.10295
603	563	34.168	-120.	112.14	1519	0.10305
603	573	36.317	-120.	113.07	1519	0.10299
604	548	33.238	-120.	112.39	1519	0.10304
604	563	34.168	-120.	112.14	1519	0.10305
604	545	33.06	-120.	111.67	1519	0.10309
605	544	33.06	-120.	111.67	1521	0.10309
605	511	30.932	-120.	110.76	1521	0.10315
605	535	32.207	-120.	108.95	1521	0.10326
606	553	33.855	-120.	109.98	1521	0.10319
606	544	33.06	-120.	111.67	1521	0.10309
606	535	32.207	-120.	108.95	1521	0.10326
607	553	33.855	-120.	109.98	1521	0.10319
607	535	32.207	-120.	108.95	1521	0.10326
607	543	32.875	-120.	108.	1521	0.10332
608	553	33.855	-120.	109.98	1521	0.10319
608	543	32.875	-120.	108.	1521	0.10332
608	569	35.206	-120.	108.91	1521	0.10326
609	553	33.855	-120.	109.98	1521	0.10319
609	569	35.206	-120.	108.91	1521	0.10326
609	571	35.614	-120.	110.21	1521	0.10318
610	553	33.855	-120.	109.98	1521	0.10319
610	571	35.614	-120.	110.21	1521	0.10318
610	562	34.168	-120.	112.14	1521	0.10305
611	553	33.855	-120.	109.98	1521	0.10319
611	562	34.168	-120.	112.14	1521	0.10305
611	544	33.06	-120.	111.67	1521	0.10309
612	569	35.206	-120.	108.91	1521	0.10326
612	543	32.875	-120.	108.	1521	0.10332
612	561	34.155	-120.	106.16	1521	0.10342
613	571	35.614	-120.	110.21	1521	0.10318
613	573	36.317	-120.	113.07	1521	0.10299
613	562	34.168	-120.	112.14	1521	0.10305
614	461	27.302	-120.	105.87	1528	0.10345
614	464	27.85	-120.	104.3	1528	0.10353
614	482	29.263	-120.	106.75	1528	0.10339
615	461	27.302	-120.	105.87	1528	0.10345
615	482	29.263	-120.	106.75	1528	0.10339
615	475	28.622	-120.	107.7	1528	0.10334
616	461	27.302	-120.	105.87	1528	0.10345
616	475	28.622	-120.	107.7	1528	0.10334
616	448	26.217	-120.	106.97	1528	0.10338
617	461	27.302	-120.	105.87	1528	0.10345
617	448	26.217	-120.	106.97	1528	0.10338
617	443	25.406	-120.	105.57	1528	0.10347
618	461	27.302	-120.	105.87	1528	0.10345
618	443	25.406	-120.	105.57	1528	0.10347
618	451	26.451	-120.	103.94	1528	0.10355
619	461	27.302	-120.	105.87	1528	0.10345
619	451	26.451	-120.	103.94	1528	0.10355
619	464	27.85	-120.	104.3	1528	0.10353
620	448	26.217	-120.	106.97	1528	0.10338
620	475	28.622	-120.	107.7	1528	0.10334
620	462	27.402	-120.	109.46	1528	0.10323
621	464	27.85	-120.	104.3	1528	0.10353
621	499	30.485	-120.	104.97	1528	0.10349
621	482	29.263	-120.	106.75	1528	0.10339
622	451	26.451	-120.	103.94	1528	0.10355
622	443	25.406	-120.	105.57	1528	0.10347
622	432	23.847	-120.	103.3	1528	0.10359
623	353	12.589	-120.	91.638	1530	0.10383
623	340	10.786	-120.	89.228	1530	0.10376
623	357	13.535	-120.	90.005	1530	0.10379
624	321	8.0152	-120.	85.538	1530	0.10358
624	341	10.891	-120.	86.162	1530	0.10363
624	331	9.8569	-120.	87.974	1530	0.10371
625	364	14.983	-120.	87.508	1530	0.10372
625	360	14.027	-120.	89.153	1530	0.10376
625	350	12.207	-120.	86.534	1530	0.10366
626	348	11.884	-120.	88.176	1530	0.10372
626	357	13.535	-120.	90.005	1530	0.10379
626	340	10.786	-120.	89.228	1530	0.10376
627	348	11.884	-120.	88.176	1530	0.10372
627	340	10.786	-120.	89.228	1530	0.10376
627	331	9.8569	-120.	87.974	1530	0.10371
628	348	11.884	-120.	88.176	1530	0.10372
628	331	9.8569	-120.	87.974	1530	0.10371
628	341	10.891	-120.	86.162	1530	0.10363
629	348	11.884	-120.	88.176	1530	0.10372
629	341	10.891	-120.	86.162	1530	0.10363
629	350	12.207	-120.	86.534	1530	0.10366
630	348	11.884	-120.	88.176	1530	0.10372
630	350	12.207	-120.	86.534	1530	0.10366
630	360	14.027	-120.	89.153	1530	0.10376
631	348	11.884	-120.	88.176	1530	0.10372
631	360	14.027	-120.	89.153	1530	0.10376
631	357	13.535	-120.	90.005	1530	0.10379
632	371	15.86	-120.	93.118	1531	0.10385
632	374	16.06	-120.	94.294	1531	0.10386
632	378	16.533	-120.	93.457	1531	0.10385
633	363	14.571	-120.	92.538	1531	0.10385
633	353	12.589	-120.	91.638	1531	0.10383
633	365	15.169	-120.	95.872	1531	0.10388
634	363	14.571	-120.	92.538	1531	0.10385
634	365	15.169	-120.	95.872	1531	0.10388
634	374	16.06	-120.	94.294	1531	0.10386
635	363	14.571	-120.	92.538	1531	0.10385
635	374	16.06	-120.	94.294	1531	0.10386
635	371	15.86	-120.	93.118	1531	0.10385
636	363	14.571	-120.	92.538	1531	0.10385
636	371	15.86	-120.	93.118	1531	0.10385
636	361	14.21	-120.	90.302	1531	0.1038
637	363	14.571	-120.	92.538	1531	0.10385
637	361	14.21	-120.	90.302	1531	0.1038
637	357	13.535	-120.	90.005	1531	0.10379
638	363	14.571	-120.	92.538	1531	0.10385
638	357	13.535	-120.	90.005	1531	0.10379
638	353	12.589	-120.	91.638	1531	0.10383
639	368	15.507	-120.	90.901	1531	0.10381
639	364	14.983	-120.	87.508	1531	0.10372
639	381	17.43	-120.	91.87	1531	0.10383
640	368	15.507	-120.	90.901	1531	0.10381
640	381	17.43	-120.	91.87	1531	0.10383
640	378	16.533	-120.	93.457	1531	0.10385
641	368	15.507	-120.	90.901	1531	0.10381
641	378	16.533	-120.	93.457	1531	0.10385
641	371	15.86	-120.	93.118	1531	0.10385
642	368	15.507	-120.	90.901	1531	0.10381
642	371	15.86	-120.	93.118	1531	0.10385
642	361	14.21	-120.	90.302	1531	0.1038
643	368	15.507	-120.	90.901	1531	0.10381
643	361	14.21	-120.	90.302	1531	0.1038
643	360	14.027	-120.	89.153	1531	0.10376
644	368	15.507	-120.	90.901	1531	0.10381
644	360	14.027	-120.	89.153	1531	0.10376
644	364	14.983	-120.	87.508	1531	0.10372
645	361	14.21	-120.	90.302	1531	0.1038
645	360	14.027	-120.	89.153	1531	0.10376
645	357	13.535	-120.	90.005	1531	0.10379
646	432	23.847	-120.	103.3	1544	0.10359
646	444	25.409	-120.	100.72	1544	0.1037
646	407	20.921	-120.	100.05	1544	0.10374
647	449	26.403	-120.	99.043	1546	0.10375
647	468	28.095	-120.	101.35	1546	0.10367
647	444	25.409	-120.	100.72	1546	0.1037
648	501	30.617	-120.	99.84	1546	0.10372
648	536	32.209	-120.	102.31	1546	0.10362
648	489	29.49	-120.	101.66	1546	0.10365
649	472	28.556	-120.	99.8	1546	0.10373
649	501	30.617	-120.	99.84	1546	0.10372
649	489	29.49	-120.	101.66	1546	0.10365
650	472	28.556	-120.	99.8	1546	0.10373
650	489	29.49	-120.	101.66	1546	0.10365
650	468	28.095	-120.	101.35	1546	0.10367
651	472	28.556	-120.	99.8	1546	0.10373
651	468	28.095	-120.	101.35	1546	0.10367
651	449	26.403	-120.	99.043	1546	0.10375
652	472	28.556	-120.	99.8	1546	0.10373
652	449	26.403	-120.	99.043	1546	0.10375
652	459	26.924	-120.	98.172	1546	0.10378
653	472	28.556	-120.	99.8	1546	0.10373
653	459	26.924	-120.	98.172	1546	0.10378
653	496	29.807	-120.	98.737	1546	0.10376
654	472	28.556	-120.	99.8	1546	0.10373
654	496	29.807	-120.	98.737	1546	0.10376
654	501	30.617	-120.	99.84	1546	0.10372
655	466	27.921	-120.	96.479	1546	0.10382
655	496	29.807	-120.	98.737	1546	0.10376
655	459	26.924	-120.	98.172	1546	0.10378
656	428	22.931	-120.	98.116	1547	0.10379
656	423	22.388	-120.	97.593	1547	0.1038
656	419	21.882	-120.	98.448	1547	0.10378
657	433	23.908	-120.	99.146	1547	0.10376
657	449	26.403	-120.	99.043	1547	0.10375
657	444	25.409	-120.	100.72	1547	0.1037
658	433	23.908	-120.	99.146	1547	0.10376
658	444	25.409	-120.	100.72	1547	0.1037
658	407	20.921	-120.	100.05	1547	0.10374
659	433	23.908	-120.	99.146	1547	0.10376
659	407	20.921	-120.	100.05	1547	0.10374
659	419	21.882	-120.	98.448	1547	0.10378
660	433	23.908	-120.	99.146	1547	0.10376
660	419	21.882	-120.	98.448	1547	0.10378
660	428	22.931	-120.	98.116	1547	0.10379
661	433	23.908	-120.	99.146	1547	0.10376
661	428	22.931	-120.	98.116	1547	0.10379
661	447	25.899	-120.	98.502	1547	0.10377
662	433	23.908	-120.	99.146	1547	0.10376
662	447	25.899	-120.	98.502	1547	0.10377
662	449	26.403	-120.	99.043	1547	0.10375
663	459	26.924	-120.	98.172	1547	0.10378
663	447	25.899	-120.	98.502	1547	0.10377
663	449	26.403	-120.	99.043	1547	0.10375
664	442	24.902	-120.	97.473	1547	0.1038
664	466	27.921	-120.	96.479	1547	0.10382
664	431	23.352	-120.	95.976	1547	0.10383
665	442	24.902	-120.	97.473	1547	0.1038
665	431	23.352	-120.	95.976	1547	0.10383
665	423	22.388	-120.	97.593	1547	0.1038
666	442	24.902	-120.	97.473	1547	0.1038
666	423	22.388	-120.	97.593	1547	0.1038
666	428	22.931	-120.	98.116	1547	0.10379
667	442	24.902	-120.	97.473	1547	0.1038
667	428	22.931	-120.	98.116	1547	0.10379
667	447	25.899	-120.	98.502	1547	0.10377
668	442	24.902	-120.	97.473	1547	0.1038
668	447	25.899	-120.	98.502	1547	0.10377
668	459	26.924	-120.	98.172	1547	0.10378
669	442	24.902	-120.	97.473	1547	0.1038
669	459	26.924	-120.	98.172	1547	0.10378
669	466	27.921	-120.	96.479	1547	0.10382
670	395	19.847	-120.	97.24	1566	0.10382
670	418	21.882	-120.	98.448	1566	0.10378
670	391	18.828	-120.	98.263	1566	0.10381
671	395	19.847	-120.	97.24	1566	0.10382
671	391	18.828	-120.	98.263	1566	0.10381
671	382	17.516	-120.	97.31	1566	0.10384
672	395	19.847	-120.	97.24	1566	0.10382
672	382	17.516	-120.	97.31	1566	0.10384
672	389	18.369	-120.	95.895	1566	0.10385
673	395	19.847	-120.	97.24	1566	0.10382
673	389	18.369	-120.	95.895	1566	0.10385
673	402	20.101	-120.	95.931	1566	0.10384
674	395	19.847	-120.	97.24	1566	0.10382
674	402	20.101	-120.	95.931	1566	0.10384
674	422	22.388	-120.	97.593	1566	0.1038
675	395	19.847	-120.	97.24	1566	0.10382
675	422	22.388	-120.	97.593	1566	0.1038
675	418	21.882	-120.	98.448	1566	0.10378
676	389	18.369	-120.	95.895	1566	0.10385
676	382	17.516	-120.	97.31	1566	0.10384
676	365	15.169	-120.	95.872	1566	0.10388
677	418	21.882	-120.	98.448	1566	0.10378
677	407	20.921	-120.	100.05	1566	0.10374
677	391	18.828	-120.	98.263	1566	0.10381
678	422	22.388	-120.	97.593	1566	0.1038
678	402	20.101	-120.	95.931	1566	0.10384
678	431	23.352	-120.	95.976	1566	0.10383
679	439	24.656	-120.	135.59	1581	0.10188
679	479	29.242	-120.	133.19	1581	0.10193
679	456	26.843	-120.	131.8	1581	0.10197
680	460	27.061	-120.	136.97	1582	0.10187
680	479	29.242	-120.	133.19	1582	0.10193
680	439	24.656	-120.	135.59	1582	0.10188
681	539	32.274	-120.	122.15	1583	0.10242
681	491	29.497	-120.	120.69	1583	0.10251
681	478	29.04	-120.	125.04	1583	0.10226
682	556	34.028	-120.	123.11	1585	0.10236
682	539	32.274	-120.	122.15	1585	0.10242
682	560	34.106	-120.	120.25	1585	0.10253
683	570	35.354	-120.	121.36	1585	0.10246
683	556	34.028	-120.	123.11	1585	0.10236
683	560	34.106	-120.	120.25	1585	0.10253
684	570	35.354	-120.	121.36	1585	0.10246
684	560	34.106	-120.	120.25	1585	0.10253
684	568	35.062	-120.	119.27	1585	0.10259
685	570	35.354	-120.	121.36	1585	0.10246
685	568	35.062	-120.	119.27	1585	0.10259
685	577	37.01	-120.	120.28	1585	0.10253
686	570	35.354	-120.	121.36	1585	0.10246
686	577	37.01	-120.	120.28	1585	0.10253
686	576	36.972	-120.	121.65	1585	0.10245
687	570	35.354	-120.	121.36	1585	0.10246
687	576	36.972	-120.	121.65	1585	0.10245
687	566	34.943	-120.	123.6	1585	0.10233
688	570	35.354	-120.	121.36	1585	0.10246
688	566	34.943	-120.	123.6	1585	0.10233
688	556	34.028	-120.	123.11	1585	0.10236
689	577	37.01	-120.	120.28	1585	0.10253
689	568	35.062	-120.	119.27	1585	0.10259
689	575	36.909	-120.	117.34	1585	0.10271
690	576	36.972	-120.	121.65	1585	0.10245
690	574	36.709	-120.	124.58	1585	0.10229
690	566	34.943	-120.	123.6	1585	0.10233
691	524	31.758	-120.	125.71	1588	0.10222
691	503	30.725	-120.	125.95	1588	0.10221
691	519	31.619	-120.	126.45	1588	0.10219
692	552	33.712	-120.	125.26	1588	0.10225
692	565	34.943	-120.	123.6	1588	0.10233
692	574	36.709	-120.	124.58	1588	0.10229
693	552	33.712	-120.	125.26	1588	0.10225
693	574	36.709	-120.	124.58	1588	0.10229
693	549	33.314	-120.	127.38	1588	0.10214
694	552	33.712	-120.	125.26	1588	0.10225
694	549	33.314	-120.	127.38	1588	0.10214
694	519	31.619	-120.	126.45	1588	0.10219
695	552	33.712	-120.	125.26	1588	0.10225
695	519	31.619	-120.	126.45	1588	0.10219
695	524	31.758	-120.	125.71	1588	0.10222
696	552	33.712	-120.	125.26	1588	0.10225
696	524	31.758	-120.	125.71	1588	0.10222
696	554	33.93	-120.	123.84	1588	0.10232
697	552	33.712	-120.	125.26	1588	0.10225
697	554	33.93	-120.	123.84	1588	0.10232
697	565	34.943	-120.	123.6	1588	0.10233
698	557	34.028	-120.	123.11	1588	0.10236
698	554	33.93	-120.	123.84	1588	0.10232
698	565	34.943	-120.	123.6	1588	0.10233
699	530	31.959	-120.	124.3	1588	0.10229
699	539	32.274	-120.	122.15	1588	0.10242
699	478	29.04	-120.	125.04	1588	0.10226
700	530	31.959	-120.	124.3	1588	0.10229
700	478	29.04	-120.	125.04	1588	0.10226
700	503	30.725	-120.	125.95	1588	0.10221
701	530	31.959	-120.	124.3	1588	0.10229
701	503	30.725	-120.	125.95	1588	0.10221
701	524	31.758	-120.	125.71	1588	0.10222
702	530	31.959	-120.	124.3	1588	0.10229
702	524	31.758	-120.	125.71	1588	0.10222
702	554	33.93	-120.	123.84	1588	0.10232
703	530	31.959	-120.	124.3	1588	0.10229
703	554	33.93	-120.	123.84	1588	0.10232
703	557	34.028	-120.	123.11	1588	0.10236
704	530	31.959	-120.	124.3	1588	0.10229
704	557	34.028	-120.	123.11	1588	0.10236
704	539	32.274	-120.	122.15	1588	0.10242
705	549	33.314	-120.	127.38	1589	0.10214
705	572	35.883	-120.	128.81	1589	0.10209
705	574	36.709	-120.	124.58	1589	0.10229
706	495	29.794	-120.	128.1	1591	0.10211
706	470	28.397	-120.	127.71	1591	0.10213
706	502	30.725	-120.	125.95	1591	0.10221
707	495	29.794	-120.	128.1	1591	0.10211
707	502	30.725	-120.	125.95	1591	0.10221
707	520	31.619	-120.	126.45	1591	0.10219
708	495	29.794	-120.	128.1	1591	0.10211
708	520	31.619	-120.	126.45	1591	0.10219
708	505	30.745	-120.	129.14	1591	0.10207
709	495	29.794	-120.	128.1	1591	0.10211
709	505	30.745	-120.	129.14	1591	0.10207
709	485	29.384	-120.	130.08	1591	0.10203
710	495	29.794	-120.	128.1	1591	0.10211
710	485	29.384	-120.	130.08	1591	0.10203
710	465	27.896	-120.	129.26	1591	0.10207
711	495	29.794	-120.	128.1	1591	0.10211
711	465	27.896	-120.	129.26	1591	0.10207
711	470	28.397	-120.	127.71	1591	0.10213
712	505	30.745	-120.	129.14	1591	0.10207
712	520	31.619	-120.	126.45	1591	0.10219
712	549	33.314	-120.	127.38	1591	0.10214
713	470	28.397	-120.	127.71	1591	0.10213
713	478	29.04	-120.	125.04	1591	0.10226
713	502	30.725	-120.	125.95	1591	0.10221
714	465	27.896	-120.	129.26	1591	0.10207
714	485	29.384	-120.	130.08	1591	0.10203
714	456	26.843	-120.	131.8	1591	0.10197
715	500	30.508	-120.	129.85	1592	0.10204
715	504	30.745	-120.	129.14	1592	0.10207
715	484	29.384	-120.	130.08	1592	0.10203
716	540	32.636	-120.	129.42	1592	0.10206
716	572	35.883	-120.	128.81	1592	0.10209
716	549	33.314	-120.	127.38	1592	0.10214
717	540	32.636	-120.	129.42	1592	0.10206
717	549	33.314	-120.	127.38	1592	0.10214
717	504	30.745	-120.	129.14	1592	0.10207
718	540	32.636	-120.	129.42	1592	0.10206
718	504	30.745	-120.	129.14	1592	0.10207
718	500	30.508	-120.	129.85	1592	0.10204
719	540	32.636	-120.	129.42	1592	0.10206
719	500	30.508	-120.	129.85	1592	0.10204
719	531	32.136	-120.	130.77	1592	0.10201
720	540	32.636	-120.	129.42	1592	0.10206
720	531	32.136	-120.	130.77	1592	0.10201
720	547	33.229	-120.	130.57	1592	0.10202
721	540	32.636	-120.	129.42	1592	0.10206
721	547	33.229	-120.	130.57	1592	0.10202
721	572	35.883	-120.	128.81	1592	0.10209
722	497	29.996	-120.	131.19	1592	0.10199
722	479	29.242	-120.	133.19	1592	0.10193
722	456	26.843	-120.	131.8	1592	0.10197
723	497	29.996	-120.	131.19	1592	0.10199
723	456	26.843	-120.	131.8	1592	0.10197
723	484	29.384	-120.	130.08	1592	0.10203
724	497	29.996	-120.	131.19	1592	0.10199
724	484	29.384	-120.	130.08	1592	0.10203
724	500	30.508	-120.	129.85	1592	0.10204
725	497	29.996	-120.	131.19	1592	0.10199
725	500	30.508	-120.	129.85	1592	0.10204
725	531	32.136	-120.	130.77	1592	0.10201
726	497	29.996	-120.	131.19	1592	0.10199
726	531	32.136	-120.	130.77	1592	0.10201
726	525	31.866	-120.	131.46	1592	0.10198
727	497	29.996	-120.	131.19	1592	0.10199
727	525	31.866	-120.	131.46	1592	0.10198
727	479	29.242	-120.	133.19	1592	0.10193
728	531	32.136	-120.	130.77	1592	0.10201
728	525	31.866	-120.	131.46	1592	0.10198
728	547	33.229	-120.	130.57	1592	0.10202
729	494	29.577	-120.	107.44	1594	0.10335
729	481	29.263	-120.	106.75	1594	0.10339
729	474	28.622	-120.	107.7	1594	0.10334
730	517	31.382	-120.	106.93	1594	0.10338
730	561	34.155	-120.	106.16	1594	0.10342
730	499	30.485	-120.	104.97	1594	0.10349
731	517	31.382	-120.	106.93	1594	0.10338
731	499	30.485	-120.	104.97	1594	0.10349
731	481	29.263	-120.	106.75	1594	0.10339
732	517	31.382	-120.	106.93	1594	0.10338
732	481	29.263	-120.	106.75	1594	0.10339
732	494	29.577	-120.	107.44	1594	0.10335
733	517	31.382	-120.	106.93	1594	0.10338
733	494	29.577	-120.	107.44	1594	0.10335
733	529	31.935	-120.	108.26	1594	0.1033
734	517	31.382	-120.	106.93	1594	0.10338
734	529	31.935	-120.	108.26	1594	0.1033
734	542	32.875	-120.	108.	1594	0.10332
735	517	31.382	-120.	106.93	1594	0.10338
735	542	32.875	-120.	108.	1594	0.10332
735	561	34.155	-120.	106.16	1594	0.10342
736	498	30.113	-120.	108.76	1594	0.10327
736	511	30.932	-120.	110.76	1594	0.10315
736	462	27.402	-120.	109.46	1594	0.10323
737	498	30.113	-120.	108.76	1594	0.10327
737	462	27.402	-120.	109.46	1594	0.10323
737	474	28.622	-120.	107.7	1594	0.10334
738	498	30.113	-120.	108.76	1594	0.10327
738	474	28.622	-120.	107.7	1594	0.10334
738	494	29.577	-120.	107.44	1594	0.10335
739	498	30.113	-120.	108.76	1594	0.10327
739	494	29.577	-120.	107.44	1594	0.10335
739	529	31.935	-120.	108.26	1594	0.1033
740	498	30.113	-120.	108.76	1594	0.10327
740	529	31.935	-120.	108.26	1594	0.1033
740	534	32.207	-120.	108.95	1594	0.10326
741	498	30.113	-120.	108.76	1594	0.10327
741	534	32.207	-120.	108.95	1594	0.10326
741	511	30.932	-120.	110.76	1594	0.10315
742	529	31.935	-120.	108.26	1594	0.1033
742	534	32.207	-120.	108.95	1594	0.10326
742	542	32.875	-120.	108.	1594	0.10332
743	477	28.754	-120.	113.62	1595	0.10296
743	511	30.932	-120.	110.76	1595	0.10315
743	462	27.402	-120.	109.46	1595	0.10323
744	561	34.155	-120.	106.16	1598	0.10342
744	536	32.209	-120.	102.31	1598	0.10362
744	499	30.485	-120.	104.97	1598	0.10349
745	107	-23.785	-120.	100.93	1649	0.10412
745	110	-23.545	-120.	96.143	1649	0.10408
745	73	-26.285	-120.	99.47	1649	0.10412
746	136	-21.358	-120.	102.37	1650	0.10411
746	130	-21.726	-120.	101.28	1650	0.10412
746	123	-22.197	-120.	101.87	1650	0.10412
747	133	-21.51	-120.	98.163	1650	0.10411
747	138	-21.019	-120.	97.611	1650	0.1041
747	125	-21.878	-120.	97.108	1650	0.1041
748	119	-22.44	-120.	99.25	1650	0.10412
748	123	-22.197	-120.	101.87	1650	0.10412
748	107	-23.785	-120.	100.93	1650	0.10412
749	119	-22.44	-120.	99.25	1650	0.10412
749	107	-23.785	-120.	100.93	1650	0.10412
749	110	-23.545	-120.	96.143	1650	0.10408
750	119	-22.44	-120.	99.25	1650	0.10412
750	110	-23.545	-120.	96.143	1650	0.10408
750	125	-21.878	-120.	97.108	1650	0.1041
751	119	-22.44	-120.	99.25	1650	0.10412
751	125	-21.878	-120.	97.108	1650	0.1041
751	133	-21.51	-120.	98.163	1650	0.10411
752	119	-22.44	-120.	99.25	1650	0.10412
752	133	-21.51	-120.	98.163	1650	0.10411
752	130	-21.726	-120.	101.28	1650	0.10412
753	119	-22.44	-120.	99.25	1650	0.10412
753	130	-21.726	-120.	101.28	1650	0.10412
753	123	-22.197	-120.	101.87	1650	0.10412
754	140	-20.794	-120.	100.22	1650	0.10413
754	138	-21.019	-120.	97.611	1650	0.1041
754	153	-19.369	-120.	98.573	1650	0.10412
755	140	-20.794	-120.	100.22	1650	0.10413
755	153	-19.369	-120.	98.573	1650	0.10412
755	151	-19.781	-120.	103.3	1650	0.10411
756	140	-20.794	-120.	100.22	1650	0.10413
756	151	-19.781	-120.	103.3	1650	0.10411
756	136	-21.358	-120.	102.37	1650	0.10411
757	140	-20.794	-120.	100.22	1650	0.10413
757	136	-21.358	-120.	102.37	1650	0.10411
757	130	-21.726	-120.	101.28	1650	0.10412
758	140	-20.794	-120.	100.22	1650	0.10413
758	130	-21.726	-120.	101.28	1650	0.10412
758	133	-21.51	-120.	98.163	1650	0.10411
759	140	-20.794	-120.	100.22	1650	0.10413
759	133	-21.51	-120.	98.163	1650	0.10411
759	138	-21.019	-120.	97.611	1650	0.1041
760	171	-16.855	-120.	100.05	1654	0.10414
760	153	-19.369	-120.	98.573	1654	0.10412
760	151	-19.781	-120.	103.3	1654	0.10411
761	221	-8.7706	-120.	146.81	1667	0.10209
761	229	-7.1945	-120.	148.83	1667	0.10214
761	217	-9.7773	-120.	147.68	1667	0.10212
762	221	-8.7706	-120.	146.81	1667	0.10209
762	217	-9.7773	-120.	147.68	1667	0.10212
762	212	-10.674	-120.	146.2	1667	0.1021
763	221	-8.7706	-120.	146.81	1667	0.10209
763	212	-10.674	-120.	146.2	1667	0.1021
763	215	-9.8754	-120.	144.75	1667	0.10207
764	221	-8.7706	-120.	146.81	1667	0.10209
764	215	-9.8754	-120.	144.75	1667	0.10207
764	224	-8.3944	-120.	145.41	1667	0.10206
765	221	-8.7706	-120.	146.81	1667	0.10209
765	224	-8.3944	-120.	145.41	1667	0.10206
765	233	-6.7075	-120.	147.97	1667	0.10211
766	221	-8.7706	-120.	146.81	1667	0.10209
766	233	-6.7075	-120.	147.97	1667	0.10211
766	229	-7.1945	-120.	148.83	1667	0.10214
767	215	-9.8754	-120.	144.75	1667	0.10207
767	212	-10.674	-120.	146.2	1667	0.1021
767	197	-12.295	-120.	143.44	1667	0.10209
768	229	-7.1945	-120.	148.83	1667	0.10214
768	226	-8.113	-120.	150.47	1667	0.10219
768	217	-9.7773	-120.	147.68	1667	0.10212
769	233	-6.7075	-120.	147.97	1667	0.10211
769	224	-8.3944	-120.	145.41	1667	0.10206
769	240	-5.7995	-120.	146.33	1667	0.10205
770	486	29.388	-120.	135.79	1726	0.10188
770	479	29.242	-120.	133.19	1726	0.10193
770	460	27.061	-120.	136.97	1726	0.10187
771	486	29.388	-120.	135.79	1726	0.10188
771	460	27.061	-120.	136.97	1726	0.10187
771	476	28.693	-120.	137.9	1726	0.10186
772	486	29.388	-120.	135.79	1726	0.10188
772	476	28.693	-120.	137.9	1726	0.10186
772	492	29.517	-120.	137.53	1726	0.10186
773	486	29.388	-120.	135.79	1726	0.10188
773	492	29.517	-120.	137.53	1726	0.10186
773	512	30.952	-120.	135.04	1726	0.10189
774	486	29.388	-120.	135.79	1726	0.10188
774	512	30.952	-120.	135.04	1726	0.10189
774	509	30.864	-120.	134.14	1726	0.10191
775	486	29.388	-120.	135.79	1726	0.10188
775	509	30.864	-120.	134.14	1726	0.10191
775	479	29.242	-120.	133.19	1726	0.10193
776	513	31.043	-120.	136.75	1726	0.10187
776	550	33.344	-120.	135.59	1726	0.10189
776	514	31.189	-120.	139.32	1726	0.10186
777	513	31.043	-120.	136.75	1726	0.10187
777	514	31.189	-120.	139.32	1726	0.10186
777	493	29.543	-120.	138.38	1726	0.10186
778	513	31.043	-120.	136.75	1726	0.10187
778	493	29.543	-120.	138.38	1726	0.10186
778	492	29.517	-120.	137.53	1726	0.10186
779	513	31.043	-120.	136.75	1726	0.10187
779	492	29.517	-120.	137.53	1726	0.10186
779	512	30.952	-120.	135.04	1726	0.10189
780	513	31.043	-120.	136.75	1726	0.10187
780	512	30.952	-120.	135.04	1726	0.10189
780	521	31.71	-120.	134.63	1726	0.1019
781	513	31.043	-120.	136.75	1726	0.10187
781	521	31.71	-120.	134.63	1726	0.1019
781	550	33.344	-120.	135.59	1726	0.10189
782	492	29.517	-120.	137.53	1726	0.10186
782	476	28.693	-120.	137.9	1726	0.10186
782	493	29.543	-120.	138.38	1726	0.10186
783	512	30.952	-120.	135.04	1726	0.10189
783	521	31.71	-120.	134.63	1726	0.1019
783	509	30.864	-120.	134.14	1726	0.10191
784	476	28.693	-120.	137.9	1744	0.10186
784	458	26.876	-120.	140.1	1744	0.10186
784	460	27.061	-120.	136.97	1744	0.10187
785	473	28.593	-120.	142.76	1744	0.10189
785	452	26.586	-120.	144.91	1744	0.10193
785	454	26.788	-120.	141.73	1744	0.10187
786	469	28.326	-120.	140.43	1744	0.10186
786	473	28.593	-120.	142.76	1744	0.10189
786	454	26.788	-120.	141.73	1744	0.10187
787	469	28.326	-120.	140.43	1744	0.10186
787	454	26.788	-120.	141.73	1744	0.10187
787	458	26.876	-120.	140.1	1744	0.10186
788	469	28.326	-120.	140.43	1744	0.10186
788	458	26.876	-120.	140.1	1744	0.10186
788	476	28.693	-120.	137.9	1744	0.10186
789	469	28.326	-120.	140.43	1744	0.10186
789	476	28.693	-120.	137.9	1744	0.10186
789	493	29.543	-120.	138.38	1744	0.10186
790	469	28.326	-120.	140.43	1744	0.10186
790	493	29.543	-120.	138.38	1744	0.10186
790	488	29.463	-120.	141.7	1744	0.10187
791	469	28.326	-120.	140.43	1744	0.10186
791	488	29.463	-120.	141.7	1744	0.10187
791	473	28.593	-120.	142.76	1744	0.10189
792	514	31.189	-120.	139.32	1744	0.10186
792	488	29.463	-120.	141.7	1744	0.10187
792	493	29.543	-120.	138.38	1744	0.10186
793	390	18.671	-120.	94.527	1810	0.10385
793	388	18.369	-120.	95.895	1810	0.10385
793	373	16.06	-120.	94.294	1810	0.10386
794	390	18.671	-120.	94.527	1810	0.10385
794	373	16.06	-120.	94.294	1810	0.10386
794	377	16.533	-120.	93.457	1810	0.10385
795	390	18.671	-120.	94.527	1810	0.10385
795	377	16.533	-120.	93.457	1810	0.10385
795	397	19.897	-120.	93.386	1810	0.10384
796	390	18.671	-120.	94.527	1810	0.10385
796	397	19.897	-120.	93.386	1810	0.10384
796	409	21.067	-120.	94.197	1810	0.10384
797	390	18.671	-120.	94.527	1810	0.10385
797	409	21.067	-120.	94.197	1810	0.10384
797	401	20.101	-120.	95.931	1810	0.10384
798	390	18.671	-120.	94.527	1810	0.10385
798	401	20.101	-120.	95.931	1810	0.10384
798	388	18.369	-120.	95.895	1810	0.10385
799	397	19.897	-120.	93.386	1810	0.10384
799	377	16.533	-120.	93.457	1810	0.10385
799	381	17.43	-120.	91.87	1810	0.10383
800	388	18.369	-120.	95.895	1810	0.10385
800	365	15.169	-120.	95.872	1810	0.10388
800	373	16.06	-120.	94.294	1810	0.10386
801	401	20.101	-120.	95.931	1810	0.10384
801	409	21.067	-120.	94.197	1810	0.10384
801	431	23.352	-120.	95.976	1810	0.10383
802	406	20.74	-120.	93.354	1811	0.10384
802	398	19.897	-120.	93.386	1811	0.10384
802	410	21.067	-120.	94.197	1811	0.10384
803	400	20.015	-120.	91.744	1811	0.10384
803	392	18.881	-120.	89.348	1811	0.1038
803	381	17.43	-120.	91.87	1811	0.10383
804	400	20.015	-120.	91.744	1811	0.10384
804	381	17.43	-120.	91.87	1811	0.10383
804	398	19.897	-120.	93.386	1811	0.10384
805	400	20.015	-120.	91.744	1811	0.10384
805	398	19.897	-120.	93.386	1811	0.10384
805	406	20.74	-120.	93.354	1811	0.10384
806	400	20.015	-120.	91.744	1811	0.10384
806	406	20.74	-120.	93.354	1811	0.10384
806	416	21.743	-120.	91.638	1811	0.10384
807	400	20.015	-120.	91.744	1811	0.10384
807	416	21.743	-120.	91.638	1811	0.10384
807	412	21.398	-120.	90.871	1811	0.10384
808	400	20.015	-120.	91.744	1811	0.10384
808	412	21.398	-120.	90.871	1811	0.10384
808	392	18.881	-120.	89.348	1811	0.1038
809	421	22.376	-120.	93.382	1811	0.10385
809	441	24.832	-120.	93.474	1811	0.10386
809	431	23.352	-120.	95.976	1811	0.10383
810	421	22.376	-120.	93.382	1811	0.10385
810	431	23.352	-120.	95.976	1811	0.10383
810	410	21.067	-120.	94.197	1811	0.10384
811	421	22.376	-120.	93.382	1811	0.10385
811	410	21.067	-120.	94.197	1811	0.10384
811	406	20.74	-120.	93.354	1811	0.10384
812	421	22.376	-120.	93.382	1811	0.10385
812	406	20.74	-120.	93.354	1811	0.10384
812	416	21.743	-120.	91.638	1811	0.10384
813	421	22.376	-120.	93.382	1811	0.10385
813	416	21.743	-120.	91.638	1811	0.10384
813	426	22.522	-120.	91.651	1811	0.10385
814	421	22.376	-120.	93.382	1811	0.10385
814	426	22.522	-120.	91.651	1811	0.10385
814	441	24.832	-120.	93.474	1811	0.10386
815	416	21.743	-120.	91.638	1811	0.10384
815	426	22.522	-120.	91.651	1811	0.10385
815	412	21.398	-120.	90.871	1811	0.10384
