小面	点	X坐标 (mm)	Y坐标 (mm)	Z坐标 (mm)	单元数	定向变形 (mm)
0	256	-2.9777	-120.	149.89	577	0.11128
0	268	-1.0913	-120.	151.9	577	0.11156
0	252	-3.9312	-120.	151.58	577	0.11149
1	288	1.8045	-120.	154.98	577	0.11237
1	267	-1.1343	-120.	154.83	577	0.11213
1	276	-0.11815	-120.	152.95	577	0.11178
2	243	-5.3928	-120.	154.18	577	0.11173
2	248	-4.4252	-120.	152.47	577	0.11158
2	259	-2.4941	-120.	154.68	577	0.11201
3	261	-2.1991	-120.	153.07	577	0.11174
3	252	-3.9312	-120.	151.58	577	0.11149
3	268	-1.0913	-120.	151.9	577	0.11156
4	261	-2.1991	-120.	153.07	577	0.11174
4	268	-1.0913	-120.	151.9	577	0.11156
4	276	-0.11815	-120.	152.95	577	0.11178
5	261	-2.1991	-120.	153.07	577	0.11174
5	276	-0.11815	-120.	152.95	577	0.11178
5	267	-1.1343	-120.	154.83	577	0.11213
6	261	-2.1991	-120.	153.07	577	0.11174
6	267	-1.1343	-120.	154.83	577	0.11213
6	259	-2.4941	-120.	154.68	577	0.11201
7	261	-2.1991	-120.	153.07	577	0.11174
7	259	-2.4941	-120.	154.68	577	0.11201
7	248	-4.4252	-120.	152.47	577	0.11158
8	261	-2.1991	-120.	153.07	577	0.11174
8	248	-4.4252	-120.	152.47	577	0.11158
8	252	-3.9312	-120.	151.58	577	0.11149
9	526	31.866	-120.	131.46	610	0.10526
9	510	30.864	-120.	134.14	610	0.10549
9	479	29.242	-120.	133.19	610	0.10538
10	564	34.544	-120.	132.9	610	0.1054
10	550	33.344	-120.	135.59	610	0.10573
10	522	31.71	-120.	134.63	610	0.10557
11	541	32.873	-120.	132.56	610	0.10535
11	564	34.544	-120.	132.9	610	0.1054
11	522	31.71	-120.	134.63	610	0.10557
12	541	32.873	-120.	132.56	610	0.10535
12	522	31.71	-120.	134.63	610	0.10557
12	510	30.864	-120.	134.14	610	0.10549
13	541	32.873	-120.	132.56	610	0.10535
13	510	30.864	-120.	134.14	610	0.10549
13	526	31.866	-120.	131.46	610	0.10526
14	541	32.873	-120.	132.56	610	0.10535
14	526	31.866	-120.	131.46	610	0.10526
14	546	33.229	-120.	130.57	610	0.10525
15	541	32.873	-120.	132.56	610	0.10535
15	546	33.229	-120.	130.57	610	0.10525
15	567	35.024	-120.	131.62	610	0.10532
16	541	32.873	-120.	132.56	610	0.10535
16	567	35.024	-120.	131.62	610	0.10532
16	564	34.544	-120.	132.9	610	0.1054
17	572	35.883	-120.	128.81	610	0.10531
17	567	35.024	-120.	131.62	610	0.10532
17	546	33.229	-120.	130.57	610	0.10525
18	109	-23.556	-120.	106.6	619	0.12404
18	124	-22.151	-120.	106.97	619	0.12405
18	98	-24.934	-120.	108.56	619	0.12416
19	109	-23.556	-120.	106.6	619	0.12404
19	98	-24.934	-120.	108.56	619	0.12416
19	83	-25.781	-120.	108.08	619	0.12415
20	109	-23.556	-120.	106.6	619	0.12404
20	83	-25.781	-120.	108.08	619	0.12415
20	104	-24.368	-120.	105.63	619	0.12394
21	109	-23.556	-120.	106.6	619	0.12404
21	104	-24.368	-120.	105.63	619	0.12394
21	117	-22.763	-120.	104.8	619	0.12382
22	109	-23.556	-120.	106.6	619	0.12404
22	117	-22.763	-120.	104.8	619	0.12382
22	137	-21.34	-120.	105.57	619	0.12392
23	109	-23.556	-120.	106.6	619	0.12404
23	137	-21.34	-120.	105.57	619	0.12392
23	124	-22.151	-120.	106.97	619	0.12405
24	104	-24.368	-120.	105.63	619	0.12394
24	83	-25.781	-120.	108.08	619	0.12415
24	55	-27.388	-120.	107.17	619	0.12409
25	124	-22.151	-120.	106.97	619	0.12405
25	112	-23.336	-120.	109.46	619	0.12415
25	98	-24.934	-120.	108.56	619	0.12416
26	137	-21.34	-120.	105.57	619	0.12392
26	117	-22.763	-120.	104.8	619	0.12382
26	151	-19.781	-120.	103.3	619	0.12357
27	153	-19.369	-120.	98.573	622	0.12225
27	139	-21.019	-120.	97.611	622	0.12192
27	155	-18.865	-120.	95.735	622	0.12118
28	110	-23.545	-120.	96.143	622	0.1214
28	134	-21.451	-120.	94.077	622	0.12053
28	126	-21.878	-120.	97.108	622	0.12174
29	165	-18.085	-120.	91.387	622	0.11929
29	161	-18.611	-120.	94.262	622	0.12057
29	144	-20.419	-120.	93.178	622	0.12014
30	145	-20.374	-120.	95.329	622	0.12103
30	155	-18.865	-120.	95.735	622	0.12118
30	139	-21.019	-120.	97.611	622	0.12192
31	145	-20.374	-120.	95.329	622	0.12103
31	139	-21.019	-120.	97.611	622	0.12192
31	126	-21.878	-120.	97.108	622	0.12174
32	145	-20.374	-120.	95.329	622	0.12103
32	126	-21.878	-120.	97.108	622	0.12174
32	134	-21.451	-120.	94.077	622	0.12053
33	145	-20.374	-120.	95.329	622	0.12103
33	134	-21.451	-120.	94.077	622	0.12053
33	144	-20.419	-120.	93.178	622	0.12014
34	145	-20.374	-120.	95.329	622	0.12103
34	144	-20.419	-120.	93.178	622	0.12014
34	161	-18.611	-120.	94.262	622	0.12057
35	145	-20.374	-120.	95.329	622	0.12103
35	161	-18.611	-120.	94.262	622	0.12057
35	155	-18.865	-120.	95.735	622	0.12118
36	285	1.3031	-120.	89.681	635	0.11825
36	275	-0.15357	-120.	92.615	635	0.11924
36	300	4.2195	-120.	92.615	635	0.11873
37	80	-26.056	-120.	108.78	712	0.12418
37	97	-24.934	-120.	108.56	712	0.12416
37	82	-25.781	-120.	108.08	712	0.12415
38	43	-28.173	-120.	109.18	712	0.12418
38	23	-29.748	-120.	110.74	712	0.12415
38	7	-31.417	-120.	109.78	712	0.12413
39	43	-28.173	-120.	109.18	712	0.12418
39	7	-31.417	-120.	109.78	712	0.12413
39	55	-27.388	-120.	107.17	712	0.12409
40	43	-28.173	-120.	109.18	712	0.12418
40	55	-27.388	-120.	107.17	712	0.12409
40	82	-25.781	-120.	108.08	712	0.12415
41	43	-28.173	-120.	109.18	712	0.12418
41	82	-25.781	-120.	108.08	712	0.12415
41	80	-26.056	-120.	108.78	712	0.12418
42	43	-28.173	-120.	109.18	712	0.12418
42	80	-26.056	-120.	108.78	712	0.12418
42	36	-28.65	-120.	110.53	712	0.12417
43	43	-28.173	-120.	109.18	712	0.12418
43	36	-28.65	-120.	110.53	712	0.12417
43	23	-29.748	-120.	110.74	712	0.12415
44	32	-28.882	-120.	111.23	712	0.12414
44	36	-28.65	-120.	110.53	712	0.12417
44	23	-29.748	-120.	110.74	712	0.12415
45	68	-26.514	-120.	110.12	712	0.12418
45	61	-27.224	-120.	112.18	712	0.12409
45	112	-23.336	-120.	109.46	712	0.12415
46	68	-26.514	-120.	110.12	712	0.12418
46	112	-23.336	-120.	109.46	712	0.12415
46	97	-24.934	-120.	108.56	712	0.12416
47	68	-26.514	-120.	110.12	712	0.12418
47	97	-24.934	-120.	108.56	712	0.12416
47	80	-26.056	-120.	108.78	712	0.12418
48	68	-26.514	-120.	110.12	712	0.12418
48	80	-26.056	-120.	108.78	712	0.12418
48	36	-28.65	-120.	110.53	712	0.12417
49	68	-26.514	-120.	110.12	712	0.12418
49	36	-28.65	-120.	110.53	712	0.12417
49	32	-28.882	-120.	111.23	712	0.12414
50	68	-26.514	-120.	110.12	712	0.12418
50	32	-28.882	-120.	111.23	712	0.12414
50	61	-27.224	-120.	112.18	712	0.12409
51	241	-5.7764	-120.	90.758	716	0.11886
51	235	-6.5008	-120.	90.968	716	0.11896
51	237	-6.2516	-120.	91.919	716	0.11936
52	225	-8.3372	-120.	89.613	716	0.1184
52	223	-8.5933	-120.	88.683	716	0.11799
52	220	-9.0374	-120.	89.857	716	0.1185
53	227	-7.8565	-120.	91.427	716	0.11918
53	237	-6.2516	-120.	91.919	716	0.11936
53	231	-7.1082	-120.	94.093	716	0.12034
54	227	-7.8565	-120.	91.427	716	0.11918
54	231	-7.1082	-120.	94.093	716	0.12034
54	214	-9.904	-120.	92.112	716	0.11952
55	227	-7.8565	-120.	91.427	716	0.11918
55	214	-9.904	-120.	92.112	716	0.11952
55	220	-9.0374	-120.	89.857	716	0.1185
56	227	-7.8565	-120.	91.427	716	0.11918
56	220	-9.0374	-120.	89.857	716	0.1185
56	225	-8.3372	-120.	89.613	716	0.1184
57	227	-7.8565	-120.	91.427	716	0.11918
57	225	-8.3372	-120.	89.613	716	0.1184
57	235	-6.5008	-120.	90.968	716	0.11896
58	227	-7.8565	-120.	91.427	716	0.11918
58	235	-6.5008	-120.	90.968	716	0.11896
58	237	-6.2516	-120.	91.919	716	0.11936
59	232	-6.9679	-120.	89.165	716	0.1182
59	223	-8.5933	-120.	88.683	716	0.11799
59	228	-7.7041	-120.	86.405	716	0.11705
60	232	-6.9679	-120.	89.165	716	0.1182
60	228	-7.7041	-120.	86.405	716	0.11705
60	245	-4.8957	-120.	88.564	716	0.11796
61	232	-6.9679	-120.	89.165	716	0.1182
61	245	-4.8957	-120.	88.564	716	0.11796
61	241	-5.7764	-120.	90.758	716	0.11886
62	232	-6.9679	-120.	89.165	716	0.1182
62	241	-5.7764	-120.	90.758	716	0.11886
62	235	-6.5008	-120.	90.968	716	0.11896
63	232	-6.9679	-120.	89.165	716	0.1182
63	235	-6.5008	-120.	90.968	716	0.11896
63	225	-8.3372	-120.	89.613	716	0.1184
64	232	-6.9679	-120.	89.165	716	0.1182
64	225	-8.3372	-120.	89.613	716	0.1184
64	223	-8.5933	-120.	88.683	716	0.11799
65	177	-15.833	-120.	140.87	735	0.1136
65	169	-17.251	-120.	143.32	735	0.11278
65	197	-12.295	-120.	143.44	735	0.11249
66	1	-32.805	-120.	116.88	751	0.12332
66	0	-32.924	-120.	121.19	751	0.12218
66	16	-30.093	-120.	118.32	751	0.12305
67	226	-8.113	-120.	150.47	765	0.11138
67	218	-9.54	-120.	153.01	765	0.11135
67	243	-5.3928	-120.	154.18	765	0.11173
68	250	-4.0658	-120.	91.691	802	0.11919
68	263	-2.0045	-120.	91.016	802	0.11882
68	257	-2.8829	-120.	92.974	802	0.11961
69	250	-4.0658	-120.	91.691	802	0.11919
69	257	-2.8829	-120.	92.974	802	0.11961
69	247	-4.4686	-120.	93.311	802	0.11986
70	250	-4.0658	-120.	91.691	802	0.11919
70	247	-4.4686	-120.	93.311	802	0.11986
70	238	-6.2516	-120.	91.919	802	0.11936
71	250	-4.0658	-120.	91.691	802	0.11919
71	238	-6.2516	-120.	91.919	802	0.11936
71	242	-5.7764	-120.	90.758	802	0.11886
72	250	-4.0658	-120.	91.691	802	0.11919
72	242	-5.7764	-120.	90.758	802	0.11886
72	254	-3.011	-120.	90.17	802	0.11855
73	250	-4.0658	-120.	91.691	802	0.11919
73	254	-3.011	-120.	90.17	802	0.11855
73	263	-2.0045	-120.	91.016	802	0.11882
74	238	-6.2516	-120.	91.919	802	0.11936
74	247	-4.4686	-120.	93.311	802	0.11986
74	231	-7.1082	-120.	94.093	802	0.12034
75	263	-2.0045	-120.	91.016	802	0.11882
75	275	-0.15357	-120.	92.615	802	0.11924
75	257	-2.8829	-120.	92.974	802	0.11961
76	254	-3.011	-120.	90.17	802	0.11855
76	242	-5.7764	-120.	90.758	802	0.11886
76	245	-4.8957	-120.	88.564	802	0.11796
77	353	12.589	-120.	91.638	810	0.11793
77	343	11.174	-120.	94.093	810	0.11787
77	365	15.169	-120.	95.872	810	0.11713
78	427	22.928	-120.	139.99	840	0.10677
78	413	21.536	-120.	141.87	840	0.10739
78	420	21.895	-120.	138.97	840	0.10646
79	427	22.928	-120.	139.99	840	0.10677
79	420	21.895	-120.	138.97	840	0.10646
79	429	22.98	-120.	137.77	840	0.10616
80	427	22.928	-120.	139.99	840	0.10677
80	429	22.98	-120.	137.77	840	0.10616
80	437	24.441	-120.	138.64	840	0.1064
81	427	22.928	-120.	139.99	840	0.10677
81	437	24.441	-120.	138.64	840	0.1064
81	435	24.303	-120.	140.3	840	0.10688
82	427	22.928	-120.	139.99	840	0.10677
82	435	24.303	-120.	140.3	840	0.10688
82	424	22.411	-120.	142.4	840	0.10758
83	427	22.928	-120.	139.99	840	0.10677
83	424	22.411	-120.	142.4	840	0.10758
83	413	21.536	-120.	141.87	840	0.10739
84	437	24.441	-120.	138.64	840	0.1064
84	429	22.98	-120.	137.77	840	0.10616
84	439	24.656	-120.	135.59	840	0.1057
85	413	21.536	-120.	141.87	840	0.10739
85	399	19.899	-120.	140.87	840	0.10702
85	420	21.895	-120.	138.97	840	0.10646
86	424	22.411	-120.	142.4	840	0.10758
86	435	24.303	-120.	140.3	840	0.10688
86	434	24.064	-120.	143.4	840	0.10795
87	240	-5.7995	-120.	146.33	842	0.11133
87	256	-2.9777	-120.	149.89	842	0.11128
87	265	-1.522	-120.	147.24	842	0.11083
88	35	-28.656	-120.	129.72	857	0.11887
88	6	-31.929	-120.	128.36	857	0.11946
88	10	-30.643	-120.	132.48	857	0.1176
89	152	-19.63	-120.	147.46	858	0.11159
89	175	-16.089	-120.	149.92	858	0.11122
89	181	-14.63	-120.	147.4	858	0.11169
90	214	-9.904	-120.	92.112	861	0.11952
90	206	-11.103	-120.	95.872	861	0.12122
90	231	-7.1082	-120.	94.093	861	0.12034
91	56	-27.376	-120.	127.13	865	0.12
91	63	-27.196	-120.	127.86	865	0.11968
91	70	-26.429	-120.	126.87	865	0.12009
92	31	-29.171	-120.	127.62	865	0.11979
92	6	-31.929	-120.	128.36	865	0.11946
92	35	-28.656	-120.	129.72	865	0.11887
93	31	-29.171	-120.	127.62	865	0.11979
93	35	-28.656	-120.	129.72	865	0.11887
93	63	-27.196	-120.	127.86	865	0.11968
94	31	-29.171	-120.	127.62	865	0.11979
94	63	-27.196	-120.	127.86	865	0.11968
94	56	-27.376	-120.	127.13	865	0.12
95	31	-29.171	-120.	127.62	865	0.11979
95	56	-27.376	-120.	127.13	865	0.12
95	28	-29.468	-120.	126.21	865	0.12038
96	31	-29.171	-120.	127.62	865	0.11979
96	28	-29.468	-120.	126.21	865	0.12038
96	15	-30.401	-120.	126.46	865	0.12028
97	31	-29.171	-120.	127.62	865	0.11979
97	15	-30.401	-120.	126.46	865	0.12028
97	6	-31.929	-120.	128.36	865	0.11946
98	52	-27.657	-120.	125.72	865	0.12058
98	44	-28.087	-120.	123.61	865	0.1214
98	96	-24.974	-120.	125.04	865	0.12081
99	52	-27.657	-120.	125.72	865	0.12058
99	96	-24.974	-120.	125.04	865	0.12081
99	70	-26.429	-120.	126.87	865	0.12009
100	52	-27.657	-120.	125.72	865	0.12058
100	70	-26.429	-120.	126.87	865	0.12009
100	56	-27.376	-120.	127.13	865	0.12
101	52	-27.657	-120.	125.72	865	0.12058
101	56	-27.376	-120.	127.13	865	0.12
101	28	-29.468	-120.	126.21	865	0.12038
102	52	-27.657	-120.	125.72	865	0.12058
102	28	-29.468	-120.	126.21	865	0.12038
102	25	-29.607	-120.	125.48	865	0.12068
103	52	-27.657	-120.	125.72	865	0.12058
103	25	-29.607	-120.	125.48	865	0.12068
103	44	-28.087	-120.	123.61	865	0.1214
104	28	-29.468	-120.	126.21	865	0.12038
104	25	-29.607	-120.	125.48	865	0.12068
104	15	-30.401	-120.	126.46	865	0.12028
105	44	-28.087	-120.	123.61	867	0.1214
105	24	-29.607	-120.	125.48	867	0.12068
105	19	-29.999	-120.	122.65	867	0.12175
106	6	-31.929	-120.	128.36	867	0.11946
106	3	-32.513	-120.	125.48	867	0.12065
106	14	-30.401	-120.	126.46	867	0.12028
107	0	-32.924	-120.	121.19	867	0.12218
107	9	-30.996	-120.	122.16	867	0.1219
107	2	-32.701	-120.	124.13	867	0.12117
108	8	-31.036	-120.	124.39	867	0.1211
108	19	-29.999	-120.	122.65	867	0.12175
108	24	-29.607	-120.	125.48	867	0.12068
109	8	-31.036	-120.	124.39	867	0.1211
109	24	-29.607	-120.	125.48	867	0.12068
109	14	-30.401	-120.	126.46	867	0.12028
110	8	-31.036	-120.	124.39	867	0.1211
110	14	-30.401	-120.	126.46	867	0.12028
110	3	-32.513	-120.	125.48	867	0.12065
111	8	-31.036	-120.	124.39	867	0.1211
111	3	-32.513	-120.	125.48	867	0.12065
111	2	-32.701	-120.	124.13	867	0.12117
112	8	-31.036	-120.	124.39	867	0.1211
112	2	-32.701	-120.	124.13	867	0.12117
112	9	-30.996	-120.	122.16	867	0.1219
113	8	-31.036	-120.	124.39	867	0.1211
113	9	-30.996	-120.	122.16	867	0.1219
113	19	-29.999	-120.	122.65	867	0.12175
114	204	-11.69	-120.	149.52	879	0.1114
114	208	-10.796	-120.	149.39	879	0.11141
114	199	-12.084	-120.	148.78	879	0.11147
115	207	-10.848	-120.	150.93	879	0.11132
115	218	-9.54	-120.	153.01	879	0.11135
115	226	-8.113	-120.	150.47	879	0.11138
116	207	-10.848	-120.	150.93	879	0.11132
116	226	-8.113	-120.	150.47	879	0.11138
116	208	-10.796	-120.	149.39	879	0.11141
117	207	-10.848	-120.	150.93	879	0.11132
117	208	-10.796	-120.	149.39	879	0.11141
117	204	-11.69	-120.	149.52	879	0.1114
118	207	-10.848	-120.	150.93	879	0.11132
118	204	-11.69	-120.	149.52	879	0.1114
118	194	-12.675	-120.	151.25	879	0.11123
119	207	-10.848	-120.	150.93	879	0.11132
119	194	-12.675	-120.	151.25	879	0.11123
119	198	-12.273	-120.	151.92	879	0.11121
120	207	-10.848	-120.	150.93	879	0.11132
120	198	-12.273	-120.	151.92	879	0.11121
120	218	-9.54	-120.	153.01	879	0.11135
121	190	-13.446	-120.	149.7	879	0.11135
121	175	-16.089	-120.	149.92	879	0.11122
121	181	-14.63	-120.	147.4	879	0.11169
122	190	-13.446	-120.	149.7	879	0.11135
122	181	-14.63	-120.	147.4	879	0.11169
122	199	-12.084	-120.	148.78	879	0.11147
123	190	-13.446	-120.	149.7	879	0.11135
123	199	-12.084	-120.	148.78	879	0.11147
123	204	-11.69	-120.	149.52	879	0.1114
124	190	-13.446	-120.	149.7	879	0.11135
124	204	-11.69	-120.	149.52	879	0.1114
124	194	-12.675	-120.	151.25	879	0.11123
125	190	-13.446	-120.	149.7	879	0.11135
125	194	-12.675	-120.	151.25	879	0.11123
125	188	-13.511	-120.	151.33	879	0.11118
126	190	-13.446	-120.	149.7	879	0.11135
126	188	-13.511	-120.	151.33	879	0.11118
126	175	-16.089	-120.	149.92	879	0.11122
127	194	-12.675	-120.	151.25	879	0.11123
127	188	-13.511	-120.	151.33	879	0.11118
127	198	-12.273	-120.	151.92	879	0.11121
128	463	27.448	-120.	103.66	890	0.11351
128	451	26.451	-120.	103.94	890	0.11339
128	464	27.85	-120.	104.3	890	0.1132
129	453	26.629	-120.	102.49	890	0.11406
129	444	25.409	-120.	100.72	890	0.11487
129	432	23.847	-120.	103.3	890	0.11373
130	453	26.629	-120.	102.49	890	0.11406
130	432	23.847	-120.	103.3	890	0.11373
130	451	26.451	-120.	103.94	890	0.11339
131	453	26.629	-120.	102.49	890	0.11406
131	451	26.451	-120.	103.94	890	0.11339
131	463	27.448	-120.	103.66	890	0.11351
132	453	26.629	-120.	102.49	890	0.11406
132	463	27.448	-120.	103.66	890	0.11351
132	471	28.524	-120.	101.95	890	0.11428
133	453	26.629	-120.	102.49	890	0.11406
133	471	28.524	-120.	101.95	890	0.11428
133	467	28.095	-120.	101.35	890	0.11456
134	453	26.629	-120.	102.49	890	0.11406
134	467	28.095	-120.	101.35	890	0.11456
134	444	25.409	-120.	100.72	890	0.11487
135	483	29.334	-120.	103.14	890	0.11373
135	536	32.209	-120.	102.31	890	0.11408
135	499	30.485	-120.	104.97	890	0.11286
136	483	29.334	-120.	103.14	890	0.11373
136	499	30.485	-120.	104.97	890	0.11286
136	464	27.85	-120.	104.3	890	0.1132
137	483	29.334	-120.	103.14	890	0.11373
137	464	27.85	-120.	104.3	890	0.1132
137	463	27.448	-120.	103.66	890	0.11351
138	483	29.334	-120.	103.14	890	0.11373
138	463	27.448	-120.	103.66	890	0.11351
138	471	28.524	-120.	101.95	890	0.11428
139	483	29.334	-120.	103.14	890	0.11373
139	471	28.524	-120.	101.95	890	0.11428
139	490	29.49	-120.	101.66	890	0.1144
140	483	29.334	-120.	103.14	890	0.11373
140	490	29.49	-120.	101.66	890	0.1144
140	536	32.209	-120.	102.31	890	0.11408
141	471	28.524	-120.	101.95	890	0.11428
141	490	29.49	-120.	101.66	890	0.1144
141	467	28.095	-120.	101.35	890	0.11456
142	50	-27.848	-120.	115.7	894	0.12362
142	45	-27.948	-120.	116.45	894	0.12348
142	65	-26.814	-120.	115.45	894	0.12365
143	53	-27.595	-120.	114.29	894	0.12385
143	29	-29.43	-120.	114.03	894	0.12388
143	61	-27.224	-120.	112.18	894	0.12409
144	53	-27.595	-120.	114.29	894	0.12385
144	61	-27.224	-120.	112.18	894	0.12409
144	100	-24.688	-120.	113.62	894	0.12388
145	53	-27.595	-120.	114.29	894	0.12385
145	100	-24.688	-120.	113.62	894	0.12388
145	65	-26.814	-120.	115.45	894	0.12365
146	53	-27.595	-120.	114.29	894	0.12385
146	65	-26.814	-120.	115.45	894	0.12365
146	50	-27.848	-120.	115.7	894	0.12362
147	53	-27.595	-120.	114.29	894	0.12385
147	50	-27.848	-120.	115.7	894	0.12362
147	26	-29.567	-120.	114.76	894	0.12377
148	53	-27.595	-120.	114.29	894	0.12385
148	26	-29.567	-120.	114.76	894	0.12377
148	29	-29.43	-120.	114.03	894	0.12388
149	12	-30.578	-120.	114.99	894	0.12372
149	26	-29.567	-120.	114.76	894	0.12377
149	29	-29.43	-120.	114.03	894	0.12388
150	21	-29.807	-120.	116.19	894	0.12353
150	1	-32.805	-120.	116.88	894	0.12332
150	16	-30.093	-120.	118.32	894	0.12305
151	21	-29.807	-120.	116.19	894	0.12353
151	16	-30.093	-120.	118.32	894	0.12305
151	45	-27.948	-120.	116.45	894	0.12348
152	21	-29.807	-120.	116.19	894	0.12353
152	45	-27.948	-120.	116.45	894	0.12348
152	50	-27.848	-120.	115.7	894	0.12362
153	21	-29.807	-120.	116.19	894	0.12353
153	50	-27.848	-120.	115.7	894	0.12362
153	26	-29.567	-120.	114.76	894	0.12377
154	21	-29.807	-120.	116.19	894	0.12353
154	26	-29.567	-120.	114.76	894	0.12377
154	12	-30.578	-120.	114.99	894	0.12372
155	21	-29.807	-120.	116.19	894	0.12353
155	12	-30.578	-120.	114.99	894	0.12372
155	1	-32.805	-120.	116.88	894	0.12332
156	40	-28.243	-120.	120.02	900	0.12259
156	59	-27.268	-120.	119.76	900	0.12265
156	38	-28.244	-120.	119.26	900	0.1228
157	42	-28.178	-120.	121.44	900	0.12215
157	44	-28.087	-120.	123.61	900	0.1214
157	88	-25.431	-120.	120.69	900	0.12233
158	42	-28.178	-120.	121.44	900	0.12215
158	88	-25.431	-120.	120.69	900	0.12233
158	59	-27.268	-120.	119.76	900	0.12265
159	42	-28.178	-120.	121.44	900	0.12215
159	59	-27.268	-120.	119.76	900	0.12265
159	40	-28.243	-120.	120.02	900	0.12259
160	42	-28.178	-120.	121.44	900	0.12215
160	40	-28.243	-120.	120.02	900	0.12259
160	18	-30.04	-120.	121.91	900	0.122
161	42	-28.178	-120.	121.44	900	0.12215
161	18	-30.04	-120.	121.91	900	0.122
161	19	-29.999	-120.	122.65	900	0.12175
162	42	-28.178	-120.	121.44	900	0.12215
162	19	-29.999	-120.	122.65	900	0.12175
162	44	-28.087	-120.	123.61	900	0.1214
163	17	-30.09	-120.	120.48	900	0.12245
163	0	-32.924	-120.	121.19	900	0.12218
163	16	-30.093	-120.	118.32	900	0.12305
164	17	-30.09	-120.	120.48	900	0.12245
164	16	-30.093	-120.	118.32	900	0.12305
164	38	-28.244	-120.	119.26	900	0.1228
165	17	-30.09	-120.	120.48	900	0.12245
165	38	-28.244	-120.	119.26	900	0.1228
165	40	-28.243	-120.	120.02	900	0.12259
166	17	-30.09	-120.	120.48	900	0.12245
166	40	-28.243	-120.	120.02	900	0.12259
166	18	-30.04	-120.	121.91	900	0.122
167	17	-30.09	-120.	120.48	900	0.12245
167	18	-30.04	-120.	121.91	900	0.122
167	9	-30.996	-120.	122.16	900	0.1219
168	17	-30.09	-120.	120.48	900	0.12245
168	9	-30.996	-120.	122.16	900	0.1219
168	0	-32.924	-120.	121.19	900	0.12218
169	18	-30.04	-120.	121.91	900	0.122
169	9	-30.996	-120.	122.16	900	0.1219
169	19	-29.999	-120.	122.65	900	0.12175
170	101	-24.589	-120.	134.53	905	0.11661
170	143	-20.59	-120.	135.59	905	0.11606
170	115	-22.777	-120.	131.8	905	0.11786
171	236	-6.4699	-120.	149.04	910	0.11136
171	234	-6.7075	-120.	147.97	910	0.11137
171	230	-7.1945	-120.	148.83	910	0.11138
172	239	-6.0411	-120.	151.07	910	0.11142
172	249	-4.4252	-120.	152.47	910	0.11158
172	243	-5.3928	-120.	154.18	910	0.11173
173	239	-6.0411	-120.	151.07	910	0.11142
173	243	-5.3928	-120.	154.18	910	0.11173
173	226	-8.113	-120.	150.47	910	0.11138
174	239	-6.0411	-120.	151.07	910	0.11142
174	226	-8.113	-120.	150.47	910	0.11138
174	230	-7.1945	-120.	148.83	910	0.11138
175	239	-6.0411	-120.	151.07	910	0.11142
175	230	-7.1945	-120.	148.83	910	0.11138
175	236	-6.4699	-120.	149.04	910	0.11136
176	239	-6.0411	-120.	151.07	910	0.11142
176	236	-6.4699	-120.	149.04	910	0.11136
176	246	-4.6513	-120.	151.42	910	0.11146
177	239	-6.0411	-120.	151.07	910	0.11142
177	246	-4.6513	-120.	151.42	910	0.11146
177	249	-4.4252	-120.	152.47	910	0.11158
178	251	-3.9312	-120.	151.58	910	0.11149
178	246	-4.6513	-120.	151.42	910	0.11146
178	249	-4.4252	-120.	152.47	910	0.11158
179	244	-5.0895	-120.	149.37	910	0.11131
179	256	-2.9777	-120.	149.89	910	0.11128
179	240	-5.7995	-120.	146.33	910	0.11133
180	244	-5.0895	-120.	149.37	910	0.11131
180	240	-5.7995	-120.	146.33	910	0.11133
180	234	-6.7075	-120.	147.97	910	0.11137
181	244	-5.0895	-120.	149.37	910	0.11131
181	234	-6.7075	-120.	147.97	910	0.11137
181	236	-6.4699	-120.	149.04	910	0.11136
182	244	-5.0895	-120.	149.37	910	0.11131
182	236	-6.4699	-120.	149.04	910	0.11136
182	246	-4.6513	-120.	151.42	910	0.11146
183	244	-5.0895	-120.	149.37	910	0.11131
183	246	-4.6513	-120.	151.42	910	0.11146
183	251	-3.9312	-120.	151.58	910	0.11149
184	244	-5.0895	-120.	149.37	910	0.11131
184	251	-3.9312	-120.	151.58	910	0.11149
184	256	-2.9777	-120.	149.89	910	0.11128
185	304	4.9242	-120.	150.14	912	0.11102
185	302	4.6741	-120.	149.18	912	0.11072
185	299	4.1731	-120.	150.21	912	0.11107
186	312	6.3385	-120.	149.94	912	0.11092
186	323	8.4836	-120.	149.65	912	0.11076
186	308	5.588	-120.	147.24	912	0.11002
187	312	6.3385	-120.	149.94	912	0.11092
187	308	5.588	-120.	147.24	912	0.11002
187	302	4.6741	-120.	149.18	912	0.11072
188	312	6.3385	-120.	149.94	912	0.11092
188	302	4.6741	-120.	149.18	912	0.11072
188	304	4.9242	-120.	150.14	912	0.11102
189	312	6.3385	-120.	149.94	912	0.11092
189	304	4.9242	-120.	150.14	912	0.11102
189	314	6.814	-120.	151.77	912	0.11156
190	312	6.3385	-120.	149.94	912	0.11092
190	314	6.814	-120.	151.77	912	0.11156
190	320	7.5469	-120.	151.66	912	0.11152
191	312	6.3385	-120.	149.94	912	0.11092
191	320	7.5469	-120.	151.66	912	0.11152
191	323	8.4836	-120.	149.65	912	0.11076
192	307	5.3872	-120.	151.95	912	0.11161
192	311	6.1077	-120.	154.74	912	0.11254
192	296	3.2389	-120.	152.16	912	0.11166
193	307	5.3872	-120.	151.95	912	0.11161
193	296	3.2389	-120.	152.16	912	0.11166
193	299	4.1731	-120.	150.21	912	0.11107
194	307	5.3872	-120.	151.95	912	0.11161
194	299	4.1731	-120.	150.21	912	0.11107
194	304	4.9242	-120.	150.14	912	0.11102
195	307	5.3872	-120.	151.95	912	0.11161
195	304	4.9242	-120.	150.14	912	0.11102
195	314	6.814	-120.	151.77	912	0.11156
196	307	5.3872	-120.	151.95	912	0.11161
196	314	6.814	-120.	151.77	912	0.11156
196	316	7.065	-120.	152.71	912	0.11189
197	307	5.3872	-120.	151.95	912	0.11161
197	316	7.065	-120.	152.71	912	0.11189
197	311	6.1077	-120.	154.74	912	0.11254
198	314	6.814	-120.	151.77	912	0.11156
198	316	7.065	-120.	152.71	912	0.11189
198	320	7.5469	-120.	151.66	912	0.11152
199	387	18.289	-120.	147.65	935	0.10978
199	393	19.016	-120.	145.11	935	0.10867
199	405	20.723	-120.	146.15	935	0.10911
200	396	19.872	-120.	148.18	935	0.11
200	387	18.289	-120.	147.65	935	0.10978
200	405	20.723	-120.	146.15	935	0.10911
201	396	19.872	-120.	148.18	935	0.11
201	405	20.723	-120.	146.15	935	0.10911
201	415	21.609	-120.	146.7	935	0.10933
202	396	19.872	-120.	148.18	935	0.11
202	415	21.609	-120.	146.7	935	0.10933
202	408	20.929	-120.	149.43	935	0.11053
203	396	19.872	-120.	148.18	935	0.11
203	408	20.929	-120.	149.43	935	0.11053
203	394	19.764	-120.	150.15	935	0.11086
204	396	19.872	-120.	148.18	935	0.11
204	394	19.764	-120.	150.15	935	0.11086
204	385	17.918	-120.	148.97	935	0.11036
205	396	19.872	-120.	148.18	935	0.11
205	385	17.918	-120.	148.97	935	0.11036
205	387	18.289	-120.	147.65	935	0.10978
206	408	20.929	-120.	149.43	935	0.11053
206	415	21.609	-120.	146.7	935	0.10933
206	430	23.336	-120.	147.74	935	0.10976
207	394	19.764	-120.	150.15	935	0.11086
207	380	17.167	-120.	151.53	935	0.1115
207	385	17.918	-120.	148.97	935	0.11036
208	291	2.4319	-120.	148.95	938	0.11079
208	299	4.1731	-120.	150.21	938	0.11107
208	287	1.3459	-120.	150.21	938	0.11118
209	291	2.4319	-120.	148.95	938	0.11079
209	287	1.3459	-120.	150.21	938	0.11118
209	279	0.33219	-120.	149.18	938	0.11101
210	291	2.4319	-120.	148.95	938	0.11079
210	279	0.33219	-120.	149.18	938	0.11101
210	284	1.2224	-120.	147.46	938	0.11054
211	291	2.4319	-120.	148.95	938	0.11079
211	284	1.2224	-120.	147.46	938	0.11054
211	294	2.8435	-120.	147.46	938	0.11035
212	291	2.4319	-120.	148.95	938	0.11079
212	294	2.8435	-120.	147.46	938	0.11035
212	302	4.6741	-120.	149.18	938	0.11072
213	291	2.4319	-120.	148.95	938	0.11079
213	302	4.6741	-120.	149.18	938	0.11072
213	299	4.1731	-120.	150.21	938	0.11107
214	284	1.2224	-120.	147.46	938	0.11054
214	279	0.33219	-120.	149.18	938	0.11101
214	265	-1.522	-120.	147.24	938	0.11083
215	299	4.1731	-120.	150.21	938	0.11107
215	296	3.2389	-120.	152.16	938	0.11166
215	287	1.3459	-120.	150.21	938	0.11118
216	302	4.6741	-120.	149.18	938	0.11072
216	294	2.8435	-120.	147.46	938	0.11035
216	308	5.588	-120.	147.24	938	0.11002
217	335	10.335	-120.	151.03	942	0.11129
217	319	7.5469	-120.	151.66	942	0.11152
217	323	8.4836	-120.	149.65	942	0.11076
218	326	9.0131	-120.	154.27	942	0.1125
218	311	6.1077	-120.	154.74	942	0.11254
218	317	7.065	-120.	152.71	942	0.11189
219	328	9.2669	-120.	152.57	942	0.11188
219	326	9.0131	-120.	154.27	942	0.1125
219	317	7.065	-120.	152.71	942	0.11189
220	328	9.2669	-120.	152.57	942	0.11188
220	317	7.065	-120.	152.71	942	0.11189
220	319	7.5469	-120.	151.66	942	0.11152
221	328	9.2669	-120.	152.57	942	0.11188
221	319	7.5469	-120.	151.66	942	0.11152
221	335	10.335	-120.	151.03	942	0.11129
222	328	9.2669	-120.	152.57	942	0.11188
222	335	10.335	-120.	151.03	942	0.11129
222	344	11.293	-120.	151.76	942	0.11158
223	328	9.2669	-120.	152.57	942	0.11188
223	344	11.293	-120.	151.76	942	0.11158
223	336	10.348	-120.	153.98	942	0.11243
224	328	9.2669	-120.	152.57	942	0.11188
224	336	10.348	-120.	153.98	942	0.11243
224	326	9.0131	-120.	154.27	942	0.1125
225	356	13.174	-120.	153.16	942	0.11217
225	336	10.348	-120.	153.98	942	0.11243
225	344	11.293	-120.	151.76	942	0.11158
226	219	-9.0374	-120.	89.857	965	0.1185
226	214	-9.904	-120.	92.112	965	0.11952
226	205	-11.685	-120.	90.932	965	0.119
227	210	-10.696	-120.	89.164	965	0.1182
227	219	-9.0374	-120.	89.857	965	0.1185
227	205	-11.685	-120.	90.932	965	0.119
228	210	-10.696	-120.	89.164	965	0.1182
228	205	-11.685	-120.	90.932	965	0.119
228	195	-12.608	-120.	90.314	965	0.11873
229	210	-10.696	-120.	89.164	965	0.1182
229	195	-12.608	-120.	90.314	965	0.11873
229	202	-11.761	-120.	87.856	965	0.11763
230	210	-10.696	-120.	89.164	965	0.1182
230	202	-11.761	-120.	87.856	965	0.11763
230	213	-10.493	-120.	87.342	965	0.11741
231	210	-10.696	-120.	89.164	965	0.1182
231	213	-10.493	-120.	87.342	965	0.11741
231	222	-8.5933	-120.	88.683	965	0.11799
232	210	-10.696	-120.	89.164	965	0.1182
232	222	-8.5933	-120.	88.683	965	0.11799
232	219	-9.0374	-120.	89.857	965	0.1185
233	202	-11.761	-120.	87.856	965	0.11763
233	195	-12.608	-120.	90.314	965	0.11873
233	183	-14.413	-120.	89.13	965	0.11821
234	213	-10.493	-120.	87.342	965	0.11741
234	228	-7.7041	-120.	86.405	965	0.11705
234	222	-8.5933	-120.	88.683	965	0.11799
235	193	-12.821	-120.	94.742	966	0.12073
235	192	-13.091	-120.	93.772	966	0.1203
235	185	-13.745	-120.	94.149	966	0.12047
236	196	-12.345	-120.	91.267	966	0.11916
236	205	-11.685	-120.	90.932	966	0.119
236	195	-12.608	-120.	90.314	966	0.11873
237	187	-13.615	-120.	91.942	966	0.11948
237	185	-13.745	-120.	94.149	966	0.12047
237	178	-15.485	-120.	93.018	966	0.11998
238	187	-13.615	-120.	91.942	966	0.11948
238	178	-15.485	-120.	93.018	966	0.11998
238	183	-14.413	-120.	89.13	966	0.11821
239	187	-13.615	-120.	91.942	966	0.11948
239	183	-14.413	-120.	89.13	966	0.11821
239	195	-12.608	-120.	90.314	966	0.11873
240	187	-13.615	-120.	91.942	966	0.11948
240	195	-12.608	-120.	90.314	966	0.11873
240	196	-12.345	-120.	91.267	966	0.11916
241	187	-13.615	-120.	91.942	966	0.11948
241	196	-12.345	-120.	91.267	966	0.11916
241	192	-13.091	-120.	93.772	966	0.1203
242	187	-13.615	-120.	91.942	966	0.11948
242	192	-13.091	-120.	93.772	966	0.1203
242	185	-13.745	-120.	94.149	966	0.12047
243	201	-11.825	-120.	93.116	966	0.11999
243	205	-11.685	-120.	90.932	966	0.119
243	214	-9.904	-120.	92.112	966	0.11952
244	201	-11.825	-120.	93.116	966	0.11999
244	214	-9.904	-120.	92.112	966	0.11952
244	206	-11.103	-120.	95.872	966	0.12122
245	201	-11.825	-120.	93.116	966	0.11999
245	206	-11.103	-120.	95.872	966	0.12122
245	193	-12.821	-120.	94.742	966	0.12073
246	201	-11.825	-120.	93.116	966	0.11999
246	193	-12.821	-120.	94.742	966	0.12073
246	192	-13.091	-120.	93.772	966	0.1203
247	201	-11.825	-120.	93.116	966	0.11999
247	192	-13.091	-120.	93.772	966	0.1203
247	196	-12.345	-120.	91.267	966	0.11916
248	201	-11.825	-120.	93.116	966	0.11999
248	196	-12.345	-120.	91.267	966	0.11916
248	205	-11.685	-120.	90.932	966	0.119
249	281	0.59341	-120.	150.18	972	0.1112
249	286	1.3459	-120.	150.21	972	0.11118
249	278	0.33219	-120.	149.18	972	0.11101
250	283	1.0853	-120.	152.07	972	0.11162
250	288	1.8045	-120.	154.98	972	0.11237
250	296	3.2389	-120.	152.16	972	0.11166
251	283	1.0853	-120.	152.07	972	0.11162
251	296	3.2389	-120.	152.16	972	0.11166
251	286	1.3459	-120.	150.21	972	0.11118
252	283	1.0853	-120.	152.07	972	0.11162
252	286	1.3459	-120.	150.21	972	0.11118
252	281	0.59341	-120.	150.18	972	0.1112
253	283	1.0853	-120.	152.07	972	0.11162
253	281	0.59341	-120.	150.18	972	0.1112
253	274	-0.353	-120.	151.97	972	0.11158
254	283	1.0853	-120.	152.07	972	0.11162
254	274	-0.353	-120.	151.97	972	0.11158
254	277	-0.11815	-120.	152.95	972	0.11178
255	283	1.0853	-120.	152.07	972	0.11162
255	277	-0.11815	-120.	152.95	972	0.11178
255	288	1.8045	-120.	154.98	972	0.11237
256	271	-0.83641	-120.	150.06	972	0.11123
256	256	-2.9777	-120.	149.89	972	0.11128
256	265	-1.522	-120.	147.24	972	0.11083
257	271	-0.83641	-120.	150.06	972	0.11123
257	265	-1.522	-120.	147.24	972	0.11083
257	278	0.33219	-120.	149.18	972	0.11101
258	271	-0.83641	-120.	150.06	972	0.11123
258	278	0.33219	-120.	149.18	972	0.11101
258	281	0.59341	-120.	150.18	972	0.1112
259	271	-0.83641	-120.	150.06	972	0.11123
259	281	0.59341	-120.	150.18	972	0.1112
259	274	-0.353	-120.	151.97	972	0.11158
260	271	-0.83641	-120.	150.06	972	0.11123
260	274	-0.353	-120.	151.97	972	0.11158
260	269	-1.0913	-120.	151.9	972	0.11156
261	271	-0.83641	-120.	150.06	972	0.11123
261	269	-1.0913	-120.	151.9	972	0.11156
261	256	-2.9777	-120.	149.89	972	0.11128
262	274	-0.353	-120.	151.97	972	0.11158
262	269	-1.0913	-120.	151.9	972	0.11156
262	277	-0.11815	-120.	152.95	972	0.11178
263	57	-27.373	-120.	138.94	975	0.11463
263	99	-24.821	-120.	142.41	975	0.11318
263	113	-23.261	-120.	139.86	975	0.11419
264	318	7.3448	-120.	91.56	976	0.11825
264	329	9.39	-120.	91.764	976	0.11809
264	324	8.5345	-120.	93.311	976	0.11823
265	318	7.3448	-120.	91.56	976	0.11825
265	324	8.5345	-120.	93.311	976	0.11823
265	315	6.9488	-120.	92.974	976	0.11842
266	318	7.3448	-120.	91.56	976	0.11825
266	315	6.9488	-120.	92.974	976	0.11842
266	306	5.1429	-120.	90.861	976	0.11833
267	318	7.3448	-120.	91.56	976	0.11825
267	306	5.1429	-120.	90.861	976	0.11833
267	310	5.6436	-120.	89.931	976	0.11815
268	318	7.3448	-120.	91.56	976	0.11825
268	310	5.6436	-120.	89.931	976	0.11815
268	322	8.4091	-120.	90.519	976	0.11809
269	318	7.3448	-120.	91.56	976	0.11825
269	322	8.4091	-120.	90.519	976	0.11809
269	329	9.39	-120.	91.764	976	0.11809
270	306	5.1429	-120.	90.861	976	0.11833
270	315	6.9488	-120.	92.974	976	0.11842
270	300	4.2195	-120.	92.615	976	0.11873
271	329	9.39	-120.	91.764	976	0.11809
271	343	11.174	-120.	94.093	976	0.11787
271	324	8.5345	-120.	93.311	976	0.11823
272	322	8.4091	-120.	90.519	976	0.11809
272	310	5.6436	-120.	89.931	976	0.11815
272	313	6.5826	-120.	88.167	976	0.11786
273	260	-2.2653	-120.	90.059	979	0.11848
273	255	-3.011	-120.	90.17	979	0.11855
273	262	-2.0045	-120.	91.016	979	0.11882
274	270	-0.84033	-120.	89.911	979	0.11839
274	272	-0.59171	-120.	88.013	979	0.11777
274	285	1.3031	-120.	89.681	979	0.11825
275	270	-0.84033	-120.	89.911	979	0.11839
275	285	1.3031	-120.	89.681	979	0.11825
275	275	-0.15357	-120.	92.615	979	0.11924
276	270	-0.84033	-120.	89.911	979	0.11839
276	275	-0.15357	-120.	92.615	979	0.11924
276	262	-2.0045	-120.	91.016	979	0.11882
277	270	-0.84033	-120.	89.911	979	0.11839
277	262	-2.0045	-120.	91.016	979	0.11882
277	260	-2.2653	-120.	90.059	979	0.11848
278	270	-0.84033	-120.	89.911	979	0.11839
278	260	-2.2653	-120.	90.059	979	0.11848
278	266	-1.3299	-120.	88.083	979	0.11779
279	270	-0.84033	-120.	89.911	979	0.11839
279	266	-1.3299	-120.	88.083	979	0.11779
279	272	-0.59171	-120.	88.013	979	0.11777
280	264	-1.5709	-120.	87.142	979	0.11748
280	266	-1.3299	-120.	88.083	979	0.11779
280	272	-0.59171	-120.	88.013	979	0.11777
281	258	-2.7619	-120.	88.247	979	0.11784
281	253	-3.4987	-120.	85.463	979	0.11683
281	245	-4.8957	-120.	88.564	979	0.11796
282	258	-2.7619	-120.	88.247	979	0.11784
282	245	-4.8957	-120.	88.564	979	0.11796
282	255	-3.011	-120.	90.17	979	0.11855
283	258	-2.7619	-120.	88.247	979	0.11784
283	255	-3.011	-120.	90.17	979	0.11855
283	260	-2.2653	-120.	90.059	979	0.11848
284	258	-2.7619	-120.	88.247	979	0.11784
284	260	-2.2653	-120.	90.059	979	0.11848
284	266	-1.3299	-120.	88.083	979	0.11779
285	258	-2.7619	-120.	88.247	979	0.11784
285	266	-1.3299	-120.	88.083	979	0.11779
285	264	-1.5709	-120.	87.142	979	0.11748
286	258	-2.7619	-120.	88.247	979	0.11784
286	264	-1.5709	-120.	87.142	979	0.11748
286	253	-3.4987	-120.	85.463	979	0.11683
287	309	5.6436	-120.	89.931	984	0.11815
287	303	4.8924	-120.	89.862	984	0.11816
287	305	5.1429	-120.	90.861	984	0.11833
288	295	3.0008	-120.	87.884	984	0.11776
288	293	2.7559	-120.	86.903	984	0.11751
288	289	2.2612	-120.	87.855	984	0.11774
289	297	3.47	-120.	89.793	984	0.1182
289	305	5.1429	-120.	90.861	984	0.11833
289	300	4.2195	-120.	92.615	984	0.11873
290	297	3.47	-120.	89.793	984	0.1182
290	300	4.2195	-120.	92.615	984	0.11873
290	285	1.3031	-120.	89.681	984	0.11825
291	297	3.47	-120.	89.793	984	0.1182
291	285	1.3031	-120.	89.681	984	0.11825
291	289	2.2612	-120.	87.855	984	0.11774
292	297	3.47	-120.	89.793	984	0.1182
292	289	2.2612	-120.	87.855	984	0.11774
292	295	3.0008	-120.	87.884	984	0.11776
293	297	3.47	-120.	89.793	984	0.1182
293	295	3.0008	-120.	87.884	984	0.11776
293	303	4.8924	-120.	89.862	984	0.11816
294	297	3.47	-120.	89.793	984	0.1182
294	303	4.8924	-120.	89.862	984	0.11816
294	305	5.1429	-120.	90.861	984	0.11833
295	301	4.4345	-120.	87.969	984	0.1178
295	293	2.7559	-120.	86.903	984	0.11751
295	298	3.7317	-120.	85.064	984	0.11711
296	301	4.4345	-120.	87.969	984	0.1178
296	298	3.7317	-120.	85.064	984	0.11711
296	313	6.5826	-120.	88.167	984	0.11786
297	301	4.4345	-120.	87.969	984	0.1178
297	313	6.5826	-120.	88.167	984	0.11786
297	309	5.6436	-120.	89.931	984	0.11815
298	301	4.4345	-120.	87.969	984	0.1178
298	309	5.6436	-120.	89.931	984	0.11815
298	303	4.8924	-120.	89.862	984	0.11816
299	301	4.4345	-120.	87.969	984	0.1178
299	303	4.8924	-120.	89.862	984	0.11816
299	295	3.0008	-120.	87.884	984	0.11776
300	301	4.4345	-120.	87.969	984	0.1178
300	295	3.0008	-120.	87.884	984	0.11776
300	293	2.7559	-120.	86.903	984	0.11751
301	182	-14.524	-120.	96.261	995	0.12138
301	176	-16.032	-120.	95.811	995	0.12119
301	185	-13.745	-120.	94.149	995	0.12047
302	182	-14.524	-120.	96.261	995	0.12138
302	185	-13.745	-120.	94.149	995	0.12047
302	193	-12.821	-120.	94.742	995	0.12073
303	182	-14.524	-120.	96.261	995	0.12138
303	193	-12.821	-120.	94.742	995	0.12073
303	189	-13.45	-120.	97.31	995	0.12181
304	182	-14.524	-120.	96.261	995	0.12138
304	189	-13.45	-120.	97.31	995	0.12181
304	180	-14.762	-120.	98.263	995	0.12216
305	182	-14.524	-120.	96.261	995	0.12138
305	180	-14.762	-120.	98.263	995	0.12216
305	174	-16.334	-120.	97.294	995	0.12177
306	182	-14.524	-120.	96.261	995	0.12138
306	174	-16.334	-120.	97.294	995	0.12177
306	176	-16.032	-120.	95.811	995	0.12119
307	189	-13.45	-120.	97.31	995	0.12181
307	193	-12.821	-120.	94.742	995	0.12073
307	206	-11.103	-120.	95.872	995	0.12122
308	176	-16.032	-120.	95.811	995	0.12119
308	178	-15.485	-120.	93.018	995	0.11998
308	185	-13.745	-120.	94.149	995	0.12047
309	174	-16.334	-120.	97.294	995	0.12177
309	180	-14.762	-120.	98.263	995	0.12216
309	171	-16.855	-120.	100.05	995	0.12276
310	253	-3.4987	-120.	85.463	996	0.11683
310	228	-7.7041	-120.	86.405	996	0.11705
310	245	-4.8957	-120.	88.564	996	0.11796
311	169	-17.251	-120.	143.32	997	0.11278
311	163	-18.192	-120.	144.96	997	0.11229
311	148	-20.24	-120.	142.97	997	0.11296
312	152	-19.63	-120.	147.46	997	0.11159
312	127	-21.862	-120.	145.54	997	0.1121
312	159	-18.684	-120.	145.81	997	0.11205
313	99	-24.821	-120.	142.41	997	0.11318
313	129	-21.791	-120.	142.79	997	0.11303
313	114	-22.843	-120.	144.59	997	0.1124
314	142	-20.602	-120.	144.44	997	0.11246
314	148	-20.24	-120.	142.97	997	0.11296
314	163	-18.192	-120.	144.96	997	0.11229
315	142	-20.602	-120.	144.44	997	0.11246
315	163	-18.192	-120.	144.96	997	0.11229
315	159	-18.684	-120.	145.81	997	0.11205
316	142	-20.602	-120.	144.44	997	0.11246
316	159	-18.684	-120.	145.81	997	0.11205
316	127	-21.862	-120.	145.54	997	0.1121
317	142	-20.602	-120.	144.44	997	0.11246
317	127	-21.862	-120.	145.54	997	0.1121
317	114	-22.843	-120.	144.59	997	0.1124
318	142	-20.602	-120.	144.44	997	0.11246
318	114	-22.843	-120.	144.59	997	0.1124
318	129	-21.791	-120.	142.79	997	0.11303
319	142	-20.602	-120.	144.44	997	0.11246
319	129	-21.791	-120.	142.79	997	0.11303
319	148	-20.24	-120.	142.97	997	0.11296
320	575	36.909	-120.	117.34	999	0.10757
320	573	36.317	-120.	113.07	999	0.10918
320	555	33.96	-120.	115.92	999	0.10803
321	313	6.5826	-120.	88.167	1004	0.11786
321	321	8.0152	-120.	85.538	1004	0.11752
321	298	3.7317	-120.	85.064	1004	0.11711
322	108	-23.689	-120.	103.77	1024	0.12364
322	103	-24.368	-120.	105.63	1024	0.12394
322	78	-26.081	-120.	104.59	1024	0.12377
323	108	-23.689	-120.	103.77	1024	0.12364
323	78	-26.081	-120.	104.59	1024	0.12377
323	90	-25.369	-120.	103.36	1024	0.12356
324	108	-23.689	-120.	103.77	1024	0.12364
324	90	-25.369	-120.	103.36	1024	0.12356
324	122	-22.197	-120.	101.87	1024	0.12323
325	108	-23.689	-120.	103.77	1024	0.12364
325	122	-22.197	-120.	101.87	1024	0.12323
325	135	-21.358	-120.	102.37	1024	0.12335
326	108	-23.689	-120.	103.77	1024	0.12364
326	135	-21.358	-120.	102.37	1024	0.12335
326	116	-22.763	-120.	104.8	1024	0.12382
327	108	-23.689	-120.	103.77	1024	0.12364
327	116	-22.763	-120.	104.8	1024	0.12382
327	103	-24.368	-120.	105.63	1024	0.12394
328	122	-22.197	-120.	101.87	1024	0.12323
328	90	-25.369	-120.	103.36	1024	0.12356
328	107	-23.785	-120.	100.93	1024	0.12299
329	103	-24.368	-120.	105.63	1024	0.12394
329	55	-27.388	-120.	107.17	1024	0.12409
329	78	-26.081	-120.	104.59	1024	0.12377
330	116	-22.763	-120.	104.8	1024	0.12382
330	135	-21.358	-120.	102.37	1024	0.12335
330	151	-19.781	-120.	103.3	1024	0.12357
331	84	-25.691	-120.	136.27	1035	0.1158
331	64	-26.981	-120.	133.72	1035	0.11701
331	101	-24.589	-120.	134.53	1035	0.11661
332	27	-29.479	-120.	135.18	1035	0.11634
332	10	-30.643	-120.	132.48	1035	0.1176
332	41	-28.225	-120.	133.31	1035	0.11721
333	54	-27.584	-120.	135.34	1035	0.11625
333	27	-29.479	-120.	135.18	1035	0.11634
333	41	-28.225	-120.	133.31	1035	0.11721
334	54	-27.584	-120.	135.34	1035	0.11625
334	41	-28.225	-120.	133.31	1035	0.11721
334	64	-26.981	-120.	133.72	1035	0.11701
335	54	-27.584	-120.	135.34	1035	0.11625
335	64	-26.981	-120.	133.72	1035	0.11701
335	84	-25.691	-120.	136.27	1035	0.1158
336	54	-27.584	-120.	135.34	1035	0.11625
336	84	-25.691	-120.	136.27	1035	0.1158
336	75	-26.268	-120.	137.17	1035	0.1154
337	54	-27.584	-120.	135.34	1035	0.11625
337	75	-26.268	-120.	137.17	1035	0.1154
337	34	-28.862	-120.	136.4	1035	0.11578
338	54	-27.584	-120.	135.34	1035	0.11625
338	34	-28.862	-120.	136.4	1035	0.11578
338	27	-29.479	-120.	135.18	1035	0.11634
339	57	-27.373	-120.	138.94	1035	0.11463
339	34	-28.862	-120.	136.4	1035	0.11578
339	75	-26.268	-120.	137.17	1035	0.1154
340	131	-21.647	-120.	137.26	1036	0.11531
340	118	-22.638	-120.	137.55	1036	0.11519
340	120	-22.202	-120.	138.16	1036	0.11492
341	92	-25.296	-120.	136.9	1036	0.11551
341	85	-25.691	-120.	136.27	1036	0.1158
341	74	-26.268	-120.	137.17	1036	0.1154
342	102	-24.506	-120.	138.1	1036	0.11497
342	120	-22.202	-120.	138.16	1036	0.11492
342	113	-23.261	-120.	139.86	1036	0.11419
343	102	-24.506	-120.	138.1	1036	0.11497
343	113	-23.261	-120.	139.86	1036	0.11419
343	57	-27.373	-120.	138.94	1036	0.11463
344	102	-24.506	-120.	138.1	1036	0.11497
344	57	-27.373	-120.	138.94	1036	0.11463
344	74	-26.268	-120.	137.17	1036	0.1154
345	102	-24.506	-120.	138.1	1036	0.11497
345	74	-26.268	-120.	137.17	1036	0.1154
345	92	-25.296	-120.	136.9	1036	0.11551
346	102	-24.506	-120.	138.1	1036	0.11497
346	92	-25.296	-120.	136.9	1036	0.11551
346	118	-22.638	-120.	137.55	1036	0.11519
347	102	-24.506	-120.	138.1	1036	0.11497
347	118	-22.638	-120.	137.55	1036	0.11519
347	120	-22.202	-120.	138.16	1036	0.11492
348	111	-23.409	-120.	136.35	1036	0.11575
348	85	-25.691	-120.	136.27	1036	0.1158
348	101	-24.589	-120.	134.53	1036	0.11661
349	111	-23.409	-120.	136.35	1036	0.11575
349	101	-24.589	-120.	134.53	1036	0.11661
349	143	-20.59	-120.	135.59	1036	0.11606
350	111	-23.409	-120.	136.35	1036	0.11575
350	143	-20.59	-120.	135.59	1036	0.11606
350	131	-21.647	-120.	137.26	1036	0.11531
351	111	-23.409	-120.	136.35	1036	0.11575
351	131	-21.647	-120.	137.26	1036	0.11531
351	118	-22.638	-120.	137.55	1036	0.11519
352	111	-23.409	-120.	136.35	1036	0.11575
352	118	-22.638	-120.	137.55	1036	0.11519
352	92	-25.296	-120.	136.9	1036	0.11551
353	111	-23.409	-120.	136.35	1036	0.11575
353	92	-25.296	-120.	136.9	1036	0.11551
353	85	-25.691	-120.	136.27	1036	0.1158
354	149	-19.941	-120.	138.82	1037	0.11459
354	166	-17.829	-120.	138.97	1037	0.11446
354	158	-18.742	-120.	140.49	1037	0.11385
355	149	-19.941	-120.	138.82	1037	0.11459
355	158	-18.742	-120.	140.49	1037	0.11385
355	147	-20.31	-120.	140.26	1037	0.11398
356	149	-19.941	-120.	138.82	1037	0.11459
356	147	-20.31	-120.	140.26	1037	0.11398
356	121	-22.202	-120.	138.16	1037	0.11492
357	149	-19.941	-120.	138.82	1037	0.11459
357	121	-22.202	-120.	138.16	1037	0.11492
357	132	-21.647	-120.	137.26	1037	0.11531
358	149	-19.941	-120.	138.82	1037	0.11459
358	132	-21.647	-120.	137.26	1037	0.11531
358	154	-18.914	-120.	137.77	1037	0.11502
359	149	-19.941	-120.	138.82	1037	0.11459
359	154	-18.914	-120.	137.77	1037	0.11502
359	166	-17.829	-120.	138.97	1037	0.11446
360	121	-22.202	-120.	138.16	1037	0.11492
360	147	-20.31	-120.	140.26	1037	0.11398
360	113	-23.261	-120.	139.86	1037	0.11419
361	166	-17.829	-120.	138.97	1037	0.11446
361	177	-15.833	-120.	140.87	1037	0.1136
361	158	-18.742	-120.	140.49	1037	0.11385
362	154	-18.914	-120.	137.77	1037	0.11502
362	132	-21.647	-120.	137.26	1037	0.11531
362	143	-20.59	-120.	135.59	1037	0.11606
363	86	-25.532	-120.	128.87	1041	0.11922
363	71	-26.322	-120.	130.55	1041	0.11848
363	62	-27.196	-120.	127.86	1041	0.11968
364	86	-25.532	-120.	128.87	1041	0.11922
364	62	-27.196	-120.	127.86	1041	0.11968
364	69	-26.429	-120.	126.87	1041	0.12009
365	86	-25.532	-120.	128.87	1041	0.11922
365	69	-26.429	-120.	126.87	1041	0.12009
365	105	-24.331	-120.	127.71	1041	0.1197
366	86	-25.532	-120.	128.87	1041	0.11922
366	105	-24.331	-120.	127.71	1041	0.1197
366	106	-23.83	-120.	129.26	1041	0.11903
367	86	-25.532	-120.	128.87	1041	0.11922
367	106	-23.83	-120.	129.26	1041	0.11903
367	95	-25.087	-120.	131.	1041	0.11826
368	86	-25.532	-120.	128.87	1041	0.11922
368	95	-25.087	-120.	131.	1041	0.11826
368	71	-26.322	-120.	130.55	1041	0.11848
369	105	-24.331	-120.	127.71	1041	0.1197
369	69	-26.429	-120.	126.87	1041	0.12009
369	96	-24.974	-120.	125.04	1041	0.12081
370	71	-26.322	-120.	130.55	1041	0.11848
370	35	-28.656	-120.	129.72	1041	0.11887
370	62	-27.196	-120.	127.86	1041	0.11968
371	95	-25.087	-120.	131.	1041	0.11826
371	106	-23.83	-120.	129.26	1041	0.11903
371	115	-22.777	-120.	131.8	1041	0.11786
372	61	-27.224	-120.	112.18	1056	0.12409
372	100	-24.688	-120.	113.62	1056	0.12388
372	112	-23.336	-120.	109.46	1056	0.12415
373	150	-19.798	-120.	140.81	1065	0.11375
373	157	-18.742	-120.	140.49	1065	0.11385
373	146	-20.31	-120.	140.26	1065	0.11398
374	156	-18.773	-120.	141.82	1065	0.11334
374	169	-17.251	-120.	143.32	1065	0.11278
374	177	-15.833	-120.	140.87	1065	0.1136
375	156	-18.773	-120.	141.82	1065	0.11334
375	177	-15.833	-120.	140.87	1065	0.1136
375	157	-18.742	-120.	140.49	1065	0.11385
376	156	-18.773	-120.	141.82	1065	0.11334
376	157	-18.742	-120.	140.49	1065	0.11385
376	150	-19.798	-120.	140.81	1065	0.11375
377	156	-18.773	-120.	141.82	1065	0.11334
377	150	-19.798	-120.	140.81	1065	0.11375
377	141	-20.774	-120.	142.45	1065	0.11315
378	156	-18.773	-120.	141.82	1065	0.11334
378	141	-20.774	-120.	142.45	1065	0.11315
378	148	-20.24	-120.	142.97	1065	0.11296
379	156	-18.773	-120.	141.82	1065	0.11334
379	148	-20.24	-120.	142.97	1065	0.11296
379	169	-17.251	-120.	143.32	1065	0.11278
380	128	-21.792	-120.	141.43	1065	0.11354
380	99	-24.821	-120.	142.41	1065	0.11318
380	113	-23.261	-120.	139.86	1065	0.11419
381	128	-21.792	-120.	141.43	1065	0.11354
381	113	-23.261	-120.	139.86	1065	0.11419
381	146	-20.31	-120.	140.26	1065	0.11398
382	128	-21.792	-120.	141.43	1065	0.11354
382	146	-20.31	-120.	140.26	1065	0.11398
382	150	-19.798	-120.	140.81	1065	0.11375
383	128	-21.792	-120.	141.43	1065	0.11354
383	150	-19.798	-120.	140.81	1065	0.11375
383	141	-20.774	-120.	142.45	1065	0.11315
384	128	-21.792	-120.	141.43	1065	0.11354
384	141	-20.774	-120.	142.45	1065	0.11315
384	129	-21.791	-120.	142.79	1065	0.11303
385	128	-21.792	-120.	141.43	1065	0.11354
385	129	-21.791	-120.	142.79	1065	0.11303
385	99	-24.821	-120.	142.41	1065	0.11318
386	141	-20.774	-120.	142.45	1065	0.11315
386	129	-21.791	-120.	142.79	1065	0.11303
386	148	-20.24	-120.	142.97	1065	0.11296
387	77	-26.164	-120.	103.72	1069	0.12362
387	79	-26.081	-120.	104.59	1069	0.12377
387	89	-25.369	-120.	103.36	1069	0.12356
388	76	-26.232	-120.	102.02	1069	0.12327
388	47	-27.911	-120.	101.92	1069	0.12325
388	73	-26.285	-120.	99.47	1069	0.12258
389	76	-26.232	-120.	102.02	1069	0.12327
389	73	-26.285	-120.	99.47	1069	0.12258
389	107	-23.785	-120.	100.93	1069	0.12299
390	76	-26.232	-120.	102.02	1069	0.12327
390	107	-23.785	-120.	100.93	1069	0.12299
390	89	-25.369	-120.	103.36	1069	0.12356
391	76	-26.232	-120.	102.02	1069	0.12327
391	89	-25.369	-120.	103.36	1069	0.12356
391	77	-26.164	-120.	103.72	1069	0.12362
392	76	-26.232	-120.	102.02	1069	0.12327
392	77	-26.164	-120.	103.72	1069	0.12362
392	48	-27.878	-120.	102.73	1069	0.12342
393	76	-26.232	-120.	102.02	1069	0.12327
393	48	-27.878	-120.	102.73	1069	0.12342
393	47	-27.911	-120.	101.92	1069	0.12325
394	37	-28.595	-120.	103.11	1069	0.1235
394	48	-27.878	-120.	102.73	1069	0.12342
394	47	-27.911	-120.	101.92	1069	0.12325
395	51	-27.669	-120.	104.51	1069	0.12375
395	20	-29.906	-120.	105.74	1069	0.12392
395	55	-27.388	-120.	107.17	1069	0.12409
396	51	-27.669	-120.	104.51	1069	0.12375
396	55	-27.388	-120.	107.17	1069	0.12409
396	79	-26.081	-120.	104.59	1069	0.12377
397	51	-27.669	-120.	104.51	1069	0.12375
397	79	-26.081	-120.	104.59	1069	0.12377
397	77	-26.164	-120.	103.72	1069	0.12362
398	51	-27.669	-120.	104.51	1069	0.12375
398	77	-26.164	-120.	103.72	1069	0.12362
398	48	-27.878	-120.	102.73	1069	0.12342
399	51	-27.669	-120.	104.51	1069	0.12375
399	48	-27.878	-120.	102.73	1069	0.12342
399	37	-28.595	-120.	103.11	1069	0.1235
400	51	-27.669	-120.	104.51	1069	0.12375
400	37	-28.595	-120.	103.11	1069	0.1235
400	20	-29.906	-120.	105.74	1069	0.12392
401	417	21.839	-120.	142.89	1084	0.10777
401	424	22.411	-120.	142.4	1084	0.10758
401	413	21.536	-120.	141.87	1084	0.10739
402	425	22.428	-120.	144.8	1084	0.10852
402	430	23.336	-120.	147.74	1084	0.10976
402	434	24.064	-120.	143.4	1084	0.10795
403	425	22.428	-120.	144.8	1084	0.10852
403	434	24.064	-120.	143.4	1084	0.10795
403	424	22.411	-120.	142.4	1084	0.10758
404	425	22.428	-120.	144.8	1084	0.10852
404	424	22.411	-120.	142.4	1084	0.10758
404	417	21.839	-120.	142.89	1084	0.10777
405	425	22.428	-120.	144.8	1084	0.10852
405	417	21.839	-120.	142.89	1084	0.10777
405	411	21.309	-120.	145.7	1084	0.10891
406	425	22.428	-120.	144.8	1084	0.10852
406	411	21.309	-120.	145.7	1084	0.10891
406	414	21.609	-120.	146.7	1084	0.10933
407	425	22.428	-120.	144.8	1084	0.10852
407	414	21.609	-120.	146.7	1084	0.10933
407	430	23.336	-120.	147.74	1084	0.10976
408	403	20.72	-120.	143.77	1084	0.10811
408	393	19.016	-120.	145.11	1084	0.10867
408	399	19.899	-120.	140.87	1084	0.10702
409	403	20.72	-120.	143.77	1084	0.10811
409	399	19.899	-120.	140.87	1084	0.10702
409	413	21.536	-120.	141.87	1084	0.10739
410	403	20.72	-120.	143.77	1084	0.10811
410	413	21.536	-120.	141.87	1084	0.10739
410	417	21.839	-120.	142.89	1084	0.10777
411	403	20.72	-120.	143.77	1084	0.10811
411	417	21.839	-120.	142.89	1084	0.10777
411	411	21.309	-120.	145.7	1084	0.10891
412	403	20.72	-120.	143.77	1084	0.10811
412	411	21.309	-120.	145.7	1084	0.10891
412	404	20.723	-120.	146.15	1084	0.10911
413	403	20.72	-120.	143.77	1084	0.10811
413	404	20.723	-120.	146.15	1084	0.10911
413	393	19.016	-120.	145.11	1084	0.10867
414	411	21.309	-120.	145.7	1084	0.10891
414	404	20.723	-120.	146.15	1084	0.10911
414	414	21.609	-120.	146.7	1084	0.10933
415	346	11.663	-120.	147.66	1097	0.10987
415	349	11.922	-120.	148.61	1097	0.11027
415	354	12.635	-120.	148.36	1097	0.11015
416	342	11.047	-120.	150.83	1097	0.1112
416	334	10.335	-120.	151.03	1097	0.11129
416	345	11.293	-120.	151.76	1097	0.11158
417	351	12.422	-120.	150.4	1097	0.11102
417	354	12.635	-120.	148.36	1097	0.11015
417	362	14.46	-120.	149.69	1097	0.11071
418	351	12.422	-120.	150.4	1097	0.11102
418	362	14.46	-120.	149.69	1097	0.11071
418	356	13.174	-120.	153.16	1097	0.11217
419	351	12.422	-120.	150.4	1097	0.11102
419	356	13.174	-120.	153.16	1097	0.11217
419	345	11.293	-120.	151.76	1097	0.11158
420	351	12.422	-120.	150.4	1097	0.11102
420	345	11.293	-120.	151.76	1097	0.11158
420	342	11.047	-120.	150.83	1097	0.1112
421	351	12.422	-120.	150.4	1097	0.11102
421	342	11.047	-120.	150.83	1097	0.1112
421	349	11.922	-120.	148.61	1097	0.11027
422	351	12.422	-120.	150.4	1097	0.11102
422	349	11.922	-120.	148.61	1097	0.11027
422	354	12.635	-120.	148.36	1097	0.11015
423	338	10.553	-120.	149.02	1097	0.11047
423	334	10.335	-120.	151.03	1097	0.11129
423	323	8.4836	-120.	149.65	1097	0.11076
424	338	10.553	-120.	149.02	1097	0.11047
424	323	8.4836	-120.	149.65	1097	0.11076
424	332	9.8655	-120.	146.33	1097	0.10936
425	338	10.553	-120.	149.02	1097	0.11047
425	332	9.8655	-120.	146.33	1097	0.10936
425	346	11.663	-120.	147.66	1097	0.10987
426	338	10.553	-120.	149.02	1097	0.11047
426	346	11.663	-120.	147.66	1097	0.10987
426	349	11.922	-120.	148.61	1097	0.11027
427	338	10.553	-120.	149.02	1097	0.11047
427	349	11.922	-120.	148.61	1097	0.11027
427	342	11.047	-120.	150.83	1097	0.1112
428	338	10.553	-120.	149.02	1097	0.11047
428	342	11.047	-120.	150.83	1097	0.1112
428	334	10.335	-120.	151.03	1097	0.11129
429	393	19.016	-120.	145.11	1104	0.10867
429	399	19.899	-120.	140.87	1104	0.10702
429	375	16.361	-120.	143.44	1104	0.10797
430	436	24.303	-120.	140.3	1108	0.10688
430	440	24.802	-120.	139.73	1108	0.10671
430	438	24.441	-120.	138.64	1108	0.1064
431	450	26.414	-120.	140.68	1108	0.10698
431	455	26.788	-120.	141.73	1108	0.10732
431	457	26.876	-120.	140.1	1108	0.1068
432	446	25.708	-120.	138.62	1108	0.10639
432	438	24.441	-120.	138.64	1108	0.1064
432	439	24.656	-120.	135.59	1108	0.1057
433	446	25.708	-120.	138.62	1108	0.10639
433	439	24.656	-120.	135.59	1108	0.1057
433	460	27.061	-120.	136.97	1108	0.10599
434	446	25.708	-120.	138.62	1108	0.10639
434	460	27.061	-120.	136.97	1108	0.10599
434	457	26.876	-120.	140.1	1108	0.1068
435	446	25.708	-120.	138.62	1108	0.10639
435	457	26.876	-120.	140.1	1108	0.1068
435	450	26.414	-120.	140.68	1108	0.10698
436	446	25.708	-120.	138.62	1108	0.10639
436	450	26.414	-120.	140.68	1108	0.10698
436	440	24.802	-120.	139.73	1108	0.10671
437	446	25.708	-120.	138.62	1108	0.10639
437	440	24.802	-120.	139.73	1108	0.10671
437	438	24.441	-120.	138.64	1108	0.1064
438	445	25.493	-120.	141.79	1108	0.10735
438	455	26.788	-120.	141.73	1108	0.10732
438	452	26.586	-120.	144.91	1108	0.10851
439	445	25.493	-120.	141.79	1108	0.10735
439	452	26.586	-120.	144.91	1108	0.10851
439	434	24.064	-120.	143.4	1108	0.10795
440	445	25.493	-120.	141.79	1108	0.10735
440	434	24.064	-120.	143.4	1108	0.10795
440	436	24.303	-120.	140.3	1108	0.10688
441	445	25.493	-120.	141.79	1108	0.10735
441	436	24.303	-120.	140.3	1108	0.10688
441	440	24.802	-120.	139.73	1108	0.10671
442	445	25.493	-120.	141.79	1108	0.10735
442	440	24.802	-120.	139.73	1108	0.10671
442	450	26.414	-120.	140.68	1108	0.10698
443	445	25.493	-120.	141.79	1108	0.10735
443	450	26.414	-120.	140.68	1108	0.10698
443	455	26.788	-120.	141.73	1108	0.10732
444	88	-25.431	-120.	120.69	1109	0.12233
444	44	-28.087	-120.	123.61	1109	0.1214
444	96	-24.974	-120.	125.04	1109	0.12081
445	362	14.46	-120.	149.69	1115	0.11071
445	356	13.174	-120.	153.16	1115	0.11217
445	380	17.167	-120.	151.53	1115	0.1115
446	308	5.588	-120.	147.24	1140	0.11002
446	323	8.4836	-120.	149.65	1140	0.11076
446	332	9.8655	-120.	146.33	1140	0.10936
447	508	30.804	-120.	116.74	1153	0.10776
447	480	29.255	-120.	116.32	1153	0.10794
447	506	30.803	-120.	114.51	1153	0.10858
448	508	30.804	-120.	116.74	1153	0.10776
448	506	30.803	-120.	114.51	1153	0.10858
448	527	31.894	-120.	115.	1153	0.10838
449	508	30.804	-120.	116.74	1153	0.10776
449	527	31.894	-120.	115.	1153	0.10838
449	532	32.19	-120.	117.81	1153	0.10737
450	508	30.804	-120.	116.74	1153	0.10776
450	532	32.19	-120.	117.81	1153	0.10737
450	515	31.257	-120.	118.83	1153	0.10706
451	508	30.804	-120.	116.74	1153	0.10776
451	515	31.257	-120.	118.83	1153	0.10706
451	487	29.425	-120.	117.94	1153	0.1074
452	508	30.804	-120.	116.74	1153	0.10776
452	487	29.425	-120.	117.94	1153	0.1074
452	480	29.255	-120.	116.32	1153	0.10794
453	532	32.19	-120.	117.81	1153	0.10737
453	527	31.894	-120.	115.	1153	0.10838
453	555	33.96	-120.	115.92	1153	0.10803
454	480	29.255	-120.	116.32	1153	0.10794
454	477	28.754	-120.	113.62	1153	0.10898
454	506	30.803	-120.	114.51	1153	0.10858
455	487	29.425	-120.	117.94	1153	0.1074
455	515	31.257	-120.	118.83	1153	0.10706
455	491	29.497	-120.	120.69	1153	0.10657
456	466	27.921	-120.	96.479	1215	0.11656
456	441	24.832	-120.	93.474	1215	0.11754
456	431	23.352	-120.	95.976	1215	0.11674
457	67	-26.804	-120.	117.53	1253	0.12322
457	66	-26.814	-120.	115.45	1253	0.12365
457	93	-25.189	-120.	116.32	1253	0.12343
458	67	-26.804	-120.	117.53	1253	0.12322
458	93	-25.189	-120.	116.32	1253	0.12343
458	91	-25.359	-120.	117.94	1253	0.12307
459	67	-26.804	-120.	117.53	1253	0.12322
459	91	-25.359	-120.	117.94	1253	0.12307
459	60	-27.268	-120.	119.76	1253	0.12265
460	67	-26.804	-120.	117.53	1253	0.12322
460	60	-27.268	-120.	119.76	1253	0.12265
460	39	-28.244	-120.	119.26	1253	0.1228
461	67	-26.804	-120.	117.53	1253	0.12322
461	39	-28.244	-120.	119.26	1253	0.1228
461	46	-27.948	-120.	116.45	1253	0.12348
462	67	-26.804	-120.	117.53	1253	0.12322
462	46	-27.948	-120.	116.45	1253	0.12348
462	66	-26.814	-120.	115.45	1253	0.12365
463	60	-27.268	-120.	119.76	1253	0.12265
463	91	-25.359	-120.	117.94	1253	0.12307
463	88	-25.431	-120.	120.69	1253	0.12233
464	66	-26.814	-120.	115.45	1253	0.12365
464	100	-24.688	-120.	113.62	1253	0.12388
464	93	-25.189	-120.	116.32	1253	0.12343
465	46	-27.948	-120.	116.45	1253	0.12348
465	39	-28.244	-120.	119.26	1253	0.1228
465	16	-30.093	-120.	118.32	1253	0.12305
466	33	-28.882	-120.	111.23	1255	0.12414
466	61	-27.224	-120.	112.18	1255	0.12409
466	30	-29.43	-120.	114.03	1255	0.12388
467	13	-30.536	-120.	112.93	1255	0.12399
467	33	-28.882	-120.	111.23	1255	0.12414
467	30	-29.43	-120.	114.03	1255	0.12388
468	13	-30.536	-120.	112.93	1255	0.12399
468	30	-29.43	-120.	114.03	1255	0.12388
468	11	-30.578	-120.	114.99	1255	0.12372
469	13	-30.536	-120.	112.93	1255	0.12399
469	11	-30.578	-120.	114.99	1255	0.12372
469	4	-32.421	-120.	113.97	1255	0.12382
470	13	-30.536	-120.	112.93	1255	0.12399
470	4	-32.421	-120.	113.97	1255	0.12382
470	5	-32.159	-120.	112.62	1255	0.12398
471	13	-30.536	-120.	112.93	1255	0.12399
471	5	-32.159	-120.	112.62	1255	0.12398
471	22	-29.748	-120.	110.74	1255	0.12415
472	13	-30.536	-120.	112.93	1255	0.12399
472	22	-29.748	-120.	110.74	1255	0.12415
472	33	-28.882	-120.	111.23	1255	0.12414
473	4	-32.421	-120.	113.97	1255	0.12382
473	11	-30.578	-120.	114.99	1255	0.12372
473	1	-32.805	-120.	116.88	1255	0.12332
474	5	-32.159	-120.	112.62	1255	0.12398
474	7	-31.417	-120.	109.78	1255	0.12413
474	22	-29.748	-120.	110.74	1255	0.12415
475	381	17.43	-120.	91.87	1256	0.11783
475	392	18.881	-120.	89.348	1256	0.11822
475	364	14.983	-120.	87.508	1256	0.11813
476	81	-26.046	-120.	131.25	1264	0.11815
476	94	-25.087	-120.	131.	1264	0.11826
476	72	-26.322	-120.	130.55	1264	0.11848
477	49	-27.864	-120.	131.72	1264	0.11794
477	41	-28.225	-120.	133.31	1264	0.11721
477	10	-30.643	-120.	132.48	1264	0.1176
478	49	-27.864	-120.	131.72	1264	0.11794
478	10	-30.643	-120.	132.48	1264	0.1176
478	35	-28.656	-120.	129.72	1264	0.11887
479	49	-27.864	-120.	131.72	1264	0.11794
479	35	-28.656	-120.	129.72	1264	0.11887
479	72	-26.322	-120.	130.55	1264	0.11848
480	49	-27.864	-120.	131.72	1264	0.11794
480	72	-26.322	-120.	130.55	1264	0.11848
480	81	-26.046	-120.	131.25	1264	0.11815
481	49	-27.864	-120.	131.72	1264	0.11794
481	81	-26.046	-120.	131.25	1264	0.11815
481	58	-27.289	-120.	133.05	1264	0.11732
482	49	-27.864	-120.	131.72	1264	0.11794
482	58	-27.289	-120.	133.05	1264	0.11732
482	41	-28.225	-120.	133.31	1264	0.11721
483	64	-26.981	-120.	133.72	1264	0.11701
483	58	-27.289	-120.	133.05	1264	0.11732
483	41	-28.225	-120.	133.31	1264	0.11721
484	87	-25.462	-120.	132.56	1264	0.11754
484	101	-24.589	-120.	134.53	1264	0.11661
484	115	-22.777	-120.	131.8	1264	0.11786
485	87	-25.462	-120.	132.56	1264	0.11754
485	115	-22.777	-120.	131.8	1264	0.11786
485	94	-25.087	-120.	131.	1264	0.11826
486	87	-25.462	-120.	132.56	1264	0.11754
486	94	-25.087	-120.	131.	1264	0.11826
486	81	-26.046	-120.	131.25	1264	0.11815
487	87	-25.462	-120.	132.56	1264	0.11754
487	81	-26.046	-120.	131.25	1264	0.11815
487	58	-27.289	-120.	133.05	1264	0.11732
488	87	-25.462	-120.	132.56	1264	0.11754
488	58	-27.289	-120.	133.05	1264	0.11732
488	64	-26.981	-120.	133.72	1264	0.11701
489	87	-25.462	-120.	132.56	1264	0.11754
489	64	-26.981	-120.	133.72	1264	0.11701
489	101	-24.589	-120.	134.53	1264	0.11661
490	184	-14.334	-120.	145.42	1276	0.1121
490	186	-13.704	-120.	145.83	1276	0.11199
490	191	-13.215	-120.	145.	1276	0.11216
491	173	-16.43	-120.	146.22	1276	0.11195
491	152	-19.63	-120.	147.46	1276	0.11159
491	181	-14.63	-120.	147.4	1276	0.11169
492	173	-16.43	-120.	146.22	1276	0.11195
492	181	-14.63	-120.	147.4	1276	0.11169
492	186	-13.704	-120.	145.83	1276	0.11199
493	173	-16.43	-120.	146.22	1276	0.11195
493	186	-13.704	-120.	145.83	1276	0.11199
493	184	-14.334	-120.	145.42	1276	0.1121
494	173	-16.43	-120.	146.22	1276	0.11195
494	184	-14.334	-120.	145.42	1276	0.1121
494	168	-17.598	-120.	145.4	1276	0.11217
495	173	-16.43	-120.	146.22	1276	0.11195
495	168	-17.598	-120.	145.4	1276	0.11217
495	160	-18.684	-120.	145.81	1276	0.11205
496	173	-16.43	-120.	146.22	1276	0.11195
496	160	-18.684	-120.	145.81	1276	0.11205
496	152	-19.63	-120.	147.46	1276	0.11159
497	179	-15.481	-120.	144.59	1276	0.11235
497	169	-17.251	-120.	143.32	1276	0.11278
497	197	-12.295	-120.	143.44	1276	0.11249
498	179	-15.481	-120.	144.59	1276	0.11235
498	197	-12.295	-120.	143.44	1276	0.11249
498	191	-13.215	-120.	145.	1276	0.11216
499	179	-15.481	-120.	144.59	1276	0.11235
499	191	-13.215	-120.	145.	1276	0.11216
499	184	-14.334	-120.	145.42	1276	0.1121
500	179	-15.481	-120.	144.59	1276	0.11235
500	184	-14.334	-120.	145.42	1276	0.1121
500	168	-17.598	-120.	145.4	1276	0.11217
501	179	-15.481	-120.	144.59	1276	0.11235
501	168	-17.598	-120.	145.4	1276	0.11217
501	164	-18.192	-120.	144.96	1276	0.11229
502	179	-15.481	-120.	144.59	1276	0.11235
502	164	-18.192	-120.	144.96	1276	0.11229
502	169	-17.251	-120.	143.32	1276	0.11278
503	168	-17.598	-120.	145.4	1276	0.11217
503	164	-18.192	-120.	144.96	1276	0.11229
503	160	-18.684	-120.	145.81	1276	0.11205
504	20	-29.906	-120.	105.74	1287	0.12392
504	7	-31.417	-120.	109.78	1287	0.12413
504	55	-27.388	-120.	107.17	1287	0.12409
505	203	-11.708	-120.	147.15	1310	0.11169
505	191	-13.215	-120.	145.	1310	0.11216
505	211	-10.674	-120.	146.2	1310	0.1118
506	203	-11.708	-120.	147.15	1310	0.11169
506	211	-10.674	-120.	146.2	1310	0.1118
506	216	-9.7773	-120.	147.68	1310	0.11156
507	203	-11.708	-120.	147.15	1310	0.11169
507	216	-9.7773	-120.	147.68	1310	0.11156
507	209	-10.796	-120.	149.39	1310	0.11141
508	203	-11.708	-120.	147.15	1310	0.11169
508	209	-10.796	-120.	149.39	1310	0.11141
508	200	-12.084	-120.	148.78	1310	0.11147
509	203	-11.708	-120.	147.15	1310	0.11169
509	200	-12.084	-120.	148.78	1310	0.11147
509	186	-13.704	-120.	145.83	1310	0.11199
510	203	-11.708	-120.	147.15	1310	0.11169
510	186	-13.704	-120.	145.83	1310	0.11199
510	191	-13.215	-120.	145.	1310	0.11216
511	209	-10.796	-120.	149.39	1310	0.11141
511	216	-9.7773	-120.	147.68	1310	0.11156
511	226	-8.113	-120.	150.47	1310	0.11138
512	191	-13.215	-120.	145.	1310	0.11216
512	197	-12.295	-120.	143.44	1310	0.11249
512	211	-10.674	-120.	146.2	1310	0.1118
513	186	-13.704	-120.	145.83	1310	0.11199
513	200	-12.084	-120.	148.78	1310	0.11147
513	181	-14.63	-120.	147.4	1310	0.11169
514	288	1.8045	-120.	154.98	1350	0.11237
514	311	6.1077	-120.	154.74	1350	0.11254
514	296	3.2389	-120.	152.16	1350	0.11166
515	430	23.336	-120.	147.74	1355	0.10976
515	452	26.586	-120.	144.91	1355	0.10851
515	434	24.064	-120.	143.4	1355	0.10795
516	372	15.89	-120.	146.87	1362	0.10946
516	369	15.629	-120.	145.89	1362	0.10903
516	366	15.218	-120.	147.21	1362	0.10961
517	379	17.139	-120.	146.16	1362	0.10914
517	393	19.016	-120.	145.11	1362	0.10867
517	375	16.361	-120.	143.44	1362	0.10797
518	379	17.139	-120.	146.16	1362	0.10914
518	375	16.361	-120.	143.44	1362	0.10797
518	369	15.629	-120.	145.89	1362	0.10903
519	379	17.139	-120.	146.16	1362	0.10914
519	369	15.629	-120.	145.89	1362	0.10903
519	372	15.89	-120.	146.87	1362	0.10946
520	379	17.139	-120.	146.16	1362	0.10914
520	372	15.89	-120.	146.87	1362	0.10946
520	383	17.646	-120.	148.02	1362	0.10995
521	379	17.139	-120.	146.16	1362	0.10914
521	383	17.646	-120.	148.02	1362	0.10995
521	386	18.289	-120.	147.65	1362	0.10978
522	379	17.139	-120.	146.16	1362	0.10914
522	386	18.289	-120.	147.65	1362	0.10978
522	393	19.016	-120.	145.11	1362	0.10867
523	376	16.383	-120.	148.72	1362	0.11026
523	380	17.167	-120.	151.53	1362	0.1115
523	362	14.46	-120.	149.69	1362	0.11071
524	376	16.383	-120.	148.72	1362	0.11026
524	362	14.46	-120.	149.69	1362	0.11071
524	366	15.218	-120.	147.21	1362	0.10961
525	376	16.383	-120.	148.72	1362	0.11026
525	366	15.218	-120.	147.21	1362	0.10961
525	372	15.89	-120.	146.87	1362	0.10946
526	376	16.383	-120.	148.72	1362	0.11026
526	372	15.89	-120.	146.87	1362	0.10946
526	383	17.646	-120.	148.02	1362	0.10995
527	376	16.383	-120.	148.72	1362	0.11026
527	383	17.646	-120.	148.02	1362	0.10995
527	384	17.918	-120.	148.97	1362	0.11036
528	376	16.383	-120.	148.72	1362	0.11026
528	384	17.918	-120.	148.97	1362	0.11036
528	380	17.167	-120.	151.53	1362	0.1115
529	383	17.646	-120.	148.02	1362	0.10995
529	384	17.918	-120.	148.97	1362	0.11036
529	386	18.289	-120.	147.65	1362	0.10978
530	358	13.591	-120.	146.55	1363	0.10934
530	359	13.941	-120.	144.75	1363	0.10855
530	370	15.629	-120.	145.89	1363	0.10903
531	358	13.591	-120.	146.55	1363	0.10934
531	370	15.629	-120.	145.89	1363	0.10903
531	367	15.218	-120.	147.21	1363	0.10961
532	358	13.591	-120.	146.55	1363	0.10934
532	367	15.218	-120.	147.21	1363	0.10961
532	355	12.635	-120.	148.36	1363	0.11015
533	358	13.591	-120.	146.55	1363	0.10934
533	355	12.635	-120.	148.36	1363	0.11015
533	347	11.663	-120.	147.66	1363	0.10987
534	358	13.591	-120.	146.55	1363	0.10934
534	347	11.663	-120.	147.66	1363	0.10987
534	352	12.46	-120.	145.41	1363	0.10887
535	358	13.591	-120.	146.55	1363	0.10934
535	352	12.46	-120.	145.41	1363	0.10887
535	359	13.941	-120.	144.75	1363	0.10855
536	355	12.635	-120.	148.36	1363	0.11015
536	367	15.218	-120.	147.21	1363	0.10961
536	362	14.46	-120.	149.69	1363	0.11071
537	359	13.941	-120.	144.75	1363	0.10855
537	375	16.361	-120.	143.44	1363	0.10797
537	370	15.629	-120.	145.89	1363	0.10903
538	352	12.46	-120.	145.41	1363	0.10887
538	347	11.663	-120.	147.66	1363	0.10987
538	332	9.8655	-120.	146.33	1363	0.10936
539	172	-16.628	-120.	96.27	1435	0.12137
539	174	-16.334	-120.	97.294	1435	0.12177
539	176	-16.032	-120.	95.811	1435	0.12119
540	167	-17.726	-120.	97.196	1435	0.12173
540	153	-19.369	-120.	98.573	1435	0.12225
540	171	-16.855	-120.	100.05	1435	0.12276
541	167	-17.726	-120.	97.196	1435	0.12173
541	171	-16.855	-120.	100.05	1435	0.12276
541	174	-16.334	-120.	97.294	1435	0.12177
542	167	-17.726	-120.	97.196	1435	0.12173
542	174	-16.334	-120.	97.294	1435	0.12177
542	172	-16.628	-120.	96.27	1435	0.12137
543	167	-17.726	-120.	97.196	1435	0.12173
543	172	-16.628	-120.	96.27	1435	0.12137
543	162	-18.302	-120.	95.252	1435	0.12097
544	167	-17.726	-120.	97.196	1435	0.12173
544	162	-18.302	-120.	95.252	1435	0.12097
544	155	-18.865	-120.	95.735	1435	0.12118
545	167	-17.726	-120.	97.196	1435	0.12173
545	155	-18.865	-120.	95.735	1435	0.12118
545	153	-19.369	-120.	98.573	1435	0.12225
546	170	-17.191	-120.	94.333	1435	0.12058
546	165	-18.085	-120.	91.387	1435	0.11929
546	178	-15.485	-120.	93.018	1435	0.11998
547	170	-17.191	-120.	94.333	1435	0.12058
547	178	-15.485	-120.	93.018	1435	0.11998
547	176	-16.032	-120.	95.811	1435	0.12119
548	170	-17.191	-120.	94.333	1435	0.12058
548	176	-16.032	-120.	95.811	1435	0.12119
548	172	-16.628	-120.	96.27	1435	0.12137
549	170	-17.191	-120.	94.333	1435	0.12058
549	172	-16.628	-120.	96.27	1435	0.12137
549	162	-18.302	-120.	95.252	1435	0.12097
550	170	-17.191	-120.	94.333	1435	0.12058
550	162	-18.302	-120.	95.252	1435	0.12097
550	161	-18.611	-120.	94.262	1435	0.12057
551	170	-17.191	-120.	94.333	1435	0.12058
551	161	-18.611	-120.	94.262	1435	0.12057
551	165	-18.085	-120.	91.387	1435	0.11929
552	162	-18.302	-120.	95.252	1435	0.12097
552	161	-18.611	-120.	94.262	1435	0.12057
552	155	-18.865	-120.	95.735	1435	0.12118
553	183	-14.413	-120.	89.13	1437	0.11821
553	165	-18.085	-120.	91.387	1437	0.11929
553	178	-15.485	-120.	93.018	1437	0.11998
554	272	-0.59171	-120.	88.013	1449	0.11777
554	290	2.2612	-120.	87.855	1449	0.11774
554	285	1.3031	-120.	89.681	1449	0.11825
555	282	0.78947	-120.	85.044	1449	0.11691
555	298	3.7317	-120.	85.064	1449	0.11711
555	292	2.7559	-120.	86.903	1449	0.11751
556	280	0.51125	-120.	86.679	1449	0.11738
556	282	0.78947	-120.	85.044	1449	0.11691
556	292	2.7559	-120.	86.903	1449	0.11751
557	280	0.51125	-120.	86.679	1449	0.11738
557	292	2.7559	-120.	86.903	1449	0.11751
557	290	2.2612	-120.	87.855	1449	0.11774
558	280	0.51125	-120.	86.679	1449	0.11738
558	290	2.2612	-120.	87.855	1449	0.11774
558	272	-0.59171	-120.	88.013	1449	0.11777
559	280	0.51125	-120.	86.679	1449	0.11738
559	272	-0.59171	-120.	88.013	1449	0.11777
559	264	-1.5709	-120.	87.142	1449	0.11748
560	280	0.51125	-120.	86.679	1449	0.11738
560	264	-1.5709	-120.	87.142	1449	0.11748
560	273	-0.57654	-120.	85.119	1449	0.11686
561	280	0.51125	-120.	86.679	1449	0.11738
561	273	-0.57654	-120.	85.119	1449	0.11686
561	282	0.78947	-120.	85.044	1449	0.11691
562	253	-3.4987	-120.	85.463	1449	0.11683
562	273	-0.57654	-120.	85.119	1449	0.11686
562	264	-1.5709	-120.	87.142	1449	0.11748
563	327	9.1417	-120.	90.688	1451	0.11807
563	322	8.4091	-120.	90.519	1451	0.11809
563	329	9.39	-120.	91.764	1451	0.11809
564	325	8.6798	-120.	88.651	1451	0.11794
564	321	8.0152	-120.	85.538	1451	0.11752
564	313	6.5826	-120.	88.167	1451	0.11786
565	325	8.6798	-120.	88.651	1451	0.11794
565	313	6.5826	-120.	88.167	1451	0.11786
565	322	8.4091	-120.	90.519	1451	0.11809
566	325	8.6798	-120.	88.651	1451	0.11794
566	322	8.4091	-120.	90.519	1451	0.11809
566	327	9.1417	-120.	90.688	1451	0.11807
567	325	8.6798	-120.	88.651	1451	0.11794
567	327	9.1417	-120.	90.688	1451	0.11807
567	333	10.073	-120.	89.023	1451	0.11797
568	325	8.6798	-120.	88.651	1451	0.11794
568	333	10.073	-120.	89.023	1451	0.11797
568	330	9.8569	-120.	87.974	1451	0.11791
569	325	8.6798	-120.	88.651	1451	0.11794
569	330	9.8569	-120.	87.974	1451	0.11791
569	321	8.0152	-120.	85.538	1451	0.11752
570	337	10.526	-120.	91.072	1451	0.11802
570	353	12.589	-120.	91.638	1451	0.11793
570	343	11.174	-120.	94.093	1451	0.11787
571	337	10.526	-120.	91.072	1451	0.11802
571	343	11.174	-120.	94.093	1451	0.11787
571	329	9.39	-120.	91.764	1451	0.11809
572	337	10.526	-120.	91.072	1451	0.11802
572	329	9.39	-120.	91.764	1451	0.11809
572	327	9.1417	-120.	90.688	1451	0.11807
573	337	10.526	-120.	91.072	1451	0.11802
573	327	9.1417	-120.	90.688	1451	0.11807
573	333	10.073	-120.	89.023	1451	0.11797
574	337	10.526	-120.	91.072	1451	0.11802
574	333	10.073	-120.	89.023	1451	0.11797
574	339	10.786	-120.	89.228	1451	0.11799
575	337	10.526	-120.	91.072	1451	0.11802
575	339	10.786	-120.	89.228	1451	0.11799
575	353	12.589	-120.	91.638	1451	0.11793
576	333	10.073	-120.	89.023	1451	0.11797
576	339	10.786	-120.	89.228	1451	0.11799
576	330	9.8569	-120.	87.974	1451	0.11791
577	516	31.257	-120.	118.83	1455	0.10706
577	537	32.231	-120.	118.57	1455	0.10713
577	533	32.19	-120.	117.81	1455	0.10737
578	559	34.106	-120.	119.51	1455	0.10684
578	560	34.106	-120.	120.25	1455	0.10663
578	568	35.062	-120.	119.27	1455	0.10692
579	558	34.076	-120.	118.07	1455	0.10728
579	533	32.19	-120.	117.81	1455	0.10737
579	555	33.96	-120.	115.92	1455	0.10803
580	558	34.076	-120.	118.07	1455	0.10728
580	555	33.96	-120.	115.92	1455	0.10803
580	575	36.909	-120.	117.34	1455	0.10757
581	558	34.076	-120.	118.07	1455	0.10728
581	575	36.909	-120.	117.34	1455	0.10757
581	568	35.062	-120.	119.27	1455	0.10692
582	558	34.076	-120.	118.07	1455	0.10728
582	568	35.062	-120.	119.27	1455	0.10692
582	559	34.106	-120.	119.51	1455	0.10684
583	558	34.076	-120.	118.07	1455	0.10728
583	559	34.106	-120.	119.51	1455	0.10684
583	537	32.231	-120.	118.57	1455	0.10713
584	558	34.076	-120.	118.07	1455	0.10728
584	537	32.231	-120.	118.57	1455	0.10713
584	533	32.19	-120.	117.81	1455	0.10737
585	538	32.245	-120.	120.	1455	0.1067
585	560	34.106	-120.	120.25	1455	0.10663
585	539	32.274	-120.	122.15	1455	0.10614
586	538	32.245	-120.	120.	1455	0.1067
586	539	32.274	-120.	122.15	1455	0.10614
586	491	29.497	-120.	120.69	1455	0.10657
587	538	32.245	-120.	120.	1455	0.1067
587	491	29.497	-120.	120.69	1455	0.10657
587	516	31.257	-120.	118.83	1455	0.10706
588	538	32.245	-120.	120.	1455	0.1067
588	516	31.257	-120.	118.83	1455	0.10706
588	537	32.231	-120.	118.57	1455	0.10713
589	538	32.245	-120.	120.	1455	0.1067
589	537	32.231	-120.	118.57	1455	0.10713
589	559	34.106	-120.	119.51	1455	0.10684
590	538	32.245	-120.	120.	1455	0.1067
590	559	34.106	-120.	119.51	1455	0.10684
590	560	34.106	-120.	120.25	1455	0.10663
591	523	31.753	-120.	114.26	1519	0.10867
591	507	30.803	-120.	114.51	1519	0.10858
591	528	31.894	-120.	115.	1519	0.10838
592	518	31.423	-120.	112.87	1519	0.10924
592	511	30.932	-120.	110.76	1519	0.11016
592	477	28.754	-120.	113.62	1519	0.10898
593	518	31.423	-120.	112.87	1519	0.10924
593	477	28.754	-120.	113.62	1519	0.10898
593	507	30.803	-120.	114.51	1519	0.10858
594	518	31.423	-120.	112.87	1519	0.10924
594	507	30.803	-120.	114.51	1519	0.10858
594	523	31.753	-120.	114.26	1519	0.10867
595	518	31.423	-120.	112.87	1519	0.10924
595	523	31.753	-120.	114.26	1519	0.10867
595	548	33.238	-120.	112.39	1519	0.10944
596	518	31.423	-120.	112.87	1519	0.10924
596	548	33.238	-120.	112.39	1519	0.10944
596	545	33.06	-120.	111.67	1519	0.10975
597	518	31.423	-120.	112.87	1519	0.10924
597	545	33.06	-120.	111.67	1519	0.10975
597	511	30.932	-120.	110.76	1519	0.11016
598	551	33.555	-120.	113.8	1519	0.10885
598	573	36.317	-120.	113.07	1519	0.10918
598	555	33.96	-120.	115.92	1519	0.10803
599	551	33.555	-120.	113.8	1519	0.10885
599	555	33.96	-120.	115.92	1519	0.10803
599	528	31.894	-120.	115.	1519	0.10838
600	551	33.555	-120.	113.8	1519	0.10885
600	528	31.894	-120.	115.	1519	0.10838
600	523	31.753	-120.	114.26	1519	0.10867
601	551	33.555	-120.	113.8	1519	0.10885
601	523	31.753	-120.	114.26	1519	0.10867
601	548	33.238	-120.	112.39	1519	0.10944
602	551	33.555	-120.	113.8	1519	0.10885
602	548	33.238	-120.	112.39	1519	0.10944
602	563	34.168	-120.	112.14	1519	0.10955
603	551	33.555	-120.	113.8	1519	0.10885
603	563	34.168	-120.	112.14	1519	0.10955
603	573	36.317	-120.	113.07	1519	0.10918
604	548	33.238	-120.	112.39	1519	0.10944
604	563	34.168	-120.	112.14	1519	0.10955
604	545	33.06	-120.	111.67	1519	0.10975
605	544	33.06	-120.	111.67	1521	0.10975
605	511	30.932	-120.	110.76	1521	0.11016
605	535	32.207	-120.	108.95	1521	0.11098
606	553	33.855	-120.	109.98	1521	0.1105
606	544	33.06	-120.	111.67	1521	0.10975
606	535	32.207	-120.	108.95	1521	0.11098
607	553	33.855	-120.	109.98	1521	0.1105
607	535	32.207	-120.	108.95	1521	0.11098
607	543	32.875	-120.	108.	1521	0.11141
608	553	33.855	-120.	109.98	1521	0.1105
608	543	32.875	-120.	108.	1521	0.11141
608	569	35.206	-120.	108.91	1521	0.11099
609	553	33.855	-120.	109.98	1521	0.1105
609	569	35.206	-120.	108.91	1521	0.11099
609	571	35.614	-120.	110.21	1521	0.1104
610	553	33.855	-120.	109.98	1521	0.1105
610	571	35.614	-120.	110.21	1521	0.1104
610	562	34.168	-120.	112.14	1521	0.10955
611	553	33.855	-120.	109.98	1521	0.1105
611	562	34.168	-120.	112.14	1521	0.10955
611	544	33.06	-120.	111.67	1521	0.10975
612	569	35.206	-120.	108.91	1521	0.11099
612	543	32.875	-120.	108.	1521	0.11141
612	561	34.155	-120.	106.16	1521	0.11227
613	571	35.614	-120.	110.21	1521	0.1104
613	573	36.317	-120.	113.07	1521	0.10918
613	562	34.168	-120.	112.14	1521	0.10955
614	461	27.302	-120.	105.87	1528	0.11246
614	464	27.85	-120.	104.3	1528	0.1132
614	482	29.263	-120.	106.75	1528	0.11203
615	461	27.302	-120.	105.87	1528	0.11246
615	482	29.263	-120.	106.75	1528	0.11203
615	475	28.622	-120.	107.7	1528	0.11159
616	461	27.302	-120.	105.87	1528	0.11246
616	475	28.622	-120.	107.7	1528	0.11159
616	448	26.217	-120.	106.97	1528	0.11196
617	461	27.302	-120.	105.87	1528	0.11246
617	448	26.217	-120.	106.97	1528	0.11196
617	443	25.406	-120.	105.57	1528	0.11263
618	461	27.302	-120.	105.87	1528	0.11246
618	443	25.406	-120.	105.57	1528	0.11263
618	451	26.451	-120.	103.94	1528	0.11339
619	461	27.302	-120.	105.87	1528	0.11246
619	451	26.451	-120.	103.94	1528	0.11339
619	464	27.85	-120.	104.3	1528	0.1132
620	448	26.217	-120.	106.97	1528	0.11196
620	475	28.622	-120.	107.7	1528	0.11159
620	462	27.402	-120.	109.46	1528	0.11079
621	464	27.85	-120.	104.3	1528	0.1132
621	499	30.485	-120.	104.97	1528	0.11286
621	482	29.263	-120.	106.75	1528	0.11203
622	451	26.451	-120.	103.94	1528	0.11339
622	443	25.406	-120.	105.57	1528	0.11263
622	432	23.847	-120.	103.3	1528	0.11373
623	353	12.589	-120.	91.638	1530	0.11793
623	340	10.786	-120.	89.228	1530	0.11799
623	357	13.535	-120.	90.005	1530	0.11801
624	321	8.0152	-120.	85.538	1530	0.11752
624	341	10.891	-120.	86.162	1530	0.11781
624	331	9.8569	-120.	87.974	1530	0.11791
625	364	14.983	-120.	87.508	1530	0.11813
625	360	14.027	-120.	89.153	1530	0.11805
625	350	12.207	-120.	86.534	1530	0.11792
626	348	11.884	-120.	88.176	1530	0.11798
626	357	13.535	-120.	90.005	1530	0.11801
626	340	10.786	-120.	89.228	1530	0.11799
627	348	11.884	-120.	88.176	1530	0.11798
627	340	10.786	-120.	89.228	1530	0.11799
627	331	9.8569	-120.	87.974	1530	0.11791
628	348	11.884	-120.	88.176	1530	0.11798
628	331	9.8569	-120.	87.974	1530	0.11791
628	341	10.891	-120.	86.162	1530	0.11781
629	348	11.884	-120.	88.176	1530	0.11798
629	341	10.891	-120.	86.162	1530	0.11781
629	350	12.207	-120.	86.534	1530	0.11792
630	348	11.884	-120.	88.176	1530	0.11798
630	350	12.207	-120.	86.534	1530	0.11792
630	360	14.027	-120.	89.153	1530	0.11805
631	348	11.884	-120.	88.176	1530	0.11798
631	360	14.027	-120.	89.153	1530	0.11805
631	357	13.535	-120.	90.005	1530	0.11801
632	371	15.86	-120.	93.118	1531	0.11764
632	374	16.06	-120.	94.294	1531	0.11741
632	378	16.533	-120.	93.457	1531	0.11755
633	363	14.571	-120.	92.538	1531	0.11777
633	353	12.589	-120.	91.638	1531	0.11793
633	365	15.169	-120.	95.872	1531	0.11713
634	363	14.571	-120.	92.538	1531	0.11777
634	365	15.169	-120.	95.872	1531	0.11713
634	374	16.06	-120.	94.294	1531	0.11741
635	363	14.571	-120.	92.538	1531	0.11777
635	374	16.06	-120.	94.294	1531	0.11741
635	371	15.86	-120.	93.118	1531	0.11764
636	363	14.571	-120.	92.538	1531	0.11777
636	371	15.86	-120.	93.118	1531	0.11764
636	361	14.21	-120.	90.302	1531	0.11799
637	363	14.571	-120.	92.538	1531	0.11777
637	361	14.21	-120.	90.302	1531	0.11799
637	357	13.535	-120.	90.005	1531	0.11801
638	363	14.571	-120.	92.538	1531	0.11777
638	357	13.535	-120.	90.005	1531	0.11801
638	353	12.589	-120.	91.638	1531	0.11793
639	368	15.507	-120.	90.901	1531	0.11795
639	364	14.983	-120.	87.508	1531	0.11813
639	381	17.43	-120.	91.87	1531	0.11783
640	368	15.507	-120.	90.901	1531	0.11795
640	381	17.43	-120.	91.87	1531	0.11783
640	378	16.533	-120.	93.457	1531	0.11755
641	368	15.507	-120.	90.901	1531	0.11795
641	378	16.533	-120.	93.457	1531	0.11755
641	371	15.86	-120.	93.118	1531	0.11764
642	368	15.507	-120.	90.901	1531	0.11795
642	371	15.86	-120.	93.118	1531	0.11764
642	361	14.21	-120.	90.302	1531	0.11799
643	368	15.507	-120.	90.901	1531	0.11795
643	361	14.21	-120.	90.302	1531	0.11799
643	360	14.027	-120.	89.153	1531	0.11805
644	368	15.507	-120.	90.901	1531	0.11795
644	360	14.027	-120.	89.153	1531	0.11805
644	364	14.983	-120.	87.508	1531	0.11813
645	361	14.21	-120.	90.302	1531	0.11799
645	360	14.027	-120.	89.153	1531	0.11805
645	357	13.535	-120.	90.005	1531	0.11801
646	432	23.847	-120.	103.3	1544	0.11373
646	444	25.409	-120.	100.72	1544	0.11487
646	407	20.921	-120.	100.05	1544	0.11528
647	449	26.403	-120.	99.043	1546	0.11557
647	468	28.095	-120.	101.35	1546	0.11456
647	444	25.409	-120.	100.72	1546	0.11487
648	501	30.617	-120.	99.84	1546	0.11519
648	536	32.209	-120.	102.31	1546	0.11408
648	489	29.49	-120.	101.66	1546	0.1144
649	472	28.556	-120.	99.8	1546	0.11523
649	501	30.617	-120.	99.84	1546	0.11519
649	489	29.49	-120.	101.66	1546	0.1144
650	472	28.556	-120.	99.8	1546	0.11523
650	489	29.49	-120.	101.66	1546	0.1144
650	468	28.095	-120.	101.35	1546	0.11456
651	472	28.556	-120.	99.8	1546	0.11523
651	468	28.095	-120.	101.35	1546	0.11456
651	449	26.403	-120.	99.043	1546	0.11557
652	472	28.556	-120.	99.8	1546	0.11523
652	449	26.403	-120.	99.043	1546	0.11557
652	459	26.924	-120.	98.172	1546	0.11592
653	472	28.556	-120.	99.8	1546	0.11523
653	459	26.924	-120.	98.172	1546	0.11592
653	496	29.807	-120.	98.737	1546	0.11566
654	472	28.556	-120.	99.8	1546	0.11523
654	496	29.807	-120.	98.737	1546	0.11566
654	501	30.617	-120.	99.84	1546	0.11519
655	466	27.921	-120.	96.479	1546	0.11656
655	496	29.807	-120.	98.737	1546	0.11566
655	459	26.924	-120.	98.172	1546	0.11592
656	428	22.931	-120.	98.116	1547	0.11598
656	423	22.388	-120.	97.593	1547	0.11619
656	419	21.882	-120.	98.448	1547	0.11588
657	433	23.908	-120.	99.146	1547	0.11556
657	449	26.403	-120.	99.043	1547	0.11557
657	444	25.409	-120.	100.72	1547	0.11487
658	433	23.908	-120.	99.146	1547	0.11556
658	444	25.409	-120.	100.72	1547	0.11487
658	407	20.921	-120.	100.05	1547	0.11528
659	433	23.908	-120.	99.146	1547	0.11556
659	407	20.921	-120.	100.05	1547	0.11528
659	419	21.882	-120.	98.448	1547	0.11588
660	433	23.908	-120.	99.146	1547	0.11556
660	419	21.882	-120.	98.448	1547	0.11588
660	428	22.931	-120.	98.116	1547	0.11598
661	433	23.908	-120.	99.146	1547	0.11556
661	428	22.931	-120.	98.116	1547	0.11598
661	447	25.899	-120.	98.502	1547	0.11579
662	433	23.908	-120.	99.146	1547	0.11556
662	447	25.899	-120.	98.502	1547	0.11579
662	449	26.403	-120.	99.043	1547	0.11557
663	459	26.924	-120.	98.172	1547	0.11592
663	447	25.899	-120.	98.502	1547	0.11579
663	449	26.403	-120.	99.043	1547	0.11557
664	442	24.902	-120.	97.473	1547	0.1162
664	466	27.921	-120.	96.479	1547	0.11656
664	431	23.352	-120.	95.976	1547	0.11674
665	442	24.902	-120.	97.473	1547	0.1162
665	431	23.352	-120.	95.976	1547	0.11674
665	423	22.388	-120.	97.593	1547	0.11619
666	442	24.902	-120.	97.473	1547	0.1162
666	423	22.388	-120.	97.593	1547	0.11619
666	428	22.931	-120.	98.116	1547	0.11598
667	442	24.902	-120.	97.473	1547	0.1162
667	428	22.931	-120.	98.116	1547	0.11598
667	447	25.899	-120.	98.502	1547	0.11579
668	442	24.902	-120.	97.473	1547	0.1162
668	447	25.899	-120.	98.502	1547	0.11579
668	459	26.924	-120.	98.172	1547	0.11592
669	442	24.902	-120.	97.473	1547	0.1162
669	459	26.924	-120.	98.172	1547	0.11592
669	466	27.921	-120.	96.479	1547	0.11656
670	395	19.847	-120.	97.24	1566	0.1164
670	418	21.882	-120.	98.448	1566	0.11588
670	391	18.828	-120.	98.263	1566	0.11609
671	395	19.847	-120.	97.24	1566	0.1164
671	391	18.828	-120.	98.263	1566	0.11609
671	382	17.516	-120.	97.31	1566	0.11651
672	395	19.847	-120.	97.24	1566	0.1164
672	382	17.516	-120.	97.31	1566	0.11651
672	389	18.369	-120.	95.895	1566	0.11691
673	395	19.847	-120.	97.24	1566	0.1164
673	389	18.369	-120.	95.895	1566	0.11691
673	402	20.101	-120.	95.931	1566	0.11683
674	395	19.847	-120.	97.24	1566	0.1164
674	402	20.101	-120.	95.931	1566	0.11683
674	422	22.388	-120.	97.593	1566	0.11619
675	395	19.847	-120.	97.24	1566	0.1164
675	422	22.388	-120.	97.593	1566	0.11619
675	418	21.882	-120.	98.448	1566	0.11588
676	389	18.369	-120.	95.895	1566	0.11691
676	382	17.516	-120.	97.31	1566	0.11651
676	365	15.169	-120.	95.872	1566	0.11713
677	418	21.882	-120.	98.448	1566	0.11588
677	407	20.921	-120.	100.05	1566	0.11528
677	391	18.828	-120.	98.263	1566	0.11609
678	422	22.388	-120.	97.593	1566	0.11619
678	402	20.101	-120.	95.931	1566	0.11683
678	431	23.352	-120.	95.976	1566	0.11674
679	439	24.656	-120.	135.59	1581	0.1057
679	479	29.242	-120.	133.19	1581	0.10538
679	456	26.843	-120.	131.8	1581	0.1053
680	460	27.061	-120.	136.97	1582	0.10599
680	479	29.242	-120.	133.19	1582	0.10538
680	439	24.656	-120.	135.59	1582	0.1057
681	539	32.274	-120.	122.15	1583	0.10614
681	491	29.497	-120.	120.69	1583	0.10657
681	478	29.04	-120.	125.04	1583	0.10567
682	556	34.028	-120.	123.11	1585	0.10594
682	539	32.274	-120.	122.15	1585	0.10614
682	560	34.106	-120.	120.25	1585	0.10663
683	570	35.354	-120.	121.36	1585	0.10636
683	556	34.028	-120.	123.11	1585	0.10594
683	560	34.106	-120.	120.25	1585	0.10663
684	570	35.354	-120.	121.36	1585	0.10636
684	560	34.106	-120.	120.25	1585	0.10663
684	568	35.062	-120.	119.27	1585	0.10692
685	570	35.354	-120.	121.36	1585	0.10636
685	568	35.062	-120.	119.27	1585	0.10692
685	577	37.01	-120.	120.28	1585	0.10668
686	570	35.354	-120.	121.36	1585	0.10636
686	577	37.01	-120.	120.28	1585	0.10668
686	576	36.972	-120.	121.65	1585	0.10633
687	570	35.354	-120.	121.36	1585	0.10636
687	576	36.972	-120.	121.65	1585	0.10633
687	566	34.943	-120.	123.6	1585	0.10586
688	570	35.354	-120.	121.36	1585	0.10636
688	566	34.943	-120.	123.6	1585	0.10586
688	556	34.028	-120.	123.11	1585	0.10594
689	577	37.01	-120.	120.28	1585	0.10668
689	568	35.062	-120.	119.27	1585	0.10692
689	575	36.909	-120.	117.34	1585	0.10757
690	576	36.972	-120.	121.65	1585	0.10633
690	574	36.709	-120.	124.58	1585	0.10574
690	566	34.943	-120.	123.6	1585	0.10586
691	524	31.758	-120.	125.71	1588	0.10551
691	503	30.725	-120.	125.95	1588	0.10549
691	519	31.619	-120.	126.45	1588	0.10542
692	552	33.712	-120.	125.26	1588	0.10557
692	565	34.943	-120.	123.6	1588	0.10586
692	574	36.709	-120.	124.58	1588	0.10574
693	552	33.712	-120.	125.26	1588	0.10557
693	574	36.709	-120.	124.58	1588	0.10574
693	549	33.314	-120.	127.38	1588	0.10534
694	552	33.712	-120.	125.26	1588	0.10557
694	549	33.314	-120.	127.38	1588	0.10534
694	519	31.619	-120.	126.45	1588	0.10542
695	552	33.712	-120.	125.26	1588	0.10557
695	519	31.619	-120.	126.45	1588	0.10542
695	524	31.758	-120.	125.71	1588	0.10551
696	552	33.712	-120.	125.26	1588	0.10557
696	524	31.758	-120.	125.71	1588	0.10551
696	554	33.93	-120.	123.84	1588	0.1058
697	552	33.712	-120.	125.26	1588	0.10557
697	554	33.93	-120.	123.84	1588	0.1058
697	565	34.943	-120.	123.6	1588	0.10586
698	557	34.028	-120.	123.11	1588	0.10594
698	554	33.93	-120.	123.84	1588	0.1058
698	565	34.943	-120.	123.6	1588	0.10586
699	530	31.959	-120.	124.3	1588	0.10572
699	539	32.274	-120.	122.15	1588	0.10614
699	478	29.04	-120.	125.04	1588	0.10567
700	530	31.959	-120.	124.3	1588	0.10572
700	478	29.04	-120.	125.04	1588	0.10567
700	503	30.725	-120.	125.95	1588	0.10549
701	530	31.959	-120.	124.3	1588	0.10572
701	503	30.725	-120.	125.95	1588	0.10549
701	524	31.758	-120.	125.71	1588	0.10551
702	530	31.959	-120.	124.3	1588	0.10572
702	524	31.758	-120.	125.71	1588	0.10551
702	554	33.93	-120.	123.84	1588	0.1058
703	530	31.959	-120.	124.3	1588	0.10572
703	554	33.93	-120.	123.84	1588	0.1058
703	557	34.028	-120.	123.11	1588	0.10594
704	530	31.959	-120.	124.3	1588	0.10572
704	557	34.028	-120.	123.11	1588	0.10594
704	539	32.274	-120.	122.15	1588	0.10614
705	549	33.314	-120.	127.38	1589	0.10534
705	572	35.883	-120.	128.81	1589	0.10531
705	574	36.709	-120.	124.58	1589	0.10574
706	495	29.794	-120.	128.1	1591	0.1053
706	470	28.397	-120.	127.71	1591	0.10537
706	502	30.725	-120.	125.95	1591	0.10549
707	495	29.794	-120.	128.1	1591	0.1053
707	502	30.725	-120.	125.95	1591	0.10549
707	520	31.619	-120.	126.45	1591	0.10542
708	495	29.794	-120.	128.1	1591	0.1053
708	520	31.619	-120.	126.45	1591	0.10542
708	505	30.745	-120.	129.14	1591	0.10524
709	495	29.794	-120.	128.1	1591	0.1053
709	505	30.745	-120.	129.14	1591	0.10524
709	485	29.384	-120.	130.08	1591	0.10523
710	495	29.794	-120.	128.1	1591	0.1053
710	485	29.384	-120.	130.08	1591	0.10523
710	465	27.896	-120.	129.26	1591	0.10529
711	495	29.794	-120.	128.1	1591	0.1053
711	465	27.896	-120.	129.26	1591	0.10529
711	470	28.397	-120.	127.71	1591	0.10537
712	505	30.745	-120.	129.14	1591	0.10524
712	520	31.619	-120.	126.45	1591	0.10542
712	549	33.314	-120.	127.38	1591	0.10534
713	470	28.397	-120.	127.71	1591	0.10537
713	478	29.04	-120.	125.04	1591	0.10567
713	502	30.725	-120.	125.95	1591	0.10549
714	465	27.896	-120.	129.26	1591	0.10529
714	485	29.384	-120.	130.08	1591	0.10523
714	456	26.843	-120.	131.8	1591	0.1053
715	500	30.508	-120.	129.85	1592	0.10523
715	504	30.745	-120.	129.14	1592	0.10524
715	484	29.384	-120.	130.08	1592	0.10523
716	540	32.636	-120.	129.42	1592	0.10524
716	572	35.883	-120.	128.81	1592	0.10531
716	549	33.314	-120.	127.38	1592	0.10534
717	540	32.636	-120.	129.42	1592	0.10524
717	549	33.314	-120.	127.38	1592	0.10534
717	504	30.745	-120.	129.14	1592	0.10524
718	540	32.636	-120.	129.42	1592	0.10524
718	504	30.745	-120.	129.14	1592	0.10524
718	500	30.508	-120.	129.85	1592	0.10523
719	540	32.636	-120.	129.42	1592	0.10524
719	500	30.508	-120.	129.85	1592	0.10523
719	531	32.136	-120.	130.77	1592	0.10524
720	540	32.636	-120.	129.42	1592	0.10524
720	531	32.136	-120.	130.77	1592	0.10524
720	547	33.229	-120.	130.57	1592	0.10525
721	540	32.636	-120.	129.42	1592	0.10524
721	547	33.229	-120.	130.57	1592	0.10525
721	572	35.883	-120.	128.81	1592	0.10531
722	497	29.996	-120.	131.19	1592	0.10525
722	479	29.242	-120.	133.19	1592	0.10538
722	456	26.843	-120.	131.8	1592	0.1053
723	497	29.996	-120.	131.19	1592	0.10525
723	456	26.843	-120.	131.8	1592	0.1053
723	484	29.384	-120.	130.08	1592	0.10523
724	497	29.996	-120.	131.19	1592	0.10525
724	484	29.384	-120.	130.08	1592	0.10523
724	500	30.508	-120.	129.85	1592	0.10523
725	497	29.996	-120.	131.19	1592	0.10525
725	500	30.508	-120.	129.85	1592	0.10523
725	531	32.136	-120.	130.77	1592	0.10524
726	497	29.996	-120.	131.19	1592	0.10525
726	531	32.136	-120.	130.77	1592	0.10524
726	525	31.866	-120.	131.46	1592	0.10526
727	497	29.996	-120.	131.19	1592	0.10525
727	525	31.866	-120.	131.46	1592	0.10526
727	479	29.242	-120.	133.19	1592	0.10538
728	531	32.136	-120.	130.77	1592	0.10524
728	525	31.866	-120.	131.46	1592	0.10526
728	547	33.229	-120.	130.57	1592	0.10525
729	494	29.577	-120.	107.44	1594	0.1117
729	481	29.263	-120.	106.75	1594	0.11203
729	474	28.622	-120.	107.7	1594	0.11159
730	517	31.382	-120.	106.93	1594	0.11192
730	561	34.155	-120.	106.16	1594	0.11227
730	499	30.485	-120.	104.97	1594	0.11286
731	517	31.382	-120.	106.93	1594	0.11192
731	499	30.485	-120.	104.97	1594	0.11286
731	481	29.263	-120.	106.75	1594	0.11203
732	517	31.382	-120.	106.93	1594	0.11192
732	481	29.263	-120.	106.75	1594	0.11203
732	494	29.577	-120.	107.44	1594	0.1117
733	517	31.382	-120.	106.93	1594	0.11192
733	494	29.577	-120.	107.44	1594	0.1117
733	529	31.935	-120.	108.26	1594	0.1113
734	517	31.382	-120.	106.93	1594	0.11192
734	529	31.935	-120.	108.26	1594	0.1113
734	542	32.875	-120.	108.	1594	0.11141
735	517	31.382	-120.	106.93	1594	0.11192
735	542	32.875	-120.	108.	1594	0.11141
735	561	34.155	-120.	106.16	1594	0.11227
736	498	30.113	-120.	108.76	1594	0.11108
736	511	30.932	-120.	110.76	1594	0.11016
736	462	27.402	-120.	109.46	1594	0.11079
737	498	30.113	-120.	108.76	1594	0.11108
737	462	27.402	-120.	109.46	1594	0.11079
737	474	28.622	-120.	107.7	1594	0.11159
738	498	30.113	-120.	108.76	1594	0.11108
738	474	28.622	-120.	107.7	1594	0.11159
738	494	29.577	-120.	107.44	1594	0.1117
739	498	30.113	-120.	108.76	1594	0.11108
739	494	29.577	-120.	107.44	1594	0.1117
739	529	31.935	-120.	108.26	1594	0.1113
740	498	30.113	-120.	108.76	1594	0.11108
740	529	31.935	-120.	108.26	1594	0.1113
740	534	32.207	-120.	108.95	1594	0.11098
741	498	30.113	-120.	108.76	1594	0.11108
741	534	32.207	-120.	108.95	1594	0.11098
741	511	30.932	-120.	110.76	1594	0.11016
742	529	31.935	-120.	108.26	1594	0.1113
742	534	32.207	-120.	108.95	1594	0.11098
742	542	32.875	-120.	108.	1594	0.11141
743	477	28.754	-120.	113.62	1595	0.10898
743	511	30.932	-120.	110.76	1595	0.11016
743	462	27.402	-120.	109.46	1595	0.11079
744	561	34.155	-120.	106.16	1598	0.11227
744	536	32.209	-120.	102.31	1598	0.11408
744	499	30.485	-120.	104.97	1598	0.11286
745	107	-23.785	-120.	100.93	1649	0.12299
745	110	-23.545	-120.	96.143	1649	0.1214
745	73	-26.285	-120.	99.47	1649	0.12258
746	136	-21.358	-120.	102.37	1650	0.12335
746	130	-21.726	-120.	101.28	1650	0.12308
746	123	-22.197	-120.	101.87	1650	0.12323
747	133	-21.51	-120.	98.163	1650	0.12212
747	138	-21.019	-120.	97.611	1650	0.12192
747	125	-21.878	-120.	97.108	1650	0.12174
748	119	-22.44	-120.	99.25	1650	0.12249
748	123	-22.197	-120.	101.87	1650	0.12323
748	107	-23.785	-120.	100.93	1650	0.12299
749	119	-22.44	-120.	99.25	1650	0.12249
749	107	-23.785	-120.	100.93	1650	0.12299
749	110	-23.545	-120.	96.143	1650	0.1214
750	119	-22.44	-120.	99.25	1650	0.12249
750	110	-23.545	-120.	96.143	1650	0.1214
750	125	-21.878	-120.	97.108	1650	0.12174
751	119	-22.44	-120.	99.25	1650	0.12249
751	125	-21.878	-120.	97.108	1650	0.12174
751	133	-21.51	-120.	98.163	1650	0.12212
752	119	-22.44	-120.	99.25	1650	0.12249
752	133	-21.51	-120.	98.163	1650	0.12212
752	130	-21.726	-120.	101.28	1650	0.12308
753	119	-22.44	-120.	99.25	1650	0.12249
753	130	-21.726	-120.	101.28	1650	0.12308
753	123	-22.197	-120.	101.87	1650	0.12323
754	140	-20.794	-120.	100.22	1650	0.12278
754	138	-21.019	-120.	97.611	1650	0.12192
754	153	-19.369	-120.	98.573	1650	0.12225
755	140	-20.794	-120.	100.22	1650	0.12278
755	153	-19.369	-120.	98.573	1650	0.12225
755	151	-19.781	-120.	103.3	1650	0.12357
756	140	-20.794	-120.	100.22	1650	0.12278
756	151	-19.781	-120.	103.3	1650	0.12357
756	136	-21.358	-120.	102.37	1650	0.12335
757	140	-20.794	-120.	100.22	1650	0.12278
757	136	-21.358	-120.	102.37	1650	0.12335
757	130	-21.726	-120.	101.28	1650	0.12308
758	140	-20.794	-120.	100.22	1650	0.12278
758	130	-21.726	-120.	101.28	1650	0.12308
758	133	-21.51	-120.	98.163	1650	0.12212
759	140	-20.794	-120.	100.22	1650	0.12278
759	133	-21.51	-120.	98.163	1650	0.12212
759	138	-21.019	-120.	97.611	1650	0.12192
760	171	-16.855	-120.	100.05	1654	0.12276
760	153	-19.369	-120.	98.573	1654	0.12225
760	151	-19.781	-120.	103.3	1654	0.12357
761	221	-8.7706	-120.	146.81	1667	0.11159
761	229	-7.1945	-120.	148.83	1667	0.11138
761	217	-9.7773	-120.	147.68	1667	0.11156
762	221	-8.7706	-120.	146.81	1667	0.11159
762	217	-9.7773	-120.	147.68	1667	0.11156
762	212	-10.674	-120.	146.2	1667	0.1118
763	221	-8.7706	-120.	146.81	1667	0.11159
763	212	-10.674	-120.	146.2	1667	0.1118
763	215	-9.8754	-120.	144.75	1667	0.11197
764	221	-8.7706	-120.	146.81	1667	0.11159
764	215	-9.8754	-120.	144.75	1667	0.11197
764	224	-8.3944	-120.	145.41	1667	0.1117
765	221	-8.7706	-120.	146.81	1667	0.11159
765	224	-8.3944	-120.	145.41	1667	0.1117
765	233	-6.7075	-120.	147.97	1667	0.11137
766	221	-8.7706	-120.	146.81	1667	0.11159
766	233	-6.7075	-120.	147.97	1667	0.11137
766	229	-7.1945	-120.	148.83	1667	0.11138
767	215	-9.8754	-120.	144.75	1667	0.11197
767	212	-10.674	-120.	146.2	1667	0.1118
767	197	-12.295	-120.	143.44	1667	0.11249
768	229	-7.1945	-120.	148.83	1667	0.11138
768	226	-8.113	-120.	150.47	1667	0.11138
768	217	-9.7773	-120.	147.68	1667	0.11156
769	233	-6.7075	-120.	147.97	1667	0.11137
769	224	-8.3944	-120.	145.41	1667	0.1117
769	240	-5.7995	-120.	146.33	1667	0.11133
770	486	29.388	-120.	135.79	1726	0.10575
770	479	29.242	-120.	133.19	1726	0.10538
770	460	27.061	-120.	136.97	1726	0.10599
771	486	29.388	-120.	135.79	1726	0.10575
771	460	27.061	-120.	136.97	1726	0.10599
771	476	28.693	-120.	137.9	1726	0.10619
772	486	29.388	-120.	135.79	1726	0.10575
772	476	28.693	-120.	137.9	1726	0.10619
772	492	29.517	-120.	137.53	1726	0.1061
773	486	29.388	-120.	135.79	1726	0.10575
773	492	29.517	-120.	137.53	1726	0.1061
773	512	30.952	-120.	135.04	1726	0.10563
774	486	29.388	-120.	135.79	1726	0.10575
774	512	30.952	-120.	135.04	1726	0.10563
774	509	30.864	-120.	134.14	1726	0.10549
775	486	29.388	-120.	135.79	1726	0.10575
775	509	30.864	-120.	134.14	1726	0.10549
775	479	29.242	-120.	133.19	1726	0.10538
776	513	31.043	-120.	136.75	1726	0.10593
776	550	33.344	-120.	135.59	1726	0.10573
776	514	31.189	-120.	139.32	1726	0.10656
777	513	31.043	-120.	136.75	1726	0.10593
777	514	31.189	-120.	139.32	1726	0.10656
777	493	29.543	-120.	138.38	1726	0.10631
778	513	31.043	-120.	136.75	1726	0.10593
778	493	29.543	-120.	138.38	1726	0.10631
778	492	29.517	-120.	137.53	1726	0.1061
779	513	31.043	-120.	136.75	1726	0.10593
779	492	29.517	-120.	137.53	1726	0.1061
779	512	30.952	-120.	135.04	1726	0.10563
780	513	31.043	-120.	136.75	1726	0.10593
780	512	30.952	-120.	135.04	1726	0.10563
780	521	31.71	-120.	134.63	1726	0.10557
781	513	31.043	-120.	136.75	1726	0.10593
781	521	31.71	-120.	134.63	1726	0.10557
781	550	33.344	-120.	135.59	1726	0.10573
782	492	29.517	-120.	137.53	1726	0.1061
782	476	28.693	-120.	137.9	1726	0.10619
782	493	29.543	-120.	138.38	1726	0.10631
783	512	30.952	-120.	135.04	1726	0.10563
783	521	31.71	-120.	134.63	1726	0.10557
783	509	30.864	-120.	134.14	1726	0.10549
784	476	28.693	-120.	137.9	1744	0.10619
784	458	26.876	-120.	140.1	1744	0.1068
784	460	27.061	-120.	136.97	1744	0.10599
785	473	28.593	-120.	142.76	1744	0.10766
785	452	26.586	-120.	144.91	1744	0.10851
785	454	26.788	-120.	141.73	1744	0.10732
786	469	28.326	-120.	140.43	1744	0.10689
786	473	28.593	-120.	142.76	1744	0.10766
786	454	26.788	-120.	141.73	1744	0.10732
787	469	28.326	-120.	140.43	1744	0.10689
787	454	26.788	-120.	141.73	1744	0.10732
787	458	26.876	-120.	140.1	1744	0.1068
788	469	28.326	-120.	140.43	1744	0.10689
788	458	26.876	-120.	140.1	1744	0.1068
788	476	28.693	-120.	137.9	1744	0.10619
789	469	28.326	-120.	140.43	1744	0.10689
789	476	28.693	-120.	137.9	1744	0.10619
789	493	29.543	-120.	138.38	1744	0.10631
790	469	28.326	-120.	140.43	1744	0.10689
790	493	29.543	-120.	138.38	1744	0.10631
790	488	29.463	-120.	141.7	1744	0.10729
791	469	28.326	-120.	140.43	1744	0.10689
791	488	29.463	-120.	141.7	1744	0.10729
791	473	28.593	-120.	142.76	1744	0.10766
792	514	31.189	-120.	139.32	1744	0.10656
792	488	29.463	-120.	141.7	1744	0.10729
792	493	29.543	-120.	138.38	1744	0.10631
793	390	18.671	-120.	94.527	1810	0.11726
793	388	18.369	-120.	95.895	1810	0.11691
793	373	16.06	-120.	94.294	1810	0.11741
794	390	18.671	-120.	94.527	1810	0.11726
794	373	16.06	-120.	94.294	1810	0.11741
794	377	16.533	-120.	93.457	1810	0.11755
795	390	18.671	-120.	94.527	1810	0.11726
795	377	16.533	-120.	93.457	1810	0.11755
795	397	19.897	-120.	93.386	1810	0.11752
796	390	18.671	-120.	94.527	1810	0.11726
796	397	19.897	-120.	93.386	1810	0.11752
796	409	21.067	-120.	94.197	1810	0.1173
797	390	18.671	-120.	94.527	1810	0.11726
797	409	21.067	-120.	94.197	1810	0.1173
797	401	20.101	-120.	95.931	1810	0.11683
798	390	18.671	-120.	94.527	1810	0.11726
798	401	20.101	-120.	95.931	1810	0.11683
798	388	18.369	-120.	95.895	1810	0.11691
799	397	19.897	-120.	93.386	1810	0.11752
799	377	16.533	-120.	93.457	1810	0.11755
799	381	17.43	-120.	91.87	1810	0.11783
800	388	18.369	-120.	95.895	1810	0.11691
800	365	15.169	-120.	95.872	1810	0.11713
800	373	16.06	-120.	94.294	1810	0.11741
801	401	20.101	-120.	95.931	1810	0.11683
801	409	21.067	-120.	94.197	1810	0.1173
801	431	23.352	-120.	95.976	1810	0.11674
802	406	20.74	-120.	93.354	1811	0.11752
802	398	19.897	-120.	93.386	1811	0.11752
802	410	21.067	-120.	94.197	1811	0.1173
803	400	20.015	-120.	91.744	1811	0.11787
803	392	18.881	-120.	89.348	1811	0.11822
803	381	17.43	-120.	91.87	1811	0.11783
804	400	20.015	-120.	91.744	1811	0.11787
804	381	17.43	-120.	91.87	1811	0.11783
804	398	19.897	-120.	93.386	1811	0.11752
805	400	20.015	-120.	91.744	1811	0.11787
805	398	19.897	-120.	93.386	1811	0.11752
805	406	20.74	-120.	93.354	1811	0.11752
806	400	20.015	-120.	91.744	1811	0.11787
806	406	20.74	-120.	93.354	1811	0.11752
806	416	21.743	-120.	91.638	1811	0.11793
807	400	20.015	-120.	91.744	1811	0.11787
807	416	21.743	-120.	91.638	1811	0.11793
807	412	21.398	-120.	90.871	1811	0.11808
808	400	20.015	-120.	91.744	1811	0.11787
808	412	21.398	-120.	90.871	1811	0.11808
808	392	18.881	-120.	89.348	1811	0.11822
809	421	22.376	-120.	93.382	1811	0.11752
809	441	24.832	-120.	93.474	1811	0.11754
809	431	23.352	-120.	95.976	1811	0.11674
810	421	22.376	-120.	93.382	1811	0.11752
810	431	23.352	-120.	95.976	1811	0.11674
810	410	21.067	-120.	94.197	1811	0.1173
811	421	22.376	-120.	93.382	1811	0.11752
811	410	21.067	-120.	94.197	1811	0.1173
811	406	20.74	-120.	93.354	1811	0.11752
812	421	22.376	-120.	93.382	1811	0.11752
812	406	20.74	-120.	93.354	1811	0.11752
812	416	21.743	-120.	91.638	1811	0.11793
813	421	22.376	-120.	93.382	1811	0.11752
813	416	21.743	-120.	91.638	1811	0.11793
813	426	22.522	-120.	91.651	1811	0.11795
814	421	22.376	-120.	93.382	1811	0.11752
814	426	22.522	-120.	91.651	1811	0.11795
814	441	24.832	-120.	93.474	1811	0.11754
815	416	21.743	-120.	91.638	1811	0.11793
815	426	22.522	-120.	91.651	1811	0.11795
815	412	21.398	-120.	90.871	1811	0.11808
