小面	点	X坐标 (mm)	Y坐标 (mm)	Z坐标 (mm)	单元数	定向变形 (mm)
0	256	-2.9777	-120.	149.89	577	0.11068
0	268	-1.0913	-120.	151.9	577	0.11112
0	252	-3.9312	-120.	151.58	577	0.11101
1	288	1.8045	-120.	154.98	577	0.11225
1	267	-1.1343	-120.	154.83	577	0.11196
1	276	-0.11815	-120.	152.95	577	0.11144
2	243	-5.3928	-120.	154.18	577	0.11143
2	248	-4.4252	-120.	152.47	577	0.11117
2	259	-2.4941	-120.	154.68	577	0.1118
3	261	-2.1991	-120.	153.07	577	0.1114
3	252	-3.9312	-120.	151.58	577	0.11101
3	268	-1.0913	-120.	151.9	577	0.11112
4	261	-2.1991	-120.	153.07	577	0.1114
4	268	-1.0913	-120.	151.9	577	0.11112
4	276	-0.11815	-120.	152.95	577	0.11144
5	261	-2.1991	-120.	153.07	577	0.1114
5	276	-0.11815	-120.	152.95	577	0.11144
5	267	-1.1343	-120.	154.83	577	0.11196
6	261	-2.1991	-120.	153.07	577	0.1114
6	267	-1.1343	-120.	154.83	577	0.11196
6	259	-2.4941	-120.	154.68	577	0.1118
7	261	-2.1991	-120.	153.07	577	0.1114
7	259	-2.4941	-120.	154.68	577	0.1118
7	248	-4.4252	-120.	152.47	577	0.11117
8	261	-2.1991	-120.	153.07	577	0.1114
8	248	-4.4252	-120.	152.47	577	0.11117
8	252	-3.9312	-120.	151.58	577	0.11101
9	526	31.866	-120.	131.46	610	0.10336
9	510	30.864	-120.	134.14	610	0.10357
9	479	29.242	-120.	133.19	610	0.10345
10	564	34.544	-120.	132.9	610	0.10349
10	550	33.344	-120.	135.59	610	0.10383
10	522	31.71	-120.	134.63	610	0.10365
11	541	32.873	-120.	132.56	610	0.10343
11	564	34.544	-120.	132.9	610	0.10349
11	522	31.71	-120.	134.63	610	0.10365
12	541	32.873	-120.	132.56	610	0.10343
12	522	31.71	-120.	134.63	610	0.10365
12	510	30.864	-120.	134.14	610	0.10357
13	541	32.873	-120.	132.56	610	0.10343
13	510	30.864	-120.	134.14	610	0.10357
13	526	31.866	-120.	131.46	610	0.10336
14	541	32.873	-120.	132.56	610	0.10343
14	526	31.866	-120.	131.46	610	0.10336
14	546	33.229	-120.	130.57	610	0.10336
15	541	32.873	-120.	132.56	610	0.10343
15	546	33.229	-120.	130.57	610	0.10336
15	567	35.024	-120.	131.62	610	0.10342
16	541	32.873	-120.	132.56	610	0.10343
16	567	35.024	-120.	131.62	610	0.10342
16	564	34.544	-120.	132.9	610	0.10349
17	572	35.883	-120.	128.81	610	0.1035
17	567	35.024	-120.	131.62	610	0.10342
17	546	33.229	-120.	130.57	610	0.10336
18	109	-23.556	-120.	106.6	619	0.12792
18	124	-22.151	-120.	106.97	619	0.12792
18	98	-24.934	-120.	108.56	619	0.128
19	109	-23.556	-120.	106.6	619	0.12792
19	98	-24.934	-120.	108.56	619	0.128
19	83	-25.781	-120.	108.08	619	0.12801
20	109	-23.556	-120.	106.6	619	0.12792
20	83	-25.781	-120.	108.08	619	0.12801
20	104	-24.368	-120.	105.63	619	0.12782
21	109	-23.556	-120.	106.6	619	0.12792
21	104	-24.368	-120.	105.63	619	0.12782
21	117	-22.763	-120.	104.8	619	0.1277
22	109	-23.556	-120.	106.6	619	0.12792
22	117	-22.763	-120.	104.8	619	0.1277
22	137	-21.34	-120.	105.57	619	0.1278
23	109	-23.556	-120.	106.6	619	0.12792
23	137	-21.34	-120.	105.57	619	0.1278
23	124	-22.151	-120.	106.97	619	0.12792
24	104	-24.368	-120.	105.63	619	0.12782
24	83	-25.781	-120.	108.08	619	0.12801
24	55	-27.388	-120.	107.17	619	0.12796
25	124	-22.151	-120.	106.97	619	0.12792
25	112	-23.336	-120.	109.46	619	0.12795
25	98	-24.934	-120.	108.56	619	0.128
26	137	-21.34	-120.	105.57	619	0.1278
26	117	-22.763	-120.	104.8	619	0.1277
26	151	-19.781	-120.	103.3	619	0.12741
27	153	-19.369	-120.	98.573	622	0.12578
27	139	-21.019	-120.	97.611	622	0.12537
27	155	-18.865	-120.	95.735	622	0.12442
28	110	-23.545	-120.	96.143	622	0.12471
28	134	-21.451	-120.	94.077	622	0.12359
28	126	-21.878	-120.	97.108	622	0.12514
29	165	-18.085	-120.	91.387	622	0.12195
29	161	-18.611	-120.	94.262	622	0.12363
29	144	-20.419	-120.	93.178	622	0.12307
30	145	-20.374	-120.	95.329	622	0.12423
30	155	-18.865	-120.	95.735	622	0.12442
30	139	-21.019	-120.	97.611	622	0.12537
31	145	-20.374	-120.	95.329	622	0.12423
31	139	-21.019	-120.	97.611	622	0.12537
31	126	-21.878	-120.	97.108	622	0.12514
32	145	-20.374	-120.	95.329	622	0.12423
32	126	-21.878	-120.	97.108	622	0.12514
32	134	-21.451	-120.	94.077	622	0.12359
33	145	-20.374	-120.	95.329	622	0.12423
33	134	-21.451	-120.	94.077	622	0.12359
33	144	-20.419	-120.	93.178	622	0.12307
34	145	-20.374	-120.	95.329	622	0.12423
34	144	-20.419	-120.	93.178	622	0.12307
34	161	-18.611	-120.	94.262	622	0.12363
35	145	-20.374	-120.	95.329	622	0.12423
35	161	-18.611	-120.	94.262	622	0.12363
35	155	-18.865	-120.	95.735	622	0.12442
36	285	1.3031	-120.	89.681	635	0.12056
36	275	-0.15357	-120.	92.615	635	0.12193
36	300	4.2195	-120.	92.615	635	0.12126
37	80	-26.056	-120.	108.78	712	0.12801
37	97	-24.934	-120.	108.56	712	0.128
37	82	-25.781	-120.	108.08	712	0.12801
38	43	-28.173	-120.	109.18	712	0.128
38	23	-29.748	-120.	110.74	712	0.1279
38	7	-31.417	-120.	109.78	712	0.12791
39	43	-28.173	-120.	109.18	712	0.128
39	7	-31.417	-120.	109.78	712	0.12791
39	55	-27.388	-120.	107.17	712	0.12796
40	43	-28.173	-120.	109.18	712	0.128
40	55	-27.388	-120.	107.17	712	0.12796
40	82	-25.781	-120.	108.08	712	0.12801
41	43	-28.173	-120.	109.18	712	0.128
41	82	-25.781	-120.	108.08	712	0.12801
41	80	-26.056	-120.	108.78	712	0.12801
42	43	-28.173	-120.	109.18	712	0.128
42	80	-26.056	-120.	108.78	712	0.12801
42	36	-28.65	-120.	110.53	712	0.12793
43	43	-28.173	-120.	109.18	712	0.128
43	36	-28.65	-120.	110.53	712	0.12793
43	23	-29.748	-120.	110.74	712	0.1279
44	32	-28.882	-120.	111.23	712	0.12787
44	36	-28.65	-120.	110.53	712	0.12793
44	23	-29.748	-120.	110.74	712	0.1279
45	68	-26.514	-120.	110.12	712	0.12797
45	61	-27.224	-120.	112.18	712	0.12775
45	112	-23.336	-120.	109.46	712	0.12795
46	68	-26.514	-120.	110.12	712	0.12797
46	112	-23.336	-120.	109.46	712	0.12795
46	97	-24.934	-120.	108.56	712	0.128
47	68	-26.514	-120.	110.12	712	0.12797
47	97	-24.934	-120.	108.56	712	0.128
47	80	-26.056	-120.	108.78	712	0.12801
48	68	-26.514	-120.	110.12	712	0.12797
48	80	-26.056	-120.	108.78	712	0.12801
48	36	-28.65	-120.	110.53	712	0.12793
49	68	-26.514	-120.	110.12	712	0.12797
49	36	-28.65	-120.	110.53	712	0.12793
49	32	-28.882	-120.	111.23	712	0.12787
50	68	-26.514	-120.	110.12	712	0.12797
50	32	-28.882	-120.	111.23	712	0.12787
50	61	-27.224	-120.	112.18	712	0.12775
51	241	-5.7764	-120.	90.758	716	0.12137
51	235	-6.5008	-120.	90.968	716	0.12151
51	237	-6.2516	-120.	91.919	716	0.12205
52	225	-8.3372	-120.	89.613	716	0.12075
52	223	-8.5933	-120.	88.683	716	0.12021
52	220	-9.0374	-120.	89.857	716	0.12089
53	227	-7.8565	-120.	91.427	716	0.1218
53	237	-6.2516	-120.	91.919	716	0.12205
53	231	-7.1082	-120.	94.093	716	0.12336
54	227	-7.8565	-120.	91.427	716	0.1218
54	231	-7.1082	-120.	94.093	716	0.12336
54	214	-9.904	-120.	92.112	716	0.12225
55	227	-7.8565	-120.	91.427	716	0.1218
55	214	-9.904	-120.	92.112	716	0.12225
55	220	-9.0374	-120.	89.857	716	0.12089
56	227	-7.8565	-120.	91.427	716	0.1218
56	220	-9.0374	-120.	89.857	716	0.12089
56	225	-8.3372	-120.	89.613	716	0.12075
57	227	-7.8565	-120.	91.427	716	0.1218
57	225	-8.3372	-120.	89.613	716	0.12075
57	235	-6.5008	-120.	90.968	716	0.12151
58	227	-7.8565	-120.	91.427	716	0.1218
58	235	-6.5008	-120.	90.968	716	0.12151
58	237	-6.2516	-120.	91.919	716	0.12205
59	232	-6.9679	-120.	89.165	716	0.12049
59	223	-8.5933	-120.	88.683	716	0.12021
59	228	-7.7041	-120.	86.405	716	0.11893
60	232	-6.9679	-120.	89.165	716	0.12049
60	228	-7.7041	-120.	86.405	716	0.11893
60	245	-4.8957	-120.	88.564	716	0.12015
61	232	-6.9679	-120.	89.165	716	0.12049
61	245	-4.8957	-120.	88.564	716	0.12015
61	241	-5.7764	-120.	90.758	716	0.12137
62	232	-6.9679	-120.	89.165	716	0.12049
62	241	-5.7764	-120.	90.758	716	0.12137
62	235	-6.5008	-120.	90.968	716	0.12151
63	232	-6.9679	-120.	89.165	716	0.12049
63	235	-6.5008	-120.	90.968	716	0.12151
63	225	-8.3372	-120.	89.613	716	0.12075
64	232	-6.9679	-120.	89.165	716	0.12049
64	225	-8.3372	-120.	89.613	716	0.12075
64	223	-8.5933	-120.	88.683	716	0.12021
65	177	-15.833	-120.	140.87	735	0.11338
65	169	-17.251	-120.	143.32	735	0.11238
65	197	-12.295	-120.	143.44	735	0.112
66	1	-32.805	-120.	116.88	751	0.12655
66	0	-32.924	-120.	121.19	751	0.12488
66	16	-30.093	-120.	118.32	751	0.12613
67	226	-8.113	-120.	150.47	765	0.11083
67	218	-9.54	-120.	153.01	765	0.1109
67	243	-5.3928	-120.	154.18	765	0.11143
68	250	-4.0658	-120.	91.691	802	0.12182
68	263	-2.0045	-120.	91.016	802	0.12133
68	257	-2.8829	-120.	92.974	802	0.12241
69	250	-4.0658	-120.	91.691	802	0.12182
69	257	-2.8829	-120.	92.974	802	0.12241
69	247	-4.4686	-120.	93.311	802	0.12274
70	250	-4.0658	-120.	91.691	802	0.12182
70	247	-4.4686	-120.	93.311	802	0.12274
70	238	-6.2516	-120.	91.919	802	0.12205
71	250	-4.0658	-120.	91.691	802	0.12182
71	238	-6.2516	-120.	91.919	802	0.12205
71	242	-5.7764	-120.	90.758	802	0.12137
72	250	-4.0658	-120.	91.691	802	0.12182
72	242	-5.7764	-120.	90.758	802	0.12137
72	254	-3.011	-120.	90.17	802	0.12096
73	250	-4.0658	-120.	91.691	802	0.12182
73	254	-3.011	-120.	90.17	802	0.12096
73	263	-2.0045	-120.	91.016	802	0.12133
74	238	-6.2516	-120.	91.919	802	0.12205
74	247	-4.4686	-120.	93.311	802	0.12274
74	231	-7.1082	-120.	94.093	802	0.12336
75	263	-2.0045	-120.	91.016	802	0.12133
75	275	-0.15357	-120.	92.615	802	0.12193
75	257	-2.8829	-120.	92.974	802	0.12241
76	254	-3.011	-120.	90.17	802	0.12096
76	242	-5.7764	-120.	90.758	802	0.12137
76	245	-4.8957	-120.	88.564	802	0.12015
77	353	12.589	-120.	91.638	810	0.12019
77	343	11.174	-120.	94.093	810	0.12017
77	365	15.169	-120.	95.872	810	0.11923
78	427	22.928	-120.	139.99	840	0.10504
78	413	21.536	-120.	141.87	840	0.10578
78	420	21.895	-120.	138.97	840	0.10465
79	427	22.928	-120.	139.99	840	0.10504
79	420	21.895	-120.	138.97	840	0.10465
79	429	22.98	-120.	137.77	840	0.1043
80	427	22.928	-120.	139.99	840	0.10504
80	429	22.98	-120.	137.77	840	0.1043
80	437	24.441	-120.	138.64	840	0.1046
81	427	22.928	-120.	139.99	840	0.10504
81	437	24.441	-120.	138.64	840	0.1046
81	435	24.303	-120.	140.3	840	0.10516
82	427	22.928	-120.	139.99	840	0.10504
82	435	24.303	-120.	140.3	840	0.10516
82	424	22.411	-120.	142.4	840	0.10602
83	427	22.928	-120.	139.99	840	0.10504
83	424	22.411	-120.	142.4	840	0.10602
83	413	21.536	-120.	141.87	840	0.10578
84	437	24.441	-120.	138.64	840	0.1046
84	429	22.98	-120.	137.77	840	0.1043
84	439	24.656	-120.	135.59	840	0.10379
85	413	21.536	-120.	141.87	840	0.10578
85	399	19.899	-120.	140.87	840	0.10532
85	420	21.895	-120.	138.97	840	0.10465
86	424	22.411	-120.	142.4	840	0.10602
86	435	24.303	-120.	140.3	840	0.10516
86	434	24.064	-120.	143.4	840	0.10648
87	240	-5.7995	-120.	146.33	842	0.11059
87	256	-2.9777	-120.	149.89	842	0.11068
87	265	-1.522	-120.	147.24	842	0.10999
88	35	-28.656	-120.	129.72	857	0.12029
88	6	-31.929	-120.	128.36	857	0.1211
88	10	-30.643	-120.	132.48	857	0.11859
89	152	-19.63	-120.	147.46	858	0.11096
89	175	-16.089	-120.	149.92	858	0.11059
89	181	-14.63	-120.	147.4	858	0.11109
90	214	-9.904	-120.	92.112	861	0.12225
90	206	-11.103	-120.	95.872	861	0.12449
90	231	-7.1082	-120.	94.093	861	0.12336
91	56	-27.376	-120.	127.13	865	0.12182
91	63	-27.196	-120.	127.86	865	0.12139
91	70	-26.429	-120.	126.87	865	0.12196
92	31	-29.171	-120.	127.62	865	0.12155
92	6	-31.929	-120.	128.36	865	0.1211
92	35	-28.656	-120.	129.72	865	0.12029
93	31	-29.171	-120.	127.62	865	0.12155
93	35	-28.656	-120.	129.72	865	0.12029
93	63	-27.196	-120.	127.86	865	0.12139
94	31	-29.171	-120.	127.62	865	0.12155
94	63	-27.196	-120.	127.86	865	0.12139
94	56	-27.376	-120.	127.13	865	0.12182
95	31	-29.171	-120.	127.62	865	0.12155
95	56	-27.376	-120.	127.13	865	0.12182
95	28	-29.468	-120.	126.21	865	0.12236
96	31	-29.171	-120.	127.62	865	0.12155
96	28	-29.468	-120.	126.21	865	0.12236
96	15	-30.401	-120.	126.46	865	0.12222
97	31	-29.171	-120.	127.62	865	0.12155
97	15	-30.401	-120.	126.46	865	0.12222
97	6	-31.929	-120.	128.36	865	0.1211
98	52	-27.657	-120.	125.72	865	0.12262
98	44	-28.087	-120.	123.61	865	0.12377
98	96	-24.974	-120.	125.04	865	0.12295
99	52	-27.657	-120.	125.72	865	0.12262
99	96	-24.974	-120.	125.04	865	0.12295
99	70	-26.429	-120.	126.87	865	0.12196
100	52	-27.657	-120.	125.72	865	0.12262
100	70	-26.429	-120.	126.87	865	0.12196
100	56	-27.376	-120.	127.13	865	0.12182
101	52	-27.657	-120.	125.72	865	0.12262
101	56	-27.376	-120.	127.13	865	0.12182
101	28	-29.468	-120.	126.21	865	0.12236
102	52	-27.657	-120.	125.72	865	0.12262
102	28	-29.468	-120.	126.21	865	0.12236
102	25	-29.607	-120.	125.48	865	0.12276
103	52	-27.657	-120.	125.72	865	0.12262
103	25	-29.607	-120.	125.48	865	0.12276
103	44	-28.087	-120.	123.61	865	0.12377
104	28	-29.468	-120.	126.21	865	0.12236
104	25	-29.607	-120.	125.48	865	0.12276
104	15	-30.401	-120.	126.46	865	0.12222
105	44	-28.087	-120.	123.61	867	0.12377
105	24	-29.607	-120.	125.48	867	0.12276
105	19	-29.999	-120.	122.65	867	0.12425
106	6	-31.929	-120.	128.36	867	0.1211
106	3	-32.513	-120.	125.48	867	0.12274
106	14	-30.401	-120.	126.46	867	0.12222
107	0	-32.924	-120.	121.19	867	0.12488
107	9	-30.996	-120.	122.16	867	0.12448
107	2	-32.701	-120.	124.13	867	0.12345
108	8	-31.036	-120.	124.39	867	0.12335
108	19	-29.999	-120.	122.65	867	0.12425
108	24	-29.607	-120.	125.48	867	0.12276
109	8	-31.036	-120.	124.39	867	0.12335
109	24	-29.607	-120.	125.48	867	0.12276
109	14	-30.401	-120.	126.46	867	0.12222
110	8	-31.036	-120.	124.39	867	0.12335
110	14	-30.401	-120.	126.46	867	0.12222
110	3	-32.513	-120.	125.48	867	0.12274
111	8	-31.036	-120.	124.39	867	0.12335
111	3	-32.513	-120.	125.48	867	0.12274
111	2	-32.701	-120.	124.13	867	0.12345
112	8	-31.036	-120.	124.39	867	0.12335
112	2	-32.701	-120.	124.13	867	0.12345
112	9	-30.996	-120.	122.16	867	0.12448
113	8	-31.036	-120.	124.39	867	0.12335
113	9	-30.996	-120.	122.16	867	0.12448
113	19	-29.999	-120.	122.65	867	0.12425
114	204	-11.69	-120.	149.52	879	0.11081
114	208	-10.796	-120.	149.39	879	0.11082
114	199	-12.084	-120.	148.78	879	0.11088
115	207	-10.848	-120.	150.93	879	0.11076
115	218	-9.54	-120.	153.01	879	0.1109
115	226	-8.113	-120.	150.47	879	0.11083
116	207	-10.848	-120.	150.93	879	0.11076
116	226	-8.113	-120.	150.47	879	0.11083
116	208	-10.796	-120.	149.39	879	0.11082
117	207	-10.848	-120.	150.93	879	0.11076
117	208	-10.796	-120.	149.39	879	0.11082
117	204	-11.69	-120.	149.52	879	0.11081
118	207	-10.848	-120.	150.93	879	0.11076
118	204	-11.69	-120.	149.52	879	0.11081
118	194	-12.675	-120.	151.25	879	0.11066
119	207	-10.848	-120.	150.93	879	0.11076
119	194	-12.675	-120.	151.25	879	0.11066
119	198	-12.273	-120.	151.92	879	0.11066
120	207	-10.848	-120.	150.93	879	0.11076
120	198	-12.273	-120.	151.92	879	0.11066
120	218	-9.54	-120.	153.01	879	0.1109
121	190	-13.446	-120.	149.7	879	0.11075
121	175	-16.089	-120.	149.92	879	0.11059
121	181	-14.63	-120.	147.4	879	0.11109
122	190	-13.446	-120.	149.7	879	0.11075
122	181	-14.63	-120.	147.4	879	0.11109
122	199	-12.084	-120.	148.78	879	0.11088
123	190	-13.446	-120.	149.7	879	0.11075
123	199	-12.084	-120.	148.78	879	0.11088
123	204	-11.69	-120.	149.52	879	0.11081
124	190	-13.446	-120.	149.7	879	0.11075
124	204	-11.69	-120.	149.52	879	0.11081
124	194	-12.675	-120.	151.25	879	0.11066
125	190	-13.446	-120.	149.7	879	0.11075
125	194	-12.675	-120.	151.25	879	0.11066
125	188	-13.511	-120.	151.33	879	0.1106
126	190	-13.446	-120.	149.7	879	0.11075
126	188	-13.511	-120.	151.33	879	0.1106
126	175	-16.089	-120.	149.92	879	0.11059
127	194	-12.675	-120.	151.25	879	0.11066
127	188	-13.511	-120.	151.33	879	0.1106
127	198	-12.273	-120.	151.92	879	0.11066
128	463	27.448	-120.	103.66	890	0.11456
128	451	26.451	-120.	103.94	890	0.11441
128	464	27.85	-120.	104.3	890	0.11417
129	453	26.629	-120.	102.49	890	0.11528
129	444	25.409	-120.	100.72	890	0.11633
129	432	23.847	-120.	103.3	890	0.11486
130	453	26.629	-120.	102.49	890	0.11528
130	432	23.847	-120.	103.3	890	0.11486
130	451	26.451	-120.	103.94	890	0.11441
131	453	26.629	-120.	102.49	890	0.11528
131	451	26.451	-120.	103.94	890	0.11441
131	463	27.448	-120.	103.66	890	0.11456
132	453	26.629	-120.	102.49	890	0.11528
132	463	27.448	-120.	103.66	890	0.11456
132	471	28.524	-120.	101.95	890	0.11556
133	453	26.629	-120.	102.49	890	0.11528
133	471	28.524	-120.	101.95	890	0.11556
133	467	28.095	-120.	101.35	890	0.11592
134	453	26.629	-120.	102.49	890	0.11528
134	467	28.095	-120.	101.35	890	0.11592
134	444	25.409	-120.	100.72	890	0.11633
135	483	29.334	-120.	103.14	890	0.11485
135	536	32.209	-120.	102.31	890	0.11531
135	499	30.485	-120.	104.97	890	0.11372
136	483	29.334	-120.	103.14	890	0.11485
136	499	30.485	-120.	104.97	890	0.11372
136	464	27.85	-120.	104.3	890	0.11417
137	483	29.334	-120.	103.14	890	0.11485
137	464	27.85	-120.	104.3	890	0.11417
137	463	27.448	-120.	103.66	890	0.11456
138	483	29.334	-120.	103.14	890	0.11485
138	463	27.448	-120.	103.66	890	0.11456
138	471	28.524	-120.	101.95	890	0.11556
139	483	29.334	-120.	103.14	890	0.11485
139	471	28.524	-120.	101.95	890	0.11556
139	490	29.49	-120.	101.66	890	0.11572
140	483	29.334	-120.	103.14	890	0.11485
140	490	29.49	-120.	101.66	890	0.11572
140	536	32.209	-120.	102.31	890	0.11531
141	471	28.524	-120.	101.95	890	0.11556
141	490	29.49	-120.	101.66	890	0.11572
141	467	28.095	-120.	101.35	890	0.11592
142	50	-27.848	-120.	115.7	894	0.12699
142	45	-27.948	-120.	116.45	894	0.12677
142	65	-26.814	-120.	115.45	894	0.12705
143	53	-27.595	-120.	114.29	894	0.12735
143	29	-29.43	-120.	114.03	894	0.1274
143	61	-27.224	-120.	112.18	894	0.12775
144	53	-27.595	-120.	114.29	894	0.12735
144	61	-27.224	-120.	112.18	894	0.12775
144	100	-24.688	-120.	113.62	894	0.12742
145	53	-27.595	-120.	114.29	894	0.12735
145	100	-24.688	-120.	113.62	894	0.12742
145	65	-26.814	-120.	115.45	894	0.12705
146	53	-27.595	-120.	114.29	894	0.12735
146	65	-26.814	-120.	115.45	894	0.12705
146	50	-27.848	-120.	115.7	894	0.12699
147	53	-27.595	-120.	114.29	894	0.12735
147	50	-27.848	-120.	115.7	894	0.12699
147	26	-29.567	-120.	114.76	894	0.12723
148	53	-27.595	-120.	114.29	894	0.12735
148	26	-29.567	-120.	114.76	894	0.12723
148	29	-29.43	-120.	114.03	894	0.1274
149	12	-30.578	-120.	114.99	894	0.12716
149	26	-29.567	-120.	114.76	894	0.12723
149	29	-29.43	-120.	114.03	894	0.1274
150	21	-29.807	-120.	116.19	894	0.12685
150	1	-32.805	-120.	116.88	894	0.12655
150	16	-30.093	-120.	118.32	894	0.12613
151	21	-29.807	-120.	116.19	894	0.12685
151	16	-30.093	-120.	118.32	894	0.12613
151	45	-27.948	-120.	116.45	894	0.12677
152	21	-29.807	-120.	116.19	894	0.12685
152	45	-27.948	-120.	116.45	894	0.12677
152	50	-27.848	-120.	115.7	894	0.12699
153	21	-29.807	-120.	116.19	894	0.12685
153	50	-27.848	-120.	115.7	894	0.12699
153	26	-29.567	-120.	114.76	894	0.12723
154	21	-29.807	-120.	116.19	894	0.12685
154	26	-29.567	-120.	114.76	894	0.12723
154	12	-30.578	-120.	114.99	894	0.12716
155	21	-29.807	-120.	116.19	894	0.12685
155	12	-30.578	-120.	114.99	894	0.12716
155	1	-32.805	-120.	116.88	894	0.12655
156	40	-28.243	-120.	120.02	900	0.12546
156	59	-27.268	-120.	119.76	900	0.12555
156	38	-28.244	-120.	119.26	900	0.12577
157	42	-28.178	-120.	121.44	900	0.12483
157	44	-28.087	-120.	123.61	900	0.12377
157	88	-25.431	-120.	120.69	900	0.1251
158	42	-28.178	-120.	121.44	900	0.12483
158	88	-25.431	-120.	120.69	900	0.1251
158	59	-27.268	-120.	119.76	900	0.12555
159	42	-28.178	-120.	121.44	900	0.12483
159	59	-27.268	-120.	119.76	900	0.12555
159	40	-28.243	-120.	120.02	900	0.12546
160	42	-28.178	-120.	121.44	900	0.12483
160	40	-28.243	-120.	120.02	900	0.12546
160	18	-30.04	-120.	121.91	900	0.12461
161	42	-28.178	-120.	121.44	900	0.12483
161	18	-30.04	-120.	121.91	900	0.12461
161	19	-29.999	-120.	122.65	900	0.12425
162	42	-28.178	-120.	121.44	900	0.12483
162	19	-29.999	-120.	122.65	900	0.12425
162	44	-28.087	-120.	123.61	900	0.12377
163	17	-30.09	-120.	120.48	900	0.12526
163	0	-32.924	-120.	121.19	900	0.12488
163	16	-30.093	-120.	118.32	900	0.12613
164	17	-30.09	-120.	120.48	900	0.12526
164	16	-30.093	-120.	118.32	900	0.12613
164	38	-28.244	-120.	119.26	900	0.12577
165	17	-30.09	-120.	120.48	900	0.12526
165	38	-28.244	-120.	119.26	900	0.12577
165	40	-28.243	-120.	120.02	900	0.12546
166	17	-30.09	-120.	120.48	900	0.12526
166	40	-28.243	-120.	120.02	900	0.12546
166	18	-30.04	-120.	121.91	900	0.12461
167	17	-30.09	-120.	120.48	900	0.12526
167	18	-30.04	-120.	121.91	900	0.12461
167	9	-30.996	-120.	122.16	900	0.12448
168	17	-30.09	-120.	120.48	900	0.12526
168	9	-30.996	-120.	122.16	900	0.12448
168	0	-32.924	-120.	121.19	900	0.12488
169	18	-30.04	-120.	121.91	900	0.12461
169	9	-30.996	-120.	122.16	900	0.12448
169	19	-29.999	-120.	122.65	900	0.12425
170	101	-24.589	-120.	134.53	905	0.11727
170	143	-20.59	-120.	135.59	905	0.11655
170	115	-22.777	-120.	131.8	905	0.11894
171	236	-6.4699	-120.	149.04	910	0.11074
171	234	-6.7075	-120.	147.97	910	0.11072
171	230	-7.1945	-120.	148.83	910	0.11077
172	239	-6.0411	-120.	151.07	910	0.1109
172	249	-4.4252	-120.	152.47	910	0.11117
172	243	-5.3928	-120.	154.18	910	0.11143
173	239	-6.0411	-120.	151.07	910	0.1109
173	243	-5.3928	-120.	154.18	910	0.11143
173	226	-8.113	-120.	150.47	910	0.11083
174	239	-6.0411	-120.	151.07	910	0.1109
174	226	-8.113	-120.	150.47	910	0.11083
174	230	-7.1945	-120.	148.83	910	0.11077
175	239	-6.0411	-120.	151.07	910	0.1109
175	230	-7.1945	-120.	148.83	910	0.11077
175	236	-6.4699	-120.	149.04	910	0.11074
176	239	-6.0411	-120.	151.07	910	0.1109
176	236	-6.4699	-120.	149.04	910	0.11074
176	246	-4.6513	-120.	151.42	910	0.11097
177	239	-6.0411	-120.	151.07	910	0.1109
177	246	-4.6513	-120.	151.42	910	0.11097
177	249	-4.4252	-120.	152.47	910	0.11117
178	251	-3.9312	-120.	151.58	910	0.11101
178	246	-4.6513	-120.	151.42	910	0.11097
178	249	-4.4252	-120.	152.47	910	0.11117
179	244	-5.0895	-120.	149.37	910	0.1107
179	256	-2.9777	-120.	149.89	910	0.11068
179	240	-5.7995	-120.	146.33	910	0.11059
180	244	-5.0895	-120.	149.37	910	0.1107
180	240	-5.7995	-120.	146.33	910	0.11059
180	234	-6.7075	-120.	147.97	910	0.11072
181	244	-5.0895	-120.	149.37	910	0.1107
181	234	-6.7075	-120.	147.97	910	0.11072
181	236	-6.4699	-120.	149.04	910	0.11074
182	244	-5.0895	-120.	149.37	910	0.1107
182	236	-6.4699	-120.	149.04	910	0.11074
182	246	-4.6513	-120.	151.42	910	0.11097
183	244	-5.0895	-120.	149.37	910	0.1107
183	246	-4.6513	-120.	151.42	910	0.11097
183	251	-3.9312	-120.	151.58	910	0.11101
184	244	-5.0895	-120.	149.37	910	0.1107
184	251	-3.9312	-120.	151.58	910	0.11101
184	256	-2.9777	-120.	149.89	910	0.11068
185	304	4.9242	-120.	150.14	912	0.11038
185	302	4.6741	-120.	149.18	912	0.10996
185	299	4.1731	-120.	150.21	912	0.11043
186	312	6.3385	-120.	149.94	912	0.11024
186	323	8.4836	-120.	149.65	912	0.11003
186	308	5.588	-120.	147.24	912	0.10901
187	312	6.3385	-120.	149.94	912	0.11024
187	308	5.588	-120.	147.24	912	0.10901
187	302	4.6741	-120.	149.18	912	0.10996
188	312	6.3385	-120.	149.94	912	0.11024
188	302	4.6741	-120.	149.18	912	0.10996
188	304	4.9242	-120.	150.14	912	0.11038
189	312	6.3385	-120.	149.94	912	0.11024
189	304	4.9242	-120.	150.14	912	0.11038
189	314	6.814	-120.	151.77	912	0.1111
190	312	6.3385	-120.	149.94	912	0.11024
190	314	6.814	-120.	151.77	912	0.1111
190	320	7.5469	-120.	151.66	912	0.11106
191	312	6.3385	-120.	149.94	912	0.11024
191	320	7.5469	-120.	151.66	912	0.11106
191	323	8.4836	-120.	149.65	912	0.11003
192	307	5.3872	-120.	151.95	912	0.11118
192	311	6.1077	-120.	154.74	912	0.11245
192	296	3.2389	-120.	152.16	912	0.11125
193	307	5.3872	-120.	151.95	912	0.11118
193	296	3.2389	-120.	152.16	912	0.11125
193	299	4.1731	-120.	150.21	912	0.11043
194	307	5.3872	-120.	151.95	912	0.11118
194	299	4.1731	-120.	150.21	912	0.11043
194	304	4.9242	-120.	150.14	912	0.11038
195	307	5.3872	-120.	151.95	912	0.11118
195	304	4.9242	-120.	150.14	912	0.11038
195	314	6.814	-120.	151.77	912	0.1111
196	307	5.3872	-120.	151.95	912	0.11118
196	314	6.814	-120.	151.77	912	0.1111
196	316	7.065	-120.	152.71	912	0.11156
197	307	5.3872	-120.	151.95	912	0.11118
197	316	7.065	-120.	152.71	912	0.11156
197	311	6.1077	-120.	154.74	912	0.11245
198	314	6.814	-120.	151.77	912	0.1111
198	316	7.065	-120.	152.71	912	0.11156
198	320	7.5469	-120.	151.66	912	0.11106
199	387	18.289	-120.	147.65	935	0.10878
199	393	19.016	-120.	145.11	935	0.10737
199	405	20.723	-120.	146.15	935	0.10792
200	396	19.872	-120.	148.18	935	0.10905
200	387	18.289	-120.	147.65	935	0.10878
200	405	20.723	-120.	146.15	935	0.10792
201	396	19.872	-120.	148.18	935	0.10905
201	405	20.723	-120.	146.15	935	0.10792
201	415	21.609	-120.	146.7	935	0.1082
202	396	19.872	-120.	148.18	935	0.10905
202	415	21.609	-120.	146.7	935	0.1082
202	408	20.929	-120.	149.43	935	0.10973
203	396	19.872	-120.	148.18	935	0.10905
203	408	20.929	-120.	149.43	935	0.10973
203	394	19.764	-120.	150.15	935	0.11016
204	396	19.872	-120.	148.18	935	0.10905
204	394	19.764	-120.	150.15	935	0.11016
204	385	17.918	-120.	148.97	935	0.10952
205	396	19.872	-120.	148.18	935	0.10905
205	385	17.918	-120.	148.97	935	0.10952
205	387	18.289	-120.	147.65	935	0.10878
206	408	20.929	-120.	149.43	935	0.10973
206	415	21.609	-120.	146.7	935	0.1082
206	430	23.336	-120.	147.74	935	0.10874
207	394	19.764	-120.	150.15	935	0.11016
207	380	17.167	-120.	151.53	935	0.111
207	385	17.918	-120.	148.97	935	0.10952
208	291	2.4319	-120.	148.95	938	0.11003
208	299	4.1731	-120.	150.21	938	0.11043
208	287	1.3459	-120.	150.21	938	0.11057
209	291	2.4319	-120.	148.95	938	0.11003
209	287	1.3459	-120.	150.21	938	0.11057
209	279	0.33219	-120.	149.18	938	0.11031
210	291	2.4319	-120.	148.95	938	0.11003
210	279	0.33219	-120.	149.18	938	0.11031
210	284	1.2224	-120.	147.46	938	0.10965
211	291	2.4319	-120.	148.95	938	0.11003
211	284	1.2224	-120.	147.46	938	0.10965
211	294	2.8435	-120.	147.46	938	0.10942
212	291	2.4319	-120.	148.95	938	0.11003
212	294	2.8435	-120.	147.46	938	0.10942
212	302	4.6741	-120.	149.18	938	0.10996
213	291	2.4319	-120.	148.95	938	0.11003
213	302	4.6741	-120.	149.18	938	0.10996
213	299	4.1731	-120.	150.21	938	0.11043
214	284	1.2224	-120.	147.46	938	0.10965
214	279	0.33219	-120.	149.18	938	0.11031
214	265	-1.522	-120.	147.24	938	0.10999
215	299	4.1731	-120.	150.21	938	0.11043
215	296	3.2389	-120.	152.16	938	0.11125
215	287	1.3459	-120.	150.21	938	0.11057
216	302	4.6741	-120.	149.18	938	0.10996
216	294	2.8435	-120.	147.46	938	0.10942
216	308	5.588	-120.	147.24	938	0.10901
217	335	10.335	-120.	151.03	942	0.11074
217	319	7.5469	-120.	151.66	942	0.11106
217	323	8.4836	-120.	149.65	942	0.11003
218	326	9.0131	-120.	154.27	942	0.11236
218	311	6.1077	-120.	154.74	942	0.11245
218	317	7.065	-120.	152.71	942	0.11156
219	328	9.2669	-120.	152.57	942	0.11153
219	326	9.0131	-120.	154.27	942	0.11236
219	317	7.065	-120.	152.71	942	0.11156
220	328	9.2669	-120.	152.57	942	0.11153
220	317	7.065	-120.	152.71	942	0.11156
220	319	7.5469	-120.	151.66	942	0.11106
221	328	9.2669	-120.	152.57	942	0.11153
221	319	7.5469	-120.	151.66	942	0.11106
221	335	10.335	-120.	151.03	942	0.11074
222	328	9.2669	-120.	152.57	942	0.11153
222	335	10.335	-120.	151.03	942	0.11074
222	344	11.293	-120.	151.76	942	0.11112
223	328	9.2669	-120.	152.57	942	0.11153
223	344	11.293	-120.	151.76	942	0.11112
223	336	10.348	-120.	153.98	942	0.11226
224	328	9.2669	-120.	152.57	942	0.11153
224	336	10.348	-120.	153.98	942	0.11226
224	326	9.0131	-120.	154.27	942	0.11236
225	356	13.174	-120.	153.16	942	0.11189
225	336	10.348	-120.	153.98	942	0.11226
225	344	11.293	-120.	151.76	942	0.11112
226	219	-9.0374	-120.	89.857	965	0.12089
226	214	-9.904	-120.	92.112	965	0.12225
226	205	-11.685	-120.	90.932	965	0.12156
227	210	-10.696	-120.	89.164	965	0.12049
227	219	-9.0374	-120.	89.857	965	0.12089
227	205	-11.685	-120.	90.932	965	0.12156
228	210	-10.696	-120.	89.164	965	0.12049
228	205	-11.685	-120.	90.932	965	0.12156
228	195	-12.608	-120.	90.314	965	0.12119
229	210	-10.696	-120.	89.164	965	0.12049
229	195	-12.608	-120.	90.314	965	0.12119
229	202	-11.761	-120.	87.856	965	0.11973
230	210	-10.696	-120.	89.164	965	0.12049
230	202	-11.761	-120.	87.856	965	0.11973
230	213	-10.493	-120.	87.342	965	0.11943
231	210	-10.696	-120.	89.164	965	0.12049
231	213	-10.493	-120.	87.342	965	0.11943
231	222	-8.5933	-120.	88.683	965	0.12021
232	210	-10.696	-120.	89.164	965	0.12049
232	222	-8.5933	-120.	88.683	965	0.12021
232	219	-9.0374	-120.	89.857	965	0.12089
233	202	-11.761	-120.	87.856	965	0.11973
233	195	-12.608	-120.	90.314	965	0.12119
233	183	-14.413	-120.	89.13	965	0.12051
234	213	-10.493	-120.	87.342	965	0.11943
234	228	-7.7041	-120.	86.405	965	0.11893
234	222	-8.5933	-120.	88.683	965	0.12021
235	193	-12.821	-120.	94.742	966	0.12384
235	192	-13.091	-120.	93.772	966	0.12327
235	185	-13.745	-120.	94.149	966	0.1235
236	196	-12.345	-120.	91.267	966	0.12177
236	205	-11.685	-120.	90.932	966	0.12156
236	195	-12.608	-120.	90.314	966	0.12119
237	187	-13.615	-120.	91.942	966	0.12219
237	185	-13.745	-120.	94.149	966	0.1235
237	178	-15.485	-120.	93.018	966	0.12286
238	187	-13.615	-120.	91.942	966	0.12219
238	178	-15.485	-120.	93.018	966	0.12286
238	183	-14.413	-120.	89.13	966	0.12051
239	187	-13.615	-120.	91.942	966	0.12219
239	183	-14.413	-120.	89.13	966	0.12051
239	195	-12.608	-120.	90.314	966	0.12119
240	187	-13.615	-120.	91.942	966	0.12219
240	195	-12.608	-120.	90.314	966	0.12119
240	196	-12.345	-120.	91.267	966	0.12177
241	187	-13.615	-120.	91.942	966	0.12219
241	196	-12.345	-120.	91.267	966	0.12177
241	192	-13.091	-120.	93.772	966	0.12327
242	187	-13.615	-120.	91.942	966	0.12219
242	192	-13.091	-120.	93.772	966	0.12327
242	185	-13.745	-120.	94.149	966	0.1235
243	201	-11.825	-120.	93.116	966	0.12287
243	205	-11.685	-120.	90.932	966	0.12156
243	214	-9.904	-120.	92.112	966	0.12225
244	201	-11.825	-120.	93.116	966	0.12287
244	214	-9.904	-120.	92.112	966	0.12225
244	206	-11.103	-120.	95.872	966	0.12449
245	201	-11.825	-120.	93.116	966	0.12287
245	206	-11.103	-120.	95.872	966	0.12449
245	193	-12.821	-120.	94.742	966	0.12384
246	201	-11.825	-120.	93.116	966	0.12287
246	193	-12.821	-120.	94.742	966	0.12384
246	192	-13.091	-120.	93.772	966	0.12327
247	201	-11.825	-120.	93.116	966	0.12287
247	192	-13.091	-120.	93.772	966	0.12327
247	196	-12.345	-120.	91.267	966	0.12177
248	201	-11.825	-120.	93.116	966	0.12287
248	196	-12.345	-120.	91.267	966	0.12177
248	205	-11.685	-120.	90.932	966	0.12156
249	281	0.59341	-120.	150.18	972	0.11059
249	286	1.3459	-120.	150.21	972	0.11057
249	278	0.33219	-120.	149.18	972	0.11031
250	283	1.0853	-120.	152.07	972	0.11119
250	288	1.8045	-120.	154.98	972	0.11225
250	296	3.2389	-120.	152.16	972	0.11125
251	283	1.0853	-120.	152.07	972	0.11119
251	296	3.2389	-120.	152.16	972	0.11125
251	286	1.3459	-120.	150.21	972	0.11057
252	283	1.0853	-120.	152.07	972	0.11119
252	286	1.3459	-120.	150.21	972	0.11057
252	281	0.59341	-120.	150.18	972	0.11059
253	283	1.0853	-120.	152.07	972	0.11119
253	281	0.59341	-120.	150.18	972	0.11059
253	274	-0.353	-120.	151.97	972	0.11115
254	283	1.0853	-120.	152.07	972	0.11119
254	274	-0.353	-120.	151.97	972	0.11115
254	277	-0.11815	-120.	152.95	972	0.11144
255	283	1.0853	-120.	152.07	972	0.11119
255	277	-0.11815	-120.	152.95	972	0.11144
255	288	1.8045	-120.	154.98	972	0.11225
256	271	-0.83641	-120.	150.06	972	0.11063
256	256	-2.9777	-120.	149.89	972	0.11068
256	265	-1.522	-120.	147.24	972	0.10999
257	271	-0.83641	-120.	150.06	972	0.11063
257	265	-1.522	-120.	147.24	972	0.10999
257	278	0.33219	-120.	149.18	972	0.11031
258	271	-0.83641	-120.	150.06	972	0.11063
258	278	0.33219	-120.	149.18	972	0.11031
258	281	0.59341	-120.	150.18	972	0.11059
259	271	-0.83641	-120.	150.06	972	0.11063
259	281	0.59341	-120.	150.18	972	0.11059
259	274	-0.353	-120.	151.97	972	0.11115
260	271	-0.83641	-120.	150.06	972	0.11063
260	274	-0.353	-120.	151.97	972	0.11115
260	269	-1.0913	-120.	151.9	972	0.11112
261	271	-0.83641	-120.	150.06	972	0.11063
261	269	-1.0913	-120.	151.9	972	0.11112
261	256	-2.9777	-120.	149.89	972	0.11068
262	274	-0.353	-120.	151.97	972	0.11115
262	269	-1.0913	-120.	151.9	972	0.11112
262	277	-0.11815	-120.	152.95	972	0.11144
263	57	-27.373	-120.	138.94	975	0.1147
263	99	-24.821	-120.	142.41	975	0.11286
263	113	-23.261	-120.	139.86	975	0.11415
264	318	7.3448	-120.	91.56	976	0.12061
264	329	9.39	-120.	91.764	976	0.12041
264	324	8.5345	-120.	93.311	976	0.12062
265	318	7.3448	-120.	91.56	976	0.12061
265	324	8.5345	-120.	93.311	976	0.12062
265	315	6.9488	-120.	92.974	976	0.12087
266	318	7.3448	-120.	91.56	976	0.12061
266	315	6.9488	-120.	92.974	976	0.12087
266	306	5.1429	-120.	90.861	976	0.1207
267	318	7.3448	-120.	91.56	976	0.12061
267	306	5.1429	-120.	90.861	976	0.1207
267	310	5.6436	-120.	89.931	976	0.12044
268	318	7.3448	-120.	91.56	976	0.12061
268	310	5.6436	-120.	89.931	976	0.12044
268	322	8.4091	-120.	90.519	976	0.12038
269	318	7.3448	-120.	91.56	976	0.12061
269	322	8.4091	-120.	90.519	976	0.12038
269	329	9.39	-120.	91.764	976	0.12041
270	306	5.1429	-120.	90.861	976	0.1207
270	315	6.9488	-120.	92.974	976	0.12087
270	300	4.2195	-120.	92.615	976	0.12126
271	329	9.39	-120.	91.764	976	0.12041
271	343	11.174	-120.	94.093	976	0.12017
271	324	8.5345	-120.	93.311	976	0.12062
272	322	8.4091	-120.	90.519	976	0.12038
272	310	5.6436	-120.	89.931	976	0.12044
272	313	6.5826	-120.	88.167	976	0.12001
273	260	-2.2653	-120.	90.059	979	0.12087
273	255	-3.011	-120.	90.17	979	0.12096
273	262	-2.0045	-120.	91.016	979	0.12133
274	270	-0.84033	-120.	89.911	979	0.12075
274	272	-0.59171	-120.	88.013	979	0.11989
274	285	1.3031	-120.	89.681	979	0.12056
275	270	-0.84033	-120.	89.911	979	0.12075
275	285	1.3031	-120.	89.681	979	0.12056
275	275	-0.15357	-120.	92.615	979	0.12193
276	270	-0.84033	-120.	89.911	979	0.12075
276	275	-0.15357	-120.	92.615	979	0.12193
276	262	-2.0045	-120.	91.016	979	0.12133
277	270	-0.84033	-120.	89.911	979	0.12075
277	262	-2.0045	-120.	91.016	979	0.12133
277	260	-2.2653	-120.	90.059	979	0.12087
278	270	-0.84033	-120.	89.911	979	0.12075
278	260	-2.2653	-120.	90.059	979	0.12087
278	266	-1.3299	-120.	88.083	979	0.11992
279	270	-0.84033	-120.	89.911	979	0.12075
279	266	-1.3299	-120.	88.083	979	0.11992
279	272	-0.59171	-120.	88.013	979	0.11989
280	264	-1.5709	-120.	87.142	979	0.11949
280	266	-1.3299	-120.	88.083	979	0.11992
280	272	-0.59171	-120.	88.013	979	0.11989
281	258	-2.7619	-120.	88.247	979	0.12
281	253	-3.4987	-120.	85.463	979	0.1186
281	245	-4.8957	-120.	88.564	979	0.12015
282	258	-2.7619	-120.	88.247	979	0.12
282	245	-4.8957	-120.	88.564	979	0.12015
282	255	-3.011	-120.	90.17	979	0.12096
283	258	-2.7619	-120.	88.247	979	0.12
283	255	-3.011	-120.	90.17	979	0.12096
283	260	-2.2653	-120.	90.059	979	0.12087
284	258	-2.7619	-120.	88.247	979	0.12
284	260	-2.2653	-120.	90.059	979	0.12087
284	266	-1.3299	-120.	88.083	979	0.11992
285	258	-2.7619	-120.	88.247	979	0.12
285	266	-1.3299	-120.	88.083	979	0.11992
285	264	-1.5709	-120.	87.142	979	0.11949
286	258	-2.7619	-120.	88.247	979	0.12
286	264	-1.5709	-120.	87.142	979	0.11949
286	253	-3.4987	-120.	85.463	979	0.1186
287	309	5.6436	-120.	89.931	984	0.12044
287	303	4.8924	-120.	89.862	984	0.12046
287	305	5.1429	-120.	90.861	984	0.1207
288	295	3.0008	-120.	87.884	984	0.11988
288	293	2.7559	-120.	86.903	984	0.11952
288	289	2.2612	-120.	87.855	984	0.11986
289	297	3.47	-120.	89.793	984	0.12051
289	305	5.1429	-120.	90.861	984	0.1207
289	300	4.2195	-120.	92.615	984	0.12126
290	297	3.47	-120.	89.793	984	0.12051
290	300	4.2195	-120.	92.615	984	0.12126
290	285	1.3031	-120.	89.681	984	0.12056
291	297	3.47	-120.	89.793	984	0.12051
291	285	1.3031	-120.	89.681	984	0.12056
291	289	2.2612	-120.	87.855	984	0.11986
292	297	3.47	-120.	89.793	984	0.12051
292	289	2.2612	-120.	87.855	984	0.11986
292	295	3.0008	-120.	87.884	984	0.11988
293	297	3.47	-120.	89.793	984	0.12051
293	295	3.0008	-120.	87.884	984	0.11988
293	303	4.8924	-120.	89.862	984	0.12046
294	297	3.47	-120.	89.793	984	0.12051
294	303	4.8924	-120.	89.862	984	0.12046
294	305	5.1429	-120.	90.861	984	0.1207
295	301	4.4345	-120.	87.969	984	0.11993
295	293	2.7559	-120.	86.903	984	0.11952
295	298	3.7317	-120.	85.064	984	0.11896
296	301	4.4345	-120.	87.969	984	0.11993
296	298	3.7317	-120.	85.064	984	0.11896
296	313	6.5826	-120.	88.167	984	0.12001
297	301	4.4345	-120.	87.969	984	0.11993
297	313	6.5826	-120.	88.167	984	0.12001
297	309	5.6436	-120.	89.931	984	0.12044
298	301	4.4345	-120.	87.969	984	0.11993
298	309	5.6436	-120.	89.931	984	0.12044
298	303	4.8924	-120.	89.862	984	0.12046
299	301	4.4345	-120.	87.969	984	0.11993
299	303	4.8924	-120.	89.862	984	0.12046
299	295	3.0008	-120.	87.884	984	0.11988
300	301	4.4345	-120.	87.969	984	0.11993
300	295	3.0008	-120.	87.884	984	0.11988
300	293	2.7559	-120.	86.903	984	0.11952
301	182	-14.524	-120.	96.261	995	0.12468
301	176	-16.032	-120.	95.811	995	0.12443
301	185	-13.745	-120.	94.149	995	0.1235
302	182	-14.524	-120.	96.261	995	0.12468
302	185	-13.745	-120.	94.149	995	0.1235
302	193	-12.821	-120.	94.742	995	0.12384
303	182	-14.524	-120.	96.261	995	0.12468
303	193	-12.821	-120.	94.742	995	0.12384
303	189	-13.45	-120.	97.31	995	0.12525
304	182	-14.524	-120.	96.261	995	0.12468
304	189	-13.45	-120.	97.31	995	0.12525
304	180	-14.762	-120.	98.263	995	0.1257
305	182	-14.524	-120.	96.261	995	0.12468
305	180	-14.762	-120.	98.263	995	0.1257
305	174	-16.334	-120.	97.294	995	0.12519
306	182	-14.524	-120.	96.261	995	0.12468
306	174	-16.334	-120.	97.294	995	0.12519
306	176	-16.032	-120.	95.811	995	0.12443
307	189	-13.45	-120.	97.31	995	0.12525
307	193	-12.821	-120.	94.742	995	0.12384
307	206	-11.103	-120.	95.872	995	0.12449
308	176	-16.032	-120.	95.811	995	0.12443
308	178	-15.485	-120.	93.018	995	0.12286
308	185	-13.745	-120.	94.149	995	0.1235
309	174	-16.334	-120.	97.294	995	0.12519
309	180	-14.762	-120.	98.263	995	0.1257
309	171	-16.855	-120.	100.05	995	0.12644
310	253	-3.4987	-120.	85.463	996	0.1186
310	228	-7.7041	-120.	86.405	996	0.11893
310	245	-4.8957	-120.	88.564	996	0.12015
311	169	-17.251	-120.	143.32	997	0.11238
311	163	-18.192	-120.	144.96	997	0.11179
311	148	-20.24	-120.	142.97	997	0.1126
312	152	-19.63	-120.	147.46	997	0.11096
312	127	-21.862	-120.	145.54	997	0.11155
312	159	-18.684	-120.	145.81	997	0.1115
313	99	-24.821	-120.	142.41	997	0.11286
313	129	-21.791	-120.	142.79	997	0.11269
313	114	-22.843	-120.	144.59	997	0.11191
314	142	-20.602	-120.	144.44	997	0.11199
314	148	-20.24	-120.	142.97	997	0.1126
314	163	-18.192	-120.	144.96	997	0.11179
315	142	-20.602	-120.	144.44	997	0.11199
315	163	-18.192	-120.	144.96	997	0.11179
315	159	-18.684	-120.	145.81	997	0.1115
316	142	-20.602	-120.	144.44	997	0.11199
316	159	-18.684	-120.	145.81	997	0.1115
316	127	-21.862	-120.	145.54	997	0.11155
317	142	-20.602	-120.	144.44	997	0.11199
317	127	-21.862	-120.	145.54	997	0.11155
317	114	-22.843	-120.	144.59	997	0.11191
318	142	-20.602	-120.	144.44	997	0.11199
318	114	-22.843	-120.	144.59	997	0.11191
318	129	-21.791	-120.	142.79	997	0.11269
319	142	-20.602	-120.	144.44	997	0.11199
319	129	-21.791	-120.	142.79	997	0.11269
319	148	-20.24	-120.	142.97	997	0.1126
320	575	36.909	-120.	117.34	999	0.10672
320	573	36.317	-120.	113.07	999	0.10887
320	555	33.96	-120.	115.92	999	0.10734
321	313	6.5826	-120.	88.167	1004	0.12001
321	321	8.0152	-120.	85.538	1004	0.11951
321	298	3.7317	-120.	85.064	1004	0.11896
322	108	-23.689	-120.	103.77	1024	0.12748
322	103	-24.368	-120.	105.63	1024	0.12782
322	78	-26.081	-120.	104.59	1024	0.12764
323	108	-23.689	-120.	103.77	1024	0.12748
323	78	-26.081	-120.	104.59	1024	0.12764
323	90	-25.369	-120.	103.36	1024	0.12739
324	108	-23.689	-120.	103.77	1024	0.12748
324	90	-25.369	-120.	103.36	1024	0.12739
324	122	-22.197	-120.	101.87	1024	0.127
325	108	-23.689	-120.	103.77	1024	0.12748
325	122	-22.197	-120.	101.87	1024	0.127
325	135	-21.358	-120.	102.37	1024	0.12715
326	108	-23.689	-120.	103.77	1024	0.12748
326	135	-21.358	-120.	102.37	1024	0.12715
326	116	-22.763	-120.	104.8	1024	0.1277
327	108	-23.689	-120.	103.77	1024	0.12748
327	116	-22.763	-120.	104.8	1024	0.1277
327	103	-24.368	-120.	105.63	1024	0.12782
328	122	-22.197	-120.	101.87	1024	0.127
328	90	-25.369	-120.	103.36	1024	0.12739
328	107	-23.785	-120.	100.93	1024	0.12671
329	103	-24.368	-120.	105.63	1024	0.12782
329	55	-27.388	-120.	107.17	1024	0.12796
329	78	-26.081	-120.	104.59	1024	0.12764
330	116	-22.763	-120.	104.8	1024	0.1277
330	135	-21.358	-120.	102.37	1024	0.12715
330	151	-19.781	-120.	103.3	1024	0.12741
331	84	-25.691	-120.	136.27	1035	0.11622
331	64	-26.981	-120.	133.72	1035	0.1178
331	101	-24.589	-120.	134.53	1035	0.11727
332	27	-29.479	-120.	135.18	1035	0.11693
332	10	-30.643	-120.	132.48	1035	0.11859
332	41	-28.225	-120.	133.31	1035	0.11806
333	54	-27.584	-120.	135.34	1035	0.11681
333	27	-29.479	-120.	135.18	1035	0.11693
333	41	-28.225	-120.	133.31	1035	0.11806
334	54	-27.584	-120.	135.34	1035	0.11681
334	41	-28.225	-120.	133.31	1035	0.11806
334	64	-26.981	-120.	133.72	1035	0.1178
335	54	-27.584	-120.	135.34	1035	0.11681
335	64	-26.981	-120.	133.72	1035	0.1178
335	84	-25.691	-120.	136.27	1035	0.11622
336	54	-27.584	-120.	135.34	1035	0.11681
336	84	-25.691	-120.	136.27	1035	0.11622
336	75	-26.268	-120.	137.17	1035	0.11569
337	54	-27.584	-120.	135.34	1035	0.11681
337	75	-26.268	-120.	137.17	1035	0.11569
337	34	-28.862	-120.	136.4	1035	0.11619
338	54	-27.584	-120.	135.34	1035	0.11681
338	34	-28.862	-120.	136.4	1035	0.11619
338	27	-29.479	-120.	135.18	1035	0.11693
339	57	-27.373	-120.	138.94	1035	0.1147
339	34	-28.862	-120.	136.4	1035	0.11619
339	75	-26.268	-120.	137.17	1035	0.11569
340	131	-21.647	-120.	137.26	1036	0.11557
340	118	-22.638	-120.	137.55	1036	0.11543
340	120	-22.202	-120.	138.16	1036	0.11507
341	92	-25.296	-120.	136.9	1036	0.11584
341	85	-25.691	-120.	136.27	1036	0.11622
341	74	-26.268	-120.	137.17	1036	0.11569
342	102	-24.506	-120.	138.1	1036	0.11514
342	120	-22.202	-120.	138.16	1036	0.11507
342	113	-23.261	-120.	139.86	1036	0.11415
343	102	-24.506	-120.	138.1	1036	0.11514
343	113	-23.261	-120.	139.86	1036	0.11415
343	57	-27.373	-120.	138.94	1036	0.1147
344	102	-24.506	-120.	138.1	1036	0.11514
344	57	-27.373	-120.	138.94	1036	0.1147
344	74	-26.268	-120.	137.17	1036	0.11569
345	102	-24.506	-120.	138.1	1036	0.11514
345	74	-26.268	-120.	137.17	1036	0.11569
345	92	-25.296	-120.	136.9	1036	0.11584
346	102	-24.506	-120.	138.1	1036	0.11514
346	92	-25.296	-120.	136.9	1036	0.11584
346	118	-22.638	-120.	137.55	1036	0.11543
347	102	-24.506	-120.	138.1	1036	0.11514
347	118	-22.638	-120.	137.55	1036	0.11543
347	120	-22.202	-120.	138.16	1036	0.11507
348	111	-23.409	-120.	136.35	1036	0.11614
348	85	-25.691	-120.	136.27	1036	0.11622
348	101	-24.589	-120.	134.53	1036	0.11727
349	111	-23.409	-120.	136.35	1036	0.11614
349	101	-24.589	-120.	134.53	1036	0.11727
349	143	-20.59	-120.	135.59	1036	0.11655
350	111	-23.409	-120.	136.35	1036	0.11614
350	143	-20.59	-120.	135.59	1036	0.11655
350	131	-21.647	-120.	137.26	1036	0.11557
351	111	-23.409	-120.	136.35	1036	0.11614
351	131	-21.647	-120.	137.26	1036	0.11557
351	118	-22.638	-120.	137.55	1036	0.11543
352	111	-23.409	-120.	136.35	1036	0.11614
352	118	-22.638	-120.	137.55	1036	0.11543
352	92	-25.296	-120.	136.9	1036	0.11584
353	111	-23.409	-120.	136.35	1036	0.11614
353	92	-25.296	-120.	136.9	1036	0.11584
353	85	-25.691	-120.	136.27	1036	0.11622
354	149	-19.941	-120.	138.82	1037	0.11464
354	166	-17.829	-120.	138.97	1037	0.11448
354	158	-18.742	-120.	140.49	1037	0.1137
355	149	-19.941	-120.	138.82	1037	0.11464
355	158	-18.742	-120.	140.49	1037	0.1137
355	147	-20.31	-120.	140.26	1037	0.11387
356	149	-19.941	-120.	138.82	1037	0.11464
356	147	-20.31	-120.	140.26	1037	0.11387
356	121	-22.202	-120.	138.16	1037	0.11507
357	149	-19.941	-120.	138.82	1037	0.11464
357	121	-22.202	-120.	138.16	1037	0.11507
357	132	-21.647	-120.	137.26	1037	0.11557
358	149	-19.941	-120.	138.82	1037	0.11464
358	132	-21.647	-120.	137.26	1037	0.11557
358	154	-18.914	-120.	137.77	1037	0.1152
359	149	-19.941	-120.	138.82	1037	0.11464
359	154	-18.914	-120.	137.77	1037	0.1152
359	166	-17.829	-120.	138.97	1037	0.11448
360	121	-22.202	-120.	138.16	1037	0.11507
360	147	-20.31	-120.	140.26	1037	0.11387
360	113	-23.261	-120.	139.86	1037	0.11415
361	166	-17.829	-120.	138.97	1037	0.11448
361	177	-15.833	-120.	140.87	1037	0.11338
361	158	-18.742	-120.	140.49	1037	0.1137
362	154	-18.914	-120.	137.77	1037	0.1152
362	132	-21.647	-120.	137.26	1037	0.11557
362	143	-20.59	-120.	135.59	1037	0.11655
363	86	-25.532	-120.	128.87	1041	0.12077
363	71	-26.322	-120.	130.55	1041	0.11976
363	62	-27.196	-120.	127.86	1041	0.12139
364	86	-25.532	-120.	128.87	1041	0.12077
364	62	-27.196	-120.	127.86	1041	0.12139
364	69	-26.429	-120.	126.87	1041	0.12196
365	86	-25.532	-120.	128.87	1041	0.12077
365	69	-26.429	-120.	126.87	1041	0.12196
365	105	-24.331	-120.	127.71	1041	0.12142
366	86	-25.532	-120.	128.87	1041	0.12077
366	105	-24.331	-120.	127.71	1041	0.12142
366	106	-23.83	-120.	129.26	1041	0.12051
367	86	-25.532	-120.	128.87	1041	0.12077
367	106	-23.83	-120.	129.26	1041	0.12051
367	95	-25.087	-120.	131.	1041	0.11947
368	86	-25.532	-120.	128.87	1041	0.12077
368	95	-25.087	-120.	131.	1041	0.11947
368	71	-26.322	-120.	130.55	1041	0.11976
369	105	-24.331	-120.	127.71	1041	0.12142
369	69	-26.429	-120.	126.87	1041	0.12196
369	96	-24.974	-120.	125.04	1041	0.12295
370	71	-26.322	-120.	130.55	1041	0.11976
370	35	-28.656	-120.	129.72	1041	0.12029
370	62	-27.196	-120.	127.86	1041	0.12139
371	95	-25.087	-120.	131.	1041	0.11947
371	106	-23.83	-120.	129.26	1041	0.12051
371	115	-22.777	-120.	131.8	1041	0.11894
372	61	-27.224	-120.	112.18	1056	0.12775
372	100	-24.688	-120.	113.62	1056	0.12742
372	112	-23.336	-120.	109.46	1056	0.12795
373	150	-19.798	-120.	140.81	1065	0.11358
373	157	-18.742	-120.	140.49	1065	0.1137
373	146	-20.31	-120.	140.26	1065	0.11387
374	156	-18.773	-120.	141.82	1065	0.11307
374	169	-17.251	-120.	143.32	1065	0.11238
374	177	-15.833	-120.	140.87	1065	0.11338
375	156	-18.773	-120.	141.82	1065	0.11307
375	177	-15.833	-120.	140.87	1065	0.11338
375	157	-18.742	-120.	140.49	1065	0.1137
376	156	-18.773	-120.	141.82	1065	0.11307
376	157	-18.742	-120.	140.49	1065	0.1137
376	150	-19.798	-120.	140.81	1065	0.11358
377	156	-18.773	-120.	141.82	1065	0.11307
377	150	-19.798	-120.	140.81	1065	0.11358
377	141	-20.774	-120.	142.45	1065	0.11283
378	156	-18.773	-120.	141.82	1065	0.11307
378	141	-20.774	-120.	142.45	1065	0.11283
378	148	-20.24	-120.	142.97	1065	0.1126
379	156	-18.773	-120.	141.82	1065	0.11307
379	148	-20.24	-120.	142.97	1065	0.1126
379	169	-17.251	-120.	143.32	1065	0.11238
380	128	-21.792	-120.	141.43	1065	0.11333
380	99	-24.821	-120.	142.41	1065	0.11286
380	113	-23.261	-120.	139.86	1065	0.11415
381	128	-21.792	-120.	141.43	1065	0.11333
381	113	-23.261	-120.	139.86	1065	0.11415
381	146	-20.31	-120.	140.26	1065	0.11387
382	128	-21.792	-120.	141.43	1065	0.11333
382	146	-20.31	-120.	140.26	1065	0.11387
382	150	-19.798	-120.	140.81	1065	0.11358
383	128	-21.792	-120.	141.43	1065	0.11333
383	150	-19.798	-120.	140.81	1065	0.11358
383	141	-20.774	-120.	142.45	1065	0.11283
384	128	-21.792	-120.	141.43	1065	0.11333
384	141	-20.774	-120.	142.45	1065	0.11283
384	129	-21.791	-120.	142.79	1065	0.11269
385	128	-21.792	-120.	141.43	1065	0.11333
385	129	-21.791	-120.	142.79	1065	0.11269
385	99	-24.821	-120.	142.41	1065	0.11286
386	141	-20.774	-120.	142.45	1065	0.11283
386	129	-21.791	-120.	142.79	1065	0.11269
386	148	-20.24	-120.	142.97	1065	0.1126
387	77	-26.164	-120.	103.72	1069	0.12747
387	79	-26.081	-120.	104.59	1069	0.12764
387	89	-25.369	-120.	103.36	1069	0.12739
388	76	-26.232	-120.	102.02	1069	0.12705
388	47	-27.911	-120.	101.92	1069	0.12702
388	73	-26.285	-120.	99.47	1069	0.12621
389	76	-26.232	-120.	102.02	1069	0.12705
389	73	-26.285	-120.	99.47	1069	0.12621
389	107	-23.785	-120.	100.93	1069	0.12671
390	76	-26.232	-120.	102.02	1069	0.12705
390	107	-23.785	-120.	100.93	1069	0.12671
390	89	-25.369	-120.	103.36	1069	0.12739
391	76	-26.232	-120.	102.02	1069	0.12705
391	89	-25.369	-120.	103.36	1069	0.12739
391	77	-26.164	-120.	103.72	1069	0.12747
392	76	-26.232	-120.	102.02	1069	0.12705
392	77	-26.164	-120.	103.72	1069	0.12747
392	48	-27.878	-120.	102.73	1069	0.12723
393	76	-26.232	-120.	102.02	1069	0.12705
393	48	-27.878	-120.	102.73	1069	0.12723
393	47	-27.911	-120.	101.92	1069	0.12702
394	37	-28.595	-120.	103.11	1069	0.12732
394	48	-27.878	-120.	102.73	1069	0.12723
394	47	-27.911	-120.	101.92	1069	0.12702
395	51	-27.669	-120.	104.51	1069	0.12761
395	20	-29.906	-120.	105.74	1069	0.12778
395	55	-27.388	-120.	107.17	1069	0.12796
396	51	-27.669	-120.	104.51	1069	0.12761
396	55	-27.388	-120.	107.17	1069	0.12796
396	79	-26.081	-120.	104.59	1069	0.12764
397	51	-27.669	-120.	104.51	1069	0.12761
397	79	-26.081	-120.	104.59	1069	0.12764
397	77	-26.164	-120.	103.72	1069	0.12747
398	51	-27.669	-120.	104.51	1069	0.12761
398	77	-26.164	-120.	103.72	1069	0.12747
398	48	-27.878	-120.	102.73	1069	0.12723
399	51	-27.669	-120.	104.51	1069	0.12761
399	48	-27.878	-120.	102.73	1069	0.12723
399	37	-28.595	-120.	103.11	1069	0.12732
400	51	-27.669	-120.	104.51	1069	0.12761
400	37	-28.595	-120.	103.11	1069	0.12732
400	20	-29.906	-120.	105.74	1069	0.12778
401	417	21.839	-120.	142.89	1084	0.10625
401	424	22.411	-120.	142.4	1084	0.10602
401	413	21.536	-120.	141.87	1084	0.10578
402	425	22.428	-120.	144.8	1084	0.10719
402	430	23.336	-120.	147.74	1084	0.10874
402	434	24.064	-120.	143.4	1084	0.10648
403	425	22.428	-120.	144.8	1084	0.10719
403	434	24.064	-120.	143.4	1084	0.10648
403	424	22.411	-120.	142.4	1084	0.10602
404	425	22.428	-120.	144.8	1084	0.10719
404	424	22.411	-120.	142.4	1084	0.10602
404	417	21.839	-120.	142.89	1084	0.10625
405	425	22.428	-120.	144.8	1084	0.10719
405	417	21.839	-120.	142.89	1084	0.10625
405	411	21.309	-120.	145.7	1084	0.10767
406	425	22.428	-120.	144.8	1084	0.10719
406	411	21.309	-120.	145.7	1084	0.10767
406	414	21.609	-120.	146.7	1084	0.1082
407	425	22.428	-120.	144.8	1084	0.10719
407	414	21.609	-120.	146.7	1084	0.1082
407	430	23.336	-120.	147.74	1084	0.10874
408	403	20.72	-120.	143.77	1084	0.10668
408	393	19.016	-120.	145.11	1084	0.10737
408	399	19.899	-120.	140.87	1084	0.10532
409	403	20.72	-120.	143.77	1084	0.10668
409	399	19.899	-120.	140.87	1084	0.10532
409	413	21.536	-120.	141.87	1084	0.10578
410	403	20.72	-120.	143.77	1084	0.10668
410	413	21.536	-120.	141.87	1084	0.10578
410	417	21.839	-120.	142.89	1084	0.10625
411	403	20.72	-120.	143.77	1084	0.10668
411	417	21.839	-120.	142.89	1084	0.10625
411	411	21.309	-120.	145.7	1084	0.10767
412	403	20.72	-120.	143.77	1084	0.10668
412	411	21.309	-120.	145.7	1084	0.10767
412	404	20.723	-120.	146.15	1084	0.10792
413	403	20.72	-120.	143.77	1084	0.10668
413	404	20.723	-120.	146.15	1084	0.10792
413	393	19.016	-120.	145.11	1084	0.10737
414	411	21.309	-120.	145.7	1084	0.10767
414	404	20.723	-120.	146.15	1084	0.10792
414	414	21.609	-120.	146.7	1084	0.1082
415	346	11.663	-120.	147.66	1097	0.10887
415	349	11.922	-120.	148.61	1097	0.1094
415	354	12.635	-120.	148.36	1097	0.10924
416	342	11.047	-120.	150.83	1097	0.11062
416	334	10.335	-120.	151.03	1097	0.11074
416	345	11.293	-120.	151.76	1097	0.11112
417	351	12.422	-120.	150.4	1097	0.11038
417	354	12.635	-120.	148.36	1097	0.10924
417	362	14.46	-120.	149.69	1097	0.10997
418	351	12.422	-120.	150.4	1097	0.11038
418	362	14.46	-120.	149.69	1097	0.10997
418	356	13.174	-120.	153.16	1097	0.11189
419	351	12.422	-120.	150.4	1097	0.11038
419	356	13.174	-120.	153.16	1097	0.11189
419	345	11.293	-120.	151.76	1097	0.11112
420	351	12.422	-120.	150.4	1097	0.11038
420	345	11.293	-120.	151.76	1097	0.11112
420	342	11.047	-120.	150.83	1097	0.11062
421	351	12.422	-120.	150.4	1097	0.11038
421	342	11.047	-120.	150.83	1097	0.11062
421	349	11.922	-120.	148.61	1097	0.1094
422	351	12.422	-120.	150.4	1097	0.11038
422	349	11.922	-120.	148.61	1097	0.1094
422	354	12.635	-120.	148.36	1097	0.10924
423	338	10.553	-120.	149.02	1097	0.10965
423	334	10.335	-120.	151.03	1097	0.11074
423	323	8.4836	-120.	149.65	1097	0.11003
424	338	10.553	-120.	149.02	1097	0.10965
424	323	8.4836	-120.	149.65	1097	0.11003
424	332	9.8655	-120.	146.33	1097	0.1082
425	338	10.553	-120.	149.02	1097	0.10965
425	332	9.8655	-120.	146.33	1097	0.1082
425	346	11.663	-120.	147.66	1097	0.10887
426	338	10.553	-120.	149.02	1097	0.10965
426	346	11.663	-120.	147.66	1097	0.10887
426	349	11.922	-120.	148.61	1097	0.1094
427	338	10.553	-120.	149.02	1097	0.10965
427	349	11.922	-120.	148.61	1097	0.1094
427	342	11.047	-120.	150.83	1097	0.11062
428	338	10.553	-120.	149.02	1097	0.10965
428	342	11.047	-120.	150.83	1097	0.11062
428	334	10.335	-120.	151.03	1097	0.11074
429	393	19.016	-120.	145.11	1104	0.10737
429	399	19.899	-120.	140.87	1104	0.10532
429	375	16.361	-120.	143.44	1104	0.10648
430	436	24.303	-120.	140.3	1108	0.10516
430	440	24.802	-120.	139.73	1108	0.10496
430	438	24.441	-120.	138.64	1108	0.1046
431	450	26.414	-120.	140.68	1108	0.10529
431	455	26.788	-120.	141.73	1108	0.1057
431	457	26.876	-120.	140.1	1108	0.10508
432	446	25.708	-120.	138.62	1108	0.10459
432	438	24.441	-120.	138.64	1108	0.1046
432	439	24.656	-120.	135.59	1108	0.10379
433	446	25.708	-120.	138.62	1108	0.10459
433	439	24.656	-120.	135.59	1108	0.10379
433	460	27.061	-120.	136.97	1108	0.10412
434	446	25.708	-120.	138.62	1108	0.10459
434	460	27.061	-120.	136.97	1108	0.10412
434	457	26.876	-120.	140.1	1108	0.10508
435	446	25.708	-120.	138.62	1108	0.10459
435	457	26.876	-120.	140.1	1108	0.10508
435	450	26.414	-120.	140.68	1108	0.10529
436	446	25.708	-120.	138.62	1108	0.10459
436	450	26.414	-120.	140.68	1108	0.10529
436	440	24.802	-120.	139.73	1108	0.10496
437	446	25.708	-120.	138.62	1108	0.10459
437	440	24.802	-120.	139.73	1108	0.10496
437	438	24.441	-120.	138.64	1108	0.1046
438	445	25.493	-120.	141.79	1108	0.10574
438	455	26.788	-120.	141.73	1108	0.1057
438	452	26.586	-120.	144.91	1108	0.10716
439	445	25.493	-120.	141.79	1108	0.10574
439	452	26.586	-120.	144.91	1108	0.10716
439	434	24.064	-120.	143.4	1108	0.10648
440	445	25.493	-120.	141.79	1108	0.10574
440	434	24.064	-120.	143.4	1108	0.10648
440	436	24.303	-120.	140.3	1108	0.10516
441	445	25.493	-120.	141.79	1108	0.10574
441	436	24.303	-120.	140.3	1108	0.10516
441	440	24.802	-120.	139.73	1108	0.10496
442	445	25.493	-120.	141.79	1108	0.10574
442	440	24.802	-120.	139.73	1108	0.10496
442	450	26.414	-120.	140.68	1108	0.10529
443	445	25.493	-120.	141.79	1108	0.10574
443	450	26.414	-120.	140.68	1108	0.10529
443	455	26.788	-120.	141.73	1108	0.1057
444	88	-25.431	-120.	120.69	1109	0.1251
444	44	-28.087	-120.	123.61	1109	0.12377
444	96	-24.974	-120.	125.04	1109	0.12295
445	362	14.46	-120.	149.69	1115	0.10997
445	356	13.174	-120.	153.16	1115	0.11189
445	380	17.167	-120.	151.53	1115	0.111
446	308	5.588	-120.	147.24	1140	0.10901
446	323	8.4836	-120.	149.65	1140	0.11003
446	332	9.8655	-120.	146.33	1140	0.1082
447	508	30.804	-120.	116.74	1153	0.10698
447	480	29.255	-120.	116.32	1153	0.10722
447	506	30.803	-120.	114.51	1153	0.10808
448	508	30.804	-120.	116.74	1153	0.10698
448	506	30.803	-120.	114.51	1153	0.10808
448	527	31.894	-120.	115.	1153	0.10781
449	508	30.804	-120.	116.74	1153	0.10698
449	527	31.894	-120.	115.	1153	0.10781
449	532	32.19	-120.	117.81	1153	0.10645
450	508	30.804	-120.	116.74	1153	0.10698
450	532	32.19	-120.	117.81	1153	0.10645
450	515	31.257	-120.	118.83	1153	0.10603
451	508	30.804	-120.	116.74	1153	0.10698
451	515	31.257	-120.	118.83	1153	0.10603
451	487	29.425	-120.	117.94	1153	0.10648
452	508	30.804	-120.	116.74	1153	0.10698
452	487	29.425	-120.	117.94	1153	0.10648
452	480	29.255	-120.	116.32	1153	0.10722
453	532	32.19	-120.	117.81	1153	0.10645
453	527	31.894	-120.	115.	1153	0.10781
453	555	33.96	-120.	115.92	1153	0.10734
454	480	29.255	-120.	116.32	1153	0.10722
454	477	28.754	-120.	113.62	1153	0.10861
454	506	30.803	-120.	114.51	1153	0.10808
455	487	29.425	-120.	117.94	1153	0.10648
455	515	31.257	-120.	118.83	1153	0.10603
455	491	29.497	-120.	120.69	1153	0.10535
456	466	27.921	-120.	96.479	1215	0.1185
456	441	24.832	-120.	93.474	1215	0.11973
456	431	23.352	-120.	95.976	1215	0.11872
457	67	-26.804	-120.	117.53	1253	0.12639
457	66	-26.814	-120.	115.45	1253	0.12705
457	93	-25.189	-120.	116.32	1253	0.12671
458	67	-26.804	-120.	117.53	1253	0.12639
458	93	-25.189	-120.	116.32	1253	0.12671
458	91	-25.359	-120.	117.94	1253	0.12618
459	67	-26.804	-120.	117.53	1253	0.12639
459	91	-25.359	-120.	117.94	1253	0.12618
459	60	-27.268	-120.	119.76	1253	0.12555
460	67	-26.804	-120.	117.53	1253	0.12639
460	60	-27.268	-120.	119.76	1253	0.12555
460	39	-28.244	-120.	119.26	1253	0.12577
461	67	-26.804	-120.	117.53	1253	0.12639
461	39	-28.244	-120.	119.26	1253	0.12577
461	46	-27.948	-120.	116.45	1253	0.12677
462	67	-26.804	-120.	117.53	1253	0.12639
462	46	-27.948	-120.	116.45	1253	0.12677
462	66	-26.814	-120.	115.45	1253	0.12705
463	60	-27.268	-120.	119.76	1253	0.12555
463	91	-25.359	-120.	117.94	1253	0.12618
463	88	-25.431	-120.	120.69	1253	0.1251
464	66	-26.814	-120.	115.45	1253	0.12705
464	100	-24.688	-120.	113.62	1253	0.12742
464	93	-25.189	-120.	116.32	1253	0.12671
465	46	-27.948	-120.	116.45	1253	0.12677
465	39	-28.244	-120.	119.26	1253	0.12577
465	16	-30.093	-120.	118.32	1253	0.12613
466	33	-28.882	-120.	111.23	1255	0.12787
466	61	-27.224	-120.	112.18	1255	0.12775
466	30	-29.43	-120.	114.03	1255	0.1274
467	13	-30.536	-120.	112.93	1255	0.12759
467	33	-28.882	-120.	111.23	1255	0.12787
467	30	-29.43	-120.	114.03	1255	0.1274
468	13	-30.536	-120.	112.93	1255	0.12759
468	30	-29.43	-120.	114.03	1255	0.1274
468	11	-30.578	-120.	114.99	1255	0.12716
469	13	-30.536	-120.	112.93	1255	0.12759
469	11	-30.578	-120.	114.99	1255	0.12716
469	4	-32.421	-120.	113.97	1255	0.12733
470	13	-30.536	-120.	112.93	1255	0.12759
470	4	-32.421	-120.	113.97	1255	0.12733
470	5	-32.159	-120.	112.62	1255	0.12759
471	13	-30.536	-120.	112.93	1255	0.12759
471	5	-32.159	-120.	112.62	1255	0.12759
471	22	-29.748	-120.	110.74	1255	0.1279
472	13	-30.536	-120.	112.93	1255	0.12759
472	22	-29.748	-120.	110.74	1255	0.1279
472	33	-28.882	-120.	111.23	1255	0.12787
473	4	-32.421	-120.	113.97	1255	0.12733
473	11	-30.578	-120.	114.99	1255	0.12716
473	1	-32.805	-120.	116.88	1255	0.12655
474	5	-32.159	-120.	112.62	1255	0.12759
474	7	-31.417	-120.	109.78	1255	0.12791
474	22	-29.748	-120.	110.74	1255	0.1279
475	381	17.43	-120.	91.87	1256	0.12007
475	392	18.881	-120.	89.348	1256	0.12053
475	364	14.983	-120.	87.508	1256	0.12036
476	81	-26.046	-120.	131.25	1264	0.11932
476	94	-25.087	-120.	131.	1264	0.11947
476	72	-26.322	-120.	130.55	1264	0.11976
477	49	-27.864	-120.	131.72	1264	0.11904
477	41	-28.225	-120.	133.31	1264	0.11806
477	10	-30.643	-120.	132.48	1264	0.11859
478	49	-27.864	-120.	131.72	1264	0.11904
478	10	-30.643	-120.	132.48	1264	0.11859
478	35	-28.656	-120.	129.72	1264	0.12029
479	49	-27.864	-120.	131.72	1264	0.11904
479	35	-28.656	-120.	129.72	1264	0.12029
479	72	-26.322	-120.	130.55	1264	0.11976
480	49	-27.864	-120.	131.72	1264	0.11904
480	72	-26.322	-120.	130.55	1264	0.11976
480	81	-26.046	-120.	131.25	1264	0.11932
481	49	-27.864	-120.	131.72	1264	0.11904
481	81	-26.046	-120.	131.25	1264	0.11932
481	58	-27.289	-120.	133.05	1264	0.11822
482	49	-27.864	-120.	131.72	1264	0.11904
482	58	-27.289	-120.	133.05	1264	0.11822
482	41	-28.225	-120.	133.31	1264	0.11806
483	64	-26.981	-120.	133.72	1264	0.1178
483	58	-27.289	-120.	133.05	1264	0.11822
483	41	-28.225	-120.	133.31	1264	0.11806
484	87	-25.462	-120.	132.56	1264	0.1185
484	101	-24.589	-120.	134.53	1264	0.11727
484	115	-22.777	-120.	131.8	1264	0.11894
485	87	-25.462	-120.	132.56	1264	0.1185
485	115	-22.777	-120.	131.8	1264	0.11894
485	94	-25.087	-120.	131.	1264	0.11947
486	87	-25.462	-120.	132.56	1264	0.1185
486	94	-25.087	-120.	131.	1264	0.11947
486	81	-26.046	-120.	131.25	1264	0.11932
487	87	-25.462	-120.	132.56	1264	0.1185
487	81	-26.046	-120.	131.25	1264	0.11932
487	58	-27.289	-120.	133.05	1264	0.11822
488	87	-25.462	-120.	132.56	1264	0.1185
488	58	-27.289	-120.	133.05	1264	0.11822
488	64	-26.981	-120.	133.72	1264	0.1178
489	87	-25.462	-120.	132.56	1264	0.1185
489	64	-26.981	-120.	133.72	1264	0.1178
489	101	-24.589	-120.	134.53	1264	0.11727
490	184	-14.334	-120.	145.42	1276	0.11156
490	186	-13.704	-120.	145.83	1276	0.11143
490	191	-13.215	-120.	145.	1276	0.11162
491	173	-16.43	-120.	146.22	1276	0.11139
491	152	-19.63	-120.	147.46	1276	0.11096
491	181	-14.63	-120.	147.4	1276	0.11109
492	173	-16.43	-120.	146.22	1276	0.11139
492	181	-14.63	-120.	147.4	1276	0.11109
492	186	-13.704	-120.	145.83	1276	0.11143
493	173	-16.43	-120.	146.22	1276	0.11139
493	186	-13.704	-120.	145.83	1276	0.11143
493	184	-14.334	-120.	145.42	1276	0.11156
494	173	-16.43	-120.	146.22	1276	0.11139
494	184	-14.334	-120.	145.42	1276	0.11156
494	168	-17.598	-120.	145.4	1276	0.11164
495	173	-16.43	-120.	146.22	1276	0.11139
495	168	-17.598	-120.	145.4	1276	0.11164
495	160	-18.684	-120.	145.81	1276	0.1115
496	173	-16.43	-120.	146.22	1276	0.11139
496	160	-18.684	-120.	145.81	1276	0.1115
496	152	-19.63	-120.	147.46	1276	0.11096
497	179	-15.481	-120.	144.59	1276	0.11186
497	169	-17.251	-120.	143.32	1276	0.11238
497	197	-12.295	-120.	143.44	1276	0.112
498	179	-15.481	-120.	144.59	1276	0.11186
498	197	-12.295	-120.	143.44	1276	0.112
498	191	-13.215	-120.	145.	1276	0.11162
499	179	-15.481	-120.	144.59	1276	0.11186
499	191	-13.215	-120.	145.	1276	0.11162
499	184	-14.334	-120.	145.42	1276	0.11156
500	179	-15.481	-120.	144.59	1276	0.11186
500	184	-14.334	-120.	145.42	1276	0.11156
500	168	-17.598	-120.	145.4	1276	0.11164
501	179	-15.481	-120.	144.59	1276	0.11186
501	168	-17.598	-120.	145.4	1276	0.11164
501	164	-18.192	-120.	144.96	1276	0.11179
502	179	-15.481	-120.	144.59	1276	0.11186
502	164	-18.192	-120.	144.96	1276	0.11179
502	169	-17.251	-120.	143.32	1276	0.11238
503	168	-17.598	-120.	145.4	1276	0.11164
503	164	-18.192	-120.	144.96	1276	0.11179
503	160	-18.684	-120.	145.81	1276	0.1115
504	20	-29.906	-120.	105.74	1287	0.12778
504	7	-31.417	-120.	109.78	1287	0.12791
504	55	-27.388	-120.	107.17	1287	0.12796
505	203	-11.708	-120.	147.15	1310	0.11109
505	191	-13.215	-120.	145.	1310	0.11162
505	211	-10.674	-120.	146.2	1310	0.11119
506	203	-11.708	-120.	147.15	1310	0.11109
506	211	-10.674	-120.	146.2	1310	0.11119
506	216	-9.7773	-120.	147.68	1310	0.11095
507	203	-11.708	-120.	147.15	1310	0.11109
507	216	-9.7773	-120.	147.68	1310	0.11095
507	209	-10.796	-120.	149.39	1310	0.11082
508	203	-11.708	-120.	147.15	1310	0.11109
508	209	-10.796	-120.	149.39	1310	0.11082
508	200	-12.084	-120.	148.78	1310	0.11088
509	203	-11.708	-120.	147.15	1310	0.11109
509	200	-12.084	-120.	148.78	1310	0.11088
509	186	-13.704	-120.	145.83	1310	0.11143
510	203	-11.708	-120.	147.15	1310	0.11109
510	186	-13.704	-120.	145.83	1310	0.11143
510	191	-13.215	-120.	145.	1310	0.11162
511	209	-10.796	-120.	149.39	1310	0.11082
511	216	-9.7773	-120.	147.68	1310	0.11095
511	226	-8.113	-120.	150.47	1310	0.11083
512	191	-13.215	-120.	145.	1310	0.11162
512	197	-12.295	-120.	143.44	1310	0.112
512	211	-10.674	-120.	146.2	1310	0.11119
513	186	-13.704	-120.	145.83	1310	0.11143
513	200	-12.084	-120.	148.78	1310	0.11088
513	181	-14.63	-120.	147.4	1310	0.11109
514	288	1.8045	-120.	154.98	1350	0.11225
514	311	6.1077	-120.	154.74	1350	0.11245
514	296	3.2389	-120.	152.16	1350	0.11125
515	430	23.336	-120.	147.74	1355	0.10874
515	452	26.586	-120.	144.91	1355	0.10716
515	434	24.064	-120.	143.4	1355	0.10648
516	372	15.89	-120.	146.87	1362	0.10836
516	369	15.629	-120.	145.89	1362	0.10782
516	366	15.218	-120.	147.21	1362	0.10856
517	379	17.139	-120.	146.16	1362	0.10796
517	393	19.016	-120.	145.11	1362	0.10737
517	375	16.361	-120.	143.44	1362	0.10648
518	379	17.139	-120.	146.16	1362	0.10796
518	375	16.361	-120.	143.44	1362	0.10648
518	369	15.629	-120.	145.89	1362	0.10782
519	379	17.139	-120.	146.16	1362	0.10796
519	369	15.629	-120.	145.89	1362	0.10782
519	372	15.89	-120.	146.87	1362	0.10836
520	379	17.139	-120.	146.16	1362	0.10796
520	372	15.89	-120.	146.87	1362	0.10836
520	383	17.646	-120.	148.02	1362	0.10899
521	379	17.139	-120.	146.16	1362	0.10796
521	383	17.646	-120.	148.02	1362	0.10899
521	386	18.289	-120.	147.65	1362	0.10878
522	379	17.139	-120.	146.16	1362	0.10796
522	386	18.289	-120.	147.65	1362	0.10878
522	393	19.016	-120.	145.11	1362	0.10737
523	376	16.383	-120.	148.72	1362	0.1094
523	380	17.167	-120.	151.53	1362	0.111
523	362	14.46	-120.	149.69	1362	0.10997
524	376	16.383	-120.	148.72	1362	0.1094
524	362	14.46	-120.	149.69	1362	0.10997
524	366	15.218	-120.	147.21	1362	0.10856
525	376	16.383	-120.	148.72	1362	0.1094
525	366	15.218	-120.	147.21	1362	0.10856
525	372	15.89	-120.	146.87	1362	0.10836
526	376	16.383	-120.	148.72	1362	0.1094
526	372	15.89	-120.	146.87	1362	0.10836
526	383	17.646	-120.	148.02	1362	0.10899
527	376	16.383	-120.	148.72	1362	0.1094
527	383	17.646	-120.	148.02	1362	0.10899
527	384	17.918	-120.	148.97	1362	0.10952
528	376	16.383	-120.	148.72	1362	0.1094
528	384	17.918	-120.	148.97	1362	0.10952
528	380	17.167	-120.	151.53	1362	0.111
529	383	17.646	-120.	148.02	1362	0.10899
529	384	17.918	-120.	148.97	1362	0.10952
529	386	18.289	-120.	147.65	1362	0.10878
530	358	13.591	-120.	146.55	1363	0.1082
530	359	13.941	-120.	144.75	1363	0.1072
530	370	15.629	-120.	145.89	1363	0.10782
531	358	13.591	-120.	146.55	1363	0.1082
531	370	15.629	-120.	145.89	1363	0.10782
531	367	15.218	-120.	147.21	1363	0.10856
532	358	13.591	-120.	146.55	1363	0.1082
532	367	15.218	-120.	147.21	1363	0.10856
532	355	12.635	-120.	148.36	1363	0.10924
533	358	13.591	-120.	146.55	1363	0.1082
533	355	12.635	-120.	148.36	1363	0.10924
533	347	11.663	-120.	147.66	1363	0.10887
534	358	13.591	-120.	146.55	1363	0.1082
534	347	11.663	-120.	147.66	1363	0.10887
534	352	12.46	-120.	145.41	1363	0.10759
535	358	13.591	-120.	146.55	1363	0.1082
535	352	12.46	-120.	145.41	1363	0.10759
535	359	13.941	-120.	144.75	1363	0.1072
536	355	12.635	-120.	148.36	1363	0.10924
536	367	15.218	-120.	147.21	1363	0.10856
536	362	14.46	-120.	149.69	1363	0.10997
537	359	13.941	-120.	144.75	1363	0.1072
537	375	16.361	-120.	143.44	1363	0.10648
537	370	15.629	-120.	145.89	1363	0.10782
538	352	12.46	-120.	145.41	1363	0.10759
538	347	11.663	-120.	147.66	1363	0.10887
538	332	9.8655	-120.	146.33	1363	0.1082
539	172	-16.628	-120.	96.27	1435	0.12467
539	174	-16.334	-120.	97.294	1435	0.12519
539	176	-16.032	-120.	95.811	1435	0.12443
540	167	-17.726	-120.	97.196	1435	0.12514
540	153	-19.369	-120.	98.573	1435	0.12578
540	171	-16.855	-120.	100.05	1435	0.12644
541	167	-17.726	-120.	97.196	1435	0.12514
541	171	-16.855	-120.	100.05	1435	0.12644
541	174	-16.334	-120.	97.294	1435	0.12519
542	167	-17.726	-120.	97.196	1435	0.12514
542	174	-16.334	-120.	97.294	1435	0.12519
542	172	-16.628	-120.	96.27	1435	0.12467
543	167	-17.726	-120.	97.196	1435	0.12514
543	172	-16.628	-120.	96.27	1435	0.12467
543	162	-18.302	-120.	95.252	1435	0.12416
544	167	-17.726	-120.	97.196	1435	0.12514
544	162	-18.302	-120.	95.252	1435	0.12416
544	155	-18.865	-120.	95.735	1435	0.12442
545	167	-17.726	-120.	97.196	1435	0.12514
545	155	-18.865	-120.	95.735	1435	0.12442
545	153	-19.369	-120.	98.573	1435	0.12578
546	170	-17.191	-120.	94.333	1435	0.12364
546	165	-18.085	-120.	91.387	1435	0.12195
546	178	-15.485	-120.	93.018	1435	0.12286
547	170	-17.191	-120.	94.333	1435	0.12364
547	178	-15.485	-120.	93.018	1435	0.12286
547	176	-16.032	-120.	95.811	1435	0.12443
548	170	-17.191	-120.	94.333	1435	0.12364
548	176	-16.032	-120.	95.811	1435	0.12443
548	172	-16.628	-120.	96.27	1435	0.12467
549	170	-17.191	-120.	94.333	1435	0.12364
549	172	-16.628	-120.	96.27	1435	0.12467
549	162	-18.302	-120.	95.252	1435	0.12416
550	170	-17.191	-120.	94.333	1435	0.12364
550	162	-18.302	-120.	95.252	1435	0.12416
550	161	-18.611	-120.	94.262	1435	0.12363
551	170	-17.191	-120.	94.333	1435	0.12364
551	161	-18.611	-120.	94.262	1435	0.12363
551	165	-18.085	-120.	91.387	1435	0.12195
552	162	-18.302	-120.	95.252	1435	0.12416
552	161	-18.611	-120.	94.262	1435	0.12363
552	155	-18.865	-120.	95.735	1435	0.12442
553	183	-14.413	-120.	89.13	1437	0.12051
553	165	-18.085	-120.	91.387	1437	0.12195
553	178	-15.485	-120.	93.018	1437	0.12286
554	272	-0.59171	-120.	88.013	1449	0.11989
554	290	2.2612	-120.	87.855	1449	0.11986
554	285	1.3031	-120.	89.681	1449	0.12056
555	282	0.78947	-120.	85.044	1449	0.1187
555	298	3.7317	-120.	85.064	1449	0.11896
555	292	2.7559	-120.	86.903	1449	0.11952
556	280	0.51125	-120.	86.679	1449	0.11935
556	282	0.78947	-120.	85.044	1449	0.1187
556	292	2.7559	-120.	86.903	1449	0.11952
557	280	0.51125	-120.	86.679	1449	0.11935
557	292	2.7559	-120.	86.903	1449	0.11952
557	290	2.2612	-120.	87.855	1449	0.11986
558	280	0.51125	-120.	86.679	1449	0.11935
558	290	2.2612	-120.	87.855	1449	0.11986
558	272	-0.59171	-120.	88.013	1449	0.11989
559	280	0.51125	-120.	86.679	1449	0.11935
559	272	-0.59171	-120.	88.013	1449	0.11989
559	264	-1.5709	-120.	87.142	1449	0.11949
560	280	0.51125	-120.	86.679	1449	0.11935
560	264	-1.5709	-120.	87.142	1449	0.11949
560	273	-0.57654	-120.	85.119	1449	0.11864
561	280	0.51125	-120.	86.679	1449	0.11935
561	273	-0.57654	-120.	85.119	1449	0.11864
561	282	0.78947	-120.	85.044	1449	0.1187
562	253	-3.4987	-120.	85.463	1449	0.1186
562	273	-0.57654	-120.	85.119	1449	0.11864
562	264	-1.5709	-120.	87.142	1449	0.11949
563	327	9.1417	-120.	90.688	1451	0.12035
563	322	8.4091	-120.	90.519	1451	0.12038
563	329	9.39	-120.	91.764	1451	0.12041
564	325	8.6798	-120.	88.651	1451	0.12013
564	321	8.0152	-120.	85.538	1451	0.11951
564	313	6.5826	-120.	88.167	1451	0.12001
565	325	8.6798	-120.	88.651	1451	0.12013
565	313	6.5826	-120.	88.167	1451	0.12001
565	322	8.4091	-120.	90.519	1451	0.12038
566	325	8.6798	-120.	88.651	1451	0.12013
566	322	8.4091	-120.	90.519	1451	0.12038
566	327	9.1417	-120.	90.688	1451	0.12035
567	325	8.6798	-120.	88.651	1451	0.12013
567	327	9.1417	-120.	90.688	1451	0.12035
567	333	10.073	-120.	89.023	1451	0.12019
568	325	8.6798	-120.	88.651	1451	0.12013
568	333	10.073	-120.	89.023	1451	0.12019
568	330	9.8569	-120.	87.974	1451	0.12008
569	325	8.6798	-120.	88.651	1451	0.12013
569	330	9.8569	-120.	87.974	1451	0.12008
569	321	8.0152	-120.	85.538	1451	0.11951
570	337	10.526	-120.	91.072	1451	0.1203
570	353	12.589	-120.	91.638	1451	0.12019
570	343	11.174	-120.	94.093	1451	0.12017
571	337	10.526	-120.	91.072	1451	0.1203
571	343	11.174	-120.	94.093	1451	0.12017
571	329	9.39	-120.	91.764	1451	0.12041
572	337	10.526	-120.	91.072	1451	0.1203
572	329	9.39	-120.	91.764	1451	0.12041
572	327	9.1417	-120.	90.688	1451	0.12035
573	337	10.526	-120.	91.072	1451	0.1203
573	327	9.1417	-120.	90.688	1451	0.12035
573	333	10.073	-120.	89.023	1451	0.12019
574	337	10.526	-120.	91.072	1451	0.1203
574	333	10.073	-120.	89.023	1451	0.12019
574	339	10.786	-120.	89.228	1451	0.12022
575	337	10.526	-120.	91.072	1451	0.1203
575	339	10.786	-120.	89.228	1451	0.12022
575	353	12.589	-120.	91.638	1451	0.12019
576	333	10.073	-120.	89.023	1451	0.12019
576	339	10.786	-120.	89.228	1451	0.12022
576	330	9.8569	-120.	87.974	1451	0.12008
577	516	31.257	-120.	118.83	1455	0.10603
577	537	32.231	-120.	118.57	1455	0.10612
577	533	32.19	-120.	117.81	1455	0.10645
578	559	34.106	-120.	119.51	1455	0.10572
578	560	34.106	-120.	120.25	1455	0.10544
578	568	35.062	-120.	119.27	1455	0.10583
579	558	34.076	-120.	118.07	1455	0.10633
579	533	32.19	-120.	117.81	1455	0.10645
579	555	33.96	-120.	115.92	1455	0.10734
580	558	34.076	-120.	118.07	1455	0.10633
580	555	33.96	-120.	115.92	1455	0.10734
580	575	36.909	-120.	117.34	1455	0.10672
581	558	34.076	-120.	118.07	1455	0.10633
581	575	36.909	-120.	117.34	1455	0.10672
581	568	35.062	-120.	119.27	1455	0.10583
582	558	34.076	-120.	118.07	1455	0.10633
582	568	35.062	-120.	119.27	1455	0.10583
582	559	34.106	-120.	119.51	1455	0.10572
583	558	34.076	-120.	118.07	1455	0.10633
583	559	34.106	-120.	119.51	1455	0.10572
583	537	32.231	-120.	118.57	1455	0.10612
584	558	34.076	-120.	118.07	1455	0.10633
584	537	32.231	-120.	118.57	1455	0.10612
584	533	32.19	-120.	117.81	1455	0.10645
585	538	32.245	-120.	120.	1455	0.10554
585	560	34.106	-120.	120.25	1455	0.10544
585	539	32.274	-120.	122.15	1455	0.10477
586	538	32.245	-120.	120.	1455	0.10554
586	539	32.274	-120.	122.15	1455	0.10477
586	491	29.497	-120.	120.69	1455	0.10535
587	538	32.245	-120.	120.	1455	0.10554
587	491	29.497	-120.	120.69	1455	0.10535
587	516	31.257	-120.	118.83	1455	0.10603
588	538	32.245	-120.	120.	1455	0.10554
588	516	31.257	-120.	118.83	1455	0.10603
588	537	32.231	-120.	118.57	1455	0.10612
589	538	32.245	-120.	120.	1455	0.10554
589	537	32.231	-120.	118.57	1455	0.10612
589	559	34.106	-120.	119.51	1455	0.10572
590	538	32.245	-120.	120.	1455	0.10554
590	559	34.106	-120.	119.51	1455	0.10572
590	560	34.106	-120.	120.25	1455	0.10544
591	523	31.753	-120.	114.26	1519	0.1082
591	507	30.803	-120.	114.51	1519	0.10808
591	528	31.894	-120.	115.	1519	0.10781
592	518	31.423	-120.	112.87	1519	0.10896
592	511	30.932	-120.	110.76	1519	0.11018
592	477	28.754	-120.	113.62	1519	0.10861
593	518	31.423	-120.	112.87	1519	0.10896
593	477	28.754	-120.	113.62	1519	0.10861
593	507	30.803	-120.	114.51	1519	0.10808
594	518	31.423	-120.	112.87	1519	0.10896
594	507	30.803	-120.	114.51	1519	0.10808
594	523	31.753	-120.	114.26	1519	0.1082
595	518	31.423	-120.	112.87	1519	0.10896
595	523	31.753	-120.	114.26	1519	0.1082
595	548	33.238	-120.	112.39	1519	0.10922
596	518	31.423	-120.	112.87	1519	0.10896
596	548	33.238	-120.	112.39	1519	0.10922
596	545	33.06	-120.	111.67	1519	0.10963
597	518	31.423	-120.	112.87	1519	0.10896
597	545	33.06	-120.	111.67	1519	0.10963
597	511	30.932	-120.	110.76	1519	0.11018
598	551	33.555	-120.	113.8	1519	0.10845
598	573	36.317	-120.	113.07	1519	0.10887
598	555	33.96	-120.	115.92	1519	0.10734
599	551	33.555	-120.	113.8	1519	0.10845
599	555	33.96	-120.	115.92	1519	0.10734
599	528	31.894	-120.	115.	1519	0.10781
600	551	33.555	-120.	113.8	1519	0.10845
600	528	31.894	-120.	115.	1519	0.10781
600	523	31.753	-120.	114.26	1519	0.1082
601	551	33.555	-120.	113.8	1519	0.10845
601	523	31.753	-120.	114.26	1519	0.1082
601	548	33.238	-120.	112.39	1519	0.10922
602	551	33.555	-120.	113.8	1519	0.10845
602	548	33.238	-120.	112.39	1519	0.10922
602	563	34.168	-120.	112.14	1519	0.10937
603	551	33.555	-120.	113.8	1519	0.10845
603	563	34.168	-120.	112.14	1519	0.10937
603	573	36.317	-120.	113.07	1519	0.10887
604	548	33.238	-120.	112.39	1519	0.10922
604	563	34.168	-120.	112.14	1519	0.10937
604	545	33.06	-120.	111.67	1519	0.10963
605	544	33.06	-120.	111.67	1521	0.10963
605	511	30.932	-120.	110.76	1521	0.11018
605	535	32.207	-120.	108.95	1521	0.11126
606	553	33.855	-120.	109.98	1521	0.11063
606	544	33.06	-120.	111.67	1521	0.10963
606	535	32.207	-120.	108.95	1521	0.11126
607	553	33.855	-120.	109.98	1521	0.11063
607	535	32.207	-120.	108.95	1521	0.11126
607	543	32.875	-120.	108.	1521	0.11183
608	553	33.855	-120.	109.98	1521	0.11063
608	543	32.875	-120.	108.	1521	0.11183
608	569	35.206	-120.	108.91	1521	0.11127
609	553	33.855	-120.	109.98	1521	0.11063
609	569	35.206	-120.	108.91	1521	0.11127
609	571	35.614	-120.	110.21	1521	0.1105
610	553	33.855	-120.	109.98	1521	0.11063
610	571	35.614	-120.	110.21	1521	0.1105
610	562	34.168	-120.	112.14	1521	0.10937
611	553	33.855	-120.	109.98	1521	0.11063
611	562	34.168	-120.	112.14	1521	0.10937
611	544	33.06	-120.	111.67	1521	0.10963
612	569	35.206	-120.	108.91	1521	0.11127
612	543	32.875	-120.	108.	1521	0.11183
612	561	34.155	-120.	106.16	1521	0.11295
613	571	35.614	-120.	110.21	1521	0.1105
613	573	36.317	-120.	113.07	1521	0.10887
613	562	34.168	-120.	112.14	1521	0.10937
614	461	27.302	-120.	105.87	1528	0.1132
614	464	27.85	-120.	104.3	1528	0.11417
614	482	29.263	-120.	106.75	1528	0.11263
615	461	27.302	-120.	105.87	1528	0.1132
615	482	29.263	-120.	106.75	1528	0.11263
615	475	28.622	-120.	107.7	1528	0.11206
616	461	27.302	-120.	105.87	1528	0.1132
616	475	28.622	-120.	107.7	1528	0.11206
616	448	26.217	-120.	106.97	1528	0.11254
617	461	27.302	-120.	105.87	1528	0.1132
617	448	26.217	-120.	106.97	1528	0.11254
617	443	25.406	-120.	105.57	1528	0.11342
618	461	27.302	-120.	105.87	1528	0.1132
618	443	25.406	-120.	105.57	1528	0.11342
618	451	26.451	-120.	103.94	1528	0.11441
619	461	27.302	-120.	105.87	1528	0.1132
619	451	26.451	-120.	103.94	1528	0.11441
619	464	27.85	-120.	104.3	1528	0.11417
620	448	26.217	-120.	106.97	1528	0.11254
620	475	28.622	-120.	107.7	1528	0.11206
620	462	27.402	-120.	109.46	1528	0.11101
621	464	27.85	-120.	104.3	1528	0.11417
621	499	30.485	-120.	104.97	1528	0.11372
621	482	29.263	-120.	106.75	1528	0.11263
622	451	26.451	-120.	103.94	1528	0.11441
622	443	25.406	-120.	105.57	1528	0.11342
622	432	23.847	-120.	103.3	1528	0.11486
623	353	12.589	-120.	91.638	1530	0.12019
623	340	10.786	-120.	89.228	1530	0.12022
623	357	13.535	-120.	90.005	1530	0.12026
624	321	8.0152	-120.	85.538	1530	0.11951
624	341	10.891	-120.	86.162	1530	0.11991
624	331	9.8569	-120.	87.974	1530	0.12008
625	364	14.983	-120.	87.508	1530	0.12036
625	360	14.027	-120.	89.153	1530	0.12029
625	350	12.207	-120.	86.534	1530	0.12007
626	348	11.884	-120.	88.176	1530	0.12018
626	357	13.535	-120.	90.005	1530	0.12026
626	340	10.786	-120.	89.228	1530	0.12022
627	348	11.884	-120.	88.176	1530	0.12018
627	340	10.786	-120.	89.228	1530	0.12022
627	331	9.8569	-120.	87.974	1530	0.12008
628	348	11.884	-120.	88.176	1530	0.12018
628	331	9.8569	-120.	87.974	1530	0.12008
628	341	10.891	-120.	86.162	1530	0.11991
629	348	11.884	-120.	88.176	1530	0.12018
629	341	10.891	-120.	86.162	1530	0.11991
629	350	12.207	-120.	86.534	1530	0.12007
630	348	11.884	-120.	88.176	1530	0.12018
630	350	12.207	-120.	86.534	1530	0.12007
630	360	14.027	-120.	89.153	1530	0.12029
631	348	11.884	-120.	88.176	1530	0.12018
631	360	14.027	-120.	89.153	1530	0.12029
631	357	13.535	-120.	90.005	1530	0.12026
632	371	15.86	-120.	93.118	1531	0.11985
632	374	16.06	-120.	94.294	1531	0.11956
632	378	16.533	-120.	93.457	1531	0.11974
633	363	14.571	-120.	92.538	1531	0.12001
633	353	12.589	-120.	91.638	1531	0.12019
633	365	15.169	-120.	95.872	1531	0.11923
634	363	14.571	-120.	92.538	1531	0.12001
634	365	15.169	-120.	95.872	1531	0.11923
634	374	16.06	-120.	94.294	1531	0.11956
635	363	14.571	-120.	92.538	1531	0.12001
635	374	16.06	-120.	94.294	1531	0.11956
635	371	15.86	-120.	93.118	1531	0.11985
636	363	14.571	-120.	92.538	1531	0.12001
636	371	15.86	-120.	93.118	1531	0.11985
636	361	14.21	-120.	90.302	1531	0.12025
637	363	14.571	-120.	92.538	1531	0.12001
637	361	14.21	-120.	90.302	1531	0.12025
637	357	13.535	-120.	90.005	1531	0.12026
638	363	14.571	-120.	92.538	1531	0.12001
638	357	13.535	-120.	90.005	1531	0.12026
638	353	12.589	-120.	91.638	1531	0.12019
639	368	15.507	-120.	90.901	1531	0.12021
639	364	14.983	-120.	87.508	1531	0.12036
639	381	17.43	-120.	91.87	1531	0.12007
640	368	15.507	-120.	90.901	1531	0.12021
640	381	17.43	-120.	91.87	1531	0.12007
640	378	16.533	-120.	93.457	1531	0.11974
641	368	15.507	-120.	90.901	1531	0.12021
641	378	16.533	-120.	93.457	1531	0.11974
641	371	15.86	-120.	93.118	1531	0.11985
642	368	15.507	-120.	90.901	1531	0.12021
642	371	15.86	-120.	93.118	1531	0.11985
642	361	14.21	-120.	90.302	1531	0.12025
643	368	15.507	-120.	90.901	1531	0.12021
643	361	14.21	-120.	90.302	1531	0.12025
643	360	14.027	-120.	89.153	1531	0.12029
644	368	15.507	-120.	90.901	1531	0.12021
644	360	14.027	-120.	89.153	1531	0.12029
644	364	14.983	-120.	87.508	1531	0.12036
645	361	14.21	-120.	90.302	1531	0.12025
645	360	14.027	-120.	89.153	1531	0.12029
645	357	13.535	-120.	90.005	1531	0.12026
646	432	23.847	-120.	103.3	1544	0.11486
646	444	25.409	-120.	100.72	1544	0.11633
646	407	20.921	-120.	100.05	1544	0.11686
647	449	26.403	-120.	99.043	1546	0.11723
647	468	28.095	-120.	101.35	1546	0.11592
647	444	25.409	-120.	100.72	1546	0.11633
648	501	30.617	-120.	99.84	1546	0.11674
648	536	32.209	-120.	102.31	1546	0.11531
648	489	29.49	-120.	101.66	1546	0.11572
649	472	28.556	-120.	99.8	1546	0.11679
649	501	30.617	-120.	99.84	1546	0.11674
649	489	29.49	-120.	101.66	1546	0.11572
650	472	28.556	-120.	99.8	1546	0.11679
650	489	29.49	-120.	101.66	1546	0.11572
650	468	28.095	-120.	101.35	1546	0.11592
651	472	28.556	-120.	99.8	1546	0.11679
651	468	28.095	-120.	101.35	1546	0.11592
651	449	26.403	-120.	99.043	1546	0.11723
652	472	28.556	-120.	99.8	1546	0.11679
652	449	26.403	-120.	99.043	1546	0.11723
652	459	26.924	-120.	98.172	1546	0.11767
653	472	28.556	-120.	99.8	1546	0.11679
653	459	26.924	-120.	98.172	1546	0.11767
653	496	29.807	-120.	98.737	1546	0.11735
654	472	28.556	-120.	99.8	1546	0.11679
654	496	29.807	-120.	98.737	1546	0.11735
654	501	30.617	-120.	99.84	1546	0.11674
655	466	27.921	-120.	96.479	1546	0.1185
655	496	29.807	-120.	98.737	1546	0.11735
655	459	26.924	-120.	98.172	1546	0.11767
656	428	22.931	-120.	98.116	1547	0.11776
656	423	22.388	-120.	97.593	1547	0.11802
656	419	21.882	-120.	98.448	1547	0.11763
657	433	23.908	-120.	99.146	1547	0.11722
657	449	26.403	-120.	99.043	1547	0.11723
657	444	25.409	-120.	100.72	1547	0.11633
658	433	23.908	-120.	99.146	1547	0.11722
658	444	25.409	-120.	100.72	1547	0.11633
658	407	20.921	-120.	100.05	1547	0.11686
659	433	23.908	-120.	99.146	1547	0.11722
659	407	20.921	-120.	100.05	1547	0.11686
659	419	21.882	-120.	98.448	1547	0.11763
660	433	23.908	-120.	99.146	1547	0.11722
660	419	21.882	-120.	98.448	1547	0.11763
660	428	22.931	-120.	98.116	1547	0.11776
661	433	23.908	-120.	99.146	1547	0.11722
661	428	22.931	-120.	98.116	1547	0.11776
661	447	25.899	-120.	98.502	1547	0.11751
662	433	23.908	-120.	99.146	1547	0.11722
662	447	25.899	-120.	98.502	1547	0.11751
662	449	26.403	-120.	99.043	1547	0.11723
663	459	26.924	-120.	98.172	1547	0.11767
663	447	25.899	-120.	98.502	1547	0.11751
663	449	26.403	-120.	99.043	1547	0.11723
664	442	24.902	-120.	97.473	1547	0.11803
664	466	27.921	-120.	96.479	1547	0.1185
664	431	23.352	-120.	95.976	1547	0.11872
665	442	24.902	-120.	97.473	1547	0.11803
665	431	23.352	-120.	95.976	1547	0.11872
665	423	22.388	-120.	97.593	1547	0.11802
666	442	24.902	-120.	97.473	1547	0.11803
666	423	22.388	-120.	97.593	1547	0.11802
666	428	22.931	-120.	98.116	1547	0.11776
667	442	24.902	-120.	97.473	1547	0.11803
667	428	22.931	-120.	98.116	1547	0.11776
667	447	25.899	-120.	98.502	1547	0.11751
668	442	24.902	-120.	97.473	1547	0.11803
668	447	25.899	-120.	98.502	1547	0.11751
668	459	26.924	-120.	98.172	1547	0.11767
669	442	24.902	-120.	97.473	1547	0.11803
669	459	26.924	-120.	98.172	1547	0.11767
669	466	27.921	-120.	96.479	1547	0.1185
670	395	19.847	-120.	97.24	1566	0.1183
670	418	21.882	-120.	98.448	1566	0.11763
670	391	18.828	-120.	98.263	1566	0.11791
671	395	19.847	-120.	97.24	1566	0.1183
671	391	18.828	-120.	98.263	1566	0.11791
671	382	17.516	-120.	97.31	1566	0.11845
672	395	19.847	-120.	97.24	1566	0.1183
672	382	17.516	-120.	97.31	1566	0.11845
672	389	18.369	-120.	95.895	1566	0.11895
673	395	19.847	-120.	97.24	1566	0.1183
673	389	18.369	-120.	95.895	1566	0.11895
673	402	20.101	-120.	95.931	1566	0.11883
674	395	19.847	-120.	97.24	1566	0.1183
674	402	20.101	-120.	95.931	1566	0.11883
674	422	22.388	-120.	97.593	1566	0.11802
675	395	19.847	-120.	97.24	1566	0.1183
675	422	22.388	-120.	97.593	1566	0.11802
675	418	21.882	-120.	98.448	1566	0.11763
676	389	18.369	-120.	95.895	1566	0.11895
676	382	17.516	-120.	97.31	1566	0.11845
676	365	15.169	-120.	95.872	1566	0.11923
677	418	21.882	-120.	98.448	1566	0.11763
677	407	20.921	-120.	100.05	1566	0.11686
677	391	18.828	-120.	98.263	1566	0.11791
678	422	22.388	-120.	97.593	1566	0.11802
678	402	20.101	-120.	95.931	1566	0.11883
678	431	23.352	-120.	95.976	1566	0.11872
679	439	24.656	-120.	135.59	1581	0.10379
679	479	29.242	-120.	133.19	1581	0.10345
679	456	26.843	-120.	131.8	1581	0.10339
680	460	27.061	-120.	136.97	1582	0.10412
680	479	29.242	-120.	133.19	1582	0.10345
680	439	24.656	-120.	135.59	1582	0.10379
681	539	32.274	-120.	122.15	1583	0.10477
681	491	29.497	-120.	120.69	1583	0.10535
681	478	29.04	-120.	125.04	1583	0.10407
682	556	34.028	-120.	123.11	1585	0.10448
682	539	32.274	-120.	122.15	1585	0.10477
682	560	34.106	-120.	120.25	1585	0.10544
683	570	35.354	-120.	121.36	1585	0.10506
683	556	34.028	-120.	123.11	1585	0.10448
683	560	34.106	-120.	120.25	1585	0.10544
684	570	35.354	-120.	121.36	1585	0.10506
684	560	34.106	-120.	120.25	1585	0.10544
684	568	35.062	-120.	119.27	1585	0.10583
685	570	35.354	-120.	121.36	1585	0.10506
685	568	35.062	-120.	119.27	1585	0.10583
685	577	37.01	-120.	120.28	1585	0.1055
686	570	35.354	-120.	121.36	1585	0.10506
686	577	37.01	-120.	120.28	1585	0.1055
686	576	36.972	-120.	121.65	1585	0.10502
687	570	35.354	-120.	121.36	1585	0.10506
687	576	36.972	-120.	121.65	1585	0.10502
687	566	34.943	-120.	123.6	1585	0.10436
688	570	35.354	-120.	121.36	1585	0.10506
688	566	34.943	-120.	123.6	1585	0.10436
688	556	34.028	-120.	123.11	1585	0.10448
689	577	37.01	-120.	120.28	1585	0.1055
689	568	35.062	-120.	119.27	1585	0.10583
689	575	36.909	-120.	117.34	1585	0.10672
690	576	36.972	-120.	121.65	1585	0.10502
690	574	36.709	-120.	124.58	1585	0.10418
690	566	34.943	-120.	123.6	1585	0.10436
691	524	31.758	-120.	125.71	1588	0.10385
691	503	30.725	-120.	125.95	1588	0.10382
691	519	31.619	-120.	126.45	1588	0.10371
692	552	33.712	-120.	125.26	1588	0.10394
692	565	34.943	-120.	123.6	1588	0.10436
692	574	36.709	-120.	124.58	1588	0.10418
693	552	33.712	-120.	125.26	1588	0.10394
693	574	36.709	-120.	124.58	1588	0.10418
693	549	33.314	-120.	127.38	1588	0.10357
694	552	33.712	-120.	125.26	1588	0.10394
694	549	33.314	-120.	127.38	1588	0.10357
694	519	31.619	-120.	126.45	1588	0.10371
695	552	33.712	-120.	125.26	1588	0.10394
695	519	31.619	-120.	126.45	1588	0.10371
695	524	31.758	-120.	125.71	1588	0.10385
696	552	33.712	-120.	125.26	1588	0.10394
696	524	31.758	-120.	125.71	1588	0.10385
696	554	33.93	-120.	123.84	1588	0.10428
697	552	33.712	-120.	125.26	1588	0.10394
697	554	33.93	-120.	123.84	1588	0.10428
697	565	34.943	-120.	123.6	1588	0.10436
698	557	34.028	-120.	123.11	1588	0.10448
698	554	33.93	-120.	123.84	1588	0.10428
698	565	34.943	-120.	123.6	1588	0.10436
699	530	31.959	-120.	124.3	1588	0.10416
699	539	32.274	-120.	122.15	1588	0.10477
699	478	29.04	-120.	125.04	1588	0.10407
700	530	31.959	-120.	124.3	1588	0.10416
700	478	29.04	-120.	125.04	1588	0.10407
700	503	30.725	-120.	125.95	1588	0.10382
701	530	31.959	-120.	124.3	1588	0.10416
701	503	30.725	-120.	125.95	1588	0.10382
701	524	31.758	-120.	125.71	1588	0.10385
702	530	31.959	-120.	124.3	1588	0.10416
702	524	31.758	-120.	125.71	1588	0.10385
702	554	33.93	-120.	123.84	1588	0.10428
703	530	31.959	-120.	124.3	1588	0.10416
703	554	33.93	-120.	123.84	1588	0.10428
703	557	34.028	-120.	123.11	1588	0.10448
704	530	31.959	-120.	124.3	1588	0.10416
704	557	34.028	-120.	123.11	1588	0.10448
704	539	32.274	-120.	122.15	1588	0.10477
705	549	33.314	-120.	127.38	1589	0.10357
705	572	35.883	-120.	128.81	1589	0.1035
705	574	36.709	-120.	124.58	1589	0.10418
706	495	29.794	-120.	128.1	1591	0.10351
706	470	28.397	-120.	127.71	1591	0.10361
706	502	30.725	-120.	125.95	1591	0.10382
707	495	29.794	-120.	128.1	1591	0.10351
707	502	30.725	-120.	125.95	1591	0.10382
707	520	31.619	-120.	126.45	1591	0.10371
708	495	29.794	-120.	128.1	1591	0.10351
708	520	31.619	-120.	126.45	1591	0.10371
708	505	30.745	-120.	129.14	1591	0.10339
709	495	29.794	-120.	128.1	1591	0.10351
709	505	30.745	-120.	129.14	1591	0.10339
709	485	29.384	-120.	130.08	1591	0.10335
710	495	29.794	-120.	128.1	1591	0.10351
710	485	29.384	-120.	130.08	1591	0.10335
710	465	27.896	-120.	129.26	1591	0.10346
711	495	29.794	-120.	128.1	1591	0.10351
711	465	27.896	-120.	129.26	1591	0.10346
711	470	28.397	-120.	127.71	1591	0.10361
712	505	30.745	-120.	129.14	1591	0.10339
712	520	31.619	-120.	126.45	1591	0.10371
712	549	33.314	-120.	127.38	1591	0.10357
713	470	28.397	-120.	127.71	1591	0.10361
713	478	29.04	-120.	125.04	1591	0.10407
713	502	30.725	-120.	125.95	1591	0.10382
714	465	27.896	-120.	129.26	1591	0.10346
714	485	29.384	-120.	130.08	1591	0.10335
714	456	26.843	-120.	131.8	1591	0.10339
715	500	30.508	-120.	129.85	1592	0.10336
715	504	30.745	-120.	129.14	1592	0.10339
715	484	29.384	-120.	130.08	1592	0.10335
716	540	32.636	-120.	129.42	1592	0.10339
716	572	35.883	-120.	128.81	1592	0.1035
716	549	33.314	-120.	127.38	1592	0.10357
717	540	32.636	-120.	129.42	1592	0.10339
717	549	33.314	-120.	127.38	1592	0.10357
717	504	30.745	-120.	129.14	1592	0.10339
718	540	32.636	-120.	129.42	1592	0.10339
718	504	30.745	-120.	129.14	1592	0.10339
718	500	30.508	-120.	129.85	1592	0.10336
719	540	32.636	-120.	129.42	1592	0.10339
719	500	30.508	-120.	129.85	1592	0.10336
719	531	32.136	-120.	130.77	1592	0.10335
720	540	32.636	-120.	129.42	1592	0.10339
720	531	32.136	-120.	130.77	1592	0.10335
720	547	33.229	-120.	130.57	1592	0.10336
721	540	32.636	-120.	129.42	1592	0.10339
721	547	33.229	-120.	130.57	1592	0.10336
721	572	35.883	-120.	128.81	1592	0.1035
722	497	29.996	-120.	131.19	1592	0.10334
722	479	29.242	-120.	133.19	1592	0.10345
722	456	26.843	-120.	131.8	1592	0.10339
723	497	29.996	-120.	131.19	1592	0.10334
723	456	26.843	-120.	131.8	1592	0.10339
723	484	29.384	-120.	130.08	1592	0.10335
724	497	29.996	-120.	131.19	1592	0.10334
724	484	29.384	-120.	130.08	1592	0.10335
724	500	30.508	-120.	129.85	1592	0.10336
725	497	29.996	-120.	131.19	1592	0.10334
725	500	30.508	-120.	129.85	1592	0.10336
725	531	32.136	-120.	130.77	1592	0.10335
726	497	29.996	-120.	131.19	1592	0.10334
726	531	32.136	-120.	130.77	1592	0.10335
726	525	31.866	-120.	131.46	1592	0.10336
727	497	29.996	-120.	131.19	1592	0.10334
727	525	31.866	-120.	131.46	1592	0.10336
727	479	29.242	-120.	133.19	1592	0.10345
728	531	32.136	-120.	130.77	1592	0.10335
728	525	31.866	-120.	131.46	1592	0.10336
728	547	33.229	-120.	130.57	1592	0.10336
729	494	29.577	-120.	107.44	1594	0.11221
729	481	29.263	-120.	106.75	1594	0.11263
729	474	28.622	-120.	107.7	1594	0.11206
730	517	31.382	-120.	106.93	1594	0.1125
730	561	34.155	-120.	106.16	1594	0.11295
730	499	30.485	-120.	104.97	1594	0.11372
731	517	31.382	-120.	106.93	1594	0.1125
731	499	30.485	-120.	104.97	1594	0.11372
731	481	29.263	-120.	106.75	1594	0.11263
732	517	31.382	-120.	106.93	1594	0.1125
732	481	29.263	-120.	106.75	1594	0.11263
732	494	29.577	-120.	107.44	1594	0.11221
733	517	31.382	-120.	106.93	1594	0.1125
733	494	29.577	-120.	107.44	1594	0.11221
733	529	31.935	-120.	108.26	1594	0.11168
734	517	31.382	-120.	106.93	1594	0.1125
734	529	31.935	-120.	108.26	1594	0.11168
734	542	32.875	-120.	108.	1594	0.11183
735	517	31.382	-120.	106.93	1594	0.1125
735	542	32.875	-120.	108.	1594	0.11183
735	561	34.155	-120.	106.16	1594	0.11295
736	498	30.113	-120.	108.76	1594	0.11139
736	511	30.932	-120.	110.76	1594	0.11018
736	462	27.402	-120.	109.46	1594	0.11101
737	498	30.113	-120.	108.76	1594	0.11139
737	462	27.402	-120.	109.46	1594	0.11101
737	474	28.622	-120.	107.7	1594	0.11206
738	498	30.113	-120.	108.76	1594	0.11139
738	474	28.622	-120.	107.7	1594	0.11206
738	494	29.577	-120.	107.44	1594	0.11221
739	498	30.113	-120.	108.76	1594	0.11139
739	494	29.577	-120.	107.44	1594	0.11221
739	529	31.935	-120.	108.26	1594	0.11168
740	498	30.113	-120.	108.76	1594	0.11139
740	529	31.935	-120.	108.26	1594	0.11168
740	534	32.207	-120.	108.95	1594	0.11126
741	498	30.113	-120.	108.76	1594	0.11139
741	534	32.207	-120.	108.95	1594	0.11126
741	511	30.932	-120.	110.76	1594	0.11018
742	529	31.935	-120.	108.26	1594	0.11168
742	534	32.207	-120.	108.95	1594	0.11126
742	542	32.875	-120.	108.	1594	0.11183
743	477	28.754	-120.	113.62	1595	0.10861
743	511	30.932	-120.	110.76	1595	0.11018
743	462	27.402	-120.	109.46	1595	0.11101
744	561	34.155	-120.	106.16	1598	0.11295
744	536	32.209	-120.	102.31	1598	0.11531
744	499	30.485	-120.	104.97	1598	0.11372
745	107	-23.785	-120.	100.93	1649	0.12671
745	110	-23.545	-120.	96.143	1649	0.12471
745	73	-26.285	-120.	99.47	1649	0.12621
746	136	-21.358	-120.	102.37	1650	0.12715
746	130	-21.726	-120.	101.28	1650	0.12682
746	123	-22.197	-120.	101.87	1650	0.127
747	133	-21.51	-120.	98.163	1650	0.12562
747	138	-21.019	-120.	97.611	1650	0.12537
747	125	-21.878	-120.	97.108	1650	0.12514
748	119	-22.44	-120.	99.25	1650	0.12609
748	123	-22.197	-120.	101.87	1650	0.127
748	107	-23.785	-120.	100.93	1650	0.12671
749	119	-22.44	-120.	99.25	1650	0.12609
749	107	-23.785	-120.	100.93	1650	0.12671
749	110	-23.545	-120.	96.143	1650	0.12471
750	119	-22.44	-120.	99.25	1650	0.12609
750	110	-23.545	-120.	96.143	1650	0.12471
750	125	-21.878	-120.	97.108	1650	0.12514
751	119	-22.44	-120.	99.25	1650	0.12609
751	125	-21.878	-120.	97.108	1650	0.12514
751	133	-21.51	-120.	98.163	1650	0.12562
752	119	-22.44	-120.	99.25	1650	0.12609
752	133	-21.51	-120.	98.163	1650	0.12562
752	130	-21.726	-120.	101.28	1650	0.12682
753	119	-22.44	-120.	99.25	1650	0.12609
753	130	-21.726	-120.	101.28	1650	0.12682
753	123	-22.197	-120.	101.87	1650	0.127
754	140	-20.794	-120.	100.22	1650	0.12645
754	138	-21.019	-120.	97.611	1650	0.12537
754	153	-19.369	-120.	98.573	1650	0.12578
755	140	-20.794	-120.	100.22	1650	0.12645
755	153	-19.369	-120.	98.573	1650	0.12578
755	151	-19.781	-120.	103.3	1650	0.12741
756	140	-20.794	-120.	100.22	1650	0.12645
756	151	-19.781	-120.	103.3	1650	0.12741
756	136	-21.358	-120.	102.37	1650	0.12715
757	140	-20.794	-120.	100.22	1650	0.12645
757	136	-21.358	-120.	102.37	1650	0.12715
757	130	-21.726	-120.	101.28	1650	0.12682
758	140	-20.794	-120.	100.22	1650	0.12645
758	130	-21.726	-120.	101.28	1650	0.12682
758	133	-21.51	-120.	98.163	1650	0.12562
759	140	-20.794	-120.	100.22	1650	0.12645
759	133	-21.51	-120.	98.163	1650	0.12562
759	138	-21.019	-120.	97.611	1650	0.12537
760	171	-16.855	-120.	100.05	1654	0.12644
760	153	-19.369	-120.	98.573	1654	0.12578
760	151	-19.781	-120.	103.3	1654	0.12741
761	221	-8.7706	-120.	146.81	1667	0.11095
761	229	-7.1945	-120.	148.83	1667	0.11077
761	217	-9.7773	-120.	147.68	1667	0.11095
762	221	-8.7706	-120.	146.81	1667	0.11095
762	217	-9.7773	-120.	147.68	1667	0.11095
762	212	-10.674	-120.	146.2	1667	0.11119
763	221	-8.7706	-120.	146.81	1667	0.11095
763	212	-10.674	-120.	146.2	1667	0.11119
763	215	-9.8754	-120.	144.75	1667	0.11136
764	221	-8.7706	-120.	146.81	1667	0.11095
764	215	-9.8754	-120.	144.75	1667	0.11136
764	224	-8.3944	-120.	145.41	1667	0.11104
765	221	-8.7706	-120.	146.81	1667	0.11095
765	224	-8.3944	-120.	145.41	1667	0.11104
765	233	-6.7075	-120.	147.97	1667	0.11072
766	221	-8.7706	-120.	146.81	1667	0.11095
766	233	-6.7075	-120.	147.97	1667	0.11072
766	229	-7.1945	-120.	148.83	1667	0.11077
767	215	-9.8754	-120.	144.75	1667	0.11136
767	212	-10.674	-120.	146.2	1667	0.11119
767	197	-12.295	-120.	143.44	1667	0.112
768	229	-7.1945	-120.	148.83	1667	0.11077
768	226	-8.113	-120.	150.47	1667	0.11083
768	217	-9.7773	-120.	147.68	1667	0.11095
769	233	-6.7075	-120.	147.97	1667	0.11072
769	224	-8.3944	-120.	145.41	1667	0.11104
769	240	-5.7995	-120.	146.33	1667	0.11059
770	486	29.388	-120.	135.79	1726	0.10384
770	479	29.242	-120.	133.19	1726	0.10345
770	460	27.061	-120.	136.97	1726	0.10412
771	486	29.388	-120.	135.79	1726	0.10384
771	460	27.061	-120.	136.97	1726	0.10412
771	476	28.693	-120.	137.9	1726	0.10435
772	486	29.388	-120.	135.79	1726	0.10384
772	476	28.693	-120.	137.9	1726	0.10435
772	492	29.517	-120.	137.53	1726	0.10425
773	486	29.388	-120.	135.79	1726	0.10384
773	492	29.517	-120.	137.53	1726	0.10425
773	512	30.952	-120.	135.04	1726	0.10371
774	486	29.388	-120.	135.79	1726	0.10384
774	512	30.952	-120.	135.04	1726	0.10371
774	509	30.864	-120.	134.14	1726	0.10357
775	486	29.388	-120.	135.79	1726	0.10384
775	509	30.864	-120.	134.14	1726	0.10357
775	479	29.242	-120.	133.19	1726	0.10345
776	513	31.043	-120.	136.75	1726	0.10405
776	550	33.344	-120.	135.59	1726	0.10383
776	514	31.189	-120.	139.32	1726	0.10478
777	513	31.043	-120.	136.75	1726	0.10405
777	514	31.189	-120.	139.32	1726	0.10478
777	493	29.543	-120.	138.38	1726	0.10449
778	513	31.043	-120.	136.75	1726	0.10405
778	493	29.543	-120.	138.38	1726	0.10449
778	492	29.517	-120.	137.53	1726	0.10425
779	513	31.043	-120.	136.75	1726	0.10405
779	492	29.517	-120.	137.53	1726	0.10425
779	512	30.952	-120.	135.04	1726	0.10371
780	513	31.043	-120.	136.75	1726	0.10405
780	512	30.952	-120.	135.04	1726	0.10371
780	521	31.71	-120.	134.63	1726	0.10365
781	513	31.043	-120.	136.75	1726	0.10405
781	521	31.71	-120.	134.63	1726	0.10365
781	550	33.344	-120.	135.59	1726	0.10383
782	492	29.517	-120.	137.53	1726	0.10425
782	476	28.693	-120.	137.9	1726	0.10435
782	493	29.543	-120.	138.38	1726	0.10449
783	512	30.952	-120.	135.04	1726	0.10371
783	521	31.71	-120.	134.63	1726	0.10365
783	509	30.864	-120.	134.14	1726	0.10357
784	476	28.693	-120.	137.9	1744	0.10435
784	458	26.876	-120.	140.1	1744	0.10508
784	460	27.061	-120.	136.97	1744	0.10412
785	473	28.593	-120.	142.76	1744	0.10611
785	452	26.586	-120.	144.91	1744	0.10716
785	454	26.788	-120.	141.73	1744	0.1057
786	469	28.326	-120.	140.43	1744	0.10518
786	473	28.593	-120.	142.76	1744	0.10611
786	454	26.788	-120.	141.73	1744	0.1057
787	469	28.326	-120.	140.43	1744	0.10518
787	454	26.788	-120.	141.73	1744	0.1057
787	458	26.876	-120.	140.1	1744	0.10508
788	469	28.326	-120.	140.43	1744	0.10518
788	458	26.876	-120.	140.1	1744	0.10508
788	476	28.693	-120.	137.9	1744	0.10435
789	469	28.326	-120.	140.43	1744	0.10518
789	476	28.693	-120.	137.9	1744	0.10435
789	493	29.543	-120.	138.38	1744	0.10449
790	469	28.326	-120.	140.43	1744	0.10518
790	493	29.543	-120.	138.38	1744	0.10449
790	488	29.463	-120.	141.7	1744	0.10566
791	469	28.326	-120.	140.43	1744	0.10518
791	488	29.463	-120.	141.7	1744	0.10566
791	473	28.593	-120.	142.76	1744	0.10611
792	514	31.189	-120.	139.32	1744	0.10478
792	488	29.463	-120.	141.7	1744	0.10566
792	493	29.543	-120.	138.38	1744	0.10449
793	390	18.671	-120.	94.527	1810	0.11937
793	388	18.369	-120.	95.895	1810	0.11895
793	373	16.06	-120.	94.294	1810	0.11956
794	390	18.671	-120.	94.527	1810	0.11937
794	373	16.06	-120.	94.294	1810	0.11956
794	377	16.533	-120.	93.457	1810	0.11974
795	390	18.671	-120.	94.527	1810	0.11937
795	377	16.533	-120.	93.457	1810	0.11974
795	397	19.897	-120.	93.386	1810	0.11969
796	390	18.671	-120.	94.527	1810	0.11937
796	397	19.897	-120.	93.386	1810	0.11969
796	409	21.067	-120.	94.197	1810	0.11943
797	390	18.671	-120.	94.527	1810	0.11937
797	409	21.067	-120.	94.197	1810	0.11943
797	401	20.101	-120.	95.931	1810	0.11883
798	390	18.671	-120.	94.527	1810	0.11937
798	401	20.101	-120.	95.931	1810	0.11883
798	388	18.369	-120.	95.895	1810	0.11895
799	397	19.897	-120.	93.386	1810	0.11969
799	377	16.533	-120.	93.457	1810	0.11974
799	381	17.43	-120.	91.87	1810	0.12007
800	388	18.369	-120.	95.895	1810	0.11895
800	365	15.169	-120.	95.872	1810	0.11923
800	373	16.06	-120.	94.294	1810	0.11956
801	401	20.101	-120.	95.931	1810	0.11883
801	409	21.067	-120.	94.197	1810	0.11943
801	431	23.352	-120.	95.976	1810	0.11872
802	406	20.74	-120.	93.354	1811	0.1197
802	398	19.897	-120.	93.386	1811	0.11969
802	410	21.067	-120.	94.197	1811	0.11943
803	400	20.015	-120.	91.744	1811	0.12013
803	392	18.881	-120.	89.348	1811	0.12053
803	381	17.43	-120.	91.87	1811	0.12007
804	400	20.015	-120.	91.744	1811	0.12013
804	381	17.43	-120.	91.87	1811	0.12007
804	398	19.897	-120.	93.386	1811	0.11969
805	400	20.015	-120.	91.744	1811	0.12013
805	398	19.897	-120.	93.386	1811	0.11969
805	406	20.74	-120.	93.354	1811	0.1197
806	400	20.015	-120.	91.744	1811	0.12013
806	406	20.74	-120.	93.354	1811	0.1197
806	416	21.743	-120.	91.638	1811	0.1202
807	400	20.015	-120.	91.744	1811	0.12013
807	416	21.743	-120.	91.638	1811	0.1202
807	412	21.398	-120.	90.871	1811	0.12038
808	400	20.015	-120.	91.744	1811	0.12013
808	412	21.398	-120.	90.871	1811	0.12038
808	392	18.881	-120.	89.348	1811	0.12053
809	421	22.376	-120.	93.382	1811	0.1197
809	441	24.832	-120.	93.474	1811	0.11973
809	431	23.352	-120.	95.976	1811	0.11872
810	421	22.376	-120.	93.382	1811	0.1197
810	431	23.352	-120.	95.976	1811	0.11872
810	410	21.067	-120.	94.197	1811	0.11943
811	421	22.376	-120.	93.382	1811	0.1197
811	410	21.067	-120.	94.197	1811	0.11943
811	406	20.74	-120.	93.354	1811	0.1197
812	421	22.376	-120.	93.382	1811	0.1197
812	406	20.74	-120.	93.354	1811	0.1197
812	416	21.743	-120.	91.638	1811	0.1202
813	421	22.376	-120.	93.382	1811	0.1197
813	416	21.743	-120.	91.638	1811	0.1202
813	426	22.522	-120.	91.651	1811	0.12023
814	421	22.376	-120.	93.382	1811	0.1197
814	426	22.522	-120.	91.651	1811	0.12023
814	441	24.832	-120.	93.474	1811	0.11973
815	416	21.743	-120.	91.638	1811	0.1202
815	426	22.522	-120.	91.651	1811	0.12023
815	412	21.398	-120.	90.871	1811	0.12038
