小面	点	X坐标 (mm)	Y坐标 (mm)	Z坐标 (mm)	单元数	定向变形 (mm)
0	256	-2.9777	-120.	149.89	577	0.10335
0	268	-1.0913	-120.	151.9	577	0.10342
0	252	-3.9312	-120.	151.58	577	0.10341
1	288	1.8045	-120.	154.98	577	0.10353
1	267	-1.1343	-120.	154.83	577	0.10352
1	276	-0.11815	-120.	152.95	577	0.10346
2	243	-5.3928	-120.	154.18	577	0.10349
2	248	-4.4252	-120.	152.47	577	0.10344
2	259	-2.4941	-120.	154.68	577	0.10351
3	261	-2.1991	-120.	153.07	577	0.10346
3	252	-3.9312	-120.	151.58	577	0.10341
3	268	-1.0913	-120.	151.9	577	0.10342
4	261	-2.1991	-120.	153.07	577	0.10346
4	268	-1.0913	-120.	151.9	577	0.10342
4	276	-0.11815	-120.	152.95	577	0.10346
5	261	-2.1991	-120.	153.07	577	0.10346
5	276	-0.11815	-120.	152.95	577	0.10346
5	267	-1.1343	-120.	154.83	577	0.10352
6	261	-2.1991	-120.	153.07	577	0.10346
6	267	-1.1343	-120.	154.83	577	0.10352
6	259	-2.4941	-120.	154.68	577	0.10351
7	261	-2.1991	-120.	153.07	577	0.10346
7	259	-2.4941	-120.	154.68	577	0.10351
7	248	-4.4252	-120.	152.47	577	0.10344
8	261	-2.1991	-120.	153.07	577	0.10346
8	248	-4.4252	-120.	152.47	577	0.10344
8	252	-3.9312	-120.	151.58	577	0.10341
9	526	31.866	-120.	131.46	610	0.10333
9	510	30.864	-120.	134.14	610	0.10327
9	479	29.242	-120.	133.19	610	0.10328
10	564	34.544	-120.	132.9	610	0.1033
10	550	33.344	-120.	135.59	610	0.10324
10	522	31.71	-120.	134.63	610	0.10326
11	541	32.873	-120.	132.56	610	0.1033
11	564	34.544	-120.	132.9	610	0.1033
11	522	31.71	-120.	134.63	610	0.10326
12	541	32.873	-120.	132.56	610	0.1033
12	522	31.71	-120.	134.63	610	0.10326
12	510	30.864	-120.	134.14	610	0.10327
13	541	32.873	-120.	132.56	610	0.1033
13	510	30.864	-120.	134.14	610	0.10327
13	526	31.866	-120.	131.46	610	0.10333
14	541	32.873	-120.	132.56	610	0.1033
14	526	31.866	-120.	131.46	610	0.10333
14	546	33.229	-120.	130.57	610	0.10336
15	541	32.873	-120.	132.56	610	0.1033
15	546	33.229	-120.	130.57	610	0.10336
15	567	35.024	-120.	131.62	610	0.10333
16	541	32.873	-120.	132.56	610	0.1033
16	567	35.024	-120.	131.62	610	0.10333
16	564	34.544	-120.	132.9	610	0.1033
17	572	35.883	-120.	128.81	610	0.10342
17	567	35.024	-120.	131.62	610	0.10333
17	546	33.229	-120.	130.57	610	0.10336
18	109	-23.556	-120.	106.6	619	0.1046
18	124	-22.151	-120.	106.97	619	0.10459
18	98	-24.934	-120.	108.56	619	0.10454
19	109	-23.556	-120.	106.6	619	0.1046
19	98	-24.934	-120.	108.56	619	0.10454
19	83	-25.781	-120.	108.08	619	0.10456
20	109	-23.556	-120.	106.6	619	0.1046
20	83	-25.781	-120.	108.08	619	0.10456
20	104	-24.368	-120.	105.63	619	0.10463
21	109	-23.556	-120.	106.6	619	0.1046
21	104	-24.368	-120.	105.63	619	0.10463
21	117	-22.763	-120.	104.8	619	0.10465
22	109	-23.556	-120.	106.6	619	0.1046
22	117	-22.763	-120.	104.8	619	0.10465
22	137	-21.34	-120.	105.57	619	0.10463
23	109	-23.556	-120.	106.6	619	0.1046
23	137	-21.34	-120.	105.57	619	0.10463
23	124	-22.151	-120.	106.97	619	0.10459
24	104	-24.368	-120.	105.63	619	0.10463
24	83	-25.781	-120.	108.08	619	0.10456
24	55	-27.388	-120.	107.17	619	0.10459
25	124	-22.151	-120.	106.97	619	0.10459
25	112	-23.336	-120.	109.46	619	0.10451
25	98	-24.934	-120.	108.56	619	0.10454
26	137	-21.34	-120.	105.57	619	0.10463
26	117	-22.763	-120.	104.8	619	0.10465
26	151	-19.781	-120.	103.3	619	0.10469
27	153	-19.369	-120.	98.573	622	0.10473
27	139	-21.019	-120.	97.611	622	0.10473
27	155	-18.865	-120.	95.735	622	0.10472
28	110	-23.545	-120.	96.143	622	0.10473
28	134	-21.451	-120.	94.077	622	0.1047
28	126	-21.878	-120.	97.108	622	0.10473
29	165	-18.085	-120.	91.387	622	0.10464
29	161	-18.611	-120.	94.262	622	0.1047
29	144	-20.419	-120.	93.178	622	0.10469
30	145	-20.374	-120.	95.329	622	0.10472
30	155	-18.865	-120.	95.735	622	0.10472
30	139	-21.019	-120.	97.611	622	0.10473
31	145	-20.374	-120.	95.329	622	0.10472
31	139	-21.019	-120.	97.611	622	0.10473
31	126	-21.878	-120.	97.108	622	0.10473
32	145	-20.374	-120.	95.329	622	0.10472
32	126	-21.878	-120.	97.108	622	0.10473
32	134	-21.451	-120.	94.077	622	0.1047
33	145	-20.374	-120.	95.329	622	0.10472
33	134	-21.451	-120.	94.077	622	0.1047
33	144	-20.419	-120.	93.178	622	0.10469
34	145	-20.374	-120.	95.329	622	0.10472
34	144	-20.419	-120.	93.178	622	0.10469
34	161	-18.611	-120.	94.262	622	0.1047
35	145	-20.374	-120.	95.329	622	0.10472
35	161	-18.611	-120.	94.262	622	0.1047
35	155	-18.865	-120.	95.735	622	0.10472
36	285	1.3031	-120.	89.681	635	0.10456
36	275	-0.15357	-120.	92.615	635	0.10469
36	300	4.2195	-120.	92.615	635	0.10468
37	80	-26.056	-120.	108.78	712	0.10454
37	97	-24.934	-120.	108.56	712	0.10454
37	82	-25.781	-120.	108.08	712	0.10456
38	43	-28.173	-120.	109.18	712	0.10452
38	23	-29.748	-120.	110.74	712	0.10446
38	7	-31.417	-120.	109.78	712	0.1045
39	43	-28.173	-120.	109.18	712	0.10452
39	7	-31.417	-120.	109.78	712	0.1045
39	55	-27.388	-120.	107.17	712	0.10459
40	43	-28.173	-120.	109.18	712	0.10452
40	55	-27.388	-120.	107.17	712	0.10459
40	82	-25.781	-120.	108.08	712	0.10456
41	43	-28.173	-120.	109.18	712	0.10452
41	82	-25.781	-120.	108.08	712	0.10456
41	80	-26.056	-120.	108.78	712	0.10454
42	43	-28.173	-120.	109.18	712	0.10452
42	80	-26.056	-120.	108.78	712	0.10454
42	36	-28.65	-120.	110.53	712	0.10447
43	43	-28.173	-120.	109.18	712	0.10452
43	36	-28.65	-120.	110.53	712	0.10447
43	23	-29.748	-120.	110.74	712	0.10446
44	32	-28.882	-120.	111.23	712	0.10445
44	36	-28.65	-120.	110.53	712	0.10447
44	23	-29.748	-120.	110.74	712	0.10446
45	68	-26.514	-120.	110.12	712	0.10449
45	61	-27.224	-120.	112.18	712	0.10441
45	112	-23.336	-120.	109.46	712	0.10451
46	68	-26.514	-120.	110.12	712	0.10449
46	112	-23.336	-120.	109.46	712	0.10451
46	97	-24.934	-120.	108.56	712	0.10454
47	68	-26.514	-120.	110.12	712	0.10449
47	97	-24.934	-120.	108.56	712	0.10454
47	80	-26.056	-120.	108.78	712	0.10454
48	68	-26.514	-120.	110.12	712	0.10449
48	80	-26.056	-120.	108.78	712	0.10454
48	36	-28.65	-120.	110.53	712	0.10447
49	68	-26.514	-120.	110.12	712	0.10449
49	36	-28.65	-120.	110.53	712	0.10447
49	32	-28.882	-120.	111.23	712	0.10445
50	68	-26.514	-120.	110.12	712	0.10449
50	32	-28.882	-120.	111.23	712	0.10445
50	61	-27.224	-120.	112.18	712	0.10441
51	241	-5.7764	-120.	90.758	716	0.10461
51	235	-6.5008	-120.	90.968	716	0.10461
51	237	-6.2516	-120.	91.919	716	0.10465
52	225	-8.3372	-120.	89.613	716	0.10456
52	223	-8.5933	-120.	88.683	716	0.10453
52	220	-9.0374	-120.	89.857	716	0.10457
53	227	-7.8565	-120.	91.427	716	0.10463
53	237	-6.2516	-120.	91.919	716	0.10465
53	231	-7.1082	-120.	94.093	716	0.10472
54	227	-7.8565	-120.	91.427	716	0.10463
54	231	-7.1082	-120.	94.093	716	0.10472
54	214	-9.904	-120.	92.112	716	0.10465
55	227	-7.8565	-120.	91.427	716	0.10463
55	214	-9.904	-120.	92.112	716	0.10465
55	220	-9.0374	-120.	89.857	716	0.10457
56	227	-7.8565	-120.	91.427	716	0.10463
56	220	-9.0374	-120.	89.857	716	0.10457
56	225	-8.3372	-120.	89.613	716	0.10456
57	227	-7.8565	-120.	91.427	716	0.10463
57	225	-8.3372	-120.	89.613	716	0.10456
57	235	-6.5008	-120.	90.968	716	0.10461
58	227	-7.8565	-120.	91.427	716	0.10463
58	235	-6.5008	-120.	90.968	716	0.10461
58	237	-6.2516	-120.	91.919	716	0.10465
59	232	-6.9679	-120.	89.165	716	0.10455
59	223	-8.5933	-120.	88.683	716	0.10453
59	228	-7.7041	-120.	86.405	716	0.10444
60	232	-6.9679	-120.	89.165	716	0.10455
60	228	-7.7041	-120.	86.405	716	0.10444
60	245	-4.8957	-120.	88.564	716	0.10452
61	232	-6.9679	-120.	89.165	716	0.10455
61	245	-4.8957	-120.	88.564	716	0.10452
61	241	-5.7764	-120.	90.758	716	0.10461
62	232	-6.9679	-120.	89.165	716	0.10455
62	241	-5.7764	-120.	90.758	716	0.10461
62	235	-6.5008	-120.	90.968	716	0.10461
63	232	-6.9679	-120.	89.165	716	0.10455
63	235	-6.5008	-120.	90.968	716	0.10461
63	225	-8.3372	-120.	89.613	716	0.10456
64	232	-6.9679	-120.	89.165	716	0.10455
64	225	-8.3372	-120.	89.613	716	0.10456
64	223	-8.5933	-120.	88.683	716	0.10453
65	177	-15.833	-120.	140.87	735	0.10329
65	169	-17.251	-120.	143.32	735	0.10329
65	197	-12.295	-120.	143.44	735	0.10326
66	1	-32.805	-120.	116.88	751	0.1042
66	0	-32.924	-120.	121.19	751	0.10401
66	16	-30.093	-120.	118.32	751	0.10414
67	226	-8.113	-120.	150.47	765	0.10337
67	218	-9.54	-120.	153.01	765	0.10344
67	243	-5.3928	-120.	154.18	765	0.10349
68	250	-4.0658	-120.	91.691	802	0.10465
68	263	-2.0045	-120.	91.016	802	0.10462
68	257	-2.8829	-120.	92.974	802	0.1047
69	250	-4.0658	-120.	91.691	802	0.10465
69	257	-2.8829	-120.	92.974	802	0.1047
69	247	-4.4686	-120.	93.311	802	0.10471
70	250	-4.0658	-120.	91.691	802	0.10465
70	247	-4.4686	-120.	93.311	802	0.10471
70	238	-6.2516	-120.	91.919	802	0.10465
71	250	-4.0658	-120.	91.691	802	0.10465
71	238	-6.2516	-120.	91.919	802	0.10465
71	242	-5.7764	-120.	90.758	802	0.10461
72	250	-4.0658	-120.	91.691	802	0.10465
72	242	-5.7764	-120.	90.758	802	0.10461
72	254	-3.011	-120.	90.17	802	0.10459
73	250	-4.0658	-120.	91.691	802	0.10465
73	254	-3.011	-120.	90.17	802	0.10459
73	263	-2.0045	-120.	91.016	802	0.10462
74	238	-6.2516	-120.	91.919	802	0.10465
74	247	-4.4686	-120.	93.311	802	0.10471
74	231	-7.1082	-120.	94.093	802	0.10472
75	263	-2.0045	-120.	91.016	802	0.10462
75	275	-0.15357	-120.	92.615	802	0.10469
75	257	-2.8829	-120.	92.974	802	0.1047
76	254	-3.011	-120.	90.17	802	0.10459
76	242	-5.7764	-120.	90.758	802	0.10461
76	245	-4.8957	-120.	88.564	802	0.10452
77	353	12.589	-120.	91.638	810	0.10461
77	343	11.174	-120.	94.093	810	0.10468
77	365	15.169	-120.	95.872	810	0.10466
78	427	22.928	-120.	139.99	840	0.10319
78	413	21.536	-120.	141.87	840	0.10319
78	420	21.895	-120.	138.97	840	0.10319
79	427	22.928	-120.	139.99	840	0.10319
79	420	21.895	-120.	138.97	840	0.10319
79	429	22.98	-120.	137.77	840	0.1032
80	427	22.928	-120.	139.99	840	0.10319
80	429	22.98	-120.	137.77	840	0.1032
80	437	24.441	-120.	138.64	840	0.1032
81	427	22.928	-120.	139.99	840	0.10319
81	437	24.441	-120.	138.64	840	0.1032
81	435	24.303	-120.	140.3	840	0.10319
82	427	22.928	-120.	139.99	840	0.10319
82	435	24.303	-120.	140.3	840	0.10319
82	424	22.411	-120.	142.4	840	0.1032
83	427	22.928	-120.	139.99	840	0.10319
83	424	22.411	-120.	142.4	840	0.1032
83	413	21.536	-120.	141.87	840	0.10319
84	437	24.441	-120.	138.64	840	0.1032
84	429	22.98	-120.	137.77	840	0.1032
84	439	24.656	-120.	135.59	840	0.10323
85	413	21.536	-120.	141.87	840	0.10319
85	399	19.899	-120.	140.87	840	0.10318
85	420	21.895	-120.	138.97	840	0.10319
86	424	22.411	-120.	142.4	840	0.1032
86	435	24.303	-120.	140.3	840	0.10319
86	434	24.064	-120.	143.4	840	0.10321
87	240	-5.7995	-120.	146.33	842	0.10326
87	256	-2.9777	-120.	149.89	842	0.10335
87	265	-1.522	-120.	147.24	842	0.10326
88	35	-28.656	-120.	129.72	857	0.10363
88	6	-31.929	-120.	128.36	857	0.10369
88	10	-30.643	-120.	132.48	857	0.10353
89	152	-19.63	-120.	147.46	858	0.1033
89	175	-16.089	-120.	149.92	858	0.10334
89	181	-14.63	-120.	147.4	858	0.10331
90	214	-9.904	-120.	92.112	861	0.10465
90	206	-11.103	-120.	95.872	861	0.10474
90	231	-7.1082	-120.	94.093	861	0.10472
91	56	-27.376	-120.	127.13	865	0.10373
91	63	-27.196	-120.	127.86	865	0.1037
91	70	-26.429	-120.	126.87	865	0.10375
92	31	-29.171	-120.	127.62	865	0.10371
92	6	-31.929	-120.	128.36	865	0.10369
92	35	-28.656	-120.	129.72	865	0.10363
93	31	-29.171	-120.	127.62	865	0.10371
93	35	-28.656	-120.	129.72	865	0.10363
93	63	-27.196	-120.	127.86	865	0.1037
94	31	-29.171	-120.	127.62	865	0.10371
94	63	-27.196	-120.	127.86	865	0.1037
94	56	-27.376	-120.	127.13	865	0.10373
95	31	-29.171	-120.	127.62	865	0.10371
95	56	-27.376	-120.	127.13	865	0.10373
95	28	-29.468	-120.	126.21	865	0.10378
96	31	-29.171	-120.	127.62	865	0.10371
96	28	-29.468	-120.	126.21	865	0.10378
96	15	-30.401	-120.	126.46	865	0.10377
97	31	-29.171	-120.	127.62	865	0.10371
97	15	-30.401	-120.	126.46	865	0.10377
97	6	-31.929	-120.	128.36	865	0.10369
98	52	-27.657	-120.	125.72	865	0.1038
98	44	-28.087	-120.	123.61	865	0.10389
98	96	-24.974	-120.	125.04	865	0.10383
99	52	-27.657	-120.	125.72	865	0.1038
99	96	-24.974	-120.	125.04	865	0.10383
99	70	-26.429	-120.	126.87	865	0.10375
100	52	-27.657	-120.	125.72	865	0.1038
100	70	-26.429	-120.	126.87	865	0.10375
100	56	-27.376	-120.	127.13	865	0.10373
101	52	-27.657	-120.	125.72	865	0.1038
101	56	-27.376	-120.	127.13	865	0.10373
101	28	-29.468	-120.	126.21	865	0.10378
102	52	-27.657	-120.	125.72	865	0.1038
102	28	-29.468	-120.	126.21	865	0.10378
102	25	-29.607	-120.	125.48	865	0.10381
103	52	-27.657	-120.	125.72	865	0.1038
103	25	-29.607	-120.	125.48	865	0.10381
103	44	-28.087	-120.	123.61	865	0.10389
104	28	-29.468	-120.	126.21	865	0.10378
104	25	-29.607	-120.	125.48	865	0.10381
104	15	-30.401	-120.	126.46	865	0.10377
105	44	-28.087	-120.	123.61	867	0.10389
105	24	-29.607	-120.	125.48	867	0.10381
105	19	-29.999	-120.	122.65	867	0.10394
106	6	-31.929	-120.	128.36	867	0.10369
106	3	-32.513	-120.	125.48	867	0.10381
106	14	-30.401	-120.	126.46	867	0.10377
107	0	-32.924	-120.	121.19	867	0.10401
107	9	-30.996	-120.	122.16	867	0.10396
107	2	-32.701	-120.	124.13	867	0.10387
108	8	-31.036	-120.	124.39	867	0.10386
108	19	-29.999	-120.	122.65	867	0.10394
108	24	-29.607	-120.	125.48	867	0.10381
109	8	-31.036	-120.	124.39	867	0.10386
109	24	-29.607	-120.	125.48	867	0.10381
109	14	-30.401	-120.	126.46	867	0.10377
110	8	-31.036	-120.	124.39	867	0.10386
110	14	-30.401	-120.	126.46	867	0.10377
110	3	-32.513	-120.	125.48	867	0.10381
111	8	-31.036	-120.	124.39	867	0.10386
111	3	-32.513	-120.	125.48	867	0.10381
111	2	-32.701	-120.	124.13	867	0.10387
112	8	-31.036	-120.	124.39	867	0.10386
112	2	-32.701	-120.	124.13	867	0.10387
112	9	-30.996	-120.	122.16	867	0.10396
113	8	-31.036	-120.	124.39	867	0.10386
113	9	-30.996	-120.	122.16	867	0.10396
113	19	-29.999	-120.	122.65	867	0.10394
114	204	-11.69	-120.	149.52	879	0.10334
114	208	-10.796	-120.	149.39	879	0.10334
114	199	-12.084	-120.	148.78	879	0.10333
115	207	-10.848	-120.	150.93	879	0.10338
115	218	-9.54	-120.	153.01	879	0.10344
115	226	-8.113	-120.	150.47	879	0.10337
116	207	-10.848	-120.	150.93	879	0.10338
116	226	-8.113	-120.	150.47	879	0.10337
116	208	-10.796	-120.	149.39	879	0.10334
117	207	-10.848	-120.	150.93	879	0.10338
117	208	-10.796	-120.	149.39	879	0.10334
117	204	-11.69	-120.	149.52	879	0.10334
118	207	-10.848	-120.	150.93	879	0.10338
118	204	-11.69	-120.	149.52	879	0.10334
118	194	-12.675	-120.	151.25	879	0.10338
119	207	-10.848	-120.	150.93	879	0.10338
119	194	-12.675	-120.	151.25	879	0.10338
119	198	-12.273	-120.	151.92	879	0.1034
120	207	-10.848	-120.	150.93	879	0.10338
120	198	-12.273	-120.	151.92	879	0.1034
120	218	-9.54	-120.	153.01	879	0.10344
121	190	-13.446	-120.	149.7	879	0.10335
121	175	-16.089	-120.	149.92	879	0.10334
121	181	-14.63	-120.	147.4	879	0.10331
122	190	-13.446	-120.	149.7	879	0.10335
122	181	-14.63	-120.	147.4	879	0.10331
122	199	-12.084	-120.	148.78	879	0.10333
123	190	-13.446	-120.	149.7	879	0.10335
123	199	-12.084	-120.	148.78	879	0.10333
123	204	-11.69	-120.	149.52	879	0.10334
124	190	-13.446	-120.	149.7	879	0.10335
124	204	-11.69	-120.	149.52	879	0.10334
124	194	-12.675	-120.	151.25	879	0.10338
125	190	-13.446	-120.	149.7	879	0.10335
125	194	-12.675	-120.	151.25	879	0.10338
125	188	-13.511	-120.	151.33	879	0.10338
126	190	-13.446	-120.	149.7	879	0.10335
126	188	-13.511	-120.	151.33	879	0.10338
126	175	-16.089	-120.	149.92	879	0.10334
127	194	-12.675	-120.	151.25	879	0.10338
127	188	-13.511	-120.	151.33	879	0.10338
127	198	-12.273	-120.	151.92	879	0.1034
128	463	27.448	-120.	103.66	890	0.10449
128	451	26.451	-120.	103.94	890	0.10448
128	464	27.85	-120.	104.3	890	0.10446
129	453	26.629	-120.	102.49	890	0.10452
129	444	25.409	-120.	100.72	890	0.10457
129	432	23.847	-120.	103.3	890	0.1045
130	453	26.629	-120.	102.49	890	0.10452
130	432	23.847	-120.	103.3	890	0.1045
130	451	26.451	-120.	103.94	890	0.10448
131	453	26.629	-120.	102.49	890	0.10452
131	451	26.451	-120.	103.94	890	0.10448
131	463	27.448	-120.	103.66	890	0.10449
132	453	26.629	-120.	102.49	890	0.10452
132	463	27.448	-120.	103.66	890	0.10449
132	471	28.524	-120.	101.95	890	0.10453
133	453	26.629	-120.	102.49	890	0.10452
133	471	28.524	-120.	101.95	890	0.10453
133	467	28.095	-120.	101.35	890	0.10455
134	453	26.629	-120.	102.49	890	0.10452
134	467	28.095	-120.	101.35	890	0.10455
134	444	25.409	-120.	100.72	890	0.10457
135	483	29.334	-120.	103.14	890	0.1045
135	536	32.209	-120.	102.31	890	0.10452
135	499	30.485	-120.	104.97	890	0.10444
136	483	29.334	-120.	103.14	890	0.1045
136	499	30.485	-120.	104.97	890	0.10444
136	464	27.85	-120.	104.3	890	0.10446
137	483	29.334	-120.	103.14	890	0.1045
137	464	27.85	-120.	104.3	890	0.10446
137	463	27.448	-120.	103.66	890	0.10449
138	483	29.334	-120.	103.14	890	0.1045
138	463	27.448	-120.	103.66	890	0.10449
138	471	28.524	-120.	101.95	890	0.10453
139	483	29.334	-120.	103.14	890	0.1045
139	471	28.524	-120.	101.95	890	0.10453
139	490	29.49	-120.	101.66	890	0.10454
140	483	29.334	-120.	103.14	890	0.1045
140	490	29.49	-120.	101.66	890	0.10454
140	536	32.209	-120.	102.31	890	0.10452
141	471	28.524	-120.	101.95	890	0.10453
141	490	29.49	-120.	101.66	890	0.10454
141	467	28.095	-120.	101.35	890	0.10455
142	50	-27.848	-120.	115.7	894	0.10426
142	45	-27.948	-120.	116.45	894	0.10423
142	65	-26.814	-120.	115.45	894	0.10427
143	53	-27.595	-120.	114.29	894	0.10432
143	29	-29.43	-120.	114.03	894	0.10433
143	61	-27.224	-120.	112.18	894	0.10441
144	53	-27.595	-120.	114.29	894	0.10432
144	61	-27.224	-120.	112.18	894	0.10441
144	100	-24.688	-120.	113.62	894	0.10435
145	53	-27.595	-120.	114.29	894	0.10432
145	100	-24.688	-120.	113.62	894	0.10435
145	65	-26.814	-120.	115.45	894	0.10427
146	53	-27.595	-120.	114.29	894	0.10432
146	65	-26.814	-120.	115.45	894	0.10427
146	50	-27.848	-120.	115.7	894	0.10426
147	53	-27.595	-120.	114.29	894	0.10432
147	50	-27.848	-120.	115.7	894	0.10426
147	26	-29.567	-120.	114.76	894	0.1043
148	53	-27.595	-120.	114.29	894	0.10432
148	26	-29.567	-120.	114.76	894	0.1043
148	29	-29.43	-120.	114.03	894	0.10433
149	12	-30.578	-120.	114.99	894	0.10429
149	26	-29.567	-120.	114.76	894	0.1043
149	29	-29.43	-120.	114.03	894	0.10433
150	21	-29.807	-120.	116.19	894	0.10424
150	1	-32.805	-120.	116.88	894	0.1042
150	16	-30.093	-120.	118.32	894	0.10414
151	21	-29.807	-120.	116.19	894	0.10424
151	16	-30.093	-120.	118.32	894	0.10414
151	45	-27.948	-120.	116.45	894	0.10423
152	21	-29.807	-120.	116.19	894	0.10424
152	45	-27.948	-120.	116.45	894	0.10423
152	50	-27.848	-120.	115.7	894	0.10426
153	21	-29.807	-120.	116.19	894	0.10424
153	50	-27.848	-120.	115.7	894	0.10426
153	26	-29.567	-120.	114.76	894	0.1043
154	21	-29.807	-120.	116.19	894	0.10424
154	26	-29.567	-120.	114.76	894	0.1043
154	12	-30.578	-120.	114.99	894	0.10429
155	21	-29.807	-120.	116.19	894	0.10424
155	12	-30.578	-120.	114.99	894	0.10429
155	1	-32.805	-120.	116.88	894	0.1042
156	40	-28.243	-120.	120.02	900	0.10406
156	59	-27.268	-120.	119.76	900	0.10407
156	38	-28.244	-120.	119.26	900	0.1041
157	42	-28.178	-120.	121.44	900	0.10399
157	44	-28.087	-120.	123.61	900	0.10389
157	88	-25.431	-120.	120.69	900	0.10403
158	42	-28.178	-120.	121.44	900	0.10399
158	88	-25.431	-120.	120.69	900	0.10403
158	59	-27.268	-120.	119.76	900	0.10407
159	42	-28.178	-120.	121.44	900	0.10399
159	59	-27.268	-120.	119.76	900	0.10407
159	40	-28.243	-120.	120.02	900	0.10406
160	42	-28.178	-120.	121.44	900	0.10399
160	40	-28.243	-120.	120.02	900	0.10406
160	18	-30.04	-120.	121.91	900	0.10397
161	42	-28.178	-120.	121.44	900	0.10399
161	18	-30.04	-120.	121.91	900	0.10397
161	19	-29.999	-120.	122.65	900	0.10394
162	42	-28.178	-120.	121.44	900	0.10399
162	19	-29.999	-120.	122.65	900	0.10394
162	44	-28.087	-120.	123.61	900	0.10389
163	17	-30.09	-120.	120.48	900	0.10404
163	0	-32.924	-120.	121.19	900	0.10401
163	16	-30.093	-120.	118.32	900	0.10414
164	17	-30.09	-120.	120.48	900	0.10404
164	16	-30.093	-120.	118.32	900	0.10414
164	38	-28.244	-120.	119.26	900	0.1041
165	17	-30.09	-120.	120.48	900	0.10404
165	38	-28.244	-120.	119.26	900	0.1041
165	40	-28.243	-120.	120.02	900	0.10406
166	17	-30.09	-120.	120.48	900	0.10404
166	40	-28.243	-120.	120.02	900	0.10406
166	18	-30.04	-120.	121.91	900	0.10397
167	17	-30.09	-120.	120.48	900	0.10404
167	18	-30.04	-120.	121.91	900	0.10397
167	9	-30.996	-120.	122.16	900	0.10396
168	17	-30.09	-120.	120.48	900	0.10404
168	9	-30.996	-120.	122.16	900	0.10396
168	0	-32.924	-120.	121.19	900	0.10401
169	18	-30.04	-120.	121.91	900	0.10397
169	9	-30.996	-120.	122.16	900	0.10396
169	19	-29.999	-120.	122.65	900	0.10394
170	101	-24.589	-120.	134.53	905	0.10345
170	143	-20.59	-120.	135.59	905	0.10342
170	115	-22.777	-120.	131.8	905	0.10354
171	236	-6.4699	-120.	149.04	910	0.10333
171	234	-6.7075	-120.	147.97	910	0.1033
171	230	-7.1945	-120.	148.83	910	0.10333
172	239	-6.0411	-120.	151.07	910	0.10339
172	249	-4.4252	-120.	152.47	910	0.10344
172	243	-5.3928	-120.	154.18	910	0.10349
173	239	-6.0411	-120.	151.07	910	0.10339
173	243	-5.3928	-120.	154.18	910	0.10349
173	226	-8.113	-120.	150.47	910	0.10337
174	239	-6.0411	-120.	151.07	910	0.10339
174	226	-8.113	-120.	150.47	910	0.10337
174	230	-7.1945	-120.	148.83	910	0.10333
175	239	-6.0411	-120.	151.07	910	0.10339
175	230	-7.1945	-120.	148.83	910	0.10333
175	236	-6.4699	-120.	149.04	910	0.10333
176	239	-6.0411	-120.	151.07	910	0.10339
176	236	-6.4699	-120.	149.04	910	0.10333
176	246	-4.6513	-120.	151.42	910	0.1034
177	239	-6.0411	-120.	151.07	910	0.10339
177	246	-4.6513	-120.	151.42	910	0.1034
177	249	-4.4252	-120.	152.47	910	0.10344
178	251	-3.9312	-120.	151.58	910	0.10341
178	246	-4.6513	-120.	151.42	910	0.1034
178	249	-4.4252	-120.	152.47	910	0.10344
179	244	-5.0895	-120.	149.37	910	0.10334
179	256	-2.9777	-120.	149.89	910	0.10335
179	240	-5.7995	-120.	146.33	910	0.10326
180	244	-5.0895	-120.	149.37	910	0.10334
180	240	-5.7995	-120.	146.33	910	0.10326
180	234	-6.7075	-120.	147.97	910	0.1033
181	244	-5.0895	-120.	149.37	910	0.10334
181	234	-6.7075	-120.	147.97	910	0.1033
181	236	-6.4699	-120.	149.04	910	0.10333
182	244	-5.0895	-120.	149.37	910	0.10334
182	236	-6.4699	-120.	149.04	910	0.10333
182	246	-4.6513	-120.	151.42	910	0.1034
183	244	-5.0895	-120.	149.37	910	0.10334
183	246	-4.6513	-120.	151.42	910	0.1034
183	251	-3.9312	-120.	151.58	910	0.10341
184	244	-5.0895	-120.	149.37	910	0.10334
184	251	-3.9312	-120.	151.58	910	0.10341
184	256	-2.9777	-120.	149.89	910	0.10335
185	304	4.9242	-120.	150.14	912	0.10335
185	302	4.6741	-120.	149.18	912	0.10332
185	299	4.1731	-120.	150.21	912	0.10336
186	312	6.3385	-120.	149.94	912	0.10335
186	323	8.4836	-120.	149.65	912	0.10334
186	308	5.588	-120.	147.24	912	0.10325
187	312	6.3385	-120.	149.94	912	0.10335
187	308	5.588	-120.	147.24	912	0.10325
187	302	4.6741	-120.	149.18	912	0.10332
188	312	6.3385	-120.	149.94	912	0.10335
188	302	4.6741	-120.	149.18	912	0.10332
188	304	4.9242	-120.	150.14	912	0.10335
189	312	6.3385	-120.	149.94	912	0.10335
189	304	4.9242	-120.	150.14	912	0.10335
189	314	6.814	-120.	151.77	912	0.10342
190	312	6.3385	-120.	149.94	912	0.10335
190	314	6.814	-120.	151.77	912	0.10342
190	320	7.5469	-120.	151.66	912	0.10341
191	312	6.3385	-120.	149.94	912	0.10335
191	320	7.5469	-120.	151.66	912	0.10341
191	323	8.4836	-120.	149.65	912	0.10334
192	307	5.3872	-120.	151.95	912	0.10342
192	311	6.1077	-120.	154.74	912	0.10353
192	296	3.2389	-120.	152.16	912	0.10343
193	307	5.3872	-120.	151.95	912	0.10342
193	296	3.2389	-120.	152.16	912	0.10343
193	299	4.1731	-120.	150.21	912	0.10336
194	307	5.3872	-120.	151.95	912	0.10342
194	299	4.1731	-120.	150.21	912	0.10336
194	304	4.9242	-120.	150.14	912	0.10335
195	307	5.3872	-120.	151.95	912	0.10342
195	304	4.9242	-120.	150.14	912	0.10335
195	314	6.814	-120.	151.77	912	0.10342
196	307	5.3872	-120.	151.95	912	0.10342
196	314	6.814	-120.	151.77	912	0.10342
196	316	7.065	-120.	152.71	912	0.10345
197	307	5.3872	-120.	151.95	912	0.10342
197	316	7.065	-120.	152.71	912	0.10345
197	311	6.1077	-120.	154.74	912	0.10353
198	314	6.814	-120.	151.77	912	0.10342
198	316	7.065	-120.	152.71	912	0.10345
198	320	7.5469	-120.	151.66	912	0.10341
199	387	18.289	-120.	147.65	935	0.10328
199	393	19.016	-120.	145.11	935	0.10323
199	405	20.723	-120.	146.15	935	0.10325
200	396	19.872	-120.	148.18	935	0.10329
200	387	18.289	-120.	147.65	935	0.10328
200	405	20.723	-120.	146.15	935	0.10325
201	396	19.872	-120.	148.18	935	0.10329
201	405	20.723	-120.	146.15	935	0.10325
201	415	21.609	-120.	146.7	935	0.10326
202	396	19.872	-120.	148.18	935	0.10329
202	415	21.609	-120.	146.7	935	0.10326
202	408	20.929	-120.	149.43	935	0.10332
203	396	19.872	-120.	148.18	935	0.10329
203	408	20.929	-120.	149.43	935	0.10332
203	394	19.764	-120.	150.15	935	0.10334
204	396	19.872	-120.	148.18	935	0.10329
204	394	19.764	-120.	150.15	935	0.10334
204	385	17.918	-120.	148.97	935	0.10331
205	396	19.872	-120.	148.18	935	0.10329
205	385	17.918	-120.	148.97	935	0.10331
205	387	18.289	-120.	147.65	935	0.10328
206	408	20.929	-120.	149.43	935	0.10332
206	415	21.609	-120.	146.7	935	0.10326
206	430	23.336	-120.	147.74	935	0.10327
207	394	19.764	-120.	150.15	935	0.10334
207	380	17.167	-120.	151.53	935	0.10339
207	385	17.918	-120.	148.97	935	0.10331
208	291	2.4319	-120.	148.95	938	0.10331
208	299	4.1731	-120.	150.21	938	0.10336
208	287	1.3459	-120.	150.21	938	0.10336
209	291	2.4319	-120.	148.95	938	0.10331
209	287	1.3459	-120.	150.21	938	0.10336
209	279	0.33219	-120.	149.18	938	0.10332
210	291	2.4319	-120.	148.95	938	0.10331
210	279	0.33219	-120.	149.18	938	0.10332
210	284	1.2224	-120.	147.46	938	0.10326
211	291	2.4319	-120.	148.95	938	0.10331
211	284	1.2224	-120.	147.46	938	0.10326
211	294	2.8435	-120.	147.46	938	0.10326
212	291	2.4319	-120.	148.95	938	0.10331
212	294	2.8435	-120.	147.46	938	0.10326
212	302	4.6741	-120.	149.18	938	0.10332
213	291	2.4319	-120.	148.95	938	0.10331
213	302	4.6741	-120.	149.18	938	0.10332
213	299	4.1731	-120.	150.21	938	0.10336
214	284	1.2224	-120.	147.46	938	0.10326
214	279	0.33219	-120.	149.18	938	0.10332
214	265	-1.522	-120.	147.24	938	0.10326
215	299	4.1731	-120.	150.21	938	0.10336
215	296	3.2389	-120.	152.16	938	0.10343
215	287	1.3459	-120.	150.21	938	0.10336
216	302	4.6741	-120.	149.18	938	0.10332
216	294	2.8435	-120.	147.46	938	0.10326
216	308	5.588	-120.	147.24	938	0.10325
217	335	10.335	-120.	151.03	942	0.10339
217	319	7.5469	-120.	151.66	942	0.10341
217	323	8.4836	-120.	149.65	942	0.10334
218	326	9.0131	-120.	154.27	942	0.10351
218	311	6.1077	-120.	154.74	942	0.10353
218	317	7.065	-120.	152.71	942	0.10345
219	328	9.2669	-120.	152.57	942	0.10344
219	326	9.0131	-120.	154.27	942	0.10351
219	317	7.065	-120.	152.71	942	0.10345
220	328	9.2669	-120.	152.57	942	0.10344
220	317	7.065	-120.	152.71	942	0.10345
220	319	7.5469	-120.	151.66	942	0.10341
221	328	9.2669	-120.	152.57	942	0.10344
221	319	7.5469	-120.	151.66	942	0.10341
221	335	10.335	-120.	151.03	942	0.10339
222	328	9.2669	-120.	152.57	942	0.10344
222	335	10.335	-120.	151.03	942	0.10339
222	344	11.293	-120.	151.76	942	0.10341
223	328	9.2669	-120.	152.57	942	0.10344
223	344	11.293	-120.	151.76	942	0.10341
223	336	10.348	-120.	153.98	942	0.10349
224	328	9.2669	-120.	152.57	942	0.10344
224	336	10.348	-120.	153.98	942	0.10349
224	326	9.0131	-120.	154.27	942	0.10351
225	356	13.174	-120.	153.16	942	0.10346
225	336	10.348	-120.	153.98	942	0.10349
225	344	11.293	-120.	151.76	942	0.10341
226	219	-9.0374	-120.	89.857	965	0.10457
226	214	-9.904	-120.	92.112	965	0.10465
226	205	-11.685	-120.	90.932	965	0.10461
227	210	-10.696	-120.	89.164	965	0.10455
227	219	-9.0374	-120.	89.857	965	0.10457
227	205	-11.685	-120.	90.932	965	0.10461
228	210	-10.696	-120.	89.164	965	0.10455
228	205	-11.685	-120.	90.932	965	0.10461
228	195	-12.608	-120.	90.314	965	0.10459
229	210	-10.696	-120.	89.164	965	0.10455
229	195	-12.608	-120.	90.314	965	0.10459
229	202	-11.761	-120.	87.856	965	0.10451
230	210	-10.696	-120.	89.164	965	0.10455
230	202	-11.761	-120.	87.856	965	0.10451
230	213	-10.493	-120.	87.342	965	0.10449
231	210	-10.696	-120.	89.164	965	0.10455
231	213	-10.493	-120.	87.342	965	0.10449
231	222	-8.5933	-120.	88.683	965	0.10453
232	210	-10.696	-120.	89.164	965	0.10455
232	222	-8.5933	-120.	88.683	965	0.10453
232	219	-9.0374	-120.	89.857	965	0.10457
233	202	-11.761	-120.	87.856	965	0.10451
233	195	-12.608	-120.	90.314	965	0.10459
233	183	-14.413	-120.	89.13	965	0.10456
234	213	-10.493	-120.	87.342	965	0.10449
234	228	-7.7041	-120.	86.405	965	0.10444
234	222	-8.5933	-120.	88.683	965	0.10453
235	193	-12.821	-120.	94.742	966	0.10471
235	192	-13.091	-120.	93.772	966	0.10469
235	185	-13.745	-120.	94.149	966	0.1047
236	196	-12.345	-120.	91.267	966	0.10462
236	205	-11.685	-120.	90.932	966	0.10461
236	195	-12.608	-120.	90.314	966	0.10459
237	187	-13.615	-120.	91.942	966	0.10464
237	185	-13.745	-120.	94.149	966	0.1047
237	178	-15.485	-120.	93.018	966	0.10467
238	187	-13.615	-120.	91.942	966	0.10464
238	178	-15.485	-120.	93.018	966	0.10467
238	183	-14.413	-120.	89.13	966	0.10456
239	187	-13.615	-120.	91.942	966	0.10464
239	183	-14.413	-120.	89.13	966	0.10456
239	195	-12.608	-120.	90.314	966	0.10459
240	187	-13.615	-120.	91.942	966	0.10464
240	195	-12.608	-120.	90.314	966	0.10459
240	196	-12.345	-120.	91.267	966	0.10462
241	187	-13.615	-120.	91.942	966	0.10464
241	196	-12.345	-120.	91.267	966	0.10462
241	192	-13.091	-120.	93.772	966	0.10469
242	187	-13.615	-120.	91.942	966	0.10464
242	192	-13.091	-120.	93.772	966	0.10469
242	185	-13.745	-120.	94.149	966	0.1047
243	201	-11.825	-120.	93.116	966	0.10468
243	205	-11.685	-120.	90.932	966	0.10461
243	214	-9.904	-120.	92.112	966	0.10465
244	201	-11.825	-120.	93.116	966	0.10468
244	214	-9.904	-120.	92.112	966	0.10465
244	206	-11.103	-120.	95.872	966	0.10474
245	201	-11.825	-120.	93.116	966	0.10468
245	206	-11.103	-120.	95.872	966	0.10474
245	193	-12.821	-120.	94.742	966	0.10471
246	201	-11.825	-120.	93.116	966	0.10468
246	193	-12.821	-120.	94.742	966	0.10471
246	192	-13.091	-120.	93.772	966	0.10469
247	201	-11.825	-120.	93.116	966	0.10468
247	192	-13.091	-120.	93.772	966	0.10469
247	196	-12.345	-120.	91.267	966	0.10462
248	201	-11.825	-120.	93.116	966	0.10468
248	196	-12.345	-120.	91.267	966	0.10462
248	205	-11.685	-120.	90.932	966	0.10461
249	281	0.59341	-120.	150.18	972	0.10336
249	286	1.3459	-120.	150.21	972	0.10336
249	278	0.33219	-120.	149.18	972	0.10332
250	283	1.0853	-120.	152.07	972	0.10343
250	288	1.8045	-120.	154.98	972	0.10353
250	296	3.2389	-120.	152.16	972	0.10343
251	283	1.0853	-120.	152.07	972	0.10343
251	296	3.2389	-120.	152.16	972	0.10343
251	286	1.3459	-120.	150.21	972	0.10336
252	283	1.0853	-120.	152.07	972	0.10343
252	286	1.3459	-120.	150.21	972	0.10336
252	281	0.59341	-120.	150.18	972	0.10336
253	283	1.0853	-120.	152.07	972	0.10343
253	281	0.59341	-120.	150.18	972	0.10336
253	274	-0.353	-120.	151.97	972	0.10342
254	283	1.0853	-120.	152.07	972	0.10343
254	274	-0.353	-120.	151.97	972	0.10342
254	277	-0.11815	-120.	152.95	972	0.10346
255	283	1.0853	-120.	152.07	972	0.10343
255	277	-0.11815	-120.	152.95	972	0.10346
255	288	1.8045	-120.	154.98	972	0.10353
256	271	-0.83641	-120.	150.06	972	0.10336
256	256	-2.9777	-120.	149.89	972	0.10335
256	265	-1.522	-120.	147.24	972	0.10326
257	271	-0.83641	-120.	150.06	972	0.10336
257	265	-1.522	-120.	147.24	972	0.10326
257	278	0.33219	-120.	149.18	972	0.10332
258	271	-0.83641	-120.	150.06	972	0.10336
258	278	0.33219	-120.	149.18	972	0.10332
258	281	0.59341	-120.	150.18	972	0.10336
259	271	-0.83641	-120.	150.06	972	0.10336
259	281	0.59341	-120.	150.18	972	0.10336
259	274	-0.353	-120.	151.97	972	0.10342
260	271	-0.83641	-120.	150.06	972	0.10336
260	274	-0.353	-120.	151.97	972	0.10342
260	269	-1.0913	-120.	151.9	972	0.10342
261	271	-0.83641	-120.	150.06	972	0.10336
261	269	-1.0913	-120.	151.9	972	0.10342
261	256	-2.9777	-120.	149.89	972	0.10335
262	274	-0.353	-120.	151.97	972	0.10342
262	269	-1.0913	-120.	151.9	972	0.10342
262	277	-0.11815	-120.	152.95	972	0.10346
263	57	-27.373	-120.	138.94	975	0.10334
263	99	-24.821	-120.	142.41	975	0.10329
263	113	-23.261	-120.	139.86	975	0.10333
264	318	7.3448	-120.	91.56	976	0.10463
264	329	9.39	-120.	91.764	976	0.10462
264	324	8.5345	-120.	93.311	976	0.10468
265	318	7.3448	-120.	91.56	976	0.10463
265	324	8.5345	-120.	93.311	976	0.10468
265	315	6.9488	-120.	92.974	976	0.10468
266	318	7.3448	-120.	91.56	976	0.10463
266	315	6.9488	-120.	92.974	976	0.10468
266	306	5.1429	-120.	90.861	976	0.10461
267	318	7.3448	-120.	91.56	976	0.10463
267	306	5.1429	-120.	90.861	976	0.10461
267	310	5.6436	-120.	89.931	976	0.10457
268	318	7.3448	-120.	91.56	976	0.10463
268	310	5.6436	-120.	89.931	976	0.10457
268	322	8.4091	-120.	90.519	976	0.10459
269	318	7.3448	-120.	91.56	976	0.10463
269	322	8.4091	-120.	90.519	976	0.10459
269	329	9.39	-120.	91.764	976	0.10462
270	306	5.1429	-120.	90.861	976	0.10461
270	315	6.9488	-120.	92.974	976	0.10468
270	300	4.2195	-120.	92.615	976	0.10468
271	329	9.39	-120.	91.764	976	0.10462
271	343	11.174	-120.	94.093	976	0.10468
271	324	8.5345	-120.	93.311	976	0.10468
272	322	8.4091	-120.	90.519	976	0.10459
272	310	5.6436	-120.	89.931	976	0.10457
272	313	6.5826	-120.	88.167	976	0.1045
273	260	-2.2653	-120.	90.059	979	0.10458
273	255	-3.011	-120.	90.17	979	0.10459
273	262	-2.0045	-120.	91.016	979	0.10462
274	270	-0.84033	-120.	89.911	979	0.10457
274	272	-0.59171	-120.	88.013	979	0.10449
274	285	1.3031	-120.	89.681	979	0.10456
275	270	-0.84033	-120.	89.911	979	0.10457
275	285	1.3031	-120.	89.681	979	0.10456
275	275	-0.15357	-120.	92.615	979	0.10469
276	270	-0.84033	-120.	89.911	979	0.10457
276	275	-0.15357	-120.	92.615	979	0.10469
276	262	-2.0045	-120.	91.016	979	0.10462
277	270	-0.84033	-120.	89.911	979	0.10457
277	262	-2.0045	-120.	91.016	979	0.10462
277	260	-2.2653	-120.	90.059	979	0.10458
278	270	-0.84033	-120.	89.911	979	0.10457
278	260	-2.2653	-120.	90.059	979	0.10458
278	266	-1.3299	-120.	88.083	979	0.1045
279	270	-0.84033	-120.	89.911	979	0.10457
279	266	-1.3299	-120.	88.083	979	0.1045
279	272	-0.59171	-120.	88.013	979	0.10449
280	264	-1.5709	-120.	87.142	979	0.10446
280	266	-1.3299	-120.	88.083	979	0.1045
280	272	-0.59171	-120.	88.013	979	0.10449
281	258	-2.7619	-120.	88.247	979	0.1045
281	253	-3.4987	-120.	85.463	979	0.10439
281	245	-4.8957	-120.	88.564	979	0.10452
282	258	-2.7619	-120.	88.247	979	0.1045
282	245	-4.8957	-120.	88.564	979	0.10452
282	255	-3.011	-120.	90.17	979	0.10459
283	258	-2.7619	-120.	88.247	979	0.1045
283	255	-3.011	-120.	90.17	979	0.10459
283	260	-2.2653	-120.	90.059	979	0.10458
284	258	-2.7619	-120.	88.247	979	0.1045
284	260	-2.2653	-120.	90.059	979	0.10458
284	266	-1.3299	-120.	88.083	979	0.1045
285	258	-2.7619	-120.	88.247	979	0.1045
285	266	-1.3299	-120.	88.083	979	0.1045
285	264	-1.5709	-120.	87.142	979	0.10446
286	258	-2.7619	-120.	88.247	979	0.1045
286	264	-1.5709	-120.	87.142	979	0.10446
286	253	-3.4987	-120.	85.463	979	0.10439
287	309	5.6436	-120.	89.931	984	0.10457
287	303	4.8924	-120.	89.862	984	0.10457
287	305	5.1429	-120.	90.861	984	0.10461
288	295	3.0008	-120.	87.884	984	0.10449
288	293	2.7559	-120.	86.903	984	0.10445
288	289	2.2612	-120.	87.855	984	0.10449
289	297	3.47	-120.	89.793	984	0.10457
289	305	5.1429	-120.	90.861	984	0.10461
289	300	4.2195	-120.	92.615	984	0.10468
290	297	3.47	-120.	89.793	984	0.10457
290	300	4.2195	-120.	92.615	984	0.10468
290	285	1.3031	-120.	89.681	984	0.10456
291	297	3.47	-120.	89.793	984	0.10457
291	285	1.3031	-120.	89.681	984	0.10456
291	289	2.2612	-120.	87.855	984	0.10449
292	297	3.47	-120.	89.793	984	0.10457
292	289	2.2612	-120.	87.855	984	0.10449
292	295	3.0008	-120.	87.884	984	0.10449
293	297	3.47	-120.	89.793	984	0.10457
293	295	3.0008	-120.	87.884	984	0.10449
293	303	4.8924	-120.	89.862	984	0.10457
294	297	3.47	-120.	89.793	984	0.10457
294	303	4.8924	-120.	89.862	984	0.10457
294	305	5.1429	-120.	90.861	984	0.10461
295	301	4.4345	-120.	87.969	984	0.10449
295	293	2.7559	-120.	86.903	984	0.10445
295	298	3.7317	-120.	85.064	984	0.10437
296	301	4.4345	-120.	87.969	984	0.10449
296	298	3.7317	-120.	85.064	984	0.10437
296	313	6.5826	-120.	88.167	984	0.1045
297	301	4.4345	-120.	87.969	984	0.10449
297	313	6.5826	-120.	88.167	984	0.1045
297	309	5.6436	-120.	89.931	984	0.10457
298	301	4.4345	-120.	87.969	984	0.10449
298	309	5.6436	-120.	89.931	984	0.10457
298	303	4.8924	-120.	89.862	984	0.10457
299	301	4.4345	-120.	87.969	984	0.10449
299	303	4.8924	-120.	89.862	984	0.10457
299	295	3.0008	-120.	87.884	984	0.10449
300	301	4.4345	-120.	87.969	984	0.10449
300	295	3.0008	-120.	87.884	984	0.10449
300	293	2.7559	-120.	86.903	984	0.10445
301	182	-14.524	-120.	96.261	995	0.10473
301	176	-16.032	-120.	95.811	995	0.10472
301	185	-13.745	-120.	94.149	995	0.1047
302	182	-14.524	-120.	96.261	995	0.10473
302	185	-13.745	-120.	94.149	995	0.1047
302	193	-12.821	-120.	94.742	995	0.10471
303	182	-14.524	-120.	96.261	995	0.10473
303	193	-12.821	-120.	94.742	995	0.10471
303	189	-13.45	-120.	97.31	995	0.10475
304	182	-14.524	-120.	96.261	995	0.10473
304	189	-13.45	-120.	97.31	995	0.10475
304	180	-14.762	-120.	98.263	995	0.10475
305	182	-14.524	-120.	96.261	995	0.10473
305	180	-14.762	-120.	98.263	995	0.10475
305	174	-16.334	-120.	97.294	995	0.10473
306	182	-14.524	-120.	96.261	995	0.10473
306	174	-16.334	-120.	97.294	995	0.10473
306	176	-16.032	-120.	95.811	995	0.10472
307	189	-13.45	-120.	97.31	995	0.10475
307	193	-12.821	-120.	94.742	995	0.10471
307	206	-11.103	-120.	95.872	995	0.10474
308	176	-16.032	-120.	95.811	995	0.10472
308	178	-15.485	-120.	93.018	995	0.10467
308	185	-13.745	-120.	94.149	995	0.1047
309	174	-16.334	-120.	97.294	995	0.10473
309	180	-14.762	-120.	98.263	995	0.10475
309	171	-16.855	-120.	100.05	995	0.10474
310	253	-3.4987	-120.	85.463	996	0.10439
310	228	-7.7041	-120.	86.405	996	0.10444
310	245	-4.8957	-120.	88.564	996	0.10452
311	169	-17.251	-120.	143.32	997	0.10329
311	163	-18.192	-120.	144.96	997	0.10329
311	148	-20.24	-120.	142.97	997	0.10329
312	152	-19.63	-120.	147.46	997	0.1033
312	127	-21.862	-120.	145.54	997	0.10328
312	159	-18.684	-120.	145.81	997	0.10329
313	99	-24.821	-120.	142.41	997	0.10329
313	129	-21.791	-120.	142.79	997	0.10329
313	114	-22.843	-120.	144.59	997	0.10328
314	142	-20.602	-120.	144.44	997	0.10329
314	148	-20.24	-120.	142.97	997	0.10329
314	163	-18.192	-120.	144.96	997	0.10329
315	142	-20.602	-120.	144.44	997	0.10329
315	163	-18.192	-120.	144.96	997	0.10329
315	159	-18.684	-120.	145.81	997	0.10329
316	142	-20.602	-120.	144.44	997	0.10329
316	159	-18.684	-120.	145.81	997	0.10329
316	127	-21.862	-120.	145.54	997	0.10328
317	142	-20.602	-120.	144.44	997	0.10329
317	127	-21.862	-120.	145.54	997	0.10328
317	114	-22.843	-120.	144.59	997	0.10328
318	142	-20.602	-120.	144.44	997	0.10329
318	114	-22.843	-120.	144.59	997	0.10328
318	129	-21.791	-120.	142.79	997	0.10329
319	142	-20.602	-120.	144.44	997	0.10329
319	129	-21.791	-120.	142.79	997	0.10329
319	148	-20.24	-120.	142.97	997	0.10329
320	575	36.909	-120.	117.34	999	0.1039
320	573	36.317	-120.	113.07	999	0.1041
320	555	33.96	-120.	115.92	999	0.10396
321	313	6.5826	-120.	88.167	1004	0.1045
321	321	8.0152	-120.	85.538	1004	0.1044
321	298	3.7317	-120.	85.064	1004	0.10437
322	108	-23.689	-120.	103.77	1024	0.10467
322	103	-24.368	-120.	105.63	1024	0.10463
322	78	-26.081	-120.	104.59	1024	0.10465
323	108	-23.689	-120.	103.77	1024	0.10467
323	78	-26.081	-120.	104.59	1024	0.10465
323	90	-25.369	-120.	103.36	1024	0.10468
324	108	-23.689	-120.	103.77	1024	0.10467
324	90	-25.369	-120.	103.36	1024	0.10468
324	122	-22.197	-120.	101.87	1024	0.10471
325	108	-23.689	-120.	103.77	1024	0.10467
325	122	-22.197	-120.	101.87	1024	0.10471
325	135	-21.358	-120.	102.37	1024	0.1047
326	108	-23.689	-120.	103.77	1024	0.10467
326	135	-21.358	-120.	102.37	1024	0.1047
326	116	-22.763	-120.	104.8	1024	0.10465
327	108	-23.689	-120.	103.77	1024	0.10467
327	116	-22.763	-120.	104.8	1024	0.10465
327	103	-24.368	-120.	105.63	1024	0.10463
328	122	-22.197	-120.	101.87	1024	0.10471
328	90	-25.369	-120.	103.36	1024	0.10468
328	107	-23.785	-120.	100.93	1024	0.10472
329	103	-24.368	-120.	105.63	1024	0.10463
329	55	-27.388	-120.	107.17	1024	0.10459
329	78	-26.081	-120.	104.59	1024	0.10465
330	116	-22.763	-120.	104.8	1024	0.10465
330	135	-21.358	-120.	102.37	1024	0.1047
330	151	-19.781	-120.	103.3	1024	0.10469
331	84	-25.691	-120.	136.27	1035	0.1034
331	64	-26.981	-120.	133.72	1035	0.10348
331	101	-24.589	-120.	134.53	1035	0.10345
332	27	-29.479	-120.	135.18	1035	0.10344
332	10	-30.643	-120.	132.48	1035	0.10353
332	41	-28.225	-120.	133.31	1035	0.10349
333	54	-27.584	-120.	135.34	1035	0.10343
333	27	-29.479	-120.	135.18	1035	0.10344
333	41	-28.225	-120.	133.31	1035	0.10349
334	54	-27.584	-120.	135.34	1035	0.10343
334	41	-28.225	-120.	133.31	1035	0.10349
334	64	-26.981	-120.	133.72	1035	0.10348
335	54	-27.584	-120.	135.34	1035	0.10343
335	64	-26.981	-120.	133.72	1035	0.10348
335	84	-25.691	-120.	136.27	1035	0.1034
336	54	-27.584	-120.	135.34	1035	0.10343
336	84	-25.691	-120.	136.27	1035	0.1034
336	75	-26.268	-120.	137.17	1035	0.10338
337	54	-27.584	-120.	135.34	1035	0.10343
337	75	-26.268	-120.	137.17	1035	0.10338
337	34	-28.862	-120.	136.4	1035	0.1034
338	54	-27.584	-120.	135.34	1035	0.10343
338	34	-28.862	-120.	136.4	1035	0.1034
338	27	-29.479	-120.	135.18	1035	0.10344
339	57	-27.373	-120.	138.94	1035	0.10334
339	34	-28.862	-120.	136.4	1035	0.1034
339	75	-26.268	-120.	137.17	1035	0.10338
340	131	-21.647	-120.	137.26	1036	0.10337
340	118	-22.638	-120.	137.55	1036	0.10337
340	120	-22.202	-120.	138.16	1036	0.10336
341	92	-25.296	-120.	136.9	1036	0.10339
341	85	-25.691	-120.	136.27	1036	0.1034
341	74	-26.268	-120.	137.17	1036	0.10338
342	102	-24.506	-120.	138.1	1036	0.10336
342	120	-22.202	-120.	138.16	1036	0.10336
342	113	-23.261	-120.	139.86	1036	0.10333
343	102	-24.506	-120.	138.1	1036	0.10336
343	113	-23.261	-120.	139.86	1036	0.10333
343	57	-27.373	-120.	138.94	1036	0.10334
344	102	-24.506	-120.	138.1	1036	0.10336
344	57	-27.373	-120.	138.94	1036	0.10334
344	74	-26.268	-120.	137.17	1036	0.10338
345	102	-24.506	-120.	138.1	1036	0.10336
345	74	-26.268	-120.	137.17	1036	0.10338
345	92	-25.296	-120.	136.9	1036	0.10339
346	102	-24.506	-120.	138.1	1036	0.10336
346	92	-25.296	-120.	136.9	1036	0.10339
346	118	-22.638	-120.	137.55	1036	0.10337
347	102	-24.506	-120.	138.1	1036	0.10336
347	118	-22.638	-120.	137.55	1036	0.10337
347	120	-22.202	-120.	138.16	1036	0.10336
348	111	-23.409	-120.	136.35	1036	0.1034
348	85	-25.691	-120.	136.27	1036	0.1034
348	101	-24.589	-120.	134.53	1036	0.10345
349	111	-23.409	-120.	136.35	1036	0.1034
349	101	-24.589	-120.	134.53	1036	0.10345
349	143	-20.59	-120.	135.59	1036	0.10342
350	111	-23.409	-120.	136.35	1036	0.1034
350	143	-20.59	-120.	135.59	1036	0.10342
350	131	-21.647	-120.	137.26	1036	0.10337
351	111	-23.409	-120.	136.35	1036	0.1034
351	131	-21.647	-120.	137.26	1036	0.10337
351	118	-22.638	-120.	137.55	1036	0.10337
352	111	-23.409	-120.	136.35	1036	0.1034
352	118	-22.638	-120.	137.55	1036	0.10337
352	92	-25.296	-120.	136.9	1036	0.10339
353	111	-23.409	-120.	136.35	1036	0.1034
353	92	-25.296	-120.	136.9	1036	0.10339
353	85	-25.691	-120.	136.27	1036	0.1034
354	149	-19.941	-120.	138.82	1037	0.10334
354	166	-17.829	-120.	138.97	1037	0.10333
354	158	-18.742	-120.	140.49	1037	0.10331
355	149	-19.941	-120.	138.82	1037	0.10334
355	158	-18.742	-120.	140.49	1037	0.10331
355	147	-20.31	-120.	140.26	1037	0.10332
356	149	-19.941	-120.	138.82	1037	0.10334
356	147	-20.31	-120.	140.26	1037	0.10332
356	121	-22.202	-120.	138.16	1037	0.10336
357	149	-19.941	-120.	138.82	1037	0.10334
357	121	-22.202	-120.	138.16	1037	0.10336
357	132	-21.647	-120.	137.26	1037	0.10337
358	149	-19.941	-120.	138.82	1037	0.10334
358	132	-21.647	-120.	137.26	1037	0.10337
358	154	-18.914	-120.	137.77	1037	0.10336
359	149	-19.941	-120.	138.82	1037	0.10334
359	154	-18.914	-120.	137.77	1037	0.10336
359	166	-17.829	-120.	138.97	1037	0.10333
360	121	-22.202	-120.	138.16	1037	0.10336
360	147	-20.31	-120.	140.26	1037	0.10332
360	113	-23.261	-120.	139.86	1037	0.10333
361	166	-17.829	-120.	138.97	1037	0.10333
361	177	-15.833	-120.	140.87	1037	0.10329
361	158	-18.742	-120.	140.49	1037	0.10331
362	154	-18.914	-120.	137.77	1037	0.10336
362	132	-21.647	-120.	137.26	1037	0.10337
362	143	-20.59	-120.	135.59	1037	0.10342
363	86	-25.532	-120.	128.87	1041	0.10366
363	71	-26.322	-120.	130.55	1041	0.10359
363	62	-27.196	-120.	127.86	1041	0.1037
364	86	-25.532	-120.	128.87	1041	0.10366
364	62	-27.196	-120.	127.86	1041	0.1037
364	69	-26.429	-120.	126.87	1041	0.10375
365	86	-25.532	-120.	128.87	1041	0.10366
365	69	-26.429	-120.	126.87	1041	0.10375
365	105	-24.331	-120.	127.71	1041	0.10371
366	86	-25.532	-120.	128.87	1041	0.10366
366	105	-24.331	-120.	127.71	1041	0.10371
366	106	-23.83	-120.	129.26	1041	0.10365
367	86	-25.532	-120.	128.87	1041	0.10366
367	106	-23.83	-120.	129.26	1041	0.10365
367	95	-25.087	-120.	131.	1041	0.10357
368	86	-25.532	-120.	128.87	1041	0.10366
368	95	-25.087	-120.	131.	1041	0.10357
368	71	-26.322	-120.	130.55	1041	0.10359
369	105	-24.331	-120.	127.71	1041	0.10371
369	69	-26.429	-120.	126.87	1041	0.10375
369	96	-24.974	-120.	125.04	1041	0.10383
370	71	-26.322	-120.	130.55	1041	0.10359
370	35	-28.656	-120.	129.72	1041	0.10363
370	62	-27.196	-120.	127.86	1041	0.1037
371	95	-25.087	-120.	131.	1041	0.10357
371	106	-23.83	-120.	129.26	1041	0.10365
371	115	-22.777	-120.	131.8	1041	0.10354
372	61	-27.224	-120.	112.18	1056	0.10441
372	100	-24.688	-120.	113.62	1056	0.10435
372	112	-23.336	-120.	109.46	1056	0.10451
373	150	-19.798	-120.	140.81	1065	0.10331
373	157	-18.742	-120.	140.49	1065	0.10331
373	146	-20.31	-120.	140.26	1065	0.10332
374	156	-18.773	-120.	141.82	1065	0.1033
374	169	-17.251	-120.	143.32	1065	0.10329
374	177	-15.833	-120.	140.87	1065	0.10329
375	156	-18.773	-120.	141.82	1065	0.1033
375	177	-15.833	-120.	140.87	1065	0.10329
375	157	-18.742	-120.	140.49	1065	0.10331
376	156	-18.773	-120.	141.82	1065	0.1033
376	157	-18.742	-120.	140.49	1065	0.10331
376	150	-19.798	-120.	140.81	1065	0.10331
377	156	-18.773	-120.	141.82	1065	0.1033
377	150	-19.798	-120.	140.81	1065	0.10331
377	141	-20.774	-120.	142.45	1065	0.10329
378	156	-18.773	-120.	141.82	1065	0.1033
378	141	-20.774	-120.	142.45	1065	0.10329
378	148	-20.24	-120.	142.97	1065	0.10329
379	156	-18.773	-120.	141.82	1065	0.1033
379	148	-20.24	-120.	142.97	1065	0.10329
379	169	-17.251	-120.	143.32	1065	0.10329
380	128	-21.792	-120.	141.43	1065	0.1033
380	99	-24.821	-120.	142.41	1065	0.10329
380	113	-23.261	-120.	139.86	1065	0.10333
381	128	-21.792	-120.	141.43	1065	0.1033
381	113	-23.261	-120.	139.86	1065	0.10333
381	146	-20.31	-120.	140.26	1065	0.10332
382	128	-21.792	-120.	141.43	1065	0.1033
382	146	-20.31	-120.	140.26	1065	0.10332
382	150	-19.798	-120.	140.81	1065	0.10331
383	128	-21.792	-120.	141.43	1065	0.1033
383	150	-19.798	-120.	140.81	1065	0.10331
383	141	-20.774	-120.	142.45	1065	0.10329
384	128	-21.792	-120.	141.43	1065	0.1033
384	141	-20.774	-120.	142.45	1065	0.10329
384	129	-21.791	-120.	142.79	1065	0.10329
385	128	-21.792	-120.	141.43	1065	0.1033
385	129	-21.791	-120.	142.79	1065	0.10329
385	99	-24.821	-120.	142.41	1065	0.10329
386	141	-20.774	-120.	142.45	1065	0.10329
386	129	-21.791	-120.	142.79	1065	0.10329
386	148	-20.24	-120.	142.97	1065	0.10329
387	77	-26.164	-120.	103.72	1069	0.10467
387	79	-26.081	-120.	104.59	1069	0.10465
387	89	-25.369	-120.	103.36	1069	0.10468
388	76	-26.232	-120.	102.02	1069	0.1047
388	47	-27.911	-120.	101.92	1069	0.1047
388	73	-26.285	-120.	99.47	1069	0.10473
389	76	-26.232	-120.	102.02	1069	0.1047
389	73	-26.285	-120.	99.47	1069	0.10473
389	107	-23.785	-120.	100.93	1069	0.10472
390	76	-26.232	-120.	102.02	1069	0.1047
390	107	-23.785	-120.	100.93	1069	0.10472
390	89	-25.369	-120.	103.36	1069	0.10468
391	76	-26.232	-120.	102.02	1069	0.1047
391	89	-25.369	-120.	103.36	1069	0.10468
391	77	-26.164	-120.	103.72	1069	0.10467
392	76	-26.232	-120.	102.02	1069	0.1047
392	77	-26.164	-120.	103.72	1069	0.10467
392	48	-27.878	-120.	102.73	1069	0.10469
393	76	-26.232	-120.	102.02	1069	0.1047
393	48	-27.878	-120.	102.73	1069	0.10469
393	47	-27.911	-120.	101.92	1069	0.1047
394	37	-28.595	-120.	103.11	1069	0.10468
394	48	-27.878	-120.	102.73	1069	0.10469
394	47	-27.911	-120.	101.92	1069	0.1047
395	51	-27.669	-120.	104.51	1069	0.10465
395	20	-29.906	-120.	105.74	1069	0.10462
395	55	-27.388	-120.	107.17	1069	0.10459
396	51	-27.669	-120.	104.51	1069	0.10465
396	55	-27.388	-120.	107.17	1069	0.10459
396	79	-26.081	-120.	104.59	1069	0.10465
397	51	-27.669	-120.	104.51	1069	0.10465
397	79	-26.081	-120.	104.59	1069	0.10465
397	77	-26.164	-120.	103.72	1069	0.10467
398	51	-27.669	-120.	104.51	1069	0.10465
398	77	-26.164	-120.	103.72	1069	0.10467
398	48	-27.878	-120.	102.73	1069	0.10469
399	51	-27.669	-120.	104.51	1069	0.10465
399	48	-27.878	-120.	102.73	1069	0.10469
399	37	-28.595	-120.	103.11	1069	0.10468
400	51	-27.669	-120.	104.51	1069	0.10465
400	37	-28.595	-120.	103.11	1069	0.10468
400	20	-29.906	-120.	105.74	1069	0.10462
401	417	21.839	-120.	142.89	1084	0.1032
401	424	22.411	-120.	142.4	1084	0.1032
401	413	21.536	-120.	141.87	1084	0.10319
402	425	22.428	-120.	144.8	1084	0.10322
402	430	23.336	-120.	147.74	1084	0.10327
402	434	24.064	-120.	143.4	1084	0.10321
403	425	22.428	-120.	144.8	1084	0.10322
403	434	24.064	-120.	143.4	1084	0.10321
403	424	22.411	-120.	142.4	1084	0.1032
404	425	22.428	-120.	144.8	1084	0.10322
404	424	22.411	-120.	142.4	1084	0.1032
404	417	21.839	-120.	142.89	1084	0.1032
405	425	22.428	-120.	144.8	1084	0.10322
405	417	21.839	-120.	142.89	1084	0.1032
405	411	21.309	-120.	145.7	1084	0.10324
406	425	22.428	-120.	144.8	1084	0.10322
406	411	21.309	-120.	145.7	1084	0.10324
406	414	21.609	-120.	146.7	1084	0.10326
407	425	22.428	-120.	144.8	1084	0.10322
407	414	21.609	-120.	146.7	1084	0.10326
407	430	23.336	-120.	147.74	1084	0.10327
408	403	20.72	-120.	143.77	1084	0.10321
408	393	19.016	-120.	145.11	1084	0.10323
408	399	19.899	-120.	140.87	1084	0.10318
409	403	20.72	-120.	143.77	1084	0.10321
409	399	19.899	-120.	140.87	1084	0.10318
409	413	21.536	-120.	141.87	1084	0.10319
410	403	20.72	-120.	143.77	1084	0.10321
410	413	21.536	-120.	141.87	1084	0.10319
410	417	21.839	-120.	142.89	1084	0.1032
411	403	20.72	-120.	143.77	1084	0.10321
411	417	21.839	-120.	142.89	1084	0.1032
411	411	21.309	-120.	145.7	1084	0.10324
412	403	20.72	-120.	143.77	1084	0.10321
412	411	21.309	-120.	145.7	1084	0.10324
412	404	20.723	-120.	146.15	1084	0.10325
413	403	20.72	-120.	143.77	1084	0.10321
413	404	20.723	-120.	146.15	1084	0.10325
413	393	19.016	-120.	145.11	1084	0.10323
414	411	21.309	-120.	145.7	1084	0.10324
414	404	20.723	-120.	146.15	1084	0.10325
414	414	21.609	-120.	146.7	1084	0.10326
415	346	11.663	-120.	147.66	1097	0.10327
415	349	11.922	-120.	148.61	1097	0.1033
415	354	12.635	-120.	148.36	1097	0.1033
416	342	11.047	-120.	150.83	1097	0.10338
416	334	10.335	-120.	151.03	1097	0.10339
416	345	11.293	-120.	151.76	1097	0.10341
417	351	12.422	-120.	150.4	1097	0.10336
417	354	12.635	-120.	148.36	1097	0.1033
417	362	14.46	-120.	149.69	1097	0.10334
418	351	12.422	-120.	150.4	1097	0.10336
418	362	14.46	-120.	149.69	1097	0.10334
418	356	13.174	-120.	153.16	1097	0.10346
419	351	12.422	-120.	150.4	1097	0.10336
419	356	13.174	-120.	153.16	1097	0.10346
419	345	11.293	-120.	151.76	1097	0.10341
420	351	12.422	-120.	150.4	1097	0.10336
420	345	11.293	-120.	151.76	1097	0.10341
420	342	11.047	-120.	150.83	1097	0.10338
421	351	12.422	-120.	150.4	1097	0.10336
421	342	11.047	-120.	150.83	1097	0.10338
421	349	11.922	-120.	148.61	1097	0.1033
422	351	12.422	-120.	150.4	1097	0.10336
422	349	11.922	-120.	148.61	1097	0.1033
422	354	12.635	-120.	148.36	1097	0.1033
423	338	10.553	-120.	149.02	1097	0.10332
423	334	10.335	-120.	151.03	1097	0.10339
423	323	8.4836	-120.	149.65	1097	0.10334
424	338	10.553	-120.	149.02	1097	0.10332
424	323	8.4836	-120.	149.65	1097	0.10334
424	332	9.8655	-120.	146.33	1097	0.10323
425	338	10.553	-120.	149.02	1097	0.10332
425	332	9.8655	-120.	146.33	1097	0.10323
425	346	11.663	-120.	147.66	1097	0.10327
426	338	10.553	-120.	149.02	1097	0.10332
426	346	11.663	-120.	147.66	1097	0.10327
426	349	11.922	-120.	148.61	1097	0.1033
427	338	10.553	-120.	149.02	1097	0.10332
427	349	11.922	-120.	148.61	1097	0.1033
427	342	11.047	-120.	150.83	1097	0.10338
428	338	10.553	-120.	149.02	1097	0.10332
428	342	11.047	-120.	150.83	1097	0.10338
428	334	10.335	-120.	151.03	1097	0.10339
429	393	19.016	-120.	145.11	1104	0.10323
429	399	19.899	-120.	140.87	1104	0.10318
429	375	16.361	-120.	143.44	1104	0.10319
430	436	24.303	-120.	140.3	1108	0.10319
430	440	24.802	-120.	139.73	1108	0.10319
430	438	24.441	-120.	138.64	1108	0.1032
431	450	26.414	-120.	140.68	1108	0.10319
431	455	26.788	-120.	141.73	1108	0.10319
431	457	26.876	-120.	140.1	1108	0.10319
432	446	25.708	-120.	138.62	1108	0.1032
432	438	24.441	-120.	138.64	1108	0.1032
432	439	24.656	-120.	135.59	1108	0.10323
433	446	25.708	-120.	138.62	1108	0.1032
433	439	24.656	-120.	135.59	1108	0.10323
433	460	27.061	-120.	136.97	1108	0.10322
434	446	25.708	-120.	138.62	1108	0.1032
434	460	27.061	-120.	136.97	1108	0.10322
434	457	26.876	-120.	140.1	1108	0.10319
435	446	25.708	-120.	138.62	1108	0.1032
435	457	26.876	-120.	140.1	1108	0.10319
435	450	26.414	-120.	140.68	1108	0.10319
436	446	25.708	-120.	138.62	1108	0.1032
436	450	26.414	-120.	140.68	1108	0.10319
436	440	24.802	-120.	139.73	1108	0.10319
437	446	25.708	-120.	138.62	1108	0.1032
437	440	24.802	-120.	139.73	1108	0.10319
437	438	24.441	-120.	138.64	1108	0.1032
438	445	25.493	-120.	141.79	1108	0.1032
438	455	26.788	-120.	141.73	1108	0.10319
438	452	26.586	-120.	144.91	1108	0.10322
439	445	25.493	-120.	141.79	1108	0.1032
439	452	26.586	-120.	144.91	1108	0.10322
439	434	24.064	-120.	143.4	1108	0.10321
440	445	25.493	-120.	141.79	1108	0.1032
440	434	24.064	-120.	143.4	1108	0.10321
440	436	24.303	-120.	140.3	1108	0.10319
441	445	25.493	-120.	141.79	1108	0.1032
441	436	24.303	-120.	140.3	1108	0.10319
441	440	24.802	-120.	139.73	1108	0.10319
442	445	25.493	-120.	141.79	1108	0.1032
442	440	24.802	-120.	139.73	1108	0.10319
442	450	26.414	-120.	140.68	1108	0.10319
443	445	25.493	-120.	141.79	1108	0.1032
443	450	26.414	-120.	140.68	1108	0.10319
443	455	26.788	-120.	141.73	1108	0.10319
444	88	-25.431	-120.	120.69	1109	0.10403
444	44	-28.087	-120.	123.61	1109	0.10389
444	96	-24.974	-120.	125.04	1109	0.10383
445	362	14.46	-120.	149.69	1115	0.10334
445	356	13.174	-120.	153.16	1115	0.10346
445	380	17.167	-120.	151.53	1115	0.10339
446	308	5.588	-120.	147.24	1140	0.10325
446	323	8.4836	-120.	149.65	1140	0.10334
446	332	9.8655	-120.	146.33	1140	0.10323
447	508	30.804	-120.	116.74	1153	0.10393
447	480	29.255	-120.	116.32	1153	0.10395
447	506	30.803	-120.	114.51	1153	0.10403
448	508	30.804	-120.	116.74	1153	0.10393
448	506	30.803	-120.	114.51	1153	0.10403
448	527	31.894	-120.	115.	1153	0.10401
449	508	30.804	-120.	116.74	1153	0.10393
449	527	31.894	-120.	115.	1153	0.10401
449	532	32.19	-120.	117.81	1153	0.10387
450	508	30.804	-120.	116.74	1153	0.10393
450	532	32.19	-120.	117.81	1153	0.10387
450	515	31.257	-120.	118.83	1153	0.10383
451	508	30.804	-120.	116.74	1153	0.10393
451	515	31.257	-120.	118.83	1153	0.10383
451	487	29.425	-120.	117.94	1153	0.10387
452	508	30.804	-120.	116.74	1153	0.10393
452	487	29.425	-120.	117.94	1153	0.10387
452	480	29.255	-120.	116.32	1153	0.10395
453	532	32.19	-120.	117.81	1153	0.10387
453	527	31.894	-120.	115.	1153	0.10401
453	555	33.96	-120.	115.92	1153	0.10396
454	480	29.255	-120.	116.32	1153	0.10395
454	477	28.754	-120.	113.62	1153	0.10407
454	506	30.803	-120.	114.51	1153	0.10403
455	487	29.425	-120.	117.94	1153	0.10387
455	515	31.257	-120.	118.83	1153	0.10383
455	491	29.497	-120.	120.69	1153	0.10374
456	466	27.921	-120.	96.479	1215	0.10463
456	441	24.832	-120.	93.474	1215	0.10464
456	431	23.352	-120.	95.976	1215	0.10463
457	67	-26.804	-120.	117.53	1253	0.10418
457	66	-26.814	-120.	115.45	1253	0.10427
457	93	-25.189	-120.	116.32	1253	0.10423
458	67	-26.804	-120.	117.53	1253	0.10418
458	93	-25.189	-120.	116.32	1253	0.10423
458	91	-25.359	-120.	117.94	1253	0.10416
459	67	-26.804	-120.	117.53	1253	0.10418
459	91	-25.359	-120.	117.94	1253	0.10416
459	60	-27.268	-120.	119.76	1253	0.10407
460	67	-26.804	-120.	117.53	1253	0.10418
460	60	-27.268	-120.	119.76	1253	0.10407
460	39	-28.244	-120.	119.26	1253	0.1041
461	67	-26.804	-120.	117.53	1253	0.10418
461	39	-28.244	-120.	119.26	1253	0.1041
461	46	-27.948	-120.	116.45	1253	0.10423
462	67	-26.804	-120.	117.53	1253	0.10418
462	46	-27.948	-120.	116.45	1253	0.10423
462	66	-26.814	-120.	115.45	1253	0.10427
463	60	-27.268	-120.	119.76	1253	0.10407
463	91	-25.359	-120.	117.94	1253	0.10416
463	88	-25.431	-120.	120.69	1253	0.10403
464	66	-26.814	-120.	115.45	1253	0.10427
464	100	-24.688	-120.	113.62	1253	0.10435
464	93	-25.189	-120.	116.32	1253	0.10423
465	46	-27.948	-120.	116.45	1253	0.10423
465	39	-28.244	-120.	119.26	1253	0.1041
465	16	-30.093	-120.	118.32	1253	0.10414
466	33	-28.882	-120.	111.23	1255	0.10445
466	61	-27.224	-120.	112.18	1255	0.10441
466	30	-29.43	-120.	114.03	1255	0.10433
467	13	-30.536	-120.	112.93	1255	0.10438
467	33	-28.882	-120.	111.23	1255	0.10445
467	30	-29.43	-120.	114.03	1255	0.10433
468	13	-30.536	-120.	112.93	1255	0.10438
468	30	-29.43	-120.	114.03	1255	0.10433
468	11	-30.578	-120.	114.99	1255	0.10429
469	13	-30.536	-120.	112.93	1255	0.10438
469	11	-30.578	-120.	114.99	1255	0.10429
469	4	-32.421	-120.	113.97	1255	0.10433
470	13	-30.536	-120.	112.93	1255	0.10438
470	4	-32.421	-120.	113.97	1255	0.10433
470	5	-32.159	-120.	112.62	1255	0.10439
471	13	-30.536	-120.	112.93	1255	0.10438
471	5	-32.159	-120.	112.62	1255	0.10439
471	22	-29.748	-120.	110.74	1255	0.10446
472	13	-30.536	-120.	112.93	1255	0.10438
472	22	-29.748	-120.	110.74	1255	0.10446
472	33	-28.882	-120.	111.23	1255	0.10445
473	4	-32.421	-120.	113.97	1255	0.10433
473	11	-30.578	-120.	114.99	1255	0.10429
473	1	-32.805	-120.	116.88	1255	0.1042
474	5	-32.159	-120.	112.62	1255	0.10439
474	7	-31.417	-120.	109.78	1255	0.1045
474	22	-29.748	-120.	110.74	1255	0.10446
475	381	17.43	-120.	91.87	1256	0.10461
475	392	18.881	-120.	89.348	1256	0.10457
475	364	14.983	-120.	87.508	1256	0.1045
476	81	-26.046	-120.	131.25	1264	0.10356
476	94	-25.087	-120.	131.	1264	0.10357
476	72	-26.322	-120.	130.55	1264	0.10359
477	49	-27.864	-120.	131.72	1264	0.10355
477	41	-28.225	-120.	133.31	1264	0.10349
477	10	-30.643	-120.	132.48	1264	0.10353
478	49	-27.864	-120.	131.72	1264	0.10355
478	10	-30.643	-120.	132.48	1264	0.10353
478	35	-28.656	-120.	129.72	1264	0.10363
479	49	-27.864	-120.	131.72	1264	0.10355
479	35	-28.656	-120.	129.72	1264	0.10363
479	72	-26.322	-120.	130.55	1264	0.10359
480	49	-27.864	-120.	131.72	1264	0.10355
480	72	-26.322	-120.	130.55	1264	0.10359
480	81	-26.046	-120.	131.25	1264	0.10356
481	49	-27.864	-120.	131.72	1264	0.10355
481	81	-26.046	-120.	131.25	1264	0.10356
481	58	-27.289	-120.	133.05	1264	0.1035
482	49	-27.864	-120.	131.72	1264	0.10355
482	58	-27.289	-120.	133.05	1264	0.1035
482	41	-28.225	-120.	133.31	1264	0.10349
483	64	-26.981	-120.	133.72	1264	0.10348
483	58	-27.289	-120.	133.05	1264	0.1035
483	41	-28.225	-120.	133.31	1264	0.10349
484	87	-25.462	-120.	132.56	1264	0.10352
484	101	-24.589	-120.	134.53	1264	0.10345
484	115	-22.777	-120.	131.8	1264	0.10354
485	87	-25.462	-120.	132.56	1264	0.10352
485	115	-22.777	-120.	131.8	1264	0.10354
485	94	-25.087	-120.	131.	1264	0.10357
486	87	-25.462	-120.	132.56	1264	0.10352
486	94	-25.087	-120.	131.	1264	0.10357
486	81	-26.046	-120.	131.25	1264	0.10356
487	87	-25.462	-120.	132.56	1264	0.10352
487	81	-26.046	-120.	131.25	1264	0.10356
487	58	-27.289	-120.	133.05	1264	0.1035
488	87	-25.462	-120.	132.56	1264	0.10352
488	58	-27.289	-120.	133.05	1264	0.1035
488	64	-26.981	-120.	133.72	1264	0.10348
489	87	-25.462	-120.	132.56	1264	0.10352
489	64	-26.981	-120.	133.72	1264	0.10348
489	101	-24.589	-120.	134.53	1264	0.10345
490	184	-14.334	-120.	145.42	1276	0.10329
490	186	-13.704	-120.	145.83	1276	0.10329
490	191	-13.215	-120.	145.	1276	0.10328
491	173	-16.43	-120.	146.22	1276	0.10329
491	152	-19.63	-120.	147.46	1276	0.1033
491	181	-14.63	-120.	147.4	1276	0.10331
492	173	-16.43	-120.	146.22	1276	0.10329
492	181	-14.63	-120.	147.4	1276	0.10331
492	186	-13.704	-120.	145.83	1276	0.10329
493	173	-16.43	-120.	146.22	1276	0.10329
493	186	-13.704	-120.	145.83	1276	0.10329
493	184	-14.334	-120.	145.42	1276	0.10329
494	173	-16.43	-120.	146.22	1276	0.10329
494	184	-14.334	-120.	145.42	1276	0.10329
494	168	-17.598	-120.	145.4	1276	0.10329
495	173	-16.43	-120.	146.22	1276	0.10329
495	168	-17.598	-120.	145.4	1276	0.10329
495	160	-18.684	-120.	145.81	1276	0.10329
496	173	-16.43	-120.	146.22	1276	0.10329
496	160	-18.684	-120.	145.81	1276	0.10329
496	152	-19.63	-120.	147.46	1276	0.1033
497	179	-15.481	-120.	144.59	1276	0.10328
497	169	-17.251	-120.	143.32	1276	0.10329
497	197	-12.295	-120.	143.44	1276	0.10326
498	179	-15.481	-120.	144.59	1276	0.10328
498	197	-12.295	-120.	143.44	1276	0.10326
498	191	-13.215	-120.	145.	1276	0.10328
499	179	-15.481	-120.	144.59	1276	0.10328
499	191	-13.215	-120.	145.	1276	0.10328
499	184	-14.334	-120.	145.42	1276	0.10329
500	179	-15.481	-120.	144.59	1276	0.10328
500	184	-14.334	-120.	145.42	1276	0.10329
500	168	-17.598	-120.	145.4	1276	0.10329
501	179	-15.481	-120.	144.59	1276	0.10328
501	168	-17.598	-120.	145.4	1276	0.10329
501	164	-18.192	-120.	144.96	1276	0.10329
502	179	-15.481	-120.	144.59	1276	0.10328
502	164	-18.192	-120.	144.96	1276	0.10329
502	169	-17.251	-120.	143.32	1276	0.10329
503	168	-17.598	-120.	145.4	1276	0.10329
503	164	-18.192	-120.	144.96	1276	0.10329
503	160	-18.684	-120.	145.81	1276	0.10329
504	20	-29.906	-120.	105.74	1287	0.10462
504	7	-31.417	-120.	109.78	1287	0.1045
504	55	-27.388	-120.	107.17	1287	0.10459
505	203	-11.708	-120.	147.15	1310	0.1033
505	191	-13.215	-120.	145.	1310	0.10328
505	211	-10.674	-120.	146.2	1310	0.10329
506	203	-11.708	-120.	147.15	1310	0.1033
506	211	-10.674	-120.	146.2	1310	0.10329
506	216	-9.7773	-120.	147.68	1310	0.10331
507	203	-11.708	-120.	147.15	1310	0.1033
507	216	-9.7773	-120.	147.68	1310	0.10331
507	209	-10.796	-120.	149.39	1310	0.10334
508	203	-11.708	-120.	147.15	1310	0.1033
508	209	-10.796	-120.	149.39	1310	0.10334
508	200	-12.084	-120.	148.78	1310	0.10333
509	203	-11.708	-120.	147.15	1310	0.1033
509	200	-12.084	-120.	148.78	1310	0.10333
509	186	-13.704	-120.	145.83	1310	0.10329
510	203	-11.708	-120.	147.15	1310	0.1033
510	186	-13.704	-120.	145.83	1310	0.10329
510	191	-13.215	-120.	145.	1310	0.10328
511	209	-10.796	-120.	149.39	1310	0.10334
511	216	-9.7773	-120.	147.68	1310	0.10331
511	226	-8.113	-120.	150.47	1310	0.10337
512	191	-13.215	-120.	145.	1310	0.10328
512	197	-12.295	-120.	143.44	1310	0.10326
512	211	-10.674	-120.	146.2	1310	0.10329
513	186	-13.704	-120.	145.83	1310	0.10329
513	200	-12.084	-120.	148.78	1310	0.10333
513	181	-14.63	-120.	147.4	1310	0.10331
514	288	1.8045	-120.	154.98	1350	0.10353
514	311	6.1077	-120.	154.74	1350	0.10353
514	296	3.2389	-120.	152.16	1350	0.10343
515	430	23.336	-120.	147.74	1355	0.10327
515	452	26.586	-120.	144.91	1355	0.10322
515	434	24.064	-120.	143.4	1355	0.10321
516	372	15.89	-120.	146.87	1362	0.10326
516	369	15.629	-120.	145.89	1362	0.10324
516	366	15.218	-120.	147.21	1362	0.10327
517	379	17.139	-120.	146.16	1362	0.10325
517	393	19.016	-120.	145.11	1362	0.10323
517	375	16.361	-120.	143.44	1362	0.10319
518	379	17.139	-120.	146.16	1362	0.10325
518	375	16.361	-120.	143.44	1362	0.10319
518	369	15.629	-120.	145.89	1362	0.10324
519	379	17.139	-120.	146.16	1362	0.10325
519	369	15.629	-120.	145.89	1362	0.10324
519	372	15.89	-120.	146.87	1362	0.10326
520	379	17.139	-120.	146.16	1362	0.10325
520	372	15.89	-120.	146.87	1362	0.10326
520	383	17.646	-120.	148.02	1362	0.10329
521	379	17.139	-120.	146.16	1362	0.10325
521	383	17.646	-120.	148.02	1362	0.10329
521	386	18.289	-120.	147.65	1362	0.10328
522	379	17.139	-120.	146.16	1362	0.10325
522	386	18.289	-120.	147.65	1362	0.10328
522	393	19.016	-120.	145.11	1362	0.10323
523	376	16.383	-120.	148.72	1362	0.10331
523	380	17.167	-120.	151.53	1362	0.10339
523	362	14.46	-120.	149.69	1362	0.10334
524	376	16.383	-120.	148.72	1362	0.10331
524	362	14.46	-120.	149.69	1362	0.10334
524	366	15.218	-120.	147.21	1362	0.10327
525	376	16.383	-120.	148.72	1362	0.10331
525	366	15.218	-120.	147.21	1362	0.10327
525	372	15.89	-120.	146.87	1362	0.10326
526	376	16.383	-120.	148.72	1362	0.10331
526	372	15.89	-120.	146.87	1362	0.10326
526	383	17.646	-120.	148.02	1362	0.10329
527	376	16.383	-120.	148.72	1362	0.10331
527	383	17.646	-120.	148.02	1362	0.10329
527	384	17.918	-120.	148.97	1362	0.10331
528	376	16.383	-120.	148.72	1362	0.10331
528	384	17.918	-120.	148.97	1362	0.10331
528	380	17.167	-120.	151.53	1362	0.10339
529	383	17.646	-120.	148.02	1362	0.10329
529	384	17.918	-120.	148.97	1362	0.10331
529	386	18.289	-120.	147.65	1362	0.10328
530	358	13.591	-120.	146.55	1363	0.10325
530	359	13.941	-120.	144.75	1363	0.1032
530	370	15.629	-120.	145.89	1363	0.10324
531	358	13.591	-120.	146.55	1363	0.10325
531	370	15.629	-120.	145.89	1363	0.10324
531	367	15.218	-120.	147.21	1363	0.10327
532	358	13.591	-120.	146.55	1363	0.10325
532	367	15.218	-120.	147.21	1363	0.10327
532	355	12.635	-120.	148.36	1363	0.1033
533	358	13.591	-120.	146.55	1363	0.10325
533	355	12.635	-120.	148.36	1363	0.1033
533	347	11.663	-120.	147.66	1363	0.10327
534	358	13.591	-120.	146.55	1363	0.10325
534	347	11.663	-120.	147.66	1363	0.10327
534	352	12.46	-120.	145.41	1363	0.10321
535	358	13.591	-120.	146.55	1363	0.10325
535	352	12.46	-120.	145.41	1363	0.10321
535	359	13.941	-120.	144.75	1363	0.1032
536	355	12.635	-120.	148.36	1363	0.1033
536	367	15.218	-120.	147.21	1363	0.10327
536	362	14.46	-120.	149.69	1363	0.10334
537	359	13.941	-120.	144.75	1363	0.1032
537	375	16.361	-120.	143.44	1363	0.10319
537	370	15.629	-120.	145.89	1363	0.10324
538	352	12.46	-120.	145.41	1363	0.10321
538	347	11.663	-120.	147.66	1363	0.10327
538	332	9.8655	-120.	146.33	1363	0.10323
539	172	-16.628	-120.	96.27	1435	0.10472
539	174	-16.334	-120.	97.294	1435	0.10473
539	176	-16.032	-120.	95.811	1435	0.10472
540	167	-17.726	-120.	97.196	1435	0.10473
540	153	-19.369	-120.	98.573	1435	0.10473
540	171	-16.855	-120.	100.05	1435	0.10474
541	167	-17.726	-120.	97.196	1435	0.10473
541	171	-16.855	-120.	100.05	1435	0.10474
541	174	-16.334	-120.	97.294	1435	0.10473
542	167	-17.726	-120.	97.196	1435	0.10473
542	174	-16.334	-120.	97.294	1435	0.10473
542	172	-16.628	-120.	96.27	1435	0.10472
543	167	-17.726	-120.	97.196	1435	0.10473
543	172	-16.628	-120.	96.27	1435	0.10472
543	162	-18.302	-120.	95.252	1435	0.10471
544	167	-17.726	-120.	97.196	1435	0.10473
544	162	-18.302	-120.	95.252	1435	0.10471
544	155	-18.865	-120.	95.735	1435	0.10472
545	167	-17.726	-120.	97.196	1435	0.10473
545	155	-18.865	-120.	95.735	1435	0.10472
545	153	-19.369	-120.	98.573	1435	0.10473
546	170	-17.191	-120.	94.333	1435	0.1047
546	165	-18.085	-120.	91.387	1435	0.10464
546	178	-15.485	-120.	93.018	1435	0.10467
547	170	-17.191	-120.	94.333	1435	0.1047
547	178	-15.485	-120.	93.018	1435	0.10467
547	176	-16.032	-120.	95.811	1435	0.10472
548	170	-17.191	-120.	94.333	1435	0.1047
548	176	-16.032	-120.	95.811	1435	0.10472
548	172	-16.628	-120.	96.27	1435	0.10472
549	170	-17.191	-120.	94.333	1435	0.1047
549	172	-16.628	-120.	96.27	1435	0.10472
549	162	-18.302	-120.	95.252	1435	0.10471
550	170	-17.191	-120.	94.333	1435	0.1047
550	162	-18.302	-120.	95.252	1435	0.10471
550	161	-18.611	-120.	94.262	1435	0.1047
551	170	-17.191	-120.	94.333	1435	0.1047
551	161	-18.611	-120.	94.262	1435	0.1047
551	165	-18.085	-120.	91.387	1435	0.10464
552	162	-18.302	-120.	95.252	1435	0.10471
552	161	-18.611	-120.	94.262	1435	0.1047
552	155	-18.865	-120.	95.735	1435	0.10472
553	183	-14.413	-120.	89.13	1437	0.10456
553	165	-18.085	-120.	91.387	1437	0.10464
553	178	-15.485	-120.	93.018	1437	0.10467
554	272	-0.59171	-120.	88.013	1449	0.10449
554	290	2.2612	-120.	87.855	1449	0.10449
554	285	1.3031	-120.	89.681	1449	0.10456
555	282	0.78947	-120.	85.044	1449	0.10437
555	298	3.7317	-120.	85.064	1449	0.10437
555	292	2.7559	-120.	86.903	1449	0.10445
556	280	0.51125	-120.	86.679	1449	0.10444
556	282	0.78947	-120.	85.044	1449	0.10437
556	292	2.7559	-120.	86.903	1449	0.10445
557	280	0.51125	-120.	86.679	1449	0.10444
557	292	2.7559	-120.	86.903	1449	0.10445
557	290	2.2612	-120.	87.855	1449	0.10449
558	280	0.51125	-120.	86.679	1449	0.10444
558	290	2.2612	-120.	87.855	1449	0.10449
558	272	-0.59171	-120.	88.013	1449	0.10449
559	280	0.51125	-120.	86.679	1449	0.10444
559	272	-0.59171	-120.	88.013	1449	0.10449
559	264	-1.5709	-120.	87.142	1449	0.10446
560	280	0.51125	-120.	86.679	1449	0.10444
560	264	-1.5709	-120.	87.142	1449	0.10446
560	273	-0.57654	-120.	85.119	1449	0.10437
561	280	0.51125	-120.	86.679	1449	0.10444
561	273	-0.57654	-120.	85.119	1449	0.10437
561	282	0.78947	-120.	85.044	1449	0.10437
562	253	-3.4987	-120.	85.463	1449	0.10439
562	273	-0.57654	-120.	85.119	1449	0.10437
562	264	-1.5709	-120.	87.142	1449	0.10446
563	327	9.1417	-120.	90.688	1451	0.10459
563	322	8.4091	-120.	90.519	1451	0.10459
563	329	9.39	-120.	91.764	1451	0.10462
564	325	8.6798	-120.	88.651	1451	0.10452
564	321	8.0152	-120.	85.538	1451	0.1044
564	313	6.5826	-120.	88.167	1451	0.1045
565	325	8.6798	-120.	88.651	1451	0.10452
565	313	6.5826	-120.	88.167	1451	0.1045
565	322	8.4091	-120.	90.519	1451	0.10459
566	325	8.6798	-120.	88.651	1451	0.10452
566	322	8.4091	-120.	90.519	1451	0.10459
566	327	9.1417	-120.	90.688	1451	0.10459
567	325	8.6798	-120.	88.651	1451	0.10452
567	327	9.1417	-120.	90.688	1451	0.10459
567	333	10.073	-120.	89.023	1451	0.10454
568	325	8.6798	-120.	88.651	1451	0.10452
568	333	10.073	-120.	89.023	1451	0.10454
568	330	9.8569	-120.	87.974	1451	0.1045
569	325	8.6798	-120.	88.651	1451	0.10452
569	330	9.8569	-120.	87.974	1451	0.1045
569	321	8.0152	-120.	85.538	1451	0.1044
570	337	10.526	-120.	91.072	1451	0.1046
570	353	12.589	-120.	91.638	1451	0.10461
570	343	11.174	-120.	94.093	1451	0.10468
571	337	10.526	-120.	91.072	1451	0.1046
571	343	11.174	-120.	94.093	1451	0.10468
571	329	9.39	-120.	91.764	1451	0.10462
572	337	10.526	-120.	91.072	1451	0.1046
572	329	9.39	-120.	91.764	1451	0.10462
572	327	9.1417	-120.	90.688	1451	0.10459
573	337	10.526	-120.	91.072	1451	0.1046
573	327	9.1417	-120.	90.688	1451	0.10459
573	333	10.073	-120.	89.023	1451	0.10454
574	337	10.526	-120.	91.072	1451	0.1046
574	333	10.073	-120.	89.023	1451	0.10454
574	339	10.786	-120.	89.228	1451	0.10454
575	337	10.526	-120.	91.072	1451	0.1046
575	339	10.786	-120.	89.228	1451	0.10454
575	353	12.589	-120.	91.638	1451	0.10461
576	333	10.073	-120.	89.023	1451	0.10454
576	339	10.786	-120.	89.228	1451	0.10454
576	330	9.8569	-120.	87.974	1451	0.1045
577	516	31.257	-120.	118.83	1455	0.10383
577	537	32.231	-120.	118.57	1455	0.10384
577	533	32.19	-120.	117.81	1455	0.10387
578	559	34.106	-120.	119.51	1455	0.1038
578	560	34.106	-120.	120.25	1455	0.10376
578	568	35.062	-120.	119.27	1455	0.10381
579	558	34.076	-120.	118.07	1455	0.10386
579	533	32.19	-120.	117.81	1455	0.10387
579	555	33.96	-120.	115.92	1455	0.10396
580	558	34.076	-120.	118.07	1455	0.10386
580	555	33.96	-120.	115.92	1455	0.10396
580	575	36.909	-120.	117.34	1455	0.1039
581	558	34.076	-120.	118.07	1455	0.10386
581	575	36.909	-120.	117.34	1455	0.1039
581	568	35.062	-120.	119.27	1455	0.10381
582	558	34.076	-120.	118.07	1455	0.10386
582	568	35.062	-120.	119.27	1455	0.10381
582	559	34.106	-120.	119.51	1455	0.1038
583	558	34.076	-120.	118.07	1455	0.10386
583	559	34.106	-120.	119.51	1455	0.1038
583	537	32.231	-120.	118.57	1455	0.10384
584	558	34.076	-120.	118.07	1455	0.10386
584	537	32.231	-120.	118.57	1455	0.10384
584	533	32.19	-120.	117.81	1455	0.10387
585	538	32.245	-120.	120.	1455	0.10377
585	560	34.106	-120.	120.25	1455	0.10376
585	539	32.274	-120.	122.15	1455	0.10367
586	538	32.245	-120.	120.	1455	0.10377
586	539	32.274	-120.	122.15	1455	0.10367
586	491	29.497	-120.	120.69	1455	0.10374
587	538	32.245	-120.	120.	1455	0.10377
587	491	29.497	-120.	120.69	1455	0.10374
587	516	31.257	-120.	118.83	1455	0.10383
588	538	32.245	-120.	120.	1455	0.10377
588	516	31.257	-120.	118.83	1455	0.10383
588	537	32.231	-120.	118.57	1455	0.10384
589	538	32.245	-120.	120.	1455	0.10377
589	537	32.231	-120.	118.57	1455	0.10384
589	559	34.106	-120.	119.51	1455	0.1038
590	538	32.245	-120.	120.	1455	0.10377
590	559	34.106	-120.	119.51	1455	0.1038
590	560	34.106	-120.	120.25	1455	0.10376
591	523	31.753	-120.	114.26	1519	0.10404
591	507	30.803	-120.	114.51	1519	0.10403
591	528	31.894	-120.	115.	1519	0.10401
592	518	31.423	-120.	112.87	1519	0.10411
592	511	30.932	-120.	110.76	1519	0.10421
592	477	28.754	-120.	113.62	1519	0.10407
593	518	31.423	-120.	112.87	1519	0.10411
593	477	28.754	-120.	113.62	1519	0.10407
593	507	30.803	-120.	114.51	1519	0.10403
594	518	31.423	-120.	112.87	1519	0.10411
594	507	30.803	-120.	114.51	1519	0.10403
594	523	31.753	-120.	114.26	1519	0.10404
595	518	31.423	-120.	112.87	1519	0.10411
595	523	31.753	-120.	114.26	1519	0.10404
595	548	33.238	-120.	112.39	1519	0.10413
596	518	31.423	-120.	112.87	1519	0.10411
596	548	33.238	-120.	112.39	1519	0.10413
596	545	33.06	-120.	111.67	1519	0.10416
597	518	31.423	-120.	112.87	1519	0.10411
597	545	33.06	-120.	111.67	1519	0.10416
597	511	30.932	-120.	110.76	1519	0.10421
598	551	33.555	-120.	113.8	1519	0.10406
598	573	36.317	-120.	113.07	1519	0.1041
598	555	33.96	-120.	115.92	1519	0.10396
599	551	33.555	-120.	113.8	1519	0.10406
599	555	33.96	-120.	115.92	1519	0.10396
599	528	31.894	-120.	115.	1519	0.10401
600	551	33.555	-120.	113.8	1519	0.10406
600	528	31.894	-120.	115.	1519	0.10401
600	523	31.753	-120.	114.26	1519	0.10404
601	551	33.555	-120.	113.8	1519	0.10406
601	523	31.753	-120.	114.26	1519	0.10404
601	548	33.238	-120.	112.39	1519	0.10413
602	551	33.555	-120.	113.8	1519	0.10406
602	548	33.238	-120.	112.39	1519	0.10413
602	563	34.168	-120.	112.14	1519	0.10414
603	551	33.555	-120.	113.8	1519	0.10406
603	563	34.168	-120.	112.14	1519	0.10414
603	573	36.317	-120.	113.07	1519	0.1041
604	548	33.238	-120.	112.39	1519	0.10413
604	563	34.168	-120.	112.14	1519	0.10414
604	545	33.06	-120.	111.67	1519	0.10416
605	544	33.06	-120.	111.67	1521	0.10416
605	511	30.932	-120.	110.76	1521	0.10421
605	535	32.207	-120.	108.95	1521	0.10428
606	553	33.855	-120.	109.98	1521	0.10424
606	544	33.06	-120.	111.67	1521	0.10416
606	535	32.207	-120.	108.95	1521	0.10428
607	553	33.855	-120.	109.98	1521	0.10424
607	535	32.207	-120.	108.95	1521	0.10428
607	543	32.875	-120.	108.	1521	0.10432
608	553	33.855	-120.	109.98	1521	0.10424
608	543	32.875	-120.	108.	1521	0.10432
608	569	35.206	-120.	108.91	1521	0.10428
609	553	33.855	-120.	109.98	1521	0.10424
609	569	35.206	-120.	108.91	1521	0.10428
609	571	35.614	-120.	110.21	1521	0.10422
610	553	33.855	-120.	109.98	1521	0.10424
610	571	35.614	-120.	110.21	1521	0.10422
610	562	34.168	-120.	112.14	1521	0.10414
611	553	33.855	-120.	109.98	1521	0.10424
611	562	34.168	-120.	112.14	1521	0.10414
611	544	33.06	-120.	111.67	1521	0.10416
612	569	35.206	-120.	108.91	1521	0.10428
612	543	32.875	-120.	108.	1521	0.10432
612	561	34.155	-120.	106.16	1521	0.10439
613	571	35.614	-120.	110.21	1521	0.10422
613	573	36.317	-120.	113.07	1521	0.1041
613	562	34.168	-120.	112.14	1521	0.10414
614	461	27.302	-120.	105.87	1528	0.10441
614	464	27.85	-120.	104.3	1528	0.10446
614	482	29.263	-120.	106.75	1528	0.10437
615	461	27.302	-120.	105.87	1528	0.10441
615	482	29.263	-120.	106.75	1528	0.10437
615	475	28.622	-120.	107.7	1528	0.10434
616	461	27.302	-120.	105.87	1528	0.10441
616	475	28.622	-120.	107.7	1528	0.10434
616	448	26.217	-120.	106.97	1528	0.10437
617	461	27.302	-120.	105.87	1528	0.10441
617	448	26.217	-120.	106.97	1528	0.10437
617	443	25.406	-120.	105.57	1528	0.10442
618	461	27.302	-120.	105.87	1528	0.10441
618	443	25.406	-120.	105.57	1528	0.10442
618	451	26.451	-120.	103.94	1528	0.10448
619	461	27.302	-120.	105.87	1528	0.10441
619	451	26.451	-120.	103.94	1528	0.10448
619	464	27.85	-120.	104.3	1528	0.10446
620	448	26.217	-120.	106.97	1528	0.10437
620	475	28.622	-120.	107.7	1528	0.10434
620	462	27.402	-120.	109.46	1528	0.10426
621	464	27.85	-120.	104.3	1528	0.10446
621	499	30.485	-120.	104.97	1528	0.10444
621	482	29.263	-120.	106.75	1528	0.10437
622	451	26.451	-120.	103.94	1528	0.10448
622	443	25.406	-120.	105.57	1528	0.10442
622	432	23.847	-120.	103.3	1528	0.1045
623	353	12.589	-120.	91.638	1530	0.10461
623	340	10.786	-120.	89.228	1530	0.10454
623	357	13.535	-120.	90.005	1530	0.10457
624	321	8.0152	-120.	85.538	1530	0.1044
624	341	10.891	-120.	86.162	1530	0.10444
624	331	9.8569	-120.	87.974	1530	0.1045
625	364	14.983	-120.	87.508	1530	0.1045
625	360	14.027	-120.	89.153	1530	0.10455
625	350	12.207	-120.	86.534	1530	0.10446
626	348	11.884	-120.	88.176	1530	0.10451
626	357	13.535	-120.	90.005	1530	0.10457
626	340	10.786	-120.	89.228	1530	0.10454
627	348	11.884	-120.	88.176	1530	0.10451
627	340	10.786	-120.	89.228	1530	0.10454
627	331	9.8569	-120.	87.974	1530	0.1045
628	348	11.884	-120.	88.176	1530	0.10451
628	331	9.8569	-120.	87.974	1530	0.1045
628	341	10.891	-120.	86.162	1530	0.10444
629	348	11.884	-120.	88.176	1530	0.10451
629	341	10.891	-120.	86.162	1530	0.10444
629	350	12.207	-120.	86.534	1530	0.10446
630	348	11.884	-120.	88.176	1530	0.10451
630	350	12.207	-120.	86.534	1530	0.10446
630	360	14.027	-120.	89.153	1530	0.10455
631	348	11.884	-120.	88.176	1530	0.10451
631	360	14.027	-120.	89.153	1530	0.10455
631	357	13.535	-120.	90.005	1530	0.10457
632	371	15.86	-120.	93.118	1531	0.10463
632	374	16.06	-120.	94.294	1531	0.10464
632	378	16.533	-120.	93.457	1531	0.10463
633	363	14.571	-120.	92.538	1531	0.10462
633	353	12.589	-120.	91.638	1531	0.10461
633	365	15.169	-120.	95.872	1531	0.10466
634	363	14.571	-120.	92.538	1531	0.10462
634	365	15.169	-120.	95.872	1531	0.10466
634	374	16.06	-120.	94.294	1531	0.10464
635	363	14.571	-120.	92.538	1531	0.10462
635	374	16.06	-120.	94.294	1531	0.10464
635	371	15.86	-120.	93.118	1531	0.10463
636	363	14.571	-120.	92.538	1531	0.10462
636	371	15.86	-120.	93.118	1531	0.10463
636	361	14.21	-120.	90.302	1531	0.10458
637	363	14.571	-120.	92.538	1531	0.10462
637	361	14.21	-120.	90.302	1531	0.10458
637	357	13.535	-120.	90.005	1531	0.10457
638	363	14.571	-120.	92.538	1531	0.10462
638	357	13.535	-120.	90.005	1531	0.10457
638	353	12.589	-120.	91.638	1531	0.10461
639	368	15.507	-120.	90.901	1531	0.10459
639	364	14.983	-120.	87.508	1531	0.1045
639	381	17.43	-120.	91.87	1531	0.10461
640	368	15.507	-120.	90.901	1531	0.10459
640	381	17.43	-120.	91.87	1531	0.10461
640	378	16.533	-120.	93.457	1531	0.10463
641	368	15.507	-120.	90.901	1531	0.10459
641	378	16.533	-120.	93.457	1531	0.10463
641	371	15.86	-120.	93.118	1531	0.10463
642	368	15.507	-120.	90.901	1531	0.10459
642	371	15.86	-120.	93.118	1531	0.10463
642	361	14.21	-120.	90.302	1531	0.10458
643	368	15.507	-120.	90.901	1531	0.10459
643	361	14.21	-120.	90.302	1531	0.10458
643	360	14.027	-120.	89.153	1531	0.10455
644	368	15.507	-120.	90.901	1531	0.10459
644	360	14.027	-120.	89.153	1531	0.10455
644	364	14.983	-120.	87.508	1531	0.1045
645	361	14.21	-120.	90.302	1531	0.10458
645	360	14.027	-120.	89.153	1531	0.10455
645	357	13.535	-120.	90.005	1531	0.10457
646	432	23.847	-120.	103.3	1544	0.1045
646	444	25.409	-120.	100.72	1544	0.10457
646	407	20.921	-120.	100.05	1544	0.10459
647	449	26.403	-120.	99.043	1546	0.1046
647	468	28.095	-120.	101.35	1546	0.10455
647	444	25.409	-120.	100.72	1546	0.10457
648	501	30.617	-120.	99.84	1546	0.10458
648	536	32.209	-120.	102.31	1546	0.10452
648	489	29.49	-120.	101.66	1546	0.10454
649	472	28.556	-120.	99.8	1546	0.10458
649	501	30.617	-120.	99.84	1546	0.10458
649	489	29.49	-120.	101.66	1546	0.10454
650	472	28.556	-120.	99.8	1546	0.10458
650	489	29.49	-120.	101.66	1546	0.10454
650	468	28.095	-120.	101.35	1546	0.10455
651	472	28.556	-120.	99.8	1546	0.10458
651	468	28.095	-120.	101.35	1546	0.10455
651	449	26.403	-120.	99.043	1546	0.1046
652	472	28.556	-120.	99.8	1546	0.10458
652	449	26.403	-120.	99.043	1546	0.1046
652	459	26.924	-120.	98.172	1546	0.10461
653	472	28.556	-120.	99.8	1546	0.10458
653	459	26.924	-120.	98.172	1546	0.10461
653	496	29.807	-120.	98.737	1546	0.1046
654	472	28.556	-120.	99.8	1546	0.10458
654	496	29.807	-120.	98.737	1546	0.1046
654	501	30.617	-120.	99.84	1546	0.10458
655	466	27.921	-120.	96.479	1546	0.10463
655	496	29.807	-120.	98.737	1546	0.1046
655	459	26.924	-120.	98.172	1546	0.10461
656	428	22.931	-120.	98.116	1547	0.10462
656	423	22.388	-120.	97.593	1547	0.10462
656	419	21.882	-120.	98.448	1547	0.10461
657	433	23.908	-120.	99.146	1547	0.1046
657	449	26.403	-120.	99.043	1547	0.1046
657	444	25.409	-120.	100.72	1547	0.10457
658	433	23.908	-120.	99.146	1547	0.1046
658	444	25.409	-120.	100.72	1547	0.10457
658	407	20.921	-120.	100.05	1547	0.10459
659	433	23.908	-120.	99.146	1547	0.1046
659	407	20.921	-120.	100.05	1547	0.10459
659	419	21.882	-120.	98.448	1547	0.10461
660	433	23.908	-120.	99.146	1547	0.1046
660	419	21.882	-120.	98.448	1547	0.10461
660	428	22.931	-120.	98.116	1547	0.10462
661	433	23.908	-120.	99.146	1547	0.1046
661	428	22.931	-120.	98.116	1547	0.10462
661	447	25.899	-120.	98.502	1547	0.10461
662	433	23.908	-120.	99.146	1547	0.1046
662	447	25.899	-120.	98.502	1547	0.10461
662	449	26.403	-120.	99.043	1547	0.1046
663	459	26.924	-120.	98.172	1547	0.10461
663	447	25.899	-120.	98.502	1547	0.10461
663	449	26.403	-120.	99.043	1547	0.1046
664	442	24.902	-120.	97.473	1547	0.10462
664	466	27.921	-120.	96.479	1547	0.10463
664	431	23.352	-120.	95.976	1547	0.10463
665	442	24.902	-120.	97.473	1547	0.10462
665	431	23.352	-120.	95.976	1547	0.10463
665	423	22.388	-120.	97.593	1547	0.10462
666	442	24.902	-120.	97.473	1547	0.10462
666	423	22.388	-120.	97.593	1547	0.10462
666	428	22.931	-120.	98.116	1547	0.10462
667	442	24.902	-120.	97.473	1547	0.10462
667	428	22.931	-120.	98.116	1547	0.10462
667	447	25.899	-120.	98.502	1547	0.10461
668	442	24.902	-120.	97.473	1547	0.10462
668	447	25.899	-120.	98.502	1547	0.10461
668	459	26.924	-120.	98.172	1547	0.10461
669	442	24.902	-120.	97.473	1547	0.10462
669	459	26.924	-120.	98.172	1547	0.10461
669	466	27.921	-120.	96.479	1547	0.10463
670	395	19.847	-120.	97.24	1566	0.10463
670	418	21.882	-120.	98.448	1566	0.10461
670	391	18.828	-120.	98.263	1566	0.10463
671	395	19.847	-120.	97.24	1566	0.10463
671	391	18.828	-120.	98.263	1566	0.10463
671	382	17.516	-120.	97.31	1566	0.10465
672	395	19.847	-120.	97.24	1566	0.10463
672	382	17.516	-120.	97.31	1566	0.10465
672	389	18.369	-120.	95.895	1566	0.10464
673	395	19.847	-120.	97.24	1566	0.10463
673	389	18.369	-120.	95.895	1566	0.10464
673	402	20.101	-120.	95.931	1566	0.10464
674	395	19.847	-120.	97.24	1566	0.10463
674	402	20.101	-120.	95.931	1566	0.10464
674	422	22.388	-120.	97.593	1566	0.10462
675	395	19.847	-120.	97.24	1566	0.10463
675	422	22.388	-120.	97.593	1566	0.10462
675	418	21.882	-120.	98.448	1566	0.10461
676	389	18.369	-120.	95.895	1566	0.10464
676	382	17.516	-120.	97.31	1566	0.10465
676	365	15.169	-120.	95.872	1566	0.10466
677	418	21.882	-120.	98.448	1566	0.10461
677	407	20.921	-120.	100.05	1566	0.10459
677	391	18.828	-120.	98.263	1566	0.10463
678	422	22.388	-120.	97.593	1566	0.10462
678	402	20.101	-120.	95.931	1566	0.10464
678	431	23.352	-120.	95.976	1566	0.10463
679	439	24.656	-120.	135.59	1581	0.10323
679	479	29.242	-120.	133.19	1581	0.10328
679	456	26.843	-120.	131.8	1581	0.10332
680	460	27.061	-120.	136.97	1582	0.10322
680	479	29.242	-120.	133.19	1582	0.10328
680	439	24.656	-120.	135.59	1582	0.10323
681	539	32.274	-120.	122.15	1583	0.10367
681	491	29.497	-120.	120.69	1583	0.10374
681	478	29.04	-120.	125.04	1583	0.10355
682	556	34.028	-120.	123.11	1585	0.10363
682	539	32.274	-120.	122.15	1585	0.10367
682	560	34.106	-120.	120.25	1585	0.10376
683	570	35.354	-120.	121.36	1585	0.10371
683	556	34.028	-120.	123.11	1585	0.10363
683	560	34.106	-120.	120.25	1585	0.10376
684	570	35.354	-120.	121.36	1585	0.10371
684	560	34.106	-120.	120.25	1585	0.10376
684	568	35.062	-120.	119.27	1585	0.10381
685	570	35.354	-120.	121.36	1585	0.10371
685	568	35.062	-120.	119.27	1585	0.10381
685	577	37.01	-120.	120.28	1585	0.10376
686	570	35.354	-120.	121.36	1585	0.10371
686	577	37.01	-120.	120.28	1585	0.10376
686	576	36.972	-120.	121.65	1585	0.1037
687	570	35.354	-120.	121.36	1585	0.10371
687	576	36.972	-120.	121.65	1585	0.1037
687	566	34.943	-120.	123.6	1585	0.10361
688	570	35.354	-120.	121.36	1585	0.10371
688	566	34.943	-120.	123.6	1585	0.10361
688	556	34.028	-120.	123.11	1585	0.10363
689	577	37.01	-120.	120.28	1585	0.10376
689	568	35.062	-120.	119.27	1585	0.10381
689	575	36.909	-120.	117.34	1585	0.1039
690	576	36.972	-120.	121.65	1585	0.1037
690	574	36.709	-120.	124.58	1585	0.10358
690	566	34.943	-120.	123.6	1585	0.10361
691	524	31.758	-120.	125.71	1588	0.10353
691	503	30.725	-120.	125.95	1588	0.10352
691	519	31.619	-120.	126.45	1588	0.1035
692	552	33.712	-120.	125.26	1588	0.10354
692	565	34.943	-120.	123.6	1588	0.10361
692	574	36.709	-120.	124.58	1588	0.10358
693	552	33.712	-120.	125.26	1588	0.10354
693	574	36.709	-120.	124.58	1588	0.10358
693	549	33.314	-120.	127.38	1588	0.10346
694	552	33.712	-120.	125.26	1588	0.10354
694	549	33.314	-120.	127.38	1588	0.10346
694	519	31.619	-120.	126.45	1588	0.1035
695	552	33.712	-120.	125.26	1588	0.10354
695	519	31.619	-120.	126.45	1588	0.1035
695	524	31.758	-120.	125.71	1588	0.10353
696	552	33.712	-120.	125.26	1588	0.10354
696	524	31.758	-120.	125.71	1588	0.10353
696	554	33.93	-120.	123.84	1588	0.1036
697	552	33.712	-120.	125.26	1588	0.10354
697	554	33.93	-120.	123.84	1588	0.1036
697	565	34.943	-120.	123.6	1588	0.10361
698	557	34.028	-120.	123.11	1588	0.10363
698	554	33.93	-120.	123.84	1588	0.1036
698	565	34.943	-120.	123.6	1588	0.10361
699	530	31.959	-120.	124.3	1588	0.10358
699	539	32.274	-120.	122.15	1588	0.10367
699	478	29.04	-120.	125.04	1588	0.10355
700	530	31.959	-120.	124.3	1588	0.10358
700	478	29.04	-120.	125.04	1588	0.10355
700	503	30.725	-120.	125.95	1588	0.10352
701	530	31.959	-120.	124.3	1588	0.10358
701	503	30.725	-120.	125.95	1588	0.10352
701	524	31.758	-120.	125.71	1588	0.10353
702	530	31.959	-120.	124.3	1588	0.10358
702	524	31.758	-120.	125.71	1588	0.10353
702	554	33.93	-120.	123.84	1588	0.1036
703	530	31.959	-120.	124.3	1588	0.10358
703	554	33.93	-120.	123.84	1588	0.1036
703	557	34.028	-120.	123.11	1588	0.10363
704	530	31.959	-120.	124.3	1588	0.10358
704	557	34.028	-120.	123.11	1588	0.10363
704	539	32.274	-120.	122.15	1588	0.10367
705	549	33.314	-120.	127.38	1589	0.10346
705	572	35.883	-120.	128.81	1589	0.10342
705	574	36.709	-120.	124.58	1589	0.10358
706	495	29.794	-120.	128.1	1591	0.10344
706	470	28.397	-120.	127.71	1591	0.10345
706	502	30.725	-120.	125.95	1591	0.10352
707	495	29.794	-120.	128.1	1591	0.10344
707	502	30.725	-120.	125.95	1591	0.10352
707	520	31.619	-120.	126.45	1591	0.1035
708	495	29.794	-120.	128.1	1591	0.10344
708	520	31.619	-120.	126.45	1591	0.1035
708	505	30.745	-120.	129.14	1591	0.1034
709	495	29.794	-120.	128.1	1591	0.10344
709	505	30.745	-120.	129.14	1591	0.1034
709	485	29.384	-120.	130.08	1591	0.10337
710	495	29.794	-120.	128.1	1591	0.10344
710	485	29.384	-120.	130.08	1591	0.10337
710	465	27.896	-120.	129.26	1591	0.1034
711	495	29.794	-120.	128.1	1591	0.10344
711	465	27.896	-120.	129.26	1591	0.1034
711	470	28.397	-120.	127.71	1591	0.10345
712	505	30.745	-120.	129.14	1591	0.1034
712	520	31.619	-120.	126.45	1591	0.1035
712	549	33.314	-120.	127.38	1591	0.10346
713	470	28.397	-120.	127.71	1591	0.10345
713	478	29.04	-120.	125.04	1591	0.10355
713	502	30.725	-120.	125.95	1591	0.10352
714	465	27.896	-120.	129.26	1591	0.1034
714	485	29.384	-120.	130.08	1591	0.10337
714	456	26.843	-120.	131.8	1591	0.10332
715	500	30.508	-120.	129.85	1592	0.10338
715	504	30.745	-120.	129.14	1592	0.1034
715	484	29.384	-120.	130.08	1592	0.10337
716	540	32.636	-120.	129.42	1592	0.10339
716	572	35.883	-120.	128.81	1592	0.10342
716	549	33.314	-120.	127.38	1592	0.10346
717	540	32.636	-120.	129.42	1592	0.10339
717	549	33.314	-120.	127.38	1592	0.10346
717	504	30.745	-120.	129.14	1592	0.1034
718	540	32.636	-120.	129.42	1592	0.10339
718	504	30.745	-120.	129.14	1592	0.1034
718	500	30.508	-120.	129.85	1592	0.10338
719	540	32.636	-120.	129.42	1592	0.10339
719	500	30.508	-120.	129.85	1592	0.10338
719	531	32.136	-120.	130.77	1592	0.10335
720	540	32.636	-120.	129.42	1592	0.10339
720	531	32.136	-120.	130.77	1592	0.10335
720	547	33.229	-120.	130.57	1592	0.10336
721	540	32.636	-120.	129.42	1592	0.10339
721	547	33.229	-120.	130.57	1592	0.10336
721	572	35.883	-120.	128.81	1592	0.10342
722	497	29.996	-120.	131.19	1592	0.10334
722	479	29.242	-120.	133.19	1592	0.10328
722	456	26.843	-120.	131.8	1592	0.10332
723	497	29.996	-120.	131.19	1592	0.10334
723	456	26.843	-120.	131.8	1592	0.10332
723	484	29.384	-120.	130.08	1592	0.10337
724	497	29.996	-120.	131.19	1592	0.10334
724	484	29.384	-120.	130.08	1592	0.10337
724	500	30.508	-120.	129.85	1592	0.10338
725	497	29.996	-120.	131.19	1592	0.10334
725	500	30.508	-120.	129.85	1592	0.10338
725	531	32.136	-120.	130.77	1592	0.10335
726	497	29.996	-120.	131.19	1592	0.10334
726	531	32.136	-120.	130.77	1592	0.10335
726	525	31.866	-120.	131.46	1592	0.10333
727	497	29.996	-120.	131.19	1592	0.10334
727	525	31.866	-120.	131.46	1592	0.10333
727	479	29.242	-120.	133.19	1592	0.10328
728	531	32.136	-120.	130.77	1592	0.10335
728	525	31.866	-120.	131.46	1592	0.10333
728	547	33.229	-120.	130.57	1592	0.10336
729	494	29.577	-120.	107.44	1594	0.10435
729	481	29.263	-120.	106.75	1594	0.10437
729	474	28.622	-120.	107.7	1594	0.10434
730	517	31.382	-120.	106.93	1594	0.10437
730	561	34.155	-120.	106.16	1594	0.10439
730	499	30.485	-120.	104.97	1594	0.10444
731	517	31.382	-120.	106.93	1594	0.10437
731	499	30.485	-120.	104.97	1594	0.10444
731	481	29.263	-120.	106.75	1594	0.10437
732	517	31.382	-120.	106.93	1594	0.10437
732	481	29.263	-120.	106.75	1594	0.10437
732	494	29.577	-120.	107.44	1594	0.10435
733	517	31.382	-120.	106.93	1594	0.10437
733	494	29.577	-120.	107.44	1594	0.10435
733	529	31.935	-120.	108.26	1594	0.10431
734	517	31.382	-120.	106.93	1594	0.10437
734	529	31.935	-120.	108.26	1594	0.10431
734	542	32.875	-120.	108.	1594	0.10432
735	517	31.382	-120.	106.93	1594	0.10437
735	542	32.875	-120.	108.	1594	0.10432
735	561	34.155	-120.	106.16	1594	0.10439
736	498	30.113	-120.	108.76	1594	0.10429
736	511	30.932	-120.	110.76	1594	0.10421
736	462	27.402	-120.	109.46	1594	0.10426
737	498	30.113	-120.	108.76	1594	0.10429
737	462	27.402	-120.	109.46	1594	0.10426
737	474	28.622	-120.	107.7	1594	0.10434
738	498	30.113	-120.	108.76	1594	0.10429
738	474	28.622	-120.	107.7	1594	0.10434
738	494	29.577	-120.	107.44	1594	0.10435
739	498	30.113	-120.	108.76	1594	0.10429
739	494	29.577	-120.	107.44	1594	0.10435
739	529	31.935	-120.	108.26	1594	0.10431
740	498	30.113	-120.	108.76	1594	0.10429
740	529	31.935	-120.	108.26	1594	0.10431
740	534	32.207	-120.	108.95	1594	0.10428
741	498	30.113	-120.	108.76	1594	0.10429
741	534	32.207	-120.	108.95	1594	0.10428
741	511	30.932	-120.	110.76	1594	0.10421
742	529	31.935	-120.	108.26	1594	0.10431
742	534	32.207	-120.	108.95	1594	0.10428
742	542	32.875	-120.	108.	1594	0.10432
743	477	28.754	-120.	113.62	1595	0.10407
743	511	30.932	-120.	110.76	1595	0.10421
743	462	27.402	-120.	109.46	1595	0.10426
744	561	34.155	-120.	106.16	1598	0.10439
744	536	32.209	-120.	102.31	1598	0.10452
744	499	30.485	-120.	104.97	1598	0.10444
745	107	-23.785	-120.	100.93	1649	0.10472
745	110	-23.545	-120.	96.143	1649	0.10473
745	73	-26.285	-120.	99.47	1649	0.10473
746	136	-21.358	-120.	102.37	1650	0.1047
746	130	-21.726	-120.	101.28	1650	0.10471
746	123	-22.197	-120.	101.87	1650	0.10471
747	133	-21.51	-120.	98.163	1650	0.10473
747	138	-21.019	-120.	97.611	1650	0.10473
747	125	-21.878	-120.	97.108	1650	0.10473
748	119	-22.44	-120.	99.25	1650	0.10473
748	123	-22.197	-120.	101.87	1650	0.10471
748	107	-23.785	-120.	100.93	1650	0.10472
749	119	-22.44	-120.	99.25	1650	0.10473
749	107	-23.785	-120.	100.93	1650	0.10472
749	110	-23.545	-120.	96.143	1650	0.10473
750	119	-22.44	-120.	99.25	1650	0.10473
750	110	-23.545	-120.	96.143	1650	0.10473
750	125	-21.878	-120.	97.108	1650	0.10473
751	119	-22.44	-120.	99.25	1650	0.10473
751	125	-21.878	-120.	97.108	1650	0.10473
751	133	-21.51	-120.	98.163	1650	0.10473
752	119	-22.44	-120.	99.25	1650	0.10473
752	133	-21.51	-120.	98.163	1650	0.10473
752	130	-21.726	-120.	101.28	1650	0.10471
753	119	-22.44	-120.	99.25	1650	0.10473
753	130	-21.726	-120.	101.28	1650	0.10471
753	123	-22.197	-120.	101.87	1650	0.10471
754	140	-20.794	-120.	100.22	1650	0.10472
754	138	-21.019	-120.	97.611	1650	0.10473
754	153	-19.369	-120.	98.573	1650	0.10473
755	140	-20.794	-120.	100.22	1650	0.10472
755	153	-19.369	-120.	98.573	1650	0.10473
755	151	-19.781	-120.	103.3	1650	0.10469
756	140	-20.794	-120.	100.22	1650	0.10472
756	151	-19.781	-120.	103.3	1650	0.10469
756	136	-21.358	-120.	102.37	1650	0.1047
757	140	-20.794	-120.	100.22	1650	0.10472
757	136	-21.358	-120.	102.37	1650	0.1047
757	130	-21.726	-120.	101.28	1650	0.10471
758	140	-20.794	-120.	100.22	1650	0.10472
758	130	-21.726	-120.	101.28	1650	0.10471
758	133	-21.51	-120.	98.163	1650	0.10473
759	140	-20.794	-120.	100.22	1650	0.10472
759	133	-21.51	-120.	98.163	1650	0.10473
759	138	-21.019	-120.	97.611	1650	0.10473
760	171	-16.855	-120.	100.05	1654	0.10474
760	153	-19.369	-120.	98.573	1654	0.10473
760	151	-19.781	-120.	103.3	1654	0.10469
761	221	-8.7706	-120.	146.81	1667	0.10329
761	229	-7.1945	-120.	148.83	1667	0.10333
761	217	-9.7773	-120.	147.68	1667	0.10331
762	221	-8.7706	-120.	146.81	1667	0.10329
762	217	-9.7773	-120.	147.68	1667	0.10331
762	212	-10.674	-120.	146.2	1667	0.10329
763	221	-8.7706	-120.	146.81	1667	0.10329
763	212	-10.674	-120.	146.2	1667	0.10329
763	215	-9.8754	-120.	144.75	1667	0.10326
764	221	-8.7706	-120.	146.81	1667	0.10329
764	215	-9.8754	-120.	144.75	1667	0.10326
764	224	-8.3944	-120.	145.41	1667	0.10326
765	221	-8.7706	-120.	146.81	1667	0.10329
765	224	-8.3944	-120.	145.41	1667	0.10326
765	233	-6.7075	-120.	147.97	1667	0.1033
766	221	-8.7706	-120.	146.81	1667	0.10329
766	233	-6.7075	-120.	147.97	1667	0.1033
766	229	-7.1945	-120.	148.83	1667	0.10333
767	215	-9.8754	-120.	144.75	1667	0.10326
767	212	-10.674	-120.	146.2	1667	0.10329
767	197	-12.295	-120.	143.44	1667	0.10326
768	229	-7.1945	-120.	148.83	1667	0.10333
768	226	-8.113	-120.	150.47	1667	0.10337
768	217	-9.7773	-120.	147.68	1667	0.10331
769	233	-6.7075	-120.	147.97	1667	0.1033
769	224	-8.3944	-120.	145.41	1667	0.10326
769	240	-5.7995	-120.	146.33	1667	0.10326
770	486	29.388	-120.	135.79	1726	0.10323
770	479	29.242	-120.	133.19	1726	0.10328
770	460	27.061	-120.	136.97	1726	0.10322
771	486	29.388	-120.	135.79	1726	0.10323
771	460	27.061	-120.	136.97	1726	0.10322
771	476	28.693	-120.	137.9	1726	0.10321
772	486	29.388	-120.	135.79	1726	0.10323
772	476	28.693	-120.	137.9	1726	0.10321
772	492	29.517	-120.	137.53	1726	0.10321
773	486	29.388	-120.	135.79	1726	0.10323
773	492	29.517	-120.	137.53	1726	0.10321
773	512	30.952	-120.	135.04	1726	0.10325
774	486	29.388	-120.	135.79	1726	0.10323
774	512	30.952	-120.	135.04	1726	0.10325
774	509	30.864	-120.	134.14	1726	0.10327
775	486	29.388	-120.	135.79	1726	0.10323
775	509	30.864	-120.	134.14	1726	0.10327
775	479	29.242	-120.	133.19	1726	0.10328
776	513	31.043	-120.	136.75	1726	0.10322
776	550	33.344	-120.	135.59	1726	0.10324
776	514	31.189	-120.	139.32	1726	0.1032
777	513	31.043	-120.	136.75	1726	0.10322
777	514	31.189	-120.	139.32	1726	0.1032
777	493	29.543	-120.	138.38	1726	0.1032
778	513	31.043	-120.	136.75	1726	0.10322
778	493	29.543	-120.	138.38	1726	0.1032
778	492	29.517	-120.	137.53	1726	0.10321
779	513	31.043	-120.	136.75	1726	0.10322
779	492	29.517	-120.	137.53	1726	0.10321
779	512	30.952	-120.	135.04	1726	0.10325
780	513	31.043	-120.	136.75	1726	0.10322
780	512	30.952	-120.	135.04	1726	0.10325
780	521	31.71	-120.	134.63	1726	0.10326
781	513	31.043	-120.	136.75	1726	0.10322
781	521	31.71	-120.	134.63	1726	0.10326
781	550	33.344	-120.	135.59	1726	0.10324
782	492	29.517	-120.	137.53	1726	0.10321
782	476	28.693	-120.	137.9	1726	0.10321
782	493	29.543	-120.	138.38	1726	0.1032
783	512	30.952	-120.	135.04	1726	0.10325
783	521	31.71	-120.	134.63	1726	0.10326
783	509	30.864	-120.	134.14	1726	0.10327
784	476	28.693	-120.	137.9	1744	0.10321
784	458	26.876	-120.	140.1	1744	0.10319
784	460	27.061	-120.	136.97	1744	0.10322
785	473	28.593	-120.	142.76	1744	0.1032
785	452	26.586	-120.	144.91	1744	0.10322
785	454	26.788	-120.	141.73	1744	0.10319
786	469	28.326	-120.	140.43	1744	0.10319
786	473	28.593	-120.	142.76	1744	0.1032
786	454	26.788	-120.	141.73	1744	0.10319
787	469	28.326	-120.	140.43	1744	0.10319
787	454	26.788	-120.	141.73	1744	0.10319
787	458	26.876	-120.	140.1	1744	0.10319
788	469	28.326	-120.	140.43	1744	0.10319
788	458	26.876	-120.	140.1	1744	0.10319
788	476	28.693	-120.	137.9	1744	0.10321
789	469	28.326	-120.	140.43	1744	0.10319
789	476	28.693	-120.	137.9	1744	0.10321
789	493	29.543	-120.	138.38	1744	0.1032
790	469	28.326	-120.	140.43	1744	0.10319
790	493	29.543	-120.	138.38	1744	0.1032
790	488	29.463	-120.	141.7	1744	0.10319
791	469	28.326	-120.	140.43	1744	0.10319
791	488	29.463	-120.	141.7	1744	0.10319
791	473	28.593	-120.	142.76	1744	0.1032
792	514	31.189	-120.	139.32	1744	0.1032
792	488	29.463	-120.	141.7	1744	0.10319
792	493	29.543	-120.	138.38	1744	0.1032
793	390	18.671	-120.	94.527	1810	0.10464
793	388	18.369	-120.	95.895	1810	0.10464
793	373	16.06	-120.	94.294	1810	0.10464
794	390	18.671	-120.	94.527	1810	0.10464
794	373	16.06	-120.	94.294	1810	0.10464
794	377	16.533	-120.	93.457	1810	0.10463
795	390	18.671	-120.	94.527	1810	0.10464
795	377	16.533	-120.	93.457	1810	0.10463
795	397	19.897	-120.	93.386	1810	0.10463
796	390	18.671	-120.	94.527	1810	0.10464
796	397	19.897	-120.	93.386	1810	0.10463
796	409	21.067	-120.	94.197	1810	0.10463
797	390	18.671	-120.	94.527	1810	0.10464
797	409	21.067	-120.	94.197	1810	0.10463
797	401	20.101	-120.	95.931	1810	0.10464
798	390	18.671	-120.	94.527	1810	0.10464
798	401	20.101	-120.	95.931	1810	0.10464
798	388	18.369	-120.	95.895	1810	0.10464
799	397	19.897	-120.	93.386	1810	0.10463
799	377	16.533	-120.	93.457	1810	0.10463
799	381	17.43	-120.	91.87	1810	0.10461
800	388	18.369	-120.	95.895	1810	0.10464
800	365	15.169	-120.	95.872	1810	0.10466
800	373	16.06	-120.	94.294	1810	0.10464
801	401	20.101	-120.	95.931	1810	0.10464
801	409	21.067	-120.	94.197	1810	0.10463
801	431	23.352	-120.	95.976	1810	0.10463
802	406	20.74	-120.	93.354	1811	0.10463
802	398	19.897	-120.	93.386	1811	0.10463
802	410	21.067	-120.	94.197	1811	0.10463
803	400	20.015	-120.	91.744	1811	0.10461
803	392	18.881	-120.	89.348	1811	0.10457
803	381	17.43	-120.	91.87	1811	0.10461
804	400	20.015	-120.	91.744	1811	0.10461
804	381	17.43	-120.	91.87	1811	0.10461
804	398	19.897	-120.	93.386	1811	0.10463
805	400	20.015	-120.	91.744	1811	0.10461
805	398	19.897	-120.	93.386	1811	0.10463
805	406	20.74	-120.	93.354	1811	0.10463
806	400	20.015	-120.	91.744	1811	0.10461
806	406	20.74	-120.	93.354	1811	0.10463
806	416	21.743	-120.	91.638	1811	0.10462
807	400	20.015	-120.	91.744	1811	0.10461
807	416	21.743	-120.	91.638	1811	0.10462
807	412	21.398	-120.	90.871	1811	0.10461
808	400	20.015	-120.	91.744	1811	0.10461
808	412	21.398	-120.	90.871	1811	0.10461
808	392	18.881	-120.	89.348	1811	0.10457
809	421	22.376	-120.	93.382	1811	0.10463
809	441	24.832	-120.	93.474	1811	0.10464
809	431	23.352	-120.	95.976	1811	0.10463
810	421	22.376	-120.	93.382	1811	0.10463
810	431	23.352	-120.	95.976	1811	0.10463
810	410	21.067	-120.	94.197	1811	0.10463
811	421	22.376	-120.	93.382	1811	0.10463
811	410	21.067	-120.	94.197	1811	0.10463
811	406	20.74	-120.	93.354	1811	0.10463
812	421	22.376	-120.	93.382	1811	0.10463
812	406	20.74	-120.	93.354	1811	0.10463
812	416	21.743	-120.	91.638	1811	0.10462
813	421	22.376	-120.	93.382	1811	0.10463
813	416	21.743	-120.	91.638	1811	0.10462
813	426	22.522	-120.	91.651	1811	0.10462
814	421	22.376	-120.	93.382	1811	0.10463
814	426	22.522	-120.	91.651	1811	0.10462
814	441	24.832	-120.	93.474	1811	0.10464
815	416	21.743	-120.	91.638	1811	0.10462
815	426	22.522	-120.	91.651	1811	0.10462
815	412	21.398	-120.	90.871	1811	0.10461
