小面	点	X坐标 (mm)	Y坐标 (mm)	Z坐标 (mm)	单元数	定向变形 (mm)
0	256	-2.9777	-120.	149.89	577	0.11472
0	268	-1.0913	-120.	151.9	577	0.11507
0	252	-3.9312	-120.	151.58	577	0.11498
1	288	1.8045	-120.	154.98	577	0.11596
1	267	-1.1343	-120.	154.83	577	0.11573
1	276	-0.11815	-120.	152.95	577	0.11533
2	243	-5.3928	-120.	154.18	577	0.11533
2	248	-4.4252	-120.	152.47	577	0.11511
2	259	-2.4941	-120.	154.68	577	0.11562
3	261	-2.1991	-120.	153.07	577	0.11529
3	252	-3.9312	-120.	151.58	577	0.11498
3	268	-1.0913	-120.	151.9	577	0.11507
4	261	-2.1991	-120.	153.07	577	0.11529
4	268	-1.0913	-120.	151.9	577	0.11507
4	276	-0.11815	-120.	152.95	577	0.11533
5	261	-2.1991	-120.	153.07	577	0.11529
5	276	-0.11815	-120.	152.95	577	0.11533
5	267	-1.1343	-120.	154.83	577	0.11573
6	261	-2.1991	-120.	153.07	577	0.11529
6	267	-1.1343	-120.	154.83	577	0.11573
6	259	-2.4941	-120.	154.68	577	0.11562
7	261	-2.1991	-120.	153.07	577	0.11529
7	259	-2.4941	-120.	154.68	577	0.11562
7	248	-4.4252	-120.	152.47	577	0.11511
8	261	-2.1991	-120.	153.07	577	0.11529
8	248	-4.4252	-120.	152.47	577	0.11511
8	252	-3.9312	-120.	151.58	577	0.11498
9	526	31.866	-120.	131.46	610	0.10909
9	510	30.864	-120.	134.14	610	0.10925
9	479	29.242	-120.	133.19	610	0.10916
10	564	34.544	-120.	132.9	610	0.10919
10	550	33.344	-120.	135.59	610	0.10945
10	522	31.71	-120.	134.63	610	0.10932
11	541	32.873	-120.	132.56	610	0.10915
11	564	34.544	-120.	132.9	610	0.10919
11	522	31.71	-120.	134.63	610	0.10932
12	541	32.873	-120.	132.56	610	0.10915
12	522	31.71	-120.	134.63	610	0.10932
12	510	30.864	-120.	134.14	610	0.10925
13	541	32.873	-120.	132.56	610	0.10915
13	510	30.864	-120.	134.14	610	0.10925
13	526	31.866	-120.	131.46	610	0.10909
14	541	32.873	-120.	132.56	610	0.10915
14	526	31.866	-120.	131.46	610	0.10909
14	546	33.229	-120.	130.57	610	0.10909
15	541	32.873	-120.	132.56	610	0.10915
15	546	33.229	-120.	130.57	610	0.10909
15	567	35.024	-120.	131.62	610	0.10914
16	541	32.873	-120.	132.56	610	0.10915
16	567	35.024	-120.	131.62	610	0.10914
16	564	34.544	-120.	132.9	610	0.10919
17	572	35.883	-120.	128.81	610	0.10919
17	567	35.024	-120.	131.62	610	0.10914
17	546	33.229	-120.	130.57	610	0.10909
18	109	-23.556	-120.	106.6	619	0.128
18	124	-22.151	-120.	106.97	619	0.128
18	98	-24.934	-120.	108.56	619	0.12804
19	109	-23.556	-120.	106.6	619	0.128
19	98	-24.934	-120.	108.56	619	0.12804
19	83	-25.781	-120.	108.08	619	0.12805
20	109	-23.556	-120.	106.6	619	0.128
20	83	-25.781	-120.	108.08	619	0.12805
20	104	-24.368	-120.	105.63	619	0.12793
21	109	-23.556	-120.	106.6	619	0.128
21	104	-24.368	-120.	105.63	619	0.12793
21	117	-22.763	-120.	104.8	619	0.12785
22	109	-23.556	-120.	106.6	619	0.128
22	117	-22.763	-120.	104.8	619	0.12785
22	137	-21.34	-120.	105.57	619	0.12792
23	109	-23.556	-120.	106.6	619	0.128
23	137	-21.34	-120.	105.57	619	0.12792
23	124	-22.151	-120.	106.97	619	0.128
24	104	-24.368	-120.	105.63	619	0.12793
24	83	-25.781	-120.	108.08	619	0.12805
24	55	-27.388	-120.	107.17	619	0.12802
25	124	-22.151	-120.	106.97	619	0.128
25	112	-23.336	-120.	109.46	619	0.12799
25	98	-24.934	-120.	108.56	619	0.12804
26	137	-21.34	-120.	105.57	619	0.12792
26	117	-22.763	-120.	104.8	619	0.12785
26	151	-19.781	-120.	103.3	619	0.12764
27	153	-19.369	-120.	98.573	622	0.12641
27	139	-21.019	-120.	97.611	622	0.1261
27	155	-18.865	-120.	95.735	622	0.12536
28	110	-23.545	-120.	96.143	622	0.12559
28	134	-21.451	-120.	94.077	622	0.12472
28	126	-21.878	-120.	97.108	622	0.12592
29	165	-18.085	-120.	91.387	622	0.12345
29	161	-18.611	-120.	94.262	622	0.12476
29	144	-20.419	-120.	93.178	622	0.12432
30	145	-20.374	-120.	95.329	622	0.12522
30	155	-18.865	-120.	95.735	622	0.12536
30	139	-21.019	-120.	97.611	622	0.1261
31	145	-20.374	-120.	95.329	622	0.12522
31	139	-21.019	-120.	97.611	622	0.1261
31	126	-21.878	-120.	97.108	622	0.12592
32	145	-20.374	-120.	95.329	622	0.12522
32	126	-21.878	-120.	97.108	622	0.12592
32	134	-21.451	-120.	94.077	622	0.12472
33	145	-20.374	-120.	95.329	622	0.12522
33	134	-21.451	-120.	94.077	622	0.12472
33	144	-20.419	-120.	93.178	622	0.12432
34	145	-20.374	-120.	95.329	622	0.12522
34	144	-20.419	-120.	93.178	622	0.12432
34	161	-18.611	-120.	94.262	622	0.12476
35	145	-20.374	-120.	95.329	622	0.12522
35	161	-18.611	-120.	94.262	622	0.12476
35	155	-18.865	-120.	95.735	622	0.12536
36	285	1.3031	-120.	89.681	635	0.12236
36	275	-0.15357	-120.	92.615	635	0.12344
36	300	4.2195	-120.	92.615	635	0.12293
37	80	-26.056	-120.	108.78	712	0.12805
37	97	-24.934	-120.	108.56	712	0.12804
37	82	-25.781	-120.	108.08	712	0.12805
38	43	-28.173	-120.	109.18	712	0.12803
38	23	-29.748	-120.	110.74	712	0.12794
38	7	-31.417	-120.	109.78	712	0.12796
39	43	-28.173	-120.	109.18	712	0.12803
39	7	-31.417	-120.	109.78	712	0.12796
39	55	-27.388	-120.	107.17	712	0.12802
40	43	-28.173	-120.	109.18	712	0.12803
40	55	-27.388	-120.	107.17	712	0.12802
40	82	-25.781	-120.	108.08	712	0.12805
41	43	-28.173	-120.	109.18	712	0.12803
41	82	-25.781	-120.	108.08	712	0.12805
41	80	-26.056	-120.	108.78	712	0.12805
42	43	-28.173	-120.	109.18	712	0.12803
42	80	-26.056	-120.	108.78	712	0.12805
42	36	-28.65	-120.	110.53	712	0.12796
43	43	-28.173	-120.	109.18	712	0.12803
43	36	-28.65	-120.	110.53	712	0.12796
43	23	-29.748	-120.	110.74	712	0.12794
44	32	-28.882	-120.	111.23	712	0.12791
44	36	-28.65	-120.	110.53	712	0.12796
44	23	-29.748	-120.	110.74	712	0.12794
45	68	-26.514	-120.	110.12	712	0.128
45	61	-27.224	-120.	112.18	712	0.12781
45	112	-23.336	-120.	109.46	712	0.12799
46	68	-26.514	-120.	110.12	712	0.128
46	112	-23.336	-120.	109.46	712	0.12799
46	97	-24.934	-120.	108.56	712	0.12804
47	68	-26.514	-120.	110.12	712	0.128
47	97	-24.934	-120.	108.56	712	0.12804
47	80	-26.056	-120.	108.78	712	0.12805
48	68	-26.514	-120.	110.12	712	0.128
48	80	-26.056	-120.	108.78	712	0.12805
48	36	-28.65	-120.	110.53	712	0.12796
49	68	-26.514	-120.	110.12	712	0.128
49	36	-28.65	-120.	110.53	712	0.12796
49	32	-28.882	-120.	111.23	712	0.12791
50	68	-26.514	-120.	110.12	712	0.128
50	32	-28.882	-120.	111.23	712	0.12791
50	61	-27.224	-120.	112.18	712	0.12781
51	241	-5.7764	-120.	90.758	716	0.12299
51	235	-6.5008	-120.	90.968	716	0.1231
51	237	-6.2516	-120.	91.919	716	0.12353
52	225	-8.3372	-120.	89.613	716	0.12249
52	223	-8.5933	-120.	88.683	716	0.12207
52	220	-9.0374	-120.	89.857	716	0.12261
53	227	-7.8565	-120.	91.427	716	0.12333
53	237	-6.2516	-120.	91.919	716	0.12353
53	231	-7.1082	-120.	94.093	716	0.12456
54	227	-7.8565	-120.	91.427	716	0.12333
54	231	-7.1082	-120.	94.093	716	0.12456
54	214	-9.904	-120.	92.112	716	0.12368
55	227	-7.8565	-120.	91.427	716	0.12333
55	214	-9.904	-120.	92.112	716	0.12368
55	220	-9.0374	-120.	89.857	716	0.12261
56	227	-7.8565	-120.	91.427	716	0.12333
56	220	-9.0374	-120.	89.857	716	0.12261
56	225	-8.3372	-120.	89.613	716	0.12249
57	227	-7.8565	-120.	91.427	716	0.12333
57	225	-8.3372	-120.	89.613	716	0.12249
57	235	-6.5008	-120.	90.968	716	0.1231
58	227	-7.8565	-120.	91.427	716	0.12333
58	235	-6.5008	-120.	90.968	716	0.1231
58	237	-6.2516	-120.	91.919	716	0.12353
59	232	-6.9679	-120.	89.165	716	0.12229
59	223	-8.5933	-120.	88.683	716	0.12207
59	228	-7.7041	-120.	86.405	716	0.12106
60	232	-6.9679	-120.	89.165	716	0.12229
60	228	-7.7041	-120.	86.405	716	0.12106
60	245	-4.8957	-120.	88.564	716	0.12202
61	232	-6.9679	-120.	89.165	716	0.12229
61	245	-4.8957	-120.	88.564	716	0.12202
61	241	-5.7764	-120.	90.758	716	0.12299
62	232	-6.9679	-120.	89.165	716	0.12229
62	241	-5.7764	-120.	90.758	716	0.12299
62	235	-6.5008	-120.	90.968	716	0.1231
63	232	-6.9679	-120.	89.165	716	0.12229
63	235	-6.5008	-120.	90.968	716	0.1231
63	225	-8.3372	-120.	89.613	716	0.12249
64	232	-6.9679	-120.	89.165	716	0.12229
64	225	-8.3372	-120.	89.613	716	0.12249
64	223	-8.5933	-120.	88.683	716	0.12207
65	177	-15.833	-120.	140.87	735	0.11669
65	169	-17.251	-120.	143.32	735	0.11595
65	197	-12.295	-120.	143.44	735	0.11566
66	1	-32.805	-120.	116.88	751	0.12683
66	0	-32.924	-120.	121.19	751	0.12551
66	16	-30.093	-120.	118.32	751	0.1265
67	226	-8.113	-120.	150.47	765	0.11484
67	218	-9.54	-120.	153.01	765	0.11491
67	243	-5.3928	-120.	154.18	765	0.11533
68	250	-4.0658	-120.	91.691	802	0.12335
68	263	-2.0045	-120.	91.016	802	0.12296
68	257	-2.8829	-120.	92.974	802	0.12382
69	250	-4.0658	-120.	91.691	802	0.12335
69	257	-2.8829	-120.	92.974	802	0.12382
69	247	-4.4686	-120.	93.311	802	0.12407
70	250	-4.0658	-120.	91.691	802	0.12335
70	247	-4.4686	-120.	93.311	802	0.12407
70	238	-6.2516	-120.	91.919	802	0.12353
71	250	-4.0658	-120.	91.691	802	0.12335
71	238	-6.2516	-120.	91.919	802	0.12353
71	242	-5.7764	-120.	90.758	802	0.12299
72	250	-4.0658	-120.	91.691	802	0.12335
72	242	-5.7764	-120.	90.758	802	0.12299
72	254	-3.011	-120.	90.17	802	0.12267
73	250	-4.0658	-120.	91.691	802	0.12335
73	254	-3.011	-120.	90.17	802	0.12267
73	263	-2.0045	-120.	91.016	802	0.12296
74	238	-6.2516	-120.	91.919	802	0.12353
74	247	-4.4686	-120.	93.311	802	0.12407
74	231	-7.1082	-120.	94.093	802	0.12456
75	263	-2.0045	-120.	91.016	802	0.12296
75	275	-0.15357	-120.	92.615	802	0.12344
75	257	-2.8829	-120.	92.974	802	0.12382
76	254	-3.011	-120.	90.17	802	0.12267
76	242	-5.7764	-120.	90.758	802	0.12299
76	245	-4.8957	-120.	88.564	802	0.12202
77	353	12.589	-120.	91.638	810	0.12208
77	343	11.174	-120.	94.093	810	0.12209
77	365	15.169	-120.	95.872	810	0.12136
78	427	22.928	-120.	139.99	840	0.11039
78	413	21.536	-120.	141.87	840	0.11097
78	420	21.895	-120.	138.97	840	0.1101
79	427	22.928	-120.	139.99	840	0.11039
79	420	21.895	-120.	138.97	840	0.1101
79	429	22.98	-120.	137.77	840	0.10982
80	427	22.928	-120.	139.99	840	0.11039
80	429	22.98	-120.	137.77	840	0.10982
80	437	24.441	-120.	138.64	840	0.11005
81	427	22.928	-120.	139.99	840	0.11039
81	437	24.441	-120.	138.64	840	0.11005
81	435	24.303	-120.	140.3	840	0.11049
82	427	22.928	-120.	139.99	840	0.11039
82	435	24.303	-120.	140.3	840	0.11049
82	424	22.411	-120.	142.4	840	0.11115
83	427	22.928	-120.	139.99	840	0.11039
83	424	22.411	-120.	142.4	840	0.11115
83	413	21.536	-120.	141.87	840	0.11097
84	437	24.441	-120.	138.64	840	0.11005
84	429	22.98	-120.	137.77	840	0.10982
84	439	24.656	-120.	135.59	840	0.10942
85	413	21.536	-120.	141.87	840	0.11097
85	399	19.899	-120.	140.87	840	0.11061
85	420	21.895	-120.	138.97	840	0.1101
86	424	22.411	-120.	142.4	840	0.11115
86	435	24.303	-120.	140.3	840	0.11049
86	434	24.064	-120.	143.4	840	0.1115
87	240	-5.7995	-120.	146.33	842	0.11461
87	256	-2.9777	-120.	149.89	842	0.11472
87	265	-1.522	-120.	147.24	842	0.11417
88	35	-28.656	-120.	129.72	857	0.12194
88	6	-31.929	-120.	128.36	857	0.12257
88	10	-30.643	-120.	132.48	857	0.12064
89	152	-19.63	-120.	147.46	858	0.11491
89	175	-16.089	-120.	149.92	858	0.11465
89	181	-14.63	-120.	147.4	858	0.11501
90	214	-9.904	-120.	92.112	861	0.12368
90	206	-11.103	-120.	95.872	861	0.12543
90	231	-7.1082	-120.	94.093	861	0.12456
91	56	-27.376	-120.	127.13	865	0.12313
91	63	-27.196	-120.	127.86	865	0.12279
91	70	-26.429	-120.	126.87	865	0.12323
92	31	-29.171	-120.	127.62	865	0.12291
92	6	-31.929	-120.	128.36	865	0.12257
92	35	-28.656	-120.	129.72	865	0.12194
93	31	-29.171	-120.	127.62	865	0.12291
93	35	-28.656	-120.	129.72	865	0.12194
93	63	-27.196	-120.	127.86	865	0.12279
94	31	-29.171	-120.	127.62	865	0.12291
94	63	-27.196	-120.	127.86	865	0.12279
94	56	-27.376	-120.	127.13	865	0.12313
95	31	-29.171	-120.	127.62	865	0.12291
95	56	-27.376	-120.	127.13	865	0.12313
95	28	-29.468	-120.	126.21	865	0.12354
96	31	-29.171	-120.	127.62	865	0.12291
96	28	-29.468	-120.	126.21	865	0.12354
96	15	-30.401	-120.	126.46	865	0.12343
97	31	-29.171	-120.	127.62	865	0.12291
97	15	-30.401	-120.	126.46	865	0.12343
97	6	-31.929	-120.	128.36	865	0.12257
98	52	-27.657	-120.	125.72	865	0.12374
98	44	-28.087	-120.	123.61	865	0.12464
98	96	-24.974	-120.	125.04	865	0.124
99	52	-27.657	-120.	125.72	865	0.12374
99	96	-24.974	-120.	125.04	865	0.124
99	70	-26.429	-120.	126.87	865	0.12323
100	52	-27.657	-120.	125.72	865	0.12374
100	70	-26.429	-120.	126.87	865	0.12323
100	56	-27.376	-120.	127.13	865	0.12313
101	52	-27.657	-120.	125.72	865	0.12374
101	56	-27.376	-120.	127.13	865	0.12313
101	28	-29.468	-120.	126.21	865	0.12354
102	52	-27.657	-120.	125.72	865	0.12374
102	28	-29.468	-120.	126.21	865	0.12354
102	25	-29.607	-120.	125.48	865	0.12385
103	52	-27.657	-120.	125.72	865	0.12374
103	25	-29.607	-120.	125.48	865	0.12385
103	44	-28.087	-120.	123.61	865	0.12464
104	28	-29.468	-120.	126.21	865	0.12354
104	25	-29.607	-120.	125.48	865	0.12385
104	15	-30.401	-120.	126.46	865	0.12343
105	44	-28.087	-120.	123.61	867	0.12464
105	24	-29.607	-120.	125.48	867	0.12385
105	19	-29.999	-120.	122.65	867	0.12502
106	6	-31.929	-120.	128.36	867	0.12257
106	3	-32.513	-120.	125.48	867	0.12384
106	14	-30.401	-120.	126.46	867	0.12343
107	0	-32.924	-120.	121.19	867	0.12551
107	9	-30.996	-120.	122.16	867	0.12519
107	2	-32.701	-120.	124.13	867	0.12439
108	8	-31.036	-120.	124.39	867	0.12431
108	19	-29.999	-120.	122.65	867	0.12502
108	24	-29.607	-120.	125.48	867	0.12385
109	8	-31.036	-120.	124.39	867	0.12431
109	24	-29.607	-120.	125.48	867	0.12385
109	14	-30.401	-120.	126.46	867	0.12343
110	8	-31.036	-120.	124.39	867	0.12431
110	14	-30.401	-120.	126.46	867	0.12343
110	3	-32.513	-120.	125.48	867	0.12384
111	8	-31.036	-120.	124.39	867	0.12431
111	3	-32.513	-120.	125.48	867	0.12384
111	2	-32.701	-120.	124.13	867	0.12439
112	8	-31.036	-120.	124.39	867	0.12431
112	2	-32.701	-120.	124.13	867	0.12439
112	9	-30.996	-120.	122.16	867	0.12519
113	8	-31.036	-120.	124.39	867	0.12431
113	9	-30.996	-120.	122.16	867	0.12519
113	19	-29.999	-120.	122.65	867	0.12502
114	204	-11.69	-120.	149.52	879	0.11481
114	208	-10.796	-120.	149.39	879	0.11482
114	199	-12.084	-120.	148.78	879	0.11486
115	207	-10.848	-120.	150.93	879	0.11479
115	218	-9.54	-120.	153.01	879	0.11491
115	226	-8.113	-120.	150.47	879	0.11484
116	207	-10.848	-120.	150.93	879	0.11479
116	226	-8.113	-120.	150.47	879	0.11484
116	208	-10.796	-120.	149.39	879	0.11482
117	207	-10.848	-120.	150.93	879	0.11479
117	208	-10.796	-120.	149.39	879	0.11482
117	204	-11.69	-120.	149.52	879	0.11481
118	207	-10.848	-120.	150.93	879	0.11479
118	204	-11.69	-120.	149.52	879	0.11481
118	194	-12.675	-120.	151.25	879	0.11472
119	207	-10.848	-120.	150.93	879	0.11479
119	194	-12.675	-120.	151.25	879	0.11472
119	198	-12.273	-120.	151.92	879	0.11472
120	207	-10.848	-120.	150.93	879	0.11479
120	198	-12.273	-120.	151.92	879	0.11472
120	218	-9.54	-120.	153.01	879	0.11491
121	190	-13.446	-120.	149.7	879	0.11477
121	175	-16.089	-120.	149.92	879	0.11465
121	181	-14.63	-120.	147.4	879	0.11501
122	190	-13.446	-120.	149.7	879	0.11477
122	181	-14.63	-120.	147.4	879	0.11501
122	199	-12.084	-120.	148.78	879	0.11486
123	190	-13.446	-120.	149.7	879	0.11477
123	199	-12.084	-120.	148.78	879	0.11486
123	204	-11.69	-120.	149.52	879	0.11481
124	190	-13.446	-120.	149.7	879	0.11477
124	204	-11.69	-120.	149.52	879	0.11481
124	194	-12.675	-120.	151.25	879	0.11472
125	190	-13.446	-120.	149.7	879	0.11477
125	194	-12.675	-120.	151.25	879	0.11472
125	188	-13.511	-120.	151.33	879	0.11467
126	190	-13.446	-120.	149.7	879	0.11477
126	188	-13.511	-120.	151.33	879	0.11467
126	175	-16.089	-120.	149.92	879	0.11465
127	194	-12.675	-120.	151.25	879	0.11472
127	188	-13.511	-120.	151.33	879	0.11467
127	198	-12.273	-120.	151.92	879	0.11472
128	463	27.448	-120.	103.66	890	0.11775
128	451	26.451	-120.	103.94	890	0.11763
128	464	27.85	-120.	104.3	890	0.11744
129	453	26.629	-120.	102.49	890	0.11831
129	444	25.409	-120.	100.72	890	0.11912
129	432	23.847	-120.	103.3	890	0.11798
130	453	26.629	-120.	102.49	890	0.11831
130	432	23.847	-120.	103.3	890	0.11798
130	451	26.451	-120.	103.94	890	0.11763
131	453	26.629	-120.	102.49	890	0.11831
131	451	26.451	-120.	103.94	890	0.11763
131	463	27.448	-120.	103.66	890	0.11775
132	453	26.629	-120.	102.49	890	0.11831
132	463	27.448	-120.	103.66	890	0.11775
132	471	28.524	-120.	101.95	890	0.11852
133	453	26.629	-120.	102.49	890	0.11831
133	471	28.524	-120.	101.95	890	0.11852
133	467	28.095	-120.	101.35	890	0.1188
134	453	26.629	-120.	102.49	890	0.11831
134	467	28.095	-120.	101.35	890	0.1188
134	444	25.409	-120.	100.72	890	0.11912
135	483	29.334	-120.	103.14	890	0.11797
135	536	32.209	-120.	102.31	890	0.11832
135	499	30.485	-120.	104.97	890	0.1171
136	483	29.334	-120.	103.14	890	0.11797
136	499	30.485	-120.	104.97	890	0.1171
136	464	27.85	-120.	104.3	890	0.11744
137	483	29.334	-120.	103.14	890	0.11797
137	464	27.85	-120.	104.3	890	0.11744
137	463	27.448	-120.	103.66	890	0.11775
138	483	29.334	-120.	103.14	890	0.11797
138	463	27.448	-120.	103.66	890	0.11775
138	471	28.524	-120.	101.95	890	0.11852
139	483	29.334	-120.	103.14	890	0.11797
139	471	28.524	-120.	101.95	890	0.11852
139	490	29.49	-120.	101.66	890	0.11864
140	483	29.334	-120.	103.14	890	0.11797
140	490	29.49	-120.	101.66	890	0.11864
140	536	32.209	-120.	102.31	890	0.11832
141	471	28.524	-120.	101.95	890	0.11852
141	490	29.49	-120.	101.66	890	0.11864
141	467	28.095	-120.	101.35	890	0.1188
142	50	-27.848	-120.	115.7	894	0.12718
142	45	-27.948	-120.	116.45	894	0.12701
142	65	-26.814	-120.	115.45	894	0.12723
143	53	-27.595	-120.	114.29	894	0.12748
143	29	-29.43	-120.	114.03	894	0.12752
143	61	-27.224	-120.	112.18	894	0.12781
144	53	-27.595	-120.	114.29	894	0.12748
144	61	-27.224	-120.	112.18	894	0.12781
144	100	-24.688	-120.	113.62	894	0.12754
145	53	-27.595	-120.	114.29	894	0.12748
145	100	-24.688	-120.	113.62	894	0.12754
145	65	-26.814	-120.	115.45	894	0.12723
146	53	-27.595	-120.	114.29	894	0.12748
146	65	-26.814	-120.	115.45	894	0.12723
146	50	-27.848	-120.	115.7	894	0.12718
147	53	-27.595	-120.	114.29	894	0.12748
147	50	-27.848	-120.	115.7	894	0.12718
147	26	-29.567	-120.	114.76	894	0.12738
148	53	-27.595	-120.	114.29	894	0.12748
148	26	-29.567	-120.	114.76	894	0.12738
148	29	-29.43	-120.	114.03	894	0.12752
149	12	-30.578	-120.	114.99	894	0.12732
149	26	-29.567	-120.	114.76	894	0.12738
149	29	-29.43	-120.	114.03	894	0.12752
150	21	-29.807	-120.	116.19	894	0.12707
150	1	-32.805	-120.	116.88	894	0.12683
150	16	-30.093	-120.	118.32	894	0.1265
151	21	-29.807	-120.	116.19	894	0.12707
151	16	-30.093	-120.	118.32	894	0.1265
151	45	-27.948	-120.	116.45	894	0.12701
152	21	-29.807	-120.	116.19	894	0.12707
152	45	-27.948	-120.	116.45	894	0.12701
152	50	-27.848	-120.	115.7	894	0.12718
153	21	-29.807	-120.	116.19	894	0.12707
153	50	-27.848	-120.	115.7	894	0.12718
153	26	-29.567	-120.	114.76	894	0.12738
154	21	-29.807	-120.	116.19	894	0.12707
154	26	-29.567	-120.	114.76	894	0.12738
154	12	-30.578	-120.	114.99	894	0.12732
155	21	-29.807	-120.	116.19	894	0.12707
155	12	-30.578	-120.	114.99	894	0.12732
155	1	-32.805	-120.	116.88	894	0.12683
156	40	-28.243	-120.	120.02	900	0.12596
156	59	-27.268	-120.	119.76	900	0.12604
156	38	-28.244	-120.	119.26	900	0.12621
157	42	-28.178	-120.	121.44	900	0.12547
157	44	-28.087	-120.	123.61	900	0.12464
157	88	-25.431	-120.	120.69	900	0.12568
158	42	-28.178	-120.	121.44	900	0.12547
158	88	-25.431	-120.	120.69	900	0.12568
158	59	-27.268	-120.	119.76	900	0.12604
159	42	-28.178	-120.	121.44	900	0.12547
159	59	-27.268	-120.	119.76	900	0.12604
159	40	-28.243	-120.	120.02	900	0.12596
160	42	-28.178	-120.	121.44	900	0.12547
160	40	-28.243	-120.	120.02	900	0.12596
160	18	-30.04	-120.	121.91	900	0.1253
161	42	-28.178	-120.	121.44	900	0.12547
161	18	-30.04	-120.	121.91	900	0.1253
161	19	-29.999	-120.	122.65	900	0.12502
162	42	-28.178	-120.	121.44	900	0.12547
162	19	-29.999	-120.	122.65	900	0.12502
162	44	-28.087	-120.	123.61	900	0.12464
163	17	-30.09	-120.	120.48	900	0.12581
163	0	-32.924	-120.	121.19	900	0.12551
163	16	-30.093	-120.	118.32	900	0.1265
164	17	-30.09	-120.	120.48	900	0.12581
164	16	-30.093	-120.	118.32	900	0.1265
164	38	-28.244	-120.	119.26	900	0.12621
165	17	-30.09	-120.	120.48	900	0.12581
165	38	-28.244	-120.	119.26	900	0.12621
165	40	-28.243	-120.	120.02	900	0.12596
166	17	-30.09	-120.	120.48	900	0.12581
166	40	-28.243	-120.	120.02	900	0.12596
166	18	-30.04	-120.	121.91	900	0.1253
167	17	-30.09	-120.	120.48	900	0.12581
167	18	-30.04	-120.	121.91	900	0.1253
167	9	-30.996	-120.	122.16	900	0.12519
168	17	-30.09	-120.	120.48	900	0.12581
168	9	-30.996	-120.	122.16	900	0.12519
168	0	-32.924	-120.	121.19	900	0.12551
169	18	-30.04	-120.	121.91	900	0.1253
169	9	-30.996	-120.	122.16	900	0.12519
169	19	-29.999	-120.	122.65	900	0.12502
170	101	-24.589	-120.	134.53	905	0.11963
170	143	-20.59	-120.	135.59	905	0.11909
170	115	-22.777	-120.	131.8	905	0.12091
171	236	-6.4699	-120.	149.04	910	0.11475
171	234	-6.7075	-120.	147.97	910	0.11473
171	230	-7.1945	-120.	148.83	910	0.11477
172	239	-6.0411	-120.	151.07	910	0.1149
172	249	-4.4252	-120.	152.47	910	0.11511
172	243	-5.3928	-120.	154.18	910	0.11533
173	239	-6.0411	-120.	151.07	910	0.1149
173	243	-5.3928	-120.	154.18	910	0.11533
173	226	-8.113	-120.	150.47	910	0.11484
174	239	-6.0411	-120.	151.07	910	0.1149
174	226	-8.113	-120.	150.47	910	0.11484
174	230	-7.1945	-120.	148.83	910	0.11477
175	239	-6.0411	-120.	151.07	910	0.1149
175	230	-7.1945	-120.	148.83	910	0.11477
175	236	-6.4699	-120.	149.04	910	0.11475
176	239	-6.0411	-120.	151.07	910	0.1149
176	236	-6.4699	-120.	149.04	910	0.11475
176	246	-4.6513	-120.	151.42	910	0.11495
177	239	-6.0411	-120.	151.07	910	0.1149
177	246	-4.6513	-120.	151.42	910	0.11495
177	249	-4.4252	-120.	152.47	910	0.11511
178	251	-3.9312	-120.	151.58	910	0.11498
178	246	-4.6513	-120.	151.42	910	0.11495
178	249	-4.4252	-120.	152.47	910	0.11511
179	244	-5.0895	-120.	149.37	910	0.11472
179	256	-2.9777	-120.	149.89	910	0.11472
179	240	-5.7995	-120.	146.33	910	0.11461
180	244	-5.0895	-120.	149.37	910	0.11472
180	240	-5.7995	-120.	146.33	910	0.11461
180	234	-6.7075	-120.	147.97	910	0.11473
181	244	-5.0895	-120.	149.37	910	0.11472
181	234	-6.7075	-120.	147.97	910	0.11473
181	236	-6.4699	-120.	149.04	910	0.11475
182	244	-5.0895	-120.	149.37	910	0.11472
182	236	-6.4699	-120.	149.04	910	0.11475
182	246	-4.6513	-120.	151.42	910	0.11495
183	244	-5.0895	-120.	149.37	910	0.11472
183	246	-4.6513	-120.	151.42	910	0.11495
183	251	-3.9312	-120.	151.58	910	0.11498
184	244	-5.0895	-120.	149.37	910	0.11472
184	251	-3.9312	-120.	151.58	910	0.11498
184	256	-2.9777	-120.	149.89	910	0.11472
185	304	4.9242	-120.	150.14	912	0.11449
185	302	4.6741	-120.	149.18	912	0.11417
185	299	4.1731	-120.	150.21	912	0.11453
186	312	6.3385	-120.	149.94	912	0.11439
186	323	8.4836	-120.	149.65	912	0.11423
186	308	5.588	-120.	147.24	912	0.11343
187	312	6.3385	-120.	149.94	912	0.11439
187	308	5.588	-120.	147.24	912	0.11343
187	302	4.6741	-120.	149.18	912	0.11417
188	312	6.3385	-120.	149.94	912	0.11439
188	302	4.6741	-120.	149.18	912	0.11417
188	304	4.9242	-120.	150.14	912	0.11449
189	312	6.3385	-120.	149.94	912	0.11439
189	304	4.9242	-120.	150.14	912	0.11449
189	314	6.814	-120.	151.77	912	0.11506
190	312	6.3385	-120.	149.94	912	0.11439
190	314	6.814	-120.	151.77	912	0.11506
190	320	7.5469	-120.	151.66	912	0.11502
191	312	6.3385	-120.	149.94	912	0.11439
191	320	7.5469	-120.	151.66	912	0.11502
191	323	8.4836	-120.	149.65	912	0.11423
192	307	5.3872	-120.	151.95	912	0.11511
192	311	6.1077	-120.	154.74	912	0.1161
192	296	3.2389	-120.	152.16	912	0.11517
193	307	5.3872	-120.	151.95	912	0.11511
193	296	3.2389	-120.	152.16	912	0.11517
193	299	4.1731	-120.	150.21	912	0.11453
194	307	5.3872	-120.	151.95	912	0.11511
194	299	4.1731	-120.	150.21	912	0.11453
194	304	4.9242	-120.	150.14	912	0.11449
195	307	5.3872	-120.	151.95	912	0.11511
195	304	4.9242	-120.	150.14	912	0.11449
195	314	6.814	-120.	151.77	912	0.11506
196	307	5.3872	-120.	151.95	912	0.11511
196	314	6.814	-120.	151.77	912	0.11506
196	316	7.065	-120.	152.71	912	0.11541
197	307	5.3872	-120.	151.95	912	0.11511
197	316	7.065	-120.	152.71	912	0.11541
197	311	6.1077	-120.	154.74	912	0.1161
198	314	6.814	-120.	151.77	912	0.11506
198	316	7.065	-120.	152.71	912	0.11541
198	320	7.5469	-120.	151.66	912	0.11502
199	387	18.289	-120.	147.65	935	0.11327
199	393	19.016	-120.	145.11	935	0.11219
199	405	20.723	-120.	146.15	935	0.11261
200	396	19.872	-120.	148.18	935	0.11348
200	387	18.289	-120.	147.65	935	0.11327
200	405	20.723	-120.	146.15	935	0.11261
201	396	19.872	-120.	148.18	935	0.11348
201	405	20.723	-120.	146.15	935	0.11261
201	415	21.609	-120.	146.7	935	0.11283
202	396	19.872	-120.	148.18	935	0.11348
202	415	21.609	-120.	146.7	935	0.11283
202	408	20.929	-120.	149.43	935	0.114
203	396	19.872	-120.	148.18	935	0.11348
203	408	20.929	-120.	149.43	935	0.114
203	394	19.764	-120.	150.15	935	0.11433
204	396	19.872	-120.	148.18	935	0.11348
204	394	19.764	-120.	150.15	935	0.11433
204	385	17.918	-120.	148.97	935	0.11384
205	396	19.872	-120.	148.18	935	0.11348
205	385	17.918	-120.	148.97	935	0.11384
205	387	18.289	-120.	147.65	935	0.11327
206	408	20.929	-120.	149.43	935	0.114
206	415	21.609	-120.	146.7	935	0.11283
206	430	23.336	-120.	147.74	935	0.11324
207	394	19.764	-120.	150.15	935	0.11433
207	380	17.167	-120.	151.53	935	0.11497
207	385	17.918	-120.	148.97	935	0.11384
208	291	2.4319	-120.	148.95	938	0.11422
208	299	4.1731	-120.	150.21	938	0.11453
208	287	1.3459	-120.	150.21	938	0.11464
209	291	2.4319	-120.	148.95	938	0.11422
209	287	1.3459	-120.	150.21	938	0.11464
209	279	0.33219	-120.	149.18	938	0.11443
210	291	2.4319	-120.	148.95	938	0.11422
210	279	0.33219	-120.	149.18	938	0.11443
210	284	1.2224	-120.	147.46	938	0.11391
211	291	2.4319	-120.	148.95	938	0.11422
211	284	1.2224	-120.	147.46	938	0.11391
211	294	2.8435	-120.	147.46	938	0.11375
212	291	2.4319	-120.	148.95	938	0.11422
212	294	2.8435	-120.	147.46	938	0.11375
212	302	4.6741	-120.	149.18	938	0.11417
213	291	2.4319	-120.	148.95	938	0.11422
213	302	4.6741	-120.	149.18	938	0.11417
213	299	4.1731	-120.	150.21	938	0.11453
214	284	1.2224	-120.	147.46	938	0.11391
214	279	0.33219	-120.	149.18	938	0.11443
214	265	-1.522	-120.	147.24	938	0.11417
215	299	4.1731	-120.	150.21	938	0.11453
215	296	3.2389	-120.	152.16	938	0.11517
215	287	1.3459	-120.	150.21	938	0.11464
216	302	4.6741	-120.	149.18	938	0.11417
216	294	2.8435	-120.	147.46	938	0.11375
216	308	5.588	-120.	147.24	938	0.11343
217	335	10.335	-120.	151.03	942	0.11477
217	319	7.5469	-120.	151.66	942	0.11502
217	323	8.4836	-120.	149.65	942	0.11423
218	326	9.0131	-120.	154.27	942	0.11603
218	311	6.1077	-120.	154.74	942	0.1161
218	317	7.065	-120.	152.71	942	0.11541
219	328	9.2669	-120.	152.57	942	0.11538
219	326	9.0131	-120.	154.27	942	0.11603
219	317	7.065	-120.	152.71	942	0.11541
220	328	9.2669	-120.	152.57	942	0.11538
220	317	7.065	-120.	152.71	942	0.11541
220	319	7.5469	-120.	151.66	942	0.11502
221	328	9.2669	-120.	152.57	942	0.11538
221	319	7.5469	-120.	151.66	942	0.11502
221	335	10.335	-120.	151.03	942	0.11477
222	328	9.2669	-120.	152.57	942	0.11538
222	335	10.335	-120.	151.03	942	0.11477
222	344	11.293	-120.	151.76	942	0.11507
223	328	9.2669	-120.	152.57	942	0.11538
223	344	11.293	-120.	151.76	942	0.11507
223	336	10.348	-120.	153.98	942	0.11595
224	328	9.2669	-120.	152.57	942	0.11538
224	336	10.348	-120.	153.98	942	0.11595
224	326	9.0131	-120.	154.27	942	0.11603
225	356	13.174	-120.	153.16	942	0.11566
225	336	10.348	-120.	153.98	942	0.11595
225	344	11.293	-120.	151.76	942	0.11507
226	219	-9.0374	-120.	89.857	965	0.12261
226	214	-9.904	-120.	92.112	965	0.12368
226	205	-11.685	-120.	90.932	965	0.12313
227	210	-10.696	-120.	89.164	965	0.12229
227	219	-9.0374	-120.	89.857	965	0.12261
227	205	-11.685	-120.	90.932	965	0.12313
228	210	-10.696	-120.	89.164	965	0.12229
228	205	-11.685	-120.	90.932	965	0.12313
228	195	-12.608	-120.	90.314	965	0.12285
229	210	-10.696	-120.	89.164	965	0.12229
229	195	-12.608	-120.	90.314	965	0.12285
229	202	-11.761	-120.	87.856	965	0.12169
230	210	-10.696	-120.	89.164	965	0.12229
230	202	-11.761	-120.	87.856	965	0.12169
230	213	-10.493	-120.	87.342	965	0.12146
231	210	-10.696	-120.	89.164	965	0.12229
231	213	-10.493	-120.	87.342	965	0.12146
231	222	-8.5933	-120.	88.683	965	0.12207
232	210	-10.696	-120.	89.164	965	0.12229
232	222	-8.5933	-120.	88.683	965	0.12207
232	219	-9.0374	-120.	89.857	965	0.12261
233	202	-11.761	-120.	87.856	965	0.12169
233	195	-12.608	-120.	90.314	965	0.12285
233	183	-14.413	-120.	89.13	965	0.12231
234	213	-10.493	-120.	87.342	965	0.12146
234	228	-7.7041	-120.	86.405	965	0.12106
234	222	-8.5933	-120.	88.683	965	0.12207
235	193	-12.821	-120.	94.742	966	0.12492
235	192	-13.091	-120.	93.772	966	0.12448
235	185	-13.745	-120.	94.149	966	0.12466
236	196	-12.345	-120.	91.267	966	0.1233
236	205	-11.685	-120.	90.932	966	0.12313
236	195	-12.608	-120.	90.314	966	0.12285
237	187	-13.615	-120.	91.942	966	0.12363
237	185	-13.745	-120.	94.149	966	0.12466
237	178	-15.485	-120.	93.018	966	0.12415
238	187	-13.615	-120.	91.942	966	0.12363
238	178	-15.485	-120.	93.018	966	0.12415
238	183	-14.413	-120.	89.13	966	0.12231
239	187	-13.615	-120.	91.942	966	0.12363
239	183	-14.413	-120.	89.13	966	0.12231
239	195	-12.608	-120.	90.314	966	0.12285
240	187	-13.615	-120.	91.942	966	0.12363
240	195	-12.608	-120.	90.314	966	0.12285
240	196	-12.345	-120.	91.267	966	0.1233
241	187	-13.615	-120.	91.942	966	0.12363
241	196	-12.345	-120.	91.267	966	0.1233
241	192	-13.091	-120.	93.772	966	0.12448
242	187	-13.615	-120.	91.942	966	0.12363
242	192	-13.091	-120.	93.772	966	0.12448
242	185	-13.745	-120.	94.149	966	0.12466
243	201	-11.825	-120.	93.116	966	0.12417
243	205	-11.685	-120.	90.932	966	0.12313
243	214	-9.904	-120.	92.112	966	0.12368
244	201	-11.825	-120.	93.116	966	0.12417
244	214	-9.904	-120.	92.112	966	0.12368
244	206	-11.103	-120.	95.872	966	0.12543
245	201	-11.825	-120.	93.116	966	0.12417
245	206	-11.103	-120.	95.872	966	0.12543
245	193	-12.821	-120.	94.742	966	0.12492
246	201	-11.825	-120.	93.116	966	0.12417
246	193	-12.821	-120.	94.742	966	0.12492
246	192	-13.091	-120.	93.772	966	0.12448
247	201	-11.825	-120.	93.116	966	0.12417
247	192	-13.091	-120.	93.772	966	0.12448
247	196	-12.345	-120.	91.267	966	0.1233
248	201	-11.825	-120.	93.116	966	0.12417
248	196	-12.345	-120.	91.267	966	0.1233
248	205	-11.685	-120.	90.932	966	0.12313
249	281	0.59341	-120.	150.18	972	0.11466
249	286	1.3459	-120.	150.21	972	0.11464
249	278	0.33219	-120.	149.18	972	0.11443
250	283	1.0853	-120.	152.07	972	0.11513
250	288	1.8045	-120.	154.98	972	0.11596
250	296	3.2389	-120.	152.16	972	0.11517
251	283	1.0853	-120.	152.07	972	0.11513
251	296	3.2389	-120.	152.16	972	0.11517
251	286	1.3459	-120.	150.21	972	0.11464
252	283	1.0853	-120.	152.07	972	0.11513
252	286	1.3459	-120.	150.21	972	0.11464
252	281	0.59341	-120.	150.18	972	0.11466
253	283	1.0853	-120.	152.07	972	0.11513
253	281	0.59341	-120.	150.18	972	0.11466
253	274	-0.353	-120.	151.97	972	0.11509
254	283	1.0853	-120.	152.07	972	0.11513
254	274	-0.353	-120.	151.97	972	0.11509
254	277	-0.11815	-120.	152.95	972	0.11533
255	283	1.0853	-120.	152.07	972	0.11513
255	277	-0.11815	-120.	152.95	972	0.11533
255	288	1.8045	-120.	154.98	972	0.11596
256	271	-0.83641	-120.	150.06	972	0.11468
256	256	-2.9777	-120.	149.89	972	0.11472
256	265	-1.522	-120.	147.24	972	0.11417
257	271	-0.83641	-120.	150.06	972	0.11468
257	265	-1.522	-120.	147.24	972	0.11417
257	278	0.33219	-120.	149.18	972	0.11443
258	271	-0.83641	-120.	150.06	972	0.11468
258	278	0.33219	-120.	149.18	972	0.11443
258	281	0.59341	-120.	150.18	972	0.11466
259	271	-0.83641	-120.	150.06	972	0.11468
259	281	0.59341	-120.	150.18	972	0.11466
259	274	-0.353	-120.	151.97	972	0.11509
260	271	-0.83641	-120.	150.06	972	0.11468
260	274	-0.353	-120.	151.97	972	0.11509
260	269	-1.0913	-120.	151.9	972	0.11507
261	271	-0.83641	-120.	150.06	972	0.11468
261	269	-1.0913	-120.	151.9	972	0.11507
261	256	-2.9777	-120.	149.89	972	0.11472
262	274	-0.353	-120.	151.97	972	0.11509
262	269	-1.0913	-120.	151.9	972	0.11507
262	277	-0.11815	-120.	152.95	972	0.11533
263	57	-27.373	-120.	138.94	975	0.11769
263	99	-24.821	-120.	142.41	975	0.11631
263	113	-23.261	-120.	139.86	975	0.11727
264	318	7.3448	-120.	91.56	976	0.12241
264	329	9.39	-120.	91.764	976	0.12225
264	324	8.5345	-120.	93.311	976	0.12244
265	318	7.3448	-120.	91.56	976	0.12241
265	324	8.5345	-120.	93.311	976	0.12244
265	315	6.9488	-120.	92.974	976	0.12263
266	318	7.3448	-120.	91.56	976	0.12241
266	315	6.9488	-120.	92.974	976	0.12263
266	306	5.1429	-120.	90.861	976	0.12248
267	318	7.3448	-120.	91.56	976	0.12241
267	306	5.1429	-120.	90.861	976	0.12248
267	310	5.6436	-120.	89.931	976	0.12226
268	318	7.3448	-120.	91.56	976	0.12241
268	310	5.6436	-120.	89.931	976	0.12226
268	322	8.4091	-120.	90.519	976	0.12222
269	318	7.3448	-120.	91.56	976	0.12241
269	322	8.4091	-120.	90.519	976	0.12222
269	329	9.39	-120.	91.764	976	0.12225
270	306	5.1429	-120.	90.861	976	0.12248
270	315	6.9488	-120.	92.974	976	0.12263
270	300	4.2195	-120.	92.615	976	0.12293
271	329	9.39	-120.	91.764	976	0.12225
271	343	11.174	-120.	94.093	976	0.12209
271	324	8.5345	-120.	93.311	976	0.12244
272	322	8.4091	-120.	90.519	976	0.12222
272	310	5.6436	-120.	89.931	976	0.12226
272	313	6.5826	-120.	88.167	976	0.12191
273	260	-2.2653	-120.	90.059	979	0.1226
273	255	-3.011	-120.	90.17	979	0.12267
273	262	-2.0045	-120.	91.016	979	0.12296
274	270	-0.84033	-120.	89.911	979	0.1225
274	272	-0.59171	-120.	88.013	979	0.12182
274	285	1.3031	-120.	89.681	979	0.12236
275	270	-0.84033	-120.	89.911	979	0.1225
275	285	1.3031	-120.	89.681	979	0.12236
275	275	-0.15357	-120.	92.615	979	0.12344
276	270	-0.84033	-120.	89.911	979	0.1225
276	275	-0.15357	-120.	92.615	979	0.12344
276	262	-2.0045	-120.	91.016	979	0.12296
277	270	-0.84033	-120.	89.911	979	0.1225
277	262	-2.0045	-120.	91.016	979	0.12296
277	260	-2.2653	-120.	90.059	979	0.1226
278	270	-0.84033	-120.	89.911	979	0.1225
278	260	-2.2653	-120.	90.059	979	0.1226
278	266	-1.3299	-120.	88.083	979	0.12184
279	270	-0.84033	-120.	89.911	979	0.1225
279	266	-1.3299	-120.	88.083	979	0.12184
279	272	-0.59171	-120.	88.013	979	0.12182
280	264	-1.5709	-120.	87.142	979	0.12149
280	266	-1.3299	-120.	88.083	979	0.12184
280	272	-0.59171	-120.	88.013	979	0.12182
281	258	-2.7619	-120.	88.247	979	0.1219
281	253	-3.4987	-120.	85.463	979	0.12079
281	245	-4.8957	-120.	88.564	979	0.12202
282	258	-2.7619	-120.	88.247	979	0.1219
282	245	-4.8957	-120.	88.564	979	0.12202
282	255	-3.011	-120.	90.17	979	0.12267
283	258	-2.7619	-120.	88.247	979	0.1219
283	255	-3.011	-120.	90.17	979	0.12267
283	260	-2.2653	-120.	90.059	979	0.1226
284	258	-2.7619	-120.	88.247	979	0.1219
284	260	-2.2653	-120.	90.059	979	0.1226
284	266	-1.3299	-120.	88.083	979	0.12184
285	258	-2.7619	-120.	88.247	979	0.1219
285	266	-1.3299	-120.	88.083	979	0.12184
285	264	-1.5709	-120.	87.142	979	0.12149
286	258	-2.7619	-120.	88.247	979	0.1219
286	264	-1.5709	-120.	87.142	979	0.12149
286	253	-3.4987	-120.	85.463	979	0.12079
287	309	5.6436	-120.	89.931	984	0.12226
287	303	4.8924	-120.	89.862	984	0.12228
287	305	5.1429	-120.	90.861	984	0.12248
288	295	3.0008	-120.	87.884	984	0.1218
288	293	2.7559	-120.	86.903	984	0.12152
288	289	2.2612	-120.	87.855	984	0.12179
289	297	3.47	-120.	89.793	984	0.12231
289	305	5.1429	-120.	90.861	984	0.12248
289	300	4.2195	-120.	92.615	984	0.12293
290	297	3.47	-120.	89.793	984	0.12231
290	300	4.2195	-120.	92.615	984	0.12293
290	285	1.3031	-120.	89.681	984	0.12236
291	297	3.47	-120.	89.793	984	0.12231
291	285	1.3031	-120.	89.681	984	0.12236
291	289	2.2612	-120.	87.855	984	0.12179
292	297	3.47	-120.	89.793	984	0.12231
292	289	2.2612	-120.	87.855	984	0.12179
292	295	3.0008	-120.	87.884	984	0.1218
293	297	3.47	-120.	89.793	984	0.12231
293	295	3.0008	-120.	87.884	984	0.1218
293	303	4.8924	-120.	89.862	984	0.12228
294	297	3.47	-120.	89.793	984	0.12231
294	303	4.8924	-120.	89.862	984	0.12228
294	305	5.1429	-120.	90.861	984	0.12248
295	301	4.4345	-120.	87.969	984	0.12184
295	293	2.7559	-120.	86.903	984	0.12152
295	298	3.7317	-120.	85.064	984	0.12105
296	301	4.4345	-120.	87.969	984	0.12184
296	298	3.7317	-120.	85.064	984	0.12105
296	313	6.5826	-120.	88.167	984	0.12191
297	301	4.4345	-120.	87.969	984	0.12184
297	313	6.5826	-120.	88.167	984	0.12191
297	309	5.6436	-120.	89.931	984	0.12226
298	301	4.4345	-120.	87.969	984	0.12184
298	309	5.6436	-120.	89.931	984	0.12226
298	303	4.8924	-120.	89.862	984	0.12228
299	301	4.4345	-120.	87.969	984	0.12184
299	303	4.8924	-120.	89.862	984	0.12228
299	295	3.0008	-120.	87.884	984	0.1218
300	301	4.4345	-120.	87.969	984	0.12184
300	295	3.0008	-120.	87.884	984	0.1218
300	293	2.7559	-120.	86.903	984	0.12152
301	182	-14.524	-120.	96.261	995	0.12557
301	176	-16.032	-120.	95.811	995	0.12538
301	185	-13.745	-120.	94.149	995	0.12466
302	182	-14.524	-120.	96.261	995	0.12557
302	185	-13.745	-120.	94.149	995	0.12466
302	193	-12.821	-120.	94.742	995	0.12492
303	182	-14.524	-120.	96.261	995	0.12557
303	193	-12.821	-120.	94.742	995	0.12492
303	189	-13.45	-120.	97.31	995	0.12601
304	182	-14.524	-120.	96.261	995	0.12557
304	189	-13.45	-120.	97.31	995	0.12601
304	180	-14.762	-120.	98.263	995	0.12635
305	182	-14.524	-120.	96.261	995	0.12557
305	180	-14.762	-120.	98.263	995	0.12635
305	174	-16.334	-120.	97.294	995	0.12596
306	182	-14.524	-120.	96.261	995	0.12557
306	174	-16.334	-120.	97.294	995	0.12596
306	176	-16.032	-120.	95.811	995	0.12538
307	189	-13.45	-120.	97.31	995	0.12601
307	193	-12.821	-120.	94.742	995	0.12492
307	206	-11.103	-120.	95.872	995	0.12543
308	176	-16.032	-120.	95.811	995	0.12538
308	178	-15.485	-120.	93.018	995	0.12415
308	185	-13.745	-120.	94.149	995	0.12466
309	174	-16.334	-120.	97.294	995	0.12596
309	180	-14.762	-120.	98.263	995	0.12635
309	171	-16.855	-120.	100.05	995	0.12692
310	253	-3.4987	-120.	85.463	996	0.12079
310	228	-7.7041	-120.	86.405	996	0.12106
310	245	-4.8957	-120.	88.564	996	0.12202
311	169	-17.251	-120.	143.32	997	0.11595
311	163	-18.192	-120.	144.96	997	0.11552
311	148	-20.24	-120.	142.97	997	0.11611
312	152	-19.63	-120.	147.46	997	0.11491
312	127	-21.862	-120.	145.54	997	0.11534
312	159	-18.684	-120.	145.81	997	0.1153
313	99	-24.821	-120.	142.41	997	0.11631
313	129	-21.791	-120.	142.79	997	0.11618
313	114	-22.843	-120.	144.59	997	0.1156
314	142	-20.602	-120.	144.44	997	0.11566
314	148	-20.24	-120.	142.97	997	0.11611
314	163	-18.192	-120.	144.96	997	0.11552
315	142	-20.602	-120.	144.44	997	0.11566
315	163	-18.192	-120.	144.96	997	0.11552
315	159	-18.684	-120.	145.81	997	0.1153
316	142	-20.602	-120.	144.44	997	0.11566
316	159	-18.684	-120.	145.81	997	0.1153
316	127	-21.862	-120.	145.54	997	0.11534
317	142	-20.602	-120.	144.44	997	0.11566
317	127	-21.862	-120.	145.54	997	0.11534
317	114	-22.843	-120.	144.59	997	0.1156
318	142	-20.602	-120.	144.44	997	0.11566
318	114	-22.843	-120.	144.59	997	0.1156
318	129	-21.791	-120.	142.79	997	0.11618
319	142	-20.602	-120.	144.44	997	0.11566
319	129	-21.791	-120.	142.79	997	0.11618
319	148	-20.24	-120.	142.97	997	0.11611
320	575	36.909	-120.	117.34	999	0.11167
320	573	36.317	-120.	113.07	999	0.11334
320	555	33.96	-120.	115.92	999	0.11215
321	313	6.5826	-120.	88.167	1004	0.12191
321	321	8.0152	-120.	85.538	1004	0.12149
321	298	3.7317	-120.	85.064	1004	0.12105
322	108	-23.689	-120.	103.77	1024	0.12769
322	103	-24.368	-120.	105.63	1024	0.12793
322	78	-26.081	-120.	104.59	1024	0.1278
323	108	-23.689	-120.	103.77	1024	0.12769
323	78	-26.081	-120.	104.59	1024	0.1278
323	90	-25.369	-120.	103.36	1024	0.12762
324	108	-23.689	-120.	103.77	1024	0.12769
324	90	-25.369	-120.	103.36	1024	0.12762
324	122	-22.197	-120.	101.87	1024	0.12733
325	108	-23.689	-120.	103.77	1024	0.12769
325	122	-22.197	-120.	101.87	1024	0.12733
325	135	-21.358	-120.	102.37	1024	0.12744
326	108	-23.689	-120.	103.77	1024	0.12769
326	135	-21.358	-120.	102.37	1024	0.12744
326	116	-22.763	-120.	104.8	1024	0.12785
327	108	-23.689	-120.	103.77	1024	0.12769
327	116	-22.763	-120.	104.8	1024	0.12785
327	103	-24.368	-120.	105.63	1024	0.12793
328	122	-22.197	-120.	101.87	1024	0.12733
328	90	-25.369	-120.	103.36	1024	0.12762
328	107	-23.785	-120.	100.93	1024	0.12712
329	103	-24.368	-120.	105.63	1024	0.12793
329	55	-27.388	-120.	107.17	1024	0.12802
329	78	-26.081	-120.	104.59	1024	0.1278
330	116	-22.763	-120.	104.8	1024	0.12785
330	135	-21.358	-120.	102.37	1024	0.12744
330	151	-19.781	-120.	103.3	1024	0.12764
331	84	-25.691	-120.	136.27	1035	0.11884
331	64	-26.981	-120.	133.72	1035	0.12004
331	101	-24.589	-120.	134.53	1035	0.11963
332	27	-29.479	-120.	135.18	1035	0.11937
332	10	-30.643	-120.	132.48	1035	0.12064
332	41	-28.225	-120.	133.31	1035	0.12024
333	54	-27.584	-120.	135.34	1035	0.11928
333	27	-29.479	-120.	135.18	1035	0.11937
333	41	-28.225	-120.	133.31	1035	0.12024
334	54	-27.584	-120.	135.34	1035	0.11928
334	41	-28.225	-120.	133.31	1035	0.12024
334	64	-26.981	-120.	133.72	1035	0.12004
335	54	-27.584	-120.	135.34	1035	0.11928
335	64	-26.981	-120.	133.72	1035	0.12004
335	84	-25.691	-120.	136.27	1035	0.11884
336	54	-27.584	-120.	135.34	1035	0.11928
336	84	-25.691	-120.	136.27	1035	0.11884
336	75	-26.268	-120.	137.17	1035	0.11844
337	54	-27.584	-120.	135.34	1035	0.11928
337	75	-26.268	-120.	137.17	1035	0.11844
337	34	-28.862	-120.	136.4	1035	0.11881
338	54	-27.584	-120.	135.34	1035	0.11928
338	34	-28.862	-120.	136.4	1035	0.11881
338	27	-29.479	-120.	135.18	1035	0.11937
339	57	-27.373	-120.	138.94	1035	0.11769
339	34	-28.862	-120.	136.4	1035	0.11881
339	75	-26.268	-120.	137.17	1035	0.11844
340	131	-21.647	-120.	137.26	1036	0.11835
340	118	-22.638	-120.	137.55	1036	0.11824
340	120	-22.202	-120.	138.16	1036	0.11796
341	92	-25.296	-120.	136.9	1036	0.11855
341	85	-25.691	-120.	136.27	1036	0.11884
341	74	-26.268	-120.	137.17	1036	0.11844
342	102	-24.506	-120.	138.1	1036	0.11802
342	120	-22.202	-120.	138.16	1036	0.11796
342	113	-23.261	-120.	139.86	1036	0.11727
343	102	-24.506	-120.	138.1	1036	0.11802
343	113	-23.261	-120.	139.86	1036	0.11727
343	57	-27.373	-120.	138.94	1036	0.11769
344	102	-24.506	-120.	138.1	1036	0.11802
344	57	-27.373	-120.	138.94	1036	0.11769
344	74	-26.268	-120.	137.17	1036	0.11844
345	102	-24.506	-120.	138.1	1036	0.11802
345	74	-26.268	-120.	137.17	1036	0.11844
345	92	-25.296	-120.	136.9	1036	0.11855
346	102	-24.506	-120.	138.1	1036	0.11802
346	92	-25.296	-120.	136.9	1036	0.11855
346	118	-22.638	-120.	137.55	1036	0.11824
347	102	-24.506	-120.	138.1	1036	0.11802
347	118	-22.638	-120.	137.55	1036	0.11824
347	120	-22.202	-120.	138.16	1036	0.11796
348	111	-23.409	-120.	136.35	1036	0.11878
348	85	-25.691	-120.	136.27	1036	0.11884
348	101	-24.589	-120.	134.53	1036	0.11963
349	111	-23.409	-120.	136.35	1036	0.11878
349	101	-24.589	-120.	134.53	1036	0.11963
349	143	-20.59	-120.	135.59	1036	0.11909
350	111	-23.409	-120.	136.35	1036	0.11878
350	143	-20.59	-120.	135.59	1036	0.11909
350	131	-21.647	-120.	137.26	1036	0.11835
351	111	-23.409	-120.	136.35	1036	0.11878
351	131	-21.647	-120.	137.26	1036	0.11835
351	118	-22.638	-120.	137.55	1036	0.11824
352	111	-23.409	-120.	136.35	1036	0.11878
352	118	-22.638	-120.	137.55	1036	0.11824
352	92	-25.296	-120.	136.9	1036	0.11855
353	111	-23.409	-120.	136.35	1036	0.11878
353	92	-25.296	-120.	136.9	1036	0.11855
353	85	-25.691	-120.	136.27	1036	0.11884
354	149	-19.941	-120.	138.82	1037	0.11764
354	166	-17.829	-120.	138.97	1037	0.11752
354	158	-18.742	-120.	140.49	1037	0.11694
355	149	-19.941	-120.	138.82	1037	0.11764
355	158	-18.742	-120.	140.49	1037	0.11694
355	147	-20.31	-120.	140.26	1037	0.11706
356	149	-19.941	-120.	138.82	1037	0.11764
356	147	-20.31	-120.	140.26	1037	0.11706
356	121	-22.202	-120.	138.16	1037	0.11796
357	149	-19.941	-120.	138.82	1037	0.11764
357	121	-22.202	-120.	138.16	1037	0.11796
357	132	-21.647	-120.	137.26	1037	0.11835
358	149	-19.941	-120.	138.82	1037	0.11764
358	132	-21.647	-120.	137.26	1037	0.11835
358	154	-18.914	-120.	137.77	1037	0.11807
359	149	-19.941	-120.	138.82	1037	0.11764
359	154	-18.914	-120.	137.77	1037	0.11807
359	166	-17.829	-120.	138.97	1037	0.11752
360	121	-22.202	-120.	138.16	1037	0.11796
360	147	-20.31	-120.	140.26	1037	0.11706
360	113	-23.261	-120.	139.86	1037	0.11727
361	166	-17.829	-120.	138.97	1037	0.11752
361	177	-15.833	-120.	140.87	1037	0.11669
361	158	-18.742	-120.	140.49	1037	0.11694
362	154	-18.914	-120.	137.77	1037	0.11807
362	132	-21.647	-120.	137.26	1037	0.11835
362	143	-20.59	-120.	135.59	1037	0.11909
363	86	-25.532	-120.	128.87	1041	0.12231
363	71	-26.322	-120.	130.55	1041	0.12153
363	62	-27.196	-120.	127.86	1041	0.12279
364	86	-25.532	-120.	128.87	1041	0.12231
364	62	-27.196	-120.	127.86	1041	0.12279
364	69	-26.429	-120.	126.87	1041	0.12323
365	86	-25.532	-120.	128.87	1041	0.12231
365	69	-26.429	-120.	126.87	1041	0.12323
365	105	-24.331	-120.	127.71	1041	0.12282
366	86	-25.532	-120.	128.87	1041	0.12231
366	105	-24.331	-120.	127.71	1041	0.12282
366	106	-23.83	-120.	129.26	1041	0.12211
367	86	-25.532	-120.	128.87	1041	0.12231
367	106	-23.83	-120.	129.26	1041	0.12211
367	95	-25.087	-120.	131.	1041	0.12131
368	86	-25.532	-120.	128.87	1041	0.12231
368	95	-25.087	-120.	131.	1041	0.12131
368	71	-26.322	-120.	130.55	1041	0.12153
369	105	-24.331	-120.	127.71	1041	0.12282
369	69	-26.429	-120.	126.87	1041	0.12323
369	96	-24.974	-120.	125.04	1041	0.124
370	71	-26.322	-120.	130.55	1041	0.12153
370	35	-28.656	-120.	129.72	1041	0.12194
370	62	-27.196	-120.	127.86	1041	0.12279
371	95	-25.087	-120.	131.	1041	0.12131
371	106	-23.83	-120.	129.26	1041	0.12211
371	115	-22.777	-120.	131.8	1041	0.12091
372	61	-27.224	-120.	112.18	1056	0.12781
372	100	-24.688	-120.	113.62	1056	0.12754
372	112	-23.336	-120.	109.46	1056	0.12799
373	150	-19.798	-120.	140.81	1065	0.11685
373	157	-18.742	-120.	140.49	1065	0.11694
373	146	-20.31	-120.	140.26	1065	0.11706
374	156	-18.773	-120.	141.82	1065	0.11646
374	169	-17.251	-120.	143.32	1065	0.11595
374	177	-15.833	-120.	140.87	1065	0.11669
375	156	-18.773	-120.	141.82	1065	0.11646
375	177	-15.833	-120.	140.87	1065	0.11669
375	157	-18.742	-120.	140.49	1065	0.11694
376	156	-18.773	-120.	141.82	1065	0.11646
376	157	-18.742	-120.	140.49	1065	0.11694
376	150	-19.798	-120.	140.81	1065	0.11685
377	156	-18.773	-120.	141.82	1065	0.11646
377	150	-19.798	-120.	140.81	1065	0.11685
377	141	-20.774	-120.	142.45	1065	0.11629
378	156	-18.773	-120.	141.82	1065	0.11646
378	141	-20.774	-120.	142.45	1065	0.11629
378	148	-20.24	-120.	142.97	1065	0.11611
379	156	-18.773	-120.	141.82	1065	0.11646
379	148	-20.24	-120.	142.97	1065	0.11611
379	169	-17.251	-120.	143.32	1065	0.11595
380	128	-21.792	-120.	141.43	1065	0.11665
380	99	-24.821	-120.	142.41	1065	0.11631
380	113	-23.261	-120.	139.86	1065	0.11727
381	128	-21.792	-120.	141.43	1065	0.11665
381	113	-23.261	-120.	139.86	1065	0.11727
381	146	-20.31	-120.	140.26	1065	0.11706
382	128	-21.792	-120.	141.43	1065	0.11665
382	146	-20.31	-120.	140.26	1065	0.11706
382	150	-19.798	-120.	140.81	1065	0.11685
383	128	-21.792	-120.	141.43	1065	0.11665
383	150	-19.798	-120.	140.81	1065	0.11685
383	141	-20.774	-120.	142.45	1065	0.11629
384	128	-21.792	-120.	141.43	1065	0.11665
384	141	-20.774	-120.	142.45	1065	0.11629
384	129	-21.791	-120.	142.79	1065	0.11618
385	128	-21.792	-120.	141.43	1065	0.11665
385	129	-21.791	-120.	142.79	1065	0.11618
385	99	-24.821	-120.	142.41	1065	0.11631
386	141	-20.774	-120.	142.45	1065	0.11629
386	129	-21.791	-120.	142.79	1065	0.11618
386	148	-20.24	-120.	142.97	1065	0.11611
387	77	-26.164	-120.	103.72	1069	0.12768
387	79	-26.081	-120.	104.59	1069	0.1278
387	89	-25.369	-120.	103.36	1069	0.12762
388	76	-26.232	-120.	102.02	1069	0.12737
388	47	-27.911	-120.	101.92	1069	0.12735
388	73	-26.285	-120.	99.47	1069	0.12674
389	76	-26.232	-120.	102.02	1069	0.12737
389	73	-26.285	-120.	99.47	1069	0.12674
389	107	-23.785	-120.	100.93	1069	0.12712
390	76	-26.232	-120.	102.02	1069	0.12737
390	107	-23.785	-120.	100.93	1069	0.12712
390	89	-25.369	-120.	103.36	1069	0.12762
391	76	-26.232	-120.	102.02	1069	0.12737
391	89	-25.369	-120.	103.36	1069	0.12762
391	77	-26.164	-120.	103.72	1069	0.12768
392	76	-26.232	-120.	102.02	1069	0.12737
392	77	-26.164	-120.	103.72	1069	0.12768
392	48	-27.878	-120.	102.73	1069	0.12751
393	76	-26.232	-120.	102.02	1069	0.12737
393	48	-27.878	-120.	102.73	1069	0.12751
393	47	-27.911	-120.	101.92	1069	0.12735
394	37	-28.595	-120.	103.11	1069	0.12757
394	48	-27.878	-120.	102.73	1069	0.12751
394	47	-27.911	-120.	101.92	1069	0.12735
395	51	-27.669	-120.	104.51	1069	0.12778
395	20	-29.906	-120.	105.74	1069	0.1279
395	55	-27.388	-120.	107.17	1069	0.12802
396	51	-27.669	-120.	104.51	1069	0.12778
396	55	-27.388	-120.	107.17	1069	0.12802
396	79	-26.081	-120.	104.59	1069	0.1278
397	51	-27.669	-120.	104.51	1069	0.12778
397	79	-26.081	-120.	104.59	1069	0.1278
397	77	-26.164	-120.	103.72	1069	0.12768
398	51	-27.669	-120.	104.51	1069	0.12778
398	77	-26.164	-120.	103.72	1069	0.12768
398	48	-27.878	-120.	102.73	1069	0.12751
399	51	-27.669	-120.	104.51	1069	0.12778
399	48	-27.878	-120.	102.73	1069	0.12751
399	37	-28.595	-120.	103.11	1069	0.12757
400	51	-27.669	-120.	104.51	1069	0.12778
400	37	-28.595	-120.	103.11	1069	0.12757
400	20	-29.906	-120.	105.74	1069	0.1279
401	417	21.839	-120.	142.89	1084	0.11133
401	424	22.411	-120.	142.4	1084	0.11115
401	413	21.536	-120.	141.87	1084	0.11097
402	425	22.428	-120.	144.8	1084	0.11204
402	430	23.336	-120.	147.74	1084	0.11324
402	434	24.064	-120.	143.4	1084	0.1115
403	425	22.428	-120.	144.8	1084	0.11204
403	434	24.064	-120.	143.4	1084	0.1115
403	424	22.411	-120.	142.4	1084	0.11115
404	425	22.428	-120.	144.8	1084	0.11204
404	424	22.411	-120.	142.4	1084	0.11115
404	417	21.839	-120.	142.89	1084	0.11133
405	425	22.428	-120.	144.8	1084	0.11204
405	417	21.839	-120.	142.89	1084	0.11133
405	411	21.309	-120.	145.7	1084	0.11241
406	425	22.428	-120.	144.8	1084	0.11204
406	411	21.309	-120.	145.7	1084	0.11241
406	414	21.609	-120.	146.7	1084	0.11283
407	425	22.428	-120.	144.8	1084	0.11204
407	414	21.609	-120.	146.7	1084	0.11283
407	430	23.336	-120.	147.74	1084	0.11324
408	403	20.72	-120.	143.77	1084	0.11165
408	393	19.016	-120.	145.11	1084	0.11219
408	399	19.899	-120.	140.87	1084	0.11061
409	403	20.72	-120.	143.77	1084	0.11165
409	399	19.899	-120.	140.87	1084	0.11061
409	413	21.536	-120.	141.87	1084	0.11097
410	403	20.72	-120.	143.77	1084	0.11165
410	413	21.536	-120.	141.87	1084	0.11097
410	417	21.839	-120.	142.89	1084	0.11133
411	403	20.72	-120.	143.77	1084	0.11165
411	417	21.839	-120.	142.89	1084	0.11133
411	411	21.309	-120.	145.7	1084	0.11241
412	403	20.72	-120.	143.77	1084	0.11165
412	411	21.309	-120.	145.7	1084	0.11241
412	404	20.723	-120.	146.15	1084	0.11261
413	403	20.72	-120.	143.77	1084	0.11165
413	404	20.723	-120.	146.15	1084	0.11261
413	393	19.016	-120.	145.11	1084	0.11219
414	411	21.309	-120.	145.7	1084	0.11241
414	404	20.723	-120.	146.15	1084	0.11261
414	414	21.609	-120.	146.7	1084	0.11283
415	346	11.663	-120.	147.66	1097	0.11334
415	349	11.922	-120.	148.61	1097	0.11374
415	354	12.635	-120.	148.36	1097	0.11362
416	342	11.047	-120.	150.83	1097	0.11469
416	334	10.335	-120.	151.03	1097	0.11477
416	345	11.293	-120.	151.76	1097	0.11507
417	351	12.422	-120.	150.4	1097	0.1145
417	354	12.635	-120.	148.36	1097	0.11362
417	362	14.46	-120.	149.69	1097	0.11418
418	351	12.422	-120.	150.4	1097	0.1145
418	362	14.46	-120.	149.69	1097	0.11418
418	356	13.174	-120.	153.16	1097	0.11566
419	351	12.422	-120.	150.4	1097	0.1145
419	356	13.174	-120.	153.16	1097	0.11566
419	345	11.293	-120.	151.76	1097	0.11507
420	351	12.422	-120.	150.4	1097	0.1145
420	345	11.293	-120.	151.76	1097	0.11507
420	342	11.047	-120.	150.83	1097	0.11469
421	351	12.422	-120.	150.4	1097	0.1145
421	342	11.047	-120.	150.83	1097	0.11469
421	349	11.922	-120.	148.61	1097	0.11374
422	351	12.422	-120.	150.4	1097	0.1145
422	349	11.922	-120.	148.61	1097	0.11374
422	354	12.635	-120.	148.36	1097	0.11362
423	338	10.553	-120.	149.02	1097	0.11394
423	334	10.335	-120.	151.03	1097	0.11477
423	323	8.4836	-120.	149.65	1097	0.11423
424	338	10.553	-120.	149.02	1097	0.11394
424	323	8.4836	-120.	149.65	1097	0.11423
424	332	9.8655	-120.	146.33	1097	0.11282
425	338	10.553	-120.	149.02	1097	0.11394
425	332	9.8655	-120.	146.33	1097	0.11282
425	346	11.663	-120.	147.66	1097	0.11334
426	338	10.553	-120.	149.02	1097	0.11394
426	346	11.663	-120.	147.66	1097	0.11334
426	349	11.922	-120.	148.61	1097	0.11374
427	338	10.553	-120.	149.02	1097	0.11394
427	349	11.922	-120.	148.61	1097	0.11374
427	342	11.047	-120.	150.83	1097	0.11469
428	338	10.553	-120.	149.02	1097	0.11394
428	342	11.047	-120.	150.83	1097	0.11469
428	334	10.335	-120.	151.03	1097	0.11477
429	393	19.016	-120.	145.11	1104	0.11219
429	399	19.899	-120.	140.87	1104	0.11061
429	375	16.361	-120.	143.44	1104	0.1115
430	436	24.303	-120.	140.3	1108	0.11049
430	440	24.802	-120.	139.73	1108	0.11033
430	438	24.441	-120.	138.64	1108	0.11005
431	450	26.414	-120.	140.68	1108	0.11059
431	455	26.788	-120.	141.73	1108	0.1109
431	457	26.876	-120.	140.1	1108	0.11042
432	446	25.708	-120.	138.62	1108	0.11004
432	438	24.441	-120.	138.64	1108	0.11005
432	439	24.656	-120.	135.59	1108	0.10942
433	446	25.708	-120.	138.62	1108	0.11004
433	439	24.656	-120.	135.59	1108	0.10942
433	460	27.061	-120.	136.97	1108	0.10968
434	446	25.708	-120.	138.62	1108	0.11004
434	460	27.061	-120.	136.97	1108	0.10968
434	457	26.876	-120.	140.1	1108	0.11042
435	446	25.708	-120.	138.62	1108	0.11004
435	457	26.876	-120.	140.1	1108	0.11042
435	450	26.414	-120.	140.68	1108	0.11059
436	446	25.708	-120.	138.62	1108	0.11004
436	450	26.414	-120.	140.68	1108	0.11059
436	440	24.802	-120.	139.73	1108	0.11033
437	446	25.708	-120.	138.62	1108	0.11004
437	440	24.802	-120.	139.73	1108	0.11033
437	438	24.441	-120.	138.64	1108	0.11005
438	445	25.493	-120.	141.79	1108	0.11093
438	455	26.788	-120.	141.73	1108	0.1109
438	452	26.586	-120.	144.91	1108	0.11203
439	445	25.493	-120.	141.79	1108	0.11093
439	452	26.586	-120.	144.91	1108	0.11203
439	434	24.064	-120.	143.4	1108	0.1115
440	445	25.493	-120.	141.79	1108	0.11093
440	434	24.064	-120.	143.4	1108	0.1115
440	436	24.303	-120.	140.3	1108	0.11049
441	445	25.493	-120.	141.79	1108	0.11093
441	436	24.303	-120.	140.3	1108	0.11049
441	440	24.802	-120.	139.73	1108	0.11033
442	445	25.493	-120.	141.79	1108	0.11093
442	440	24.802	-120.	139.73	1108	0.11033
442	450	26.414	-120.	140.68	1108	0.11059
443	445	25.493	-120.	141.79	1108	0.11093
443	450	26.414	-120.	140.68	1108	0.11059
443	455	26.788	-120.	141.73	1108	0.1109
444	88	-25.431	-120.	120.69	1109	0.12568
444	44	-28.087	-120.	123.61	1109	0.12464
444	96	-24.974	-120.	125.04	1109	0.124
445	362	14.46	-120.	149.69	1115	0.11418
445	356	13.174	-120.	153.16	1115	0.11566
445	380	17.167	-120.	151.53	1115	0.11497
446	308	5.588	-120.	147.24	1140	0.11343
446	323	8.4836	-120.	149.65	1140	0.11423
446	332	9.8655	-120.	146.33	1140	0.11282
447	508	30.804	-120.	116.74	1153	0.11187
447	480	29.255	-120.	116.32	1153	0.11206
447	506	30.803	-120.	114.51	1153	0.11273
448	508	30.804	-120.	116.74	1153	0.11187
448	506	30.803	-120.	114.51	1153	0.11273
448	527	31.894	-120.	115.	1153	0.11252
449	508	30.804	-120.	116.74	1153	0.11187
449	527	31.894	-120.	115.	1153	0.11252
449	532	32.19	-120.	117.81	1153	0.11146
450	508	30.804	-120.	116.74	1153	0.11187
450	532	32.19	-120.	117.81	1153	0.11146
450	515	31.257	-120.	118.83	1153	0.11114
451	508	30.804	-120.	116.74	1153	0.11187
451	515	31.257	-120.	118.83	1153	0.11114
451	487	29.425	-120.	117.94	1153	0.11149
452	508	30.804	-120.	116.74	1153	0.11187
452	487	29.425	-120.	117.94	1153	0.11149
452	480	29.255	-120.	116.32	1153	0.11206
453	532	32.19	-120.	117.81	1153	0.11146
453	527	31.894	-120.	115.	1153	0.11252
453	555	33.96	-120.	115.92	1153	0.11215
454	480	29.255	-120.	116.32	1153	0.11206
454	477	28.754	-120.	113.62	1153	0.11313
454	506	30.803	-120.	114.51	1153	0.11273
455	487	29.425	-120.	117.94	1153	0.11149
455	515	31.257	-120.	118.83	1153	0.11114
455	491	29.497	-120.	120.69	1153	0.11062
456	466	27.921	-120.	96.479	1215	0.12079
456	441	24.832	-120.	93.474	1215	0.12173
456	431	23.352	-120.	95.976	1215	0.12096
457	67	-26.804	-120.	117.53	1253	0.1267
457	66	-26.814	-120.	115.45	1253	0.12723
457	93	-25.189	-120.	116.32	1253	0.12696
458	67	-26.804	-120.	117.53	1253	0.1267
458	93	-25.189	-120.	116.32	1253	0.12696
458	91	-25.359	-120.	117.94	1253	0.12654
459	67	-26.804	-120.	117.53	1253	0.1267
459	91	-25.359	-120.	117.94	1253	0.12654
459	60	-27.268	-120.	119.76	1253	0.12604
460	67	-26.804	-120.	117.53	1253	0.1267
460	60	-27.268	-120.	119.76	1253	0.12604
460	39	-28.244	-120.	119.26	1253	0.12621
461	67	-26.804	-120.	117.53	1253	0.1267
461	39	-28.244	-120.	119.26	1253	0.12621
461	46	-27.948	-120.	116.45	1253	0.12701
462	67	-26.804	-120.	117.53	1253	0.1267
462	46	-27.948	-120.	116.45	1253	0.12701
462	66	-26.814	-120.	115.45	1253	0.12723
463	60	-27.268	-120.	119.76	1253	0.12604
463	91	-25.359	-120.	117.94	1253	0.12654
463	88	-25.431	-120.	120.69	1253	0.12568
464	66	-26.814	-120.	115.45	1253	0.12723
464	100	-24.688	-120.	113.62	1253	0.12754
464	93	-25.189	-120.	116.32	1253	0.12696
465	46	-27.948	-120.	116.45	1253	0.12701
465	39	-28.244	-120.	119.26	1253	0.12621
465	16	-30.093	-120.	118.32	1253	0.1265
466	33	-28.882	-120.	111.23	1255	0.12791
466	61	-27.224	-120.	112.18	1255	0.12781
466	30	-29.43	-120.	114.03	1255	0.12752
467	13	-30.536	-120.	112.93	1255	0.12768
467	33	-28.882	-120.	111.23	1255	0.12791
467	30	-29.43	-120.	114.03	1255	0.12752
468	13	-30.536	-120.	112.93	1255	0.12768
468	30	-29.43	-120.	114.03	1255	0.12752
468	11	-30.578	-120.	114.99	1255	0.12732
469	13	-30.536	-120.	112.93	1255	0.12768
469	11	-30.578	-120.	114.99	1255	0.12732
469	4	-32.421	-120.	113.97	1255	0.12746
470	13	-30.536	-120.	112.93	1255	0.12768
470	4	-32.421	-120.	113.97	1255	0.12746
470	5	-32.159	-120.	112.62	1255	0.12768
471	13	-30.536	-120.	112.93	1255	0.12768
471	5	-32.159	-120.	112.62	1255	0.12768
471	22	-29.748	-120.	110.74	1255	0.12794
472	13	-30.536	-120.	112.93	1255	0.12768
472	22	-29.748	-120.	110.74	1255	0.12794
472	33	-28.882	-120.	111.23	1255	0.12791
473	4	-32.421	-120.	113.97	1255	0.12746
473	11	-30.578	-120.	114.99	1255	0.12732
473	1	-32.805	-120.	116.88	1255	0.12683
474	5	-32.159	-120.	112.62	1255	0.12768
474	7	-31.417	-120.	109.78	1255	0.12796
474	22	-29.748	-120.	110.74	1255	0.12794
475	381	17.43	-120.	91.87	1256	0.12199
475	392	18.881	-120.	89.348	1256	0.12233
475	364	14.983	-120.	87.508	1256	0.12218
476	81	-26.046	-120.	131.25	1264	0.1212
476	94	-25.087	-120.	131.	1264	0.12131
476	72	-26.322	-120.	130.55	1264	0.12153
477	49	-27.864	-120.	131.72	1264	0.12099
477	41	-28.225	-120.	133.31	1264	0.12024
477	10	-30.643	-120.	132.48	1264	0.12064
478	49	-27.864	-120.	131.72	1264	0.12099
478	10	-30.643	-120.	132.48	1264	0.12064
478	35	-28.656	-120.	129.72	1264	0.12194
479	49	-27.864	-120.	131.72	1264	0.12099
479	35	-28.656	-120.	129.72	1264	0.12194
479	72	-26.322	-120.	130.55	1264	0.12153
480	49	-27.864	-120.	131.72	1264	0.12099
480	72	-26.322	-120.	130.55	1264	0.12153
480	81	-26.046	-120.	131.25	1264	0.1212
481	49	-27.864	-120.	131.72	1264	0.12099
481	81	-26.046	-120.	131.25	1264	0.1212
481	58	-27.289	-120.	133.05	1264	0.12036
482	49	-27.864	-120.	131.72	1264	0.12099
482	58	-27.289	-120.	133.05	1264	0.12036
482	41	-28.225	-120.	133.31	1264	0.12024
483	64	-26.981	-120.	133.72	1264	0.12004
483	58	-27.289	-120.	133.05	1264	0.12036
483	41	-28.225	-120.	133.31	1264	0.12024
484	87	-25.462	-120.	132.56	1264	0.12057
484	101	-24.589	-120.	134.53	1264	0.11963
484	115	-22.777	-120.	131.8	1264	0.12091
485	87	-25.462	-120.	132.56	1264	0.12057
485	115	-22.777	-120.	131.8	1264	0.12091
485	94	-25.087	-120.	131.	1264	0.12131
486	87	-25.462	-120.	132.56	1264	0.12057
486	94	-25.087	-120.	131.	1264	0.12131
486	81	-26.046	-120.	131.25	1264	0.1212
487	87	-25.462	-120.	132.56	1264	0.12057
487	81	-26.046	-120.	131.25	1264	0.1212
487	58	-27.289	-120.	133.05	1264	0.12036
488	87	-25.462	-120.	132.56	1264	0.12057
488	58	-27.289	-120.	133.05	1264	0.12036
488	64	-26.981	-120.	133.72	1264	0.12004
489	87	-25.462	-120.	132.56	1264	0.12057
489	64	-26.981	-120.	133.72	1264	0.12004
489	101	-24.589	-120.	134.53	1264	0.11963
490	184	-14.334	-120.	145.42	1276	0.11535
490	186	-13.704	-120.	145.83	1276	0.11525
490	191	-13.215	-120.	145.	1276	0.11538
491	173	-16.43	-120.	146.22	1276	0.11522
491	152	-19.63	-120.	147.46	1276	0.11491
491	181	-14.63	-120.	147.4	1276	0.11501
492	173	-16.43	-120.	146.22	1276	0.11522
492	181	-14.63	-120.	147.4	1276	0.11501
492	186	-13.704	-120.	145.83	1276	0.11525
493	173	-16.43	-120.	146.22	1276	0.11522
493	186	-13.704	-120.	145.83	1276	0.11525
493	184	-14.334	-120.	145.42	1276	0.11535
494	173	-16.43	-120.	146.22	1276	0.11522
494	184	-14.334	-120.	145.42	1276	0.11535
494	168	-17.598	-120.	145.4	1276	0.11541
495	173	-16.43	-120.	146.22	1276	0.11522
495	168	-17.598	-120.	145.4	1276	0.11541
495	160	-18.684	-120.	145.81	1276	0.1153
496	173	-16.43	-120.	146.22	1276	0.11522
496	160	-18.684	-120.	145.81	1276	0.1153
496	152	-19.63	-120.	147.46	1276	0.11491
497	179	-15.481	-120.	144.59	1276	0.11556
497	169	-17.251	-120.	143.32	1276	0.11595
497	197	-12.295	-120.	143.44	1276	0.11566
498	179	-15.481	-120.	144.59	1276	0.11556
498	197	-12.295	-120.	143.44	1276	0.11566
498	191	-13.215	-120.	145.	1276	0.11538
499	179	-15.481	-120.	144.59	1276	0.11556
499	191	-13.215	-120.	145.	1276	0.11538
499	184	-14.334	-120.	145.42	1276	0.11535
500	179	-15.481	-120.	144.59	1276	0.11556
500	184	-14.334	-120.	145.42	1276	0.11535
500	168	-17.598	-120.	145.4	1276	0.11541
501	179	-15.481	-120.	144.59	1276	0.11556
501	168	-17.598	-120.	145.4	1276	0.11541
501	164	-18.192	-120.	144.96	1276	0.11552
502	179	-15.481	-120.	144.59	1276	0.11556
502	164	-18.192	-120.	144.96	1276	0.11552
502	169	-17.251	-120.	143.32	1276	0.11595
503	168	-17.598	-120.	145.4	1276	0.11541
503	164	-18.192	-120.	144.96	1276	0.11552
503	160	-18.684	-120.	145.81	1276	0.1153
504	20	-29.906	-120.	105.74	1287	0.1279
504	7	-31.417	-120.	109.78	1287	0.12796
504	55	-27.388	-120.	107.17	1287	0.12802
505	203	-11.708	-120.	147.15	1310	0.115
505	191	-13.215	-120.	145.	1310	0.11538
505	211	-10.674	-120.	146.2	1310	0.11507
506	203	-11.708	-120.	147.15	1310	0.115
506	211	-10.674	-120.	146.2	1310	0.11507
506	216	-9.7773	-120.	147.68	1310	0.1149
507	203	-11.708	-120.	147.15	1310	0.115
507	216	-9.7773	-120.	147.68	1310	0.1149
507	209	-10.796	-120.	149.39	1310	0.11482
508	203	-11.708	-120.	147.15	1310	0.115
508	209	-10.796	-120.	149.39	1310	0.11482
508	200	-12.084	-120.	148.78	1310	0.11486
509	203	-11.708	-120.	147.15	1310	0.115
509	200	-12.084	-120.	148.78	1310	0.11486
509	186	-13.704	-120.	145.83	1310	0.11525
510	203	-11.708	-120.	147.15	1310	0.115
510	186	-13.704	-120.	145.83	1310	0.11525
510	191	-13.215	-120.	145.	1310	0.11538
511	209	-10.796	-120.	149.39	1310	0.11482
511	216	-9.7773	-120.	147.68	1310	0.1149
511	226	-8.113	-120.	150.47	1310	0.11484
512	191	-13.215	-120.	145.	1310	0.11538
512	197	-12.295	-120.	143.44	1310	0.11566
512	211	-10.674	-120.	146.2	1310	0.11507
513	186	-13.704	-120.	145.83	1310	0.11525
513	200	-12.084	-120.	148.78	1310	0.11486
513	181	-14.63	-120.	147.4	1310	0.11501
514	288	1.8045	-120.	154.98	1350	0.11596
514	311	6.1077	-120.	154.74	1350	0.1161
514	296	3.2389	-120.	152.16	1350	0.11517
515	430	23.336	-120.	147.74	1355	0.11324
515	452	26.586	-120.	144.91	1355	0.11203
515	434	24.064	-120.	143.4	1355	0.1115
516	372	15.89	-120.	146.87	1362	0.11295
516	369	15.629	-120.	145.89	1362	0.11253
516	366	15.218	-120.	147.21	1362	0.1131
517	379	17.139	-120.	146.16	1362	0.11264
517	393	19.016	-120.	145.11	1362	0.11219
517	375	16.361	-120.	143.44	1362	0.1115
518	379	17.139	-120.	146.16	1362	0.11264
518	375	16.361	-120.	143.44	1362	0.1115
518	369	15.629	-120.	145.89	1362	0.11253
519	379	17.139	-120.	146.16	1362	0.11264
519	369	15.629	-120.	145.89	1362	0.11253
519	372	15.89	-120.	146.87	1362	0.11295
520	379	17.139	-120.	146.16	1362	0.11264
520	372	15.89	-120.	146.87	1362	0.11295
520	383	17.646	-120.	148.02	1362	0.11343
521	379	17.139	-120.	146.16	1362	0.11264
521	383	17.646	-120.	148.02	1362	0.11343
521	386	18.289	-120.	147.65	1362	0.11327
522	379	17.139	-120.	146.16	1362	0.11264
522	386	18.289	-120.	147.65	1362	0.11327
522	393	19.016	-120.	145.11	1362	0.11219
523	376	16.383	-120.	148.72	1362	0.11374
523	380	17.167	-120.	151.53	1362	0.11497
523	362	14.46	-120.	149.69	1362	0.11418
524	376	16.383	-120.	148.72	1362	0.11374
524	362	14.46	-120.	149.69	1362	0.11418
524	366	15.218	-120.	147.21	1362	0.1131
525	376	16.383	-120.	148.72	1362	0.11374
525	366	15.218	-120.	147.21	1362	0.1131
525	372	15.89	-120.	146.87	1362	0.11295
526	376	16.383	-120.	148.72	1362	0.11374
526	372	15.89	-120.	146.87	1362	0.11295
526	383	17.646	-120.	148.02	1362	0.11343
527	376	16.383	-120.	148.72	1362	0.11374
527	383	17.646	-120.	148.02	1362	0.11343
527	384	17.918	-120.	148.97	1362	0.11384
528	376	16.383	-120.	148.72	1362	0.11374
528	384	17.918	-120.	148.97	1362	0.11384
528	380	17.167	-120.	151.53	1362	0.11497
529	383	17.646	-120.	148.02	1362	0.11343
529	384	17.918	-120.	148.97	1362	0.11384
529	386	18.289	-120.	147.65	1362	0.11327
530	358	13.591	-120.	146.55	1363	0.11282
530	359	13.941	-120.	144.75	1363	0.11205
530	370	15.629	-120.	145.89	1363	0.11253
531	358	13.591	-120.	146.55	1363	0.11282
531	370	15.629	-120.	145.89	1363	0.11253
531	367	15.218	-120.	147.21	1363	0.1131
532	358	13.591	-120.	146.55	1363	0.11282
532	367	15.218	-120.	147.21	1363	0.1131
532	355	12.635	-120.	148.36	1363	0.11362
533	358	13.591	-120.	146.55	1363	0.11282
533	355	12.635	-120.	148.36	1363	0.11362
533	347	11.663	-120.	147.66	1363	0.11334
534	358	13.591	-120.	146.55	1363	0.11282
534	347	11.663	-120.	147.66	1363	0.11334
534	352	12.46	-120.	145.41	1363	0.11235
535	358	13.591	-120.	146.55	1363	0.11282
535	352	12.46	-120.	145.41	1363	0.11235
535	359	13.941	-120.	144.75	1363	0.11205
536	355	12.635	-120.	148.36	1363	0.11362
536	367	15.218	-120.	147.21	1363	0.1131
536	362	14.46	-120.	149.69	1363	0.11418
537	359	13.941	-120.	144.75	1363	0.11205
537	375	16.361	-120.	143.44	1363	0.1115
537	370	15.629	-120.	145.89	1363	0.11253
538	352	12.46	-120.	145.41	1363	0.11235
538	347	11.663	-120.	147.66	1363	0.11334
538	332	9.8655	-120.	146.33	1363	0.11282
539	172	-16.628	-120.	96.27	1435	0.12556
539	174	-16.334	-120.	97.294	1435	0.12596
539	176	-16.032	-120.	95.811	1435	0.12538
540	167	-17.726	-120.	97.196	1435	0.12592
540	153	-19.369	-120.	98.573	1435	0.12641
540	171	-16.855	-120.	100.05	1435	0.12692
541	167	-17.726	-120.	97.196	1435	0.12592
541	171	-16.855	-120.	100.05	1435	0.12692
541	174	-16.334	-120.	97.294	1435	0.12596
542	167	-17.726	-120.	97.196	1435	0.12592
542	174	-16.334	-120.	97.294	1435	0.12596
542	172	-16.628	-120.	96.27	1435	0.12556
543	167	-17.726	-120.	97.196	1435	0.12592
543	172	-16.628	-120.	96.27	1435	0.12556
543	162	-18.302	-120.	95.252	1435	0.12516
544	167	-17.726	-120.	97.196	1435	0.12592
544	162	-18.302	-120.	95.252	1435	0.12516
544	155	-18.865	-120.	95.735	1435	0.12536
545	167	-17.726	-120.	97.196	1435	0.12592
545	155	-18.865	-120.	95.735	1435	0.12536
545	153	-19.369	-120.	98.573	1435	0.12641
546	170	-17.191	-120.	94.333	1435	0.12476
546	165	-18.085	-120.	91.387	1435	0.12345
546	178	-15.485	-120.	93.018	1435	0.12415
547	170	-17.191	-120.	94.333	1435	0.12476
547	178	-15.485	-120.	93.018	1435	0.12415
547	176	-16.032	-120.	95.811	1435	0.12538
548	170	-17.191	-120.	94.333	1435	0.12476
548	176	-16.032	-120.	95.811	1435	0.12538
548	172	-16.628	-120.	96.27	1435	0.12556
549	170	-17.191	-120.	94.333	1435	0.12476
549	172	-16.628	-120.	96.27	1435	0.12556
549	162	-18.302	-120.	95.252	1435	0.12516
550	170	-17.191	-120.	94.333	1435	0.12476
550	162	-18.302	-120.	95.252	1435	0.12516
550	161	-18.611	-120.	94.262	1435	0.12476
551	170	-17.191	-120.	94.333	1435	0.12476
551	161	-18.611	-120.	94.262	1435	0.12476
551	165	-18.085	-120.	91.387	1435	0.12345
552	162	-18.302	-120.	95.252	1435	0.12516
552	161	-18.611	-120.	94.262	1435	0.12476
552	155	-18.865	-120.	95.735	1435	0.12536
553	183	-14.413	-120.	89.13	1437	0.12231
553	165	-18.085	-120.	91.387	1437	0.12345
553	178	-15.485	-120.	93.018	1437	0.12415
554	272	-0.59171	-120.	88.013	1449	0.12182
554	290	2.2612	-120.	87.855	1449	0.12179
554	285	1.3031	-120.	89.681	1449	0.12236
555	282	0.78947	-120.	85.044	1449	0.12086
555	298	3.7317	-120.	85.064	1449	0.12105
555	292	2.7559	-120.	86.903	1449	0.12152
556	280	0.51125	-120.	86.679	1449	0.12138
556	282	0.78947	-120.	85.044	1449	0.12086
556	292	2.7559	-120.	86.903	1449	0.12152
557	280	0.51125	-120.	86.679	1449	0.12138
557	292	2.7559	-120.	86.903	1449	0.12152
557	290	2.2612	-120.	87.855	1449	0.12179
558	280	0.51125	-120.	86.679	1449	0.12138
558	290	2.2612	-120.	87.855	1449	0.12179
558	272	-0.59171	-120.	88.013	1449	0.12182
559	280	0.51125	-120.	86.679	1449	0.12138
559	272	-0.59171	-120.	88.013	1449	0.12182
559	264	-1.5709	-120.	87.142	1449	0.12149
560	280	0.51125	-120.	86.679	1449	0.12138
560	264	-1.5709	-120.	87.142	1449	0.12149
560	273	-0.57654	-120.	85.119	1449	0.12081
561	280	0.51125	-120.	86.679	1449	0.12138
561	273	-0.57654	-120.	85.119	1449	0.12081
561	282	0.78947	-120.	85.044	1449	0.12086
562	253	-3.4987	-120.	85.463	1449	0.12079
562	273	-0.57654	-120.	85.119	1449	0.12081
562	264	-1.5709	-120.	87.142	1449	0.12149
563	327	9.1417	-120.	90.688	1451	0.1222
563	322	8.4091	-120.	90.519	1451	0.12222
563	329	9.39	-120.	91.764	1451	0.12225
564	325	8.6798	-120.	88.651	1451	0.12201
564	321	8.0152	-120.	85.538	1451	0.12149
564	313	6.5826	-120.	88.167	1451	0.12191
565	325	8.6798	-120.	88.651	1451	0.12201
565	313	6.5826	-120.	88.167	1451	0.12191
565	322	8.4091	-120.	90.519	1451	0.12222
566	325	8.6798	-120.	88.651	1451	0.12201
566	322	8.4091	-120.	90.519	1451	0.12222
566	327	9.1417	-120.	90.688	1451	0.1222
567	325	8.6798	-120.	88.651	1451	0.12201
567	327	9.1417	-120.	90.688	1451	0.1222
567	333	10.073	-120.	89.023	1451	0.12206
568	325	8.6798	-120.	88.651	1451	0.12201
568	333	10.073	-120.	89.023	1451	0.12206
568	330	9.8569	-120.	87.974	1451	0.12196
569	325	8.6798	-120.	88.651	1451	0.12201
569	330	9.8569	-120.	87.974	1451	0.12196
569	321	8.0152	-120.	85.538	1451	0.12149
570	337	10.526	-120.	91.072	1451	0.12216
570	353	12.589	-120.	91.638	1451	0.12208
570	343	11.174	-120.	94.093	1451	0.12209
571	337	10.526	-120.	91.072	1451	0.12216
571	343	11.174	-120.	94.093	1451	0.12209
571	329	9.39	-120.	91.764	1451	0.12225
572	337	10.526	-120.	91.072	1451	0.12216
572	329	9.39	-120.	91.764	1451	0.12225
572	327	9.1417	-120.	90.688	1451	0.1222
573	337	10.526	-120.	91.072	1451	0.12216
573	327	9.1417	-120.	90.688	1451	0.1222
573	333	10.073	-120.	89.023	1451	0.12206
574	337	10.526	-120.	91.072	1451	0.12216
574	333	10.073	-120.	89.023	1451	0.12206
574	339	10.786	-120.	89.228	1451	0.12208
575	337	10.526	-120.	91.072	1451	0.12216
575	339	10.786	-120.	89.228	1451	0.12208
575	353	12.589	-120.	91.638	1451	0.12208
576	333	10.073	-120.	89.023	1451	0.12206
576	339	10.786	-120.	89.228	1451	0.12208
576	330	9.8569	-120.	87.974	1451	0.12196
577	516	31.257	-120.	118.83	1455	0.11114
577	537	32.231	-120.	118.57	1455	0.11121
577	533	32.19	-120.	117.81	1455	0.11146
578	559	34.106	-120.	119.51	1455	0.1109
578	560	34.106	-120.	120.25	1455	0.11068
578	568	35.062	-120.	119.27	1455	0.11099
579	558	34.076	-120.	118.07	1455	0.11137
579	533	32.19	-120.	117.81	1455	0.11146
579	555	33.96	-120.	115.92	1455	0.11215
580	558	34.076	-120.	118.07	1455	0.11137
580	555	33.96	-120.	115.92	1455	0.11215
580	575	36.909	-120.	117.34	1455	0.11167
581	558	34.076	-120.	118.07	1455	0.11137
581	575	36.909	-120.	117.34	1455	0.11167
581	568	35.062	-120.	119.27	1455	0.11099
582	558	34.076	-120.	118.07	1455	0.11137
582	568	35.062	-120.	119.27	1455	0.11099
582	559	34.106	-120.	119.51	1455	0.1109
583	558	34.076	-120.	118.07	1455	0.11137
583	559	34.106	-120.	119.51	1455	0.1109
583	537	32.231	-120.	118.57	1455	0.11121
584	558	34.076	-120.	118.07	1455	0.11137
584	537	32.231	-120.	118.57	1455	0.11121
584	533	32.19	-120.	117.81	1455	0.11146
585	538	32.245	-120.	120.	1455	0.11076
585	560	34.106	-120.	120.25	1455	0.11068
585	539	32.274	-120.	122.15	1455	0.11017
586	538	32.245	-120.	120.	1455	0.11076
586	539	32.274	-120.	122.15	1455	0.11017
586	491	29.497	-120.	120.69	1455	0.11062
587	538	32.245	-120.	120.	1455	0.11076
587	491	29.497	-120.	120.69	1455	0.11062
587	516	31.257	-120.	118.83	1455	0.11114
588	538	32.245	-120.	120.	1455	0.11076
588	516	31.257	-120.	118.83	1455	0.11114
588	537	32.231	-120.	118.57	1455	0.11121
589	538	32.245	-120.	120.	1455	0.11076
589	537	32.231	-120.	118.57	1455	0.11121
589	559	34.106	-120.	119.51	1455	0.1109
590	538	32.245	-120.	120.	1455	0.11076
590	559	34.106	-120.	119.51	1455	0.1109
590	560	34.106	-120.	120.25	1455	0.11068
591	523	31.753	-120.	114.26	1519	0.11282
591	507	30.803	-120.	114.51	1519	0.11273
591	528	31.894	-120.	115.	1519	0.11252
592	518	31.423	-120.	112.87	1519	0.11341
592	511	30.932	-120.	110.76	1519	0.11435
592	477	28.754	-120.	113.62	1519	0.11313
593	518	31.423	-120.	112.87	1519	0.11341
593	477	28.754	-120.	113.62	1519	0.11313
593	507	30.803	-120.	114.51	1519	0.11273
594	518	31.423	-120.	112.87	1519	0.11341
594	507	30.803	-120.	114.51	1519	0.11273
594	523	31.753	-120.	114.26	1519	0.11282
595	518	31.423	-120.	112.87	1519	0.11341
595	523	31.753	-120.	114.26	1519	0.11282
595	548	33.238	-120.	112.39	1519	0.11361
596	518	31.423	-120.	112.87	1519	0.11341
596	548	33.238	-120.	112.39	1519	0.11361
596	545	33.06	-120.	111.67	1519	0.11393
597	518	31.423	-120.	112.87	1519	0.11341
597	545	33.06	-120.	111.67	1519	0.11393
597	511	30.932	-120.	110.76	1519	0.11435
598	551	33.555	-120.	113.8	1519	0.11301
598	573	36.317	-120.	113.07	1519	0.11334
598	555	33.96	-120.	115.92	1519	0.11215
599	551	33.555	-120.	113.8	1519	0.11301
599	555	33.96	-120.	115.92	1519	0.11215
599	528	31.894	-120.	115.	1519	0.11252
600	551	33.555	-120.	113.8	1519	0.11301
600	528	31.894	-120.	115.	1519	0.11252
600	523	31.753	-120.	114.26	1519	0.11282
601	551	33.555	-120.	113.8	1519	0.11301
601	523	31.753	-120.	114.26	1519	0.11282
601	548	33.238	-120.	112.39	1519	0.11361
602	551	33.555	-120.	113.8	1519	0.11301
602	548	33.238	-120.	112.39	1519	0.11361
602	563	34.168	-120.	112.14	1519	0.11372
603	551	33.555	-120.	113.8	1519	0.11301
603	563	34.168	-120.	112.14	1519	0.11372
603	573	36.317	-120.	113.07	1519	0.11334
604	548	33.238	-120.	112.39	1519	0.11361
604	563	34.168	-120.	112.14	1519	0.11372
604	545	33.06	-120.	111.67	1519	0.11393
605	544	33.06	-120.	111.67	1521	0.11393
605	511	30.932	-120.	110.76	1521	0.11435
605	535	32.207	-120.	108.95	1521	0.11519
606	553	33.855	-120.	109.98	1521	0.1147
606	544	33.06	-120.	111.67	1521	0.11393
606	535	32.207	-120.	108.95	1521	0.11519
607	553	33.855	-120.	109.98	1521	0.1147
607	535	32.207	-120.	108.95	1521	0.11519
607	543	32.875	-120.	108.	1521	0.11563
608	553	33.855	-120.	109.98	1521	0.1147
608	543	32.875	-120.	108.	1521	0.11563
608	569	35.206	-120.	108.91	1521	0.11519
609	553	33.855	-120.	109.98	1521	0.1147
609	569	35.206	-120.	108.91	1521	0.11519
609	571	35.614	-120.	110.21	1521	0.1146
610	553	33.855	-120.	109.98	1521	0.1147
610	571	35.614	-120.	110.21	1521	0.1146
610	562	34.168	-120.	112.14	1521	0.11372
611	553	33.855	-120.	109.98	1521	0.1147
611	562	34.168	-120.	112.14	1521	0.11372
611	544	33.06	-120.	111.67	1521	0.11393
612	569	35.206	-120.	108.91	1521	0.11519
612	543	32.875	-120.	108.	1521	0.11563
612	561	34.155	-120.	106.16	1521	0.1165
613	571	35.614	-120.	110.21	1521	0.1146
613	573	36.317	-120.	113.07	1521	0.11334
613	562	34.168	-120.	112.14	1521	0.11372
614	461	27.302	-120.	105.87	1528	0.11669
614	464	27.85	-120.	104.3	1528	0.11744
614	482	29.263	-120.	106.75	1528	0.11625
615	461	27.302	-120.	105.87	1528	0.11669
615	482	29.263	-120.	106.75	1528	0.11625
615	475	28.622	-120.	107.7	1528	0.11581
616	461	27.302	-120.	105.87	1528	0.11669
616	475	28.622	-120.	107.7	1528	0.11581
616	448	26.217	-120.	106.97	1528	0.11618
617	461	27.302	-120.	105.87	1528	0.11669
617	448	26.217	-120.	106.97	1528	0.11618
617	443	25.406	-120.	105.57	1528	0.11686
618	461	27.302	-120.	105.87	1528	0.11669
618	443	25.406	-120.	105.57	1528	0.11686
618	451	26.451	-120.	103.94	1528	0.11763
619	461	27.302	-120.	105.87	1528	0.11669
619	451	26.451	-120.	103.94	1528	0.11763
619	464	27.85	-120.	104.3	1528	0.11744
620	448	26.217	-120.	106.97	1528	0.11618
620	475	28.622	-120.	107.7	1528	0.11581
620	462	27.402	-120.	109.46	1528	0.11499
621	464	27.85	-120.	104.3	1528	0.11744
621	499	30.485	-120.	104.97	1528	0.1171
621	482	29.263	-120.	106.75	1528	0.11625
622	451	26.451	-120.	103.94	1528	0.11763
622	443	25.406	-120.	105.57	1528	0.11686
622	432	23.847	-120.	103.3	1528	0.11798
623	353	12.589	-120.	91.638	1530	0.12208
623	340	10.786	-120.	89.228	1530	0.12208
623	357	13.535	-120.	90.005	1530	0.12212
624	321	8.0152	-120.	85.538	1530	0.12149
624	341	10.891	-120.	86.162	1530	0.12181
624	331	9.8569	-120.	87.974	1530	0.12196
625	364	14.983	-120.	87.508	1530	0.12218
625	360	14.027	-120.	89.153	1530	0.12214
625	350	12.207	-120.	86.534	1530	0.12194
626	348	11.884	-120.	88.176	1530	0.12205
626	357	13.535	-120.	90.005	1530	0.12212
626	340	10.786	-120.	89.228	1530	0.12208
627	348	11.884	-120.	88.176	1530	0.12205
627	340	10.786	-120.	89.228	1530	0.12208
627	331	9.8569	-120.	87.974	1530	0.12196
628	348	11.884	-120.	88.176	1530	0.12205
628	331	9.8569	-120.	87.974	1530	0.12196
628	341	10.891	-120.	86.162	1530	0.12181
629	348	11.884	-120.	88.176	1530	0.12205
629	341	10.891	-120.	86.162	1530	0.12181
629	350	12.207	-120.	86.534	1530	0.12194
630	348	11.884	-120.	88.176	1530	0.12205
630	350	12.207	-120.	86.534	1530	0.12194
630	360	14.027	-120.	89.153	1530	0.12214
631	348	11.884	-120.	88.176	1530	0.12205
631	360	14.027	-120.	89.153	1530	0.12214
631	357	13.535	-120.	90.005	1530	0.12212
632	371	15.86	-120.	93.118	1531	0.12182
632	374	16.06	-120.	94.294	1531	0.12161
632	378	16.533	-120.	93.457	1531	0.12174
633	363	14.571	-120.	92.538	1531	0.12195
633	353	12.589	-120.	91.638	1531	0.12208
633	365	15.169	-120.	95.872	1531	0.12136
634	363	14.571	-120.	92.538	1531	0.12195
634	365	15.169	-120.	95.872	1531	0.12136
634	374	16.06	-120.	94.294	1531	0.12161
635	363	14.571	-120.	92.538	1531	0.12195
635	374	16.06	-120.	94.294	1531	0.12161
635	371	15.86	-120.	93.118	1531	0.12182
636	363	14.571	-120.	92.538	1531	0.12195
636	371	15.86	-120.	93.118	1531	0.12182
636	361	14.21	-120.	90.302	1531	0.12212
637	363	14.571	-120.	92.538	1531	0.12195
637	361	14.21	-120.	90.302	1531	0.12212
637	357	13.535	-120.	90.005	1531	0.12212
638	363	14.571	-120.	92.538	1531	0.12195
638	357	13.535	-120.	90.005	1531	0.12212
638	353	12.589	-120.	91.638	1531	0.12208
639	368	15.507	-120.	90.901	1531	0.12209
639	364	14.983	-120.	87.508	1531	0.12218
639	381	17.43	-120.	91.87	1531	0.12199
640	368	15.507	-120.	90.901	1531	0.12209
640	381	17.43	-120.	91.87	1531	0.12199
640	378	16.533	-120.	93.457	1531	0.12174
641	368	15.507	-120.	90.901	1531	0.12209
641	378	16.533	-120.	93.457	1531	0.12174
641	371	15.86	-120.	93.118	1531	0.12182
642	368	15.507	-120.	90.901	1531	0.12209
642	371	15.86	-120.	93.118	1531	0.12182
642	361	14.21	-120.	90.302	1531	0.12212
643	368	15.507	-120.	90.901	1531	0.12209
643	361	14.21	-120.	90.302	1531	0.12212
643	360	14.027	-120.	89.153	1531	0.12214
644	368	15.507	-120.	90.901	1531	0.12209
644	360	14.027	-120.	89.153	1531	0.12214
644	364	14.983	-120.	87.508	1531	0.12218
645	361	14.21	-120.	90.302	1531	0.12212
645	360	14.027	-120.	89.153	1531	0.12214
645	357	13.535	-120.	90.005	1531	0.12212
646	432	23.847	-120.	103.3	1544	0.11798
646	444	25.409	-120.	100.72	1544	0.11912
646	407	20.921	-120.	100.05	1544	0.11953
647	449	26.403	-120.	99.043	1546	0.11981
647	468	28.095	-120.	101.35	1546	0.1188
647	444	25.409	-120.	100.72	1546	0.11912
648	501	30.617	-120.	99.84	1546	0.11944
648	536	32.209	-120.	102.31	1546	0.11832
648	489	29.49	-120.	101.66	1546	0.11864
649	472	28.556	-120.	99.8	1546	0.11947
649	501	30.617	-120.	99.84	1546	0.11944
649	489	29.49	-120.	101.66	1546	0.11864
650	472	28.556	-120.	99.8	1546	0.11947
650	489	29.49	-120.	101.66	1546	0.11864
650	468	28.095	-120.	101.35	1546	0.1188
651	472	28.556	-120.	99.8	1546	0.11947
651	468	28.095	-120.	101.35	1546	0.1188
651	449	26.403	-120.	99.043	1546	0.11981
652	472	28.556	-120.	99.8	1546	0.11947
652	449	26.403	-120.	99.043	1546	0.11981
652	459	26.924	-120.	98.172	1546	0.12016
653	472	28.556	-120.	99.8	1546	0.11947
653	459	26.924	-120.	98.172	1546	0.12016
653	496	29.807	-120.	98.737	1546	0.1199
654	472	28.556	-120.	99.8	1546	0.11947
654	496	29.807	-120.	98.737	1546	0.1199
654	501	30.617	-120.	99.84	1546	0.11944
655	466	27.921	-120.	96.479	1546	0.12079
655	496	29.807	-120.	98.737	1546	0.1199
655	459	26.924	-120.	98.172	1546	0.12016
656	428	22.931	-120.	98.116	1547	0.12022
656	423	22.388	-120.	97.593	1547	0.12043
656	419	21.882	-120.	98.448	1547	0.12013
657	433	23.908	-120.	99.146	1547	0.1198
657	449	26.403	-120.	99.043	1547	0.11981
657	444	25.409	-120.	100.72	1547	0.11912
658	433	23.908	-120.	99.146	1547	0.1198
658	444	25.409	-120.	100.72	1547	0.11912
658	407	20.921	-120.	100.05	1547	0.11953
659	433	23.908	-120.	99.146	1547	0.1198
659	407	20.921	-120.	100.05	1547	0.11953
659	419	21.882	-120.	98.448	1547	0.12013
660	433	23.908	-120.	99.146	1547	0.1198
660	419	21.882	-120.	98.448	1547	0.12013
660	428	22.931	-120.	98.116	1547	0.12022
661	433	23.908	-120.	99.146	1547	0.1198
661	428	22.931	-120.	98.116	1547	0.12022
661	447	25.899	-120.	98.502	1547	0.12003
662	433	23.908	-120.	99.146	1547	0.1198
662	447	25.899	-120.	98.502	1547	0.12003
662	449	26.403	-120.	99.043	1547	0.11981
663	459	26.924	-120.	98.172	1547	0.12016
663	447	25.899	-120.	98.502	1547	0.12003
663	449	26.403	-120.	99.043	1547	0.11981
664	442	24.902	-120.	97.473	1547	0.12043
664	466	27.921	-120.	96.479	1547	0.12079
664	431	23.352	-120.	95.976	1547	0.12096
665	442	24.902	-120.	97.473	1547	0.12043
665	431	23.352	-120.	95.976	1547	0.12096
665	423	22.388	-120.	97.593	1547	0.12043
666	442	24.902	-120.	97.473	1547	0.12043
666	423	22.388	-120.	97.593	1547	0.12043
666	428	22.931	-120.	98.116	1547	0.12022
667	442	24.902	-120.	97.473	1547	0.12043
667	428	22.931	-120.	98.116	1547	0.12022
667	447	25.899	-120.	98.502	1547	0.12003
668	442	24.902	-120.	97.473	1547	0.12043
668	447	25.899	-120.	98.502	1547	0.12003
668	459	26.924	-120.	98.172	1547	0.12016
669	442	24.902	-120.	97.473	1547	0.12043
669	459	26.924	-120.	98.172	1547	0.12016
669	466	27.921	-120.	96.479	1547	0.12079
670	395	19.847	-120.	97.24	1566	0.12064
670	418	21.882	-120.	98.448	1566	0.12013
670	391	18.828	-120.	98.263	1566	0.12034
671	395	19.847	-120.	97.24	1566	0.12064
671	391	18.828	-120.	98.263	1566	0.12034
671	382	17.516	-120.	97.31	1566	0.12076
672	395	19.847	-120.	97.24	1566	0.12064
672	382	17.516	-120.	97.31	1566	0.12076
672	389	18.369	-120.	95.895	1566	0.12114
673	395	19.847	-120.	97.24	1566	0.12064
673	389	18.369	-120.	95.895	1566	0.12114
673	402	20.101	-120.	95.931	1566	0.12105
674	395	19.847	-120.	97.24	1566	0.12064
674	402	20.101	-120.	95.931	1566	0.12105
674	422	22.388	-120.	97.593	1566	0.12043
675	395	19.847	-120.	97.24	1566	0.12064
675	422	22.388	-120.	97.593	1566	0.12043
675	418	21.882	-120.	98.448	1566	0.12013
676	389	18.369	-120.	95.895	1566	0.12114
676	382	17.516	-120.	97.31	1566	0.12076
676	365	15.169	-120.	95.872	1566	0.12136
677	418	21.882	-120.	98.448	1566	0.12013
677	407	20.921	-120.	100.05	1566	0.11953
677	391	18.828	-120.	98.263	1566	0.12034
678	422	22.388	-120.	97.593	1566	0.12043
678	402	20.101	-120.	95.931	1566	0.12105
678	431	23.352	-120.	95.976	1566	0.12096
679	439	24.656	-120.	135.59	1581	0.10942
679	479	29.242	-120.	133.19	1581	0.10916
679	456	26.843	-120.	131.8	1581	0.10912
680	460	27.061	-120.	136.97	1582	0.10968
680	479	29.242	-120.	133.19	1582	0.10916
680	439	24.656	-120.	135.59	1582	0.10942
681	539	32.274	-120.	122.15	1583	0.11017
681	491	29.497	-120.	120.69	1583	0.11062
681	478	29.04	-120.	125.04	1583	0.10963
682	556	34.028	-120.	123.11	1585	0.10994
682	539	32.274	-120.	122.15	1585	0.11017
682	560	34.106	-120.	120.25	1585	0.11068
683	570	35.354	-120.	121.36	1585	0.11039
683	556	34.028	-120.	123.11	1585	0.10994
683	560	34.106	-120.	120.25	1585	0.11068
684	570	35.354	-120.	121.36	1585	0.11039
684	560	34.106	-120.	120.25	1585	0.11068
684	568	35.062	-120.	119.27	1585	0.11099
685	570	35.354	-120.	121.36	1585	0.11039
685	568	35.062	-120.	119.27	1585	0.11099
685	577	37.01	-120.	120.28	1585	0.11073
686	570	35.354	-120.	121.36	1585	0.11039
686	577	37.01	-120.	120.28	1585	0.11073
686	576	36.972	-120.	121.65	1585	0.11036
687	570	35.354	-120.	121.36	1585	0.11039
687	576	36.972	-120.	121.65	1585	0.11036
687	566	34.943	-120.	123.6	1585	0.10985
688	570	35.354	-120.	121.36	1585	0.11039
688	566	34.943	-120.	123.6	1585	0.10985
688	556	34.028	-120.	123.11	1585	0.10994
689	577	37.01	-120.	120.28	1585	0.11073
689	568	35.062	-120.	119.27	1585	0.11099
689	575	36.909	-120.	117.34	1585	0.11167
690	576	36.972	-120.	121.65	1585	0.11036
690	574	36.709	-120.	124.58	1585	0.10972
690	566	34.943	-120.	123.6	1585	0.10985
691	524	31.758	-120.	125.71	1588	0.10946
691	503	30.725	-120.	125.95	1588	0.10944
691	519	31.619	-120.	126.45	1588	0.10936
692	552	33.712	-120.	125.26	1588	0.10953
692	565	34.943	-120.	123.6	1588	0.10985
692	574	36.709	-120.	124.58	1588	0.10972
693	552	33.712	-120.	125.26	1588	0.10953
693	574	36.709	-120.	124.58	1588	0.10972
693	549	33.314	-120.	127.38	1588	0.10925
694	552	33.712	-120.	125.26	1588	0.10953
694	549	33.314	-120.	127.38	1588	0.10925
694	519	31.619	-120.	126.45	1588	0.10936
695	552	33.712	-120.	125.26	1588	0.10953
695	519	31.619	-120.	126.45	1588	0.10936
695	524	31.758	-120.	125.71	1588	0.10946
696	552	33.712	-120.	125.26	1588	0.10953
696	524	31.758	-120.	125.71	1588	0.10946
696	554	33.93	-120.	123.84	1588	0.10979
697	552	33.712	-120.	125.26	1588	0.10953
697	554	33.93	-120.	123.84	1588	0.10979
697	565	34.943	-120.	123.6	1588	0.10985
698	557	34.028	-120.	123.11	1588	0.10994
698	554	33.93	-120.	123.84	1588	0.10979
698	565	34.943	-120.	123.6	1588	0.10985
699	530	31.959	-120.	124.3	1588	0.1097
699	539	32.274	-120.	122.15	1588	0.11017
699	478	29.04	-120.	125.04	1588	0.10963
700	530	31.959	-120.	124.3	1588	0.1097
700	478	29.04	-120.	125.04	1588	0.10963
700	503	30.725	-120.	125.95	1588	0.10944
701	530	31.959	-120.	124.3	1588	0.1097
701	503	30.725	-120.	125.95	1588	0.10944
701	524	31.758	-120.	125.71	1588	0.10946
702	530	31.959	-120.	124.3	1588	0.1097
702	524	31.758	-120.	125.71	1588	0.10946
702	554	33.93	-120.	123.84	1588	0.10979
703	530	31.959	-120.	124.3	1588	0.1097
703	554	33.93	-120.	123.84	1588	0.10979
703	557	34.028	-120.	123.11	1588	0.10994
704	530	31.959	-120.	124.3	1588	0.1097
704	557	34.028	-120.	123.11	1588	0.10994
704	539	32.274	-120.	122.15	1588	0.11017
705	549	33.314	-120.	127.38	1589	0.10925
705	572	35.883	-120.	128.81	1589	0.10919
705	574	36.709	-120.	124.58	1589	0.10972
706	495	29.794	-120.	128.1	1591	0.1092
706	470	28.397	-120.	127.71	1591	0.10928
706	502	30.725	-120.	125.95	1591	0.10944
707	495	29.794	-120.	128.1	1591	0.1092
707	502	30.725	-120.	125.95	1591	0.10944
707	520	31.619	-120.	126.45	1591	0.10936
708	495	29.794	-120.	128.1	1591	0.1092
708	520	31.619	-120.	126.45	1591	0.10936
708	505	30.745	-120.	129.14	1591	0.10911
709	495	29.794	-120.	128.1	1591	0.1092
709	505	30.745	-120.	129.14	1591	0.10911
709	485	29.384	-120.	130.08	1591	0.10908
710	495	29.794	-120.	128.1	1591	0.1092
710	485	29.384	-120.	130.08	1591	0.10908
710	465	27.896	-120.	129.26	1591	0.10916
711	495	29.794	-120.	128.1	1591	0.1092
711	465	27.896	-120.	129.26	1591	0.10916
711	470	28.397	-120.	127.71	1591	0.10928
712	505	30.745	-120.	129.14	1591	0.10911
712	520	31.619	-120.	126.45	1591	0.10936
712	549	33.314	-120.	127.38	1591	0.10925
713	470	28.397	-120.	127.71	1591	0.10928
713	478	29.04	-120.	125.04	1591	0.10963
713	502	30.725	-120.	125.95	1591	0.10944
714	465	27.896	-120.	129.26	1591	0.10916
714	485	29.384	-120.	130.08	1591	0.10908
714	456	26.843	-120.	131.8	1591	0.10912
715	500	30.508	-120.	129.85	1592	0.10909
715	504	30.745	-120.	129.14	1592	0.10911
715	484	29.384	-120.	130.08	1592	0.10908
716	540	32.636	-120.	129.42	1592	0.10911
716	572	35.883	-120.	128.81	1592	0.10919
716	549	33.314	-120.	127.38	1592	0.10925
717	540	32.636	-120.	129.42	1592	0.10911
717	549	33.314	-120.	127.38	1592	0.10925
717	504	30.745	-120.	129.14	1592	0.10911
718	540	32.636	-120.	129.42	1592	0.10911
718	504	30.745	-120.	129.14	1592	0.10911
718	500	30.508	-120.	129.85	1592	0.10909
719	540	32.636	-120.	129.42	1592	0.10911
719	500	30.508	-120.	129.85	1592	0.10909
719	531	32.136	-120.	130.77	1592	0.10908
720	540	32.636	-120.	129.42	1592	0.10911
720	531	32.136	-120.	130.77	1592	0.10908
720	547	33.229	-120.	130.57	1592	0.10909
721	540	32.636	-120.	129.42	1592	0.10911
721	547	33.229	-120.	130.57	1592	0.10909
721	572	35.883	-120.	128.81	1592	0.10919
722	497	29.996	-120.	131.19	1592	0.10907
722	479	29.242	-120.	133.19	1592	0.10916
722	456	26.843	-120.	131.8	1592	0.10912
723	497	29.996	-120.	131.19	1592	0.10907
723	456	26.843	-120.	131.8	1592	0.10912
723	484	29.384	-120.	130.08	1592	0.10908
724	497	29.996	-120.	131.19	1592	0.10907
724	484	29.384	-120.	130.08	1592	0.10908
724	500	30.508	-120.	129.85	1592	0.10909
725	497	29.996	-120.	131.19	1592	0.10907
725	500	30.508	-120.	129.85	1592	0.10909
725	531	32.136	-120.	130.77	1592	0.10908
726	497	29.996	-120.	131.19	1592	0.10907
726	531	32.136	-120.	130.77	1592	0.10908
726	525	31.866	-120.	131.46	1592	0.10909
727	497	29.996	-120.	131.19	1592	0.10907
727	525	31.866	-120.	131.46	1592	0.10909
727	479	29.242	-120.	133.19	1592	0.10916
728	531	32.136	-120.	130.77	1592	0.10908
728	525	31.866	-120.	131.46	1592	0.10909
728	547	33.229	-120.	130.57	1592	0.10909
729	494	29.577	-120.	107.44	1594	0.11592
729	481	29.263	-120.	106.75	1594	0.11625
729	474	28.622	-120.	107.7	1594	0.11581
730	517	31.382	-120.	106.93	1594	0.11615
730	561	34.155	-120.	106.16	1594	0.1165
730	499	30.485	-120.	104.97	1594	0.1171
731	517	31.382	-120.	106.93	1594	0.11615
731	499	30.485	-120.	104.97	1594	0.1171
731	481	29.263	-120.	106.75	1594	0.11625
732	517	31.382	-120.	106.93	1594	0.11615
732	481	29.263	-120.	106.75	1594	0.11625
732	494	29.577	-120.	107.44	1594	0.11592
733	517	31.382	-120.	106.93	1594	0.11615
733	494	29.577	-120.	107.44	1594	0.11592
733	529	31.935	-120.	108.26	1594	0.11551
734	517	31.382	-120.	106.93	1594	0.11615
734	529	31.935	-120.	108.26	1594	0.11551
734	542	32.875	-120.	108.	1594	0.11563
735	517	31.382	-120.	106.93	1594	0.11615
735	542	32.875	-120.	108.	1594	0.11563
735	561	34.155	-120.	106.16	1594	0.1165
736	498	30.113	-120.	108.76	1594	0.11529
736	511	30.932	-120.	110.76	1594	0.11435
736	462	27.402	-120.	109.46	1594	0.11499
737	498	30.113	-120.	108.76	1594	0.11529
737	462	27.402	-120.	109.46	1594	0.11499
737	474	28.622	-120.	107.7	1594	0.11581
738	498	30.113	-120.	108.76	1594	0.11529
738	474	28.622	-120.	107.7	1594	0.11581
738	494	29.577	-120.	107.44	1594	0.11592
739	498	30.113	-120.	108.76	1594	0.11529
739	494	29.577	-120.	107.44	1594	0.11592
739	529	31.935	-120.	108.26	1594	0.11551
740	498	30.113	-120.	108.76	1594	0.11529
740	529	31.935	-120.	108.26	1594	0.11551
740	534	32.207	-120.	108.95	1594	0.11519
741	498	30.113	-120.	108.76	1594	0.11529
741	534	32.207	-120.	108.95	1594	0.11519
741	511	30.932	-120.	110.76	1594	0.11435
742	529	31.935	-120.	108.26	1594	0.11551
742	534	32.207	-120.	108.95	1594	0.11519
742	542	32.875	-120.	108.	1594	0.11563
743	477	28.754	-120.	113.62	1595	0.11313
743	511	30.932	-120.	110.76	1595	0.11435
743	462	27.402	-120.	109.46	1595	0.11499
744	561	34.155	-120.	106.16	1598	0.1165
744	536	32.209	-120.	102.31	1598	0.11832
744	499	30.485	-120.	104.97	1598	0.1171
745	107	-23.785	-120.	100.93	1649	0.12712
745	110	-23.545	-120.	96.143	1649	0.12559
745	73	-26.285	-120.	99.47	1649	0.12674
746	136	-21.358	-120.	102.37	1650	0.12744
746	130	-21.726	-120.	101.28	1650	0.1272
746	123	-22.197	-120.	101.87	1650	0.12733
747	133	-21.51	-120.	98.163	1650	0.12629
747	138	-21.019	-120.	97.611	1650	0.1261
747	125	-21.878	-120.	97.108	1650	0.12592
748	119	-22.44	-120.	99.25	1650	0.12665
748	123	-22.197	-120.	101.87	1650	0.12733
748	107	-23.785	-120.	100.93	1650	0.12712
749	119	-22.44	-120.	99.25	1650	0.12665
749	107	-23.785	-120.	100.93	1650	0.12712
749	110	-23.545	-120.	96.143	1650	0.12559
750	119	-22.44	-120.	99.25	1650	0.12665
750	110	-23.545	-120.	96.143	1650	0.12559
750	125	-21.878	-120.	97.108	1650	0.12592
751	119	-22.44	-120.	99.25	1650	0.12665
751	125	-21.878	-120.	97.108	1650	0.12592
751	133	-21.51	-120.	98.163	1650	0.12629
752	119	-22.44	-120.	99.25	1650	0.12665
752	133	-21.51	-120.	98.163	1650	0.12629
752	130	-21.726	-120.	101.28	1650	0.1272
753	119	-22.44	-120.	99.25	1650	0.12665
753	130	-21.726	-120.	101.28	1650	0.1272
753	123	-22.197	-120.	101.87	1650	0.12733
754	140	-20.794	-120.	100.22	1650	0.12692
754	138	-21.019	-120.	97.611	1650	0.1261
754	153	-19.369	-120.	98.573	1650	0.12641
755	140	-20.794	-120.	100.22	1650	0.12692
755	153	-19.369	-120.	98.573	1650	0.12641
755	151	-19.781	-120.	103.3	1650	0.12764
756	140	-20.794	-120.	100.22	1650	0.12692
756	151	-19.781	-120.	103.3	1650	0.12764
756	136	-21.358	-120.	102.37	1650	0.12744
757	140	-20.794	-120.	100.22	1650	0.12692
757	136	-21.358	-120.	102.37	1650	0.12744
757	130	-21.726	-120.	101.28	1650	0.1272
758	140	-20.794	-120.	100.22	1650	0.12692
758	130	-21.726	-120.	101.28	1650	0.1272
758	133	-21.51	-120.	98.163	1650	0.12629
759	140	-20.794	-120.	100.22	1650	0.12692
759	133	-21.51	-120.	98.163	1650	0.12629
759	138	-21.019	-120.	97.611	1650	0.1261
760	171	-16.855	-120.	100.05	1654	0.12692
760	153	-19.369	-120.	98.573	1654	0.12641
760	151	-19.781	-120.	103.3	1654	0.12764
761	221	-8.7706	-120.	146.81	1667	0.11489
761	229	-7.1945	-120.	148.83	1667	0.11477
761	217	-9.7773	-120.	147.68	1667	0.1149
762	221	-8.7706	-120.	146.81	1667	0.11489
762	217	-9.7773	-120.	147.68	1667	0.1149
762	212	-10.674	-120.	146.2	1667	0.11507
763	221	-8.7706	-120.	146.81	1667	0.11489
763	212	-10.674	-120.	146.2	1667	0.11507
763	215	-9.8754	-120.	144.75	1667	0.11518
764	221	-8.7706	-120.	146.81	1667	0.11489
764	215	-9.8754	-120.	144.75	1667	0.11518
764	224	-8.3944	-120.	145.41	1667	0.11495
765	221	-8.7706	-120.	146.81	1667	0.11489
765	224	-8.3944	-120.	145.41	1667	0.11495
765	233	-6.7075	-120.	147.97	1667	0.11473
766	221	-8.7706	-120.	146.81	1667	0.11489
766	233	-6.7075	-120.	147.97	1667	0.11473
766	229	-7.1945	-120.	148.83	1667	0.11477
767	215	-9.8754	-120.	144.75	1667	0.11518
767	212	-10.674	-120.	146.2	1667	0.11507
767	197	-12.295	-120.	143.44	1667	0.11566
768	229	-7.1945	-120.	148.83	1667	0.11477
768	226	-8.113	-120.	150.47	1667	0.11484
768	217	-9.7773	-120.	147.68	1667	0.1149
769	233	-6.7075	-120.	147.97	1667	0.11473
769	224	-8.3944	-120.	145.41	1667	0.11495
769	240	-5.7995	-120.	146.33	1667	0.11461
770	486	29.388	-120.	135.79	1726	0.10947
770	479	29.242	-120.	133.19	1726	0.10916
770	460	27.061	-120.	136.97	1726	0.10968
771	486	29.388	-120.	135.79	1726	0.10947
771	460	27.061	-120.	136.97	1726	0.10968
771	476	28.693	-120.	137.9	1726	0.10986
772	486	29.388	-120.	135.79	1726	0.10947
772	476	28.693	-120.	137.9	1726	0.10986
772	492	29.517	-120.	137.53	1726	0.10978
773	486	29.388	-120.	135.79	1726	0.10947
773	492	29.517	-120.	137.53	1726	0.10978
773	512	30.952	-120.	135.04	1726	0.10936
774	486	29.388	-120.	135.79	1726	0.10947
774	512	30.952	-120.	135.04	1726	0.10936
774	509	30.864	-120.	134.14	1726	0.10925
775	486	29.388	-120.	135.79	1726	0.10947
775	509	30.864	-120.	134.14	1726	0.10925
775	479	29.242	-120.	133.19	1726	0.10916
776	513	31.043	-120.	136.75	1726	0.10963
776	550	33.344	-120.	135.59	1726	0.10945
776	514	31.189	-120.	139.32	1726	0.11019
777	513	31.043	-120.	136.75	1726	0.10963
777	514	31.189	-120.	139.32	1726	0.11019
777	493	29.543	-120.	138.38	1726	0.10997
778	513	31.043	-120.	136.75	1726	0.10963
778	493	29.543	-120.	138.38	1726	0.10997
778	492	29.517	-120.	137.53	1726	0.10978
779	513	31.043	-120.	136.75	1726	0.10963
779	492	29.517	-120.	137.53	1726	0.10978
779	512	30.952	-120.	135.04	1726	0.10936
780	513	31.043	-120.	136.75	1726	0.10963
780	512	30.952	-120.	135.04	1726	0.10936
780	521	31.71	-120.	134.63	1726	0.10932
781	513	31.043	-120.	136.75	1726	0.10963
781	521	31.71	-120.	134.63	1726	0.10932
781	550	33.344	-120.	135.59	1726	0.10945
782	492	29.517	-120.	137.53	1726	0.10978
782	476	28.693	-120.	137.9	1726	0.10986
782	493	29.543	-120.	138.38	1726	0.10997
783	512	30.952	-120.	135.04	1726	0.10936
783	521	31.71	-120.	134.63	1726	0.10932
783	509	30.864	-120.	134.14	1726	0.10925
784	476	28.693	-120.	137.9	1744	0.10986
784	458	26.876	-120.	140.1	1744	0.11042
784	460	27.061	-120.	136.97	1744	0.10968
785	473	28.593	-120.	142.76	1744	0.11122
785	452	26.586	-120.	144.91	1744	0.11203
785	454	26.788	-120.	141.73	1744	0.1109
786	469	28.326	-120.	140.43	1744	0.1105
786	473	28.593	-120.	142.76	1744	0.11122
786	454	26.788	-120.	141.73	1744	0.1109
787	469	28.326	-120.	140.43	1744	0.1105
787	454	26.788	-120.	141.73	1744	0.1109
787	458	26.876	-120.	140.1	1744	0.11042
788	469	28.326	-120.	140.43	1744	0.1105
788	458	26.876	-120.	140.1	1744	0.11042
788	476	28.693	-120.	137.9	1744	0.10986
789	469	28.326	-120.	140.43	1744	0.1105
789	476	28.693	-120.	137.9	1744	0.10986
789	493	29.543	-120.	138.38	1744	0.10997
790	469	28.326	-120.	140.43	1744	0.1105
790	493	29.543	-120.	138.38	1744	0.10997
790	488	29.463	-120.	141.7	1744	0.11087
791	469	28.326	-120.	140.43	1744	0.1105
791	488	29.463	-120.	141.7	1744	0.11087
791	473	28.593	-120.	142.76	1744	0.11122
792	514	31.189	-120.	139.32	1744	0.11019
792	488	29.463	-120.	141.7	1744	0.11087
792	493	29.543	-120.	138.38	1744	0.10997
793	390	18.671	-120.	94.527	1810	0.12146
793	388	18.369	-120.	95.895	1810	0.12114
793	373	16.06	-120.	94.294	1810	0.12161
794	390	18.671	-120.	94.527	1810	0.12146
794	373	16.06	-120.	94.294	1810	0.12161
794	377	16.533	-120.	93.457	1810	0.12174
795	390	18.671	-120.	94.527	1810	0.12146
795	377	16.533	-120.	93.457	1810	0.12174
795	397	19.897	-120.	93.386	1810	0.12171
796	390	18.671	-120.	94.527	1810	0.12146
796	397	19.897	-120.	93.386	1810	0.12171
796	409	21.067	-120.	94.197	1810	0.12151
797	390	18.671	-120.	94.527	1810	0.12146
797	409	21.067	-120.	94.197	1810	0.12151
797	401	20.101	-120.	95.931	1810	0.12105
798	390	18.671	-120.	94.527	1810	0.12146
798	401	20.101	-120.	95.931	1810	0.12105
798	388	18.369	-120.	95.895	1810	0.12114
799	397	19.897	-120.	93.386	1810	0.12171
799	377	16.533	-120.	93.457	1810	0.12174
799	381	17.43	-120.	91.87	1810	0.12199
800	388	18.369	-120.	95.895	1810	0.12114
800	365	15.169	-120.	95.872	1810	0.12136
800	373	16.06	-120.	94.294	1810	0.12161
801	401	20.101	-120.	95.931	1810	0.12105
801	409	21.067	-120.	94.197	1810	0.12151
801	431	23.352	-120.	95.976	1810	0.12096
802	406	20.74	-120.	93.354	1811	0.12171
802	398	19.897	-120.	93.386	1811	0.12171
802	410	21.067	-120.	94.197	1811	0.12151
803	400	20.015	-120.	91.744	1811	0.12204
803	392	18.881	-120.	89.348	1811	0.12233
803	381	17.43	-120.	91.87	1811	0.12199
804	400	20.015	-120.	91.744	1811	0.12204
804	381	17.43	-120.	91.87	1811	0.12199
804	398	19.897	-120.	93.386	1811	0.12171
805	400	20.015	-120.	91.744	1811	0.12204
805	398	19.897	-120.	93.386	1811	0.12171
805	406	20.74	-120.	93.354	1811	0.12171
806	400	20.015	-120.	91.744	1811	0.12204
806	406	20.74	-120.	93.354	1811	0.12171
806	416	21.743	-120.	91.638	1811	0.12209
807	400	20.015	-120.	91.744	1811	0.12204
807	416	21.743	-120.	91.638	1811	0.12209
807	412	21.398	-120.	90.871	1811	0.12223
808	400	20.015	-120.	91.744	1811	0.12204
808	412	21.398	-120.	90.871	1811	0.12223
808	392	18.881	-120.	89.348	1811	0.12233
809	421	22.376	-120.	93.382	1811	0.12171
809	441	24.832	-120.	93.474	1811	0.12173
809	431	23.352	-120.	95.976	1811	0.12096
810	421	22.376	-120.	93.382	1811	0.12171
810	431	23.352	-120.	95.976	1811	0.12096
810	410	21.067	-120.	94.197	1811	0.12151
811	421	22.376	-120.	93.382	1811	0.12171
811	410	21.067	-120.	94.197	1811	0.12151
811	406	20.74	-120.	93.354	1811	0.12171
812	421	22.376	-120.	93.382	1811	0.12171
812	406	20.74	-120.	93.354	1811	0.12171
812	416	21.743	-120.	91.638	1811	0.12209
813	421	22.376	-120.	93.382	1811	0.12171
813	416	21.743	-120.	91.638	1811	0.12209
813	426	22.522	-120.	91.651	1811	0.12211
814	421	22.376	-120.	93.382	1811	0.12171
814	426	22.522	-120.	91.651	1811	0.12211
814	441	24.832	-120.	93.474	1811	0.12173
815	416	21.743	-120.	91.638	1811	0.12209
815	426	22.522	-120.	91.651	1811	0.12211
815	412	21.398	-120.	90.871	1811	0.12223
