小面	点	X坐标 (mm)	Y坐标 (mm)	Z坐标 (mm)	单元数	定向变形 (mm)
0	256	-2.9777	-120.	149.89	577	0.11103
0	268	-1.0913	-120.	151.9	577	0.11131
0	252	-3.9312	-120.	151.58	577	0.11124
1	288	1.8045	-120.	154.98	577	0.11211
1	267	-1.1343	-120.	154.83	577	0.11188
1	276	-0.11815	-120.	152.95	577	0.11153
2	243	-5.3928	-120.	154.18	577	0.11148
2	248	-4.4252	-120.	152.47	577	0.11133
2	259	-2.4941	-120.	154.68	577	0.11176
3	261	-2.1991	-120.	153.07	577	0.11149
3	252	-3.9312	-120.	151.58	577	0.11124
3	268	-1.0913	-120.	151.9	577	0.11131
4	261	-2.1991	-120.	153.07	577	0.11149
4	268	-1.0913	-120.	151.9	577	0.11131
4	276	-0.11815	-120.	152.95	577	0.11153
5	261	-2.1991	-120.	153.07	577	0.11149
5	276	-0.11815	-120.	152.95	577	0.11153
5	267	-1.1343	-120.	154.83	577	0.11188
6	261	-2.1991	-120.	153.07	577	0.11149
6	267	-1.1343	-120.	154.83	577	0.11188
6	259	-2.4941	-120.	154.68	577	0.11176
7	261	-2.1991	-120.	153.07	577	0.11149
7	259	-2.4941	-120.	154.68	577	0.11176
7	248	-4.4252	-120.	152.47	577	0.11133
8	261	-2.1991	-120.	153.07	577	0.11149
8	248	-4.4252	-120.	152.47	577	0.11133
8	252	-3.9312	-120.	151.58	577	0.11124
9	526	31.866	-120.	131.46	610	0.10516
9	510	30.864	-120.	134.14	610	0.10538
9	479	29.242	-120.	133.19	610	0.10527
10	564	34.544	-120.	132.9	610	0.10529
10	550	33.344	-120.	135.59	610	0.10561
10	522	31.71	-120.	134.63	610	0.10545
11	541	32.873	-120.	132.56	610	0.10524
11	564	34.544	-120.	132.9	610	0.10529
11	522	31.71	-120.	134.63	610	0.10545
12	541	32.873	-120.	132.56	610	0.10524
12	522	31.71	-120.	134.63	610	0.10545
12	510	30.864	-120.	134.14	610	0.10538
13	541	32.873	-120.	132.56	610	0.10524
13	510	30.864	-120.	134.14	610	0.10538
13	526	31.866	-120.	131.46	610	0.10516
14	541	32.873	-120.	132.56	610	0.10524
14	526	31.866	-120.	131.46	610	0.10516
14	546	33.229	-120.	130.57	610	0.10515
15	541	32.873	-120.	132.56	610	0.10524
15	546	33.229	-120.	130.57	610	0.10515
15	567	35.024	-120.	131.62	610	0.10522
16	541	32.873	-120.	132.56	610	0.10524
16	567	35.024	-120.	131.62	610	0.10522
16	564	34.544	-120.	132.9	610	0.10529
17	572	35.883	-120.	128.81	610	0.10522
17	567	35.024	-120.	131.62	610	0.10522
17	546	33.229	-120.	130.57	610	0.10515
18	109	-23.556	-120.	106.6	619	0.12361
18	124	-22.151	-120.	106.97	619	0.12362
18	98	-24.934	-120.	108.56	619	0.12372
19	109	-23.556	-120.	106.6	619	0.12361
19	98	-24.934	-120.	108.56	619	0.12372
19	83	-25.781	-120.	108.08	619	0.12371
20	109	-23.556	-120.	106.6	619	0.12361
20	83	-25.781	-120.	108.08	619	0.12371
20	104	-24.368	-120.	105.63	619	0.12351
21	109	-23.556	-120.	106.6	619	0.12361
21	104	-24.368	-120.	105.63	619	0.12351
21	117	-22.763	-120.	104.8	619	0.1234
22	109	-23.556	-120.	106.6	619	0.12361
22	117	-22.763	-120.	104.8	619	0.1234
22	137	-21.34	-120.	105.57	619	0.12349
23	109	-23.556	-120.	106.6	619	0.12361
23	137	-21.34	-120.	105.57	619	0.12349
23	124	-22.151	-120.	106.97	619	0.12362
24	104	-24.368	-120.	105.63	619	0.12351
24	83	-25.781	-120.	108.08	619	0.12371
24	55	-27.388	-120.	107.17	619	0.12366
25	124	-22.151	-120.	106.97	619	0.12362
25	112	-23.336	-120.	109.46	619	0.1237
25	98	-24.934	-120.	108.56	619	0.12372
26	137	-21.34	-120.	105.57	619	0.12349
26	117	-22.763	-120.	104.8	619	0.1234
26	151	-19.781	-120.	103.3	619	0.12315
27	153	-19.369	-120.	98.573	622	0.12187
27	139	-21.019	-120.	97.611	622	0.12155
27	155	-18.865	-120.	95.735	622	0.12083
28	110	-23.545	-120.	96.143	622	0.12104
28	134	-21.451	-120.	94.077	622	0.1202
28	126	-21.878	-120.	97.108	622	0.12138
29	165	-18.085	-120.	91.387	622	0.11898
29	161	-18.611	-120.	94.262	622	0.12023
29	144	-20.419	-120.	93.178	622	0.11981
30	145	-20.374	-120.	95.329	622	0.12068
30	155	-18.865	-120.	95.735	622	0.12083
30	139	-21.019	-120.	97.611	622	0.12155
31	145	-20.374	-120.	95.329	622	0.12068
31	139	-21.019	-120.	97.611	622	0.12155
31	126	-21.878	-120.	97.108	622	0.12138
32	145	-20.374	-120.	95.329	622	0.12068
32	126	-21.878	-120.	97.108	622	0.12138
32	134	-21.451	-120.	94.077	622	0.1202
33	145	-20.374	-120.	95.329	622	0.12068
33	134	-21.451	-120.	94.077	622	0.1202
33	144	-20.419	-120.	93.178	622	0.11981
34	145	-20.374	-120.	95.329	622	0.12068
34	144	-20.419	-120.	93.178	622	0.11981
34	161	-18.611	-120.	94.262	622	0.12023
35	145	-20.374	-120.	95.329	622	0.12068
35	161	-18.611	-120.	94.262	622	0.12023
35	155	-18.865	-120.	95.735	622	0.12083
36	285	1.3031	-120.	89.681	635	0.11796
36	275	-0.15357	-120.	92.615	635	0.11894
36	300	4.2195	-120.	92.615	635	0.11844
37	80	-26.056	-120.	108.78	712	0.12374
37	97	-24.934	-120.	108.56	712	0.12372
37	82	-25.781	-120.	108.08	712	0.12371
38	43	-28.173	-120.	109.18	712	0.12374
38	23	-29.748	-120.	110.74	712	0.12371
38	7	-31.417	-120.	109.78	712	0.12369
39	43	-28.173	-120.	109.18	712	0.12374
39	7	-31.417	-120.	109.78	712	0.12369
39	55	-27.388	-120.	107.17	712	0.12366
40	43	-28.173	-120.	109.18	712	0.12374
40	55	-27.388	-120.	107.17	712	0.12366
40	82	-25.781	-120.	108.08	712	0.12371
41	43	-28.173	-120.	109.18	712	0.12374
41	82	-25.781	-120.	108.08	712	0.12371
41	80	-26.056	-120.	108.78	712	0.12374
42	43	-28.173	-120.	109.18	712	0.12374
42	80	-26.056	-120.	108.78	712	0.12374
42	36	-28.65	-120.	110.53	712	0.12372
43	43	-28.173	-120.	109.18	712	0.12374
43	36	-28.65	-120.	110.53	712	0.12372
43	23	-29.748	-120.	110.74	712	0.12371
44	32	-28.882	-120.	111.23	712	0.12369
44	36	-28.65	-120.	110.53	712	0.12372
44	23	-29.748	-120.	110.74	712	0.12371
45	68	-26.514	-120.	110.12	712	0.12374
45	61	-27.224	-120.	112.18	712	0.12364
45	112	-23.336	-120.	109.46	712	0.1237
46	68	-26.514	-120.	110.12	712	0.12374
46	112	-23.336	-120.	109.46	712	0.1237
46	97	-24.934	-120.	108.56	712	0.12372
47	68	-26.514	-120.	110.12	712	0.12374
47	97	-24.934	-120.	108.56	712	0.12372
47	80	-26.056	-120.	108.78	712	0.12374
48	68	-26.514	-120.	110.12	712	0.12374
48	80	-26.056	-120.	108.78	712	0.12374
48	36	-28.65	-120.	110.53	712	0.12372
49	68	-26.514	-120.	110.12	712	0.12374
49	36	-28.65	-120.	110.53	712	0.12372
49	32	-28.882	-120.	111.23	712	0.12369
50	68	-26.514	-120.	110.12	712	0.12374
50	32	-28.882	-120.	111.23	712	0.12369
50	61	-27.224	-120.	112.18	712	0.12364
51	241	-5.7764	-120.	90.758	716	0.11856
51	235	-6.5008	-120.	90.968	716	0.11866
51	237	-6.2516	-120.	91.919	716	0.11905
52	225	-8.3372	-120.	89.613	716	0.1181
52	223	-8.5933	-120.	88.683	716	0.11771
52	220	-9.0374	-120.	89.857	716	0.11821
53	227	-7.8565	-120.	91.427	716	0.11887
53	237	-6.2516	-120.	91.919	716	0.11905
53	231	-7.1082	-120.	94.093	716	0.12001
54	227	-7.8565	-120.	91.427	716	0.11887
54	231	-7.1082	-120.	94.093	716	0.12001
54	214	-9.904	-120.	92.112	716	0.1192
55	227	-7.8565	-120.	91.427	716	0.11887
55	214	-9.904	-120.	92.112	716	0.1192
55	220	-9.0374	-120.	89.857	716	0.11821
56	227	-7.8565	-120.	91.427	716	0.11887
56	220	-9.0374	-120.	89.857	716	0.11821
56	225	-8.3372	-120.	89.613	716	0.1181
57	227	-7.8565	-120.	91.427	716	0.11887
57	225	-8.3372	-120.	89.613	716	0.1181
57	235	-6.5008	-120.	90.968	716	0.11866
58	227	-7.8565	-120.	91.427	716	0.11887
58	235	-6.5008	-120.	90.968	716	0.11866
58	237	-6.2516	-120.	91.919	716	0.11905
59	232	-6.9679	-120.	89.165	716	0.11791
59	223	-8.5933	-120.	88.683	716	0.11771
59	228	-7.7041	-120.	86.405	716	0.11678
60	232	-6.9679	-120.	89.165	716	0.11791
60	228	-7.7041	-120.	86.405	716	0.11678
60	245	-4.8957	-120.	88.564	716	0.11767
61	232	-6.9679	-120.	89.165	716	0.11791
61	245	-4.8957	-120.	88.564	716	0.11767
61	241	-5.7764	-120.	90.758	716	0.11856
62	232	-6.9679	-120.	89.165	716	0.11791
62	241	-5.7764	-120.	90.758	716	0.11856
62	235	-6.5008	-120.	90.968	716	0.11866
63	232	-6.9679	-120.	89.165	716	0.11791
63	235	-6.5008	-120.	90.968	716	0.11866
63	225	-8.3372	-120.	89.613	716	0.1181
64	232	-6.9679	-120.	89.165	716	0.11791
64	225	-8.3372	-120.	89.613	716	0.1181
64	223	-8.5933	-120.	88.683	716	0.11771
65	177	-15.833	-120.	140.87	735	0.11329
65	169	-17.251	-120.	143.32	735	0.11249
65	197	-12.295	-120.	143.44	735	0.1122
66	1	-32.805	-120.	116.88	751	0.12287
66	0	-32.924	-120.	121.19	751	0.12173
66	16	-30.093	-120.	118.32	751	0.1226
67	226	-8.113	-120.	150.47	765	0.11113
67	218	-9.54	-120.	153.01	765	0.11111
67	243	-5.3928	-120.	154.18	765	0.11148
68	250	-4.0658	-120.	91.691	802	0.11888
68	263	-2.0045	-120.	91.016	802	0.11852
68	257	-2.8829	-120.	92.974	802	0.1193
69	250	-4.0658	-120.	91.691	802	0.11888
69	257	-2.8829	-120.	92.974	802	0.1193
69	247	-4.4686	-120.	93.311	802	0.11955
70	250	-4.0658	-120.	91.691	802	0.11888
70	247	-4.4686	-120.	93.311	802	0.11955
70	238	-6.2516	-120.	91.919	802	0.11905
71	250	-4.0658	-120.	91.691	802	0.11888
71	238	-6.2516	-120.	91.919	802	0.11905
71	242	-5.7764	-120.	90.758	802	0.11856
72	250	-4.0658	-120.	91.691	802	0.11888
72	242	-5.7764	-120.	90.758	802	0.11856
72	254	-3.011	-120.	90.17	802	0.11825
73	250	-4.0658	-120.	91.691	802	0.11888
73	254	-3.011	-120.	90.17	802	0.11825
73	263	-2.0045	-120.	91.016	802	0.11852
74	238	-6.2516	-120.	91.919	802	0.11905
74	247	-4.4686	-120.	93.311	802	0.11955
74	231	-7.1082	-120.	94.093	802	0.12001
75	263	-2.0045	-120.	91.016	802	0.11852
75	275	-0.15357	-120.	92.615	802	0.11894
75	257	-2.8829	-120.	92.974	802	0.1193
76	254	-3.011	-120.	90.17	802	0.11825
76	242	-5.7764	-120.	90.758	802	0.11856
76	245	-4.8957	-120.	88.564	802	0.11767
77	353	12.589	-120.	91.638	810	0.11765
77	343	11.174	-120.	94.093	810	0.1176
77	365	15.169	-120.	95.872	810	0.11687
78	427	22.928	-120.	139.99	840	0.10662
78	413	21.536	-120.	141.87	840	0.10722
78	420	21.895	-120.	138.97	840	0.10631
79	427	22.928	-120.	139.99	840	0.10662
79	420	21.895	-120.	138.97	840	0.10631
79	429	22.98	-120.	137.77	840	0.10602
80	427	22.928	-120.	139.99	840	0.10662
80	429	22.98	-120.	137.77	840	0.10602
80	437	24.441	-120.	138.64	840	0.10626
81	427	22.928	-120.	139.99	840	0.10662
81	437	24.441	-120.	138.64	840	0.10626
81	435	24.303	-120.	140.3	840	0.10672
82	427	22.928	-120.	139.99	840	0.10662
82	435	24.303	-120.	140.3	840	0.10672
82	424	22.411	-120.	142.4	840	0.10741
83	427	22.928	-120.	139.99	840	0.10662
83	424	22.411	-120.	142.4	840	0.10741
83	413	21.536	-120.	141.87	840	0.10722
84	437	24.441	-120.	138.64	840	0.10626
84	429	22.98	-120.	137.77	840	0.10602
84	439	24.656	-120.	135.59	840	0.10558
85	413	21.536	-120.	141.87	840	0.10722
85	399	19.899	-120.	140.87	840	0.10686
85	420	21.895	-120.	138.97	840	0.10631
86	424	22.411	-120.	142.4	840	0.10741
86	435	24.303	-120.	140.3	840	0.10672
86	434	24.064	-120.	143.4	840	0.10777
87	240	-5.7995	-120.	146.33	842	0.11106
87	256	-2.9777	-120.	149.89	842	0.11103
87	265	-1.522	-120.	147.24	842	0.11058
88	35	-28.656	-120.	129.72	857	0.11847
88	6	-31.929	-120.	128.36	857	0.11905
88	10	-30.643	-120.	132.48	857	0.11722
89	152	-19.63	-120.	147.46	858	0.11133
89	175	-16.089	-120.	149.92	858	0.11097
89	181	-14.63	-120.	147.4	858	0.11142
90	214	-9.904	-120.	92.112	861	0.1192
90	206	-11.103	-120.	95.872	861	0.12087
90	231	-7.1082	-120.	94.093	861	0.12001
91	56	-27.376	-120.	127.13	865	0.11958
91	63	-27.196	-120.	127.86	865	0.11927
91	70	-26.429	-120.	126.87	865	0.11968
92	31	-29.171	-120.	127.62	865	0.11938
92	6	-31.929	-120.	128.36	865	0.11905
92	35	-28.656	-120.	129.72	865	0.11847
93	31	-29.171	-120.	127.62	865	0.11938
93	35	-28.656	-120.	129.72	865	0.11847
93	63	-27.196	-120.	127.86	865	0.11927
94	31	-29.171	-120.	127.62	865	0.11938
94	63	-27.196	-120.	127.86	865	0.11927
94	56	-27.376	-120.	127.13	865	0.11958
95	31	-29.171	-120.	127.62	865	0.11938
95	56	-27.376	-120.	127.13	865	0.11958
95	28	-29.468	-120.	126.21	865	0.11996
96	31	-29.171	-120.	127.62	865	0.11938
96	28	-29.468	-120.	126.21	865	0.11996
96	15	-30.401	-120.	126.46	865	0.11986
97	31	-29.171	-120.	127.62	865	0.11938
97	15	-30.401	-120.	126.46	865	0.11986
97	6	-31.929	-120.	128.36	865	0.11905
98	52	-27.657	-120.	125.72	865	0.12015
98	44	-28.087	-120.	123.61	865	0.12097
98	96	-24.974	-120.	125.04	865	0.12038
99	52	-27.657	-120.	125.72	865	0.12015
99	96	-24.974	-120.	125.04	865	0.12038
99	70	-26.429	-120.	126.87	865	0.11968
100	52	-27.657	-120.	125.72	865	0.12015
100	70	-26.429	-120.	126.87	865	0.11968
100	56	-27.376	-120.	127.13	865	0.11958
101	52	-27.657	-120.	125.72	865	0.12015
101	56	-27.376	-120.	127.13	865	0.11958
101	28	-29.468	-120.	126.21	865	0.11996
102	52	-27.657	-120.	125.72	865	0.12015
102	28	-29.468	-120.	126.21	865	0.11996
102	25	-29.607	-120.	125.48	865	0.12025
103	52	-27.657	-120.	125.72	865	0.12015
103	25	-29.607	-120.	125.48	865	0.12025
103	44	-28.087	-120.	123.61	865	0.12097
104	28	-29.468	-120.	126.21	865	0.11996
104	25	-29.607	-120.	125.48	865	0.12025
104	15	-30.401	-120.	126.46	865	0.11986
105	44	-28.087	-120.	123.61	867	0.12097
105	24	-29.607	-120.	125.48	867	0.12025
105	19	-29.999	-120.	122.65	867	0.12131
106	6	-31.929	-120.	128.36	867	0.11905
106	3	-32.513	-120.	125.48	867	0.12023
106	14	-30.401	-120.	126.46	867	0.11986
107	0	-32.924	-120.	121.19	867	0.12173
107	9	-30.996	-120.	122.16	867	0.12146
107	2	-32.701	-120.	124.13	867	0.12074
108	8	-31.036	-120.	124.39	867	0.12067
108	19	-29.999	-120.	122.65	867	0.12131
108	24	-29.607	-120.	125.48	867	0.12025
109	8	-31.036	-120.	124.39	867	0.12067
109	24	-29.607	-120.	125.48	867	0.12025
109	14	-30.401	-120.	126.46	867	0.11986
110	8	-31.036	-120.	124.39	867	0.12067
110	14	-30.401	-120.	126.46	867	0.11986
110	3	-32.513	-120.	125.48	867	0.12023
111	8	-31.036	-120.	124.39	867	0.12067
111	3	-32.513	-120.	125.48	867	0.12023
111	2	-32.701	-120.	124.13	867	0.12074
112	8	-31.036	-120.	124.39	867	0.12067
112	2	-32.701	-120.	124.13	867	0.12074
112	9	-30.996	-120.	122.16	867	0.12146
113	8	-31.036	-120.	124.39	867	0.12067
113	9	-30.996	-120.	122.16	867	0.12146
113	19	-29.999	-120.	122.65	867	0.12131
114	204	-11.69	-120.	149.52	879	0.11114
114	208	-10.796	-120.	149.39	879	0.11116
114	199	-12.084	-120.	148.78	879	0.11122
115	207	-10.848	-120.	150.93	879	0.11107
115	218	-9.54	-120.	153.01	879	0.11111
115	226	-8.113	-120.	150.47	879	0.11113
116	207	-10.848	-120.	150.93	879	0.11107
116	226	-8.113	-120.	150.47	879	0.11113
116	208	-10.796	-120.	149.39	879	0.11116
117	207	-10.848	-120.	150.93	879	0.11107
117	208	-10.796	-120.	149.39	879	0.11116
117	204	-11.69	-120.	149.52	879	0.11114
118	207	-10.848	-120.	150.93	879	0.11107
118	204	-11.69	-120.	149.52	879	0.11114
118	194	-12.675	-120.	151.25	879	0.11098
119	207	-10.848	-120.	150.93	879	0.11107
119	194	-12.675	-120.	151.25	879	0.11098
119	198	-12.273	-120.	151.92	879	0.11096
120	207	-10.848	-120.	150.93	879	0.11107
120	198	-12.273	-120.	151.92	879	0.11096
120	218	-9.54	-120.	153.01	879	0.11111
121	190	-13.446	-120.	149.7	879	0.1111
121	175	-16.089	-120.	149.92	879	0.11097
121	181	-14.63	-120.	147.4	879	0.11142
122	190	-13.446	-120.	149.7	879	0.1111
122	181	-14.63	-120.	147.4	879	0.11142
122	199	-12.084	-120.	148.78	879	0.11122
123	190	-13.446	-120.	149.7	879	0.1111
123	199	-12.084	-120.	148.78	879	0.11122
123	204	-11.69	-120.	149.52	879	0.11114
124	190	-13.446	-120.	149.7	879	0.1111
124	204	-11.69	-120.	149.52	879	0.11114
124	194	-12.675	-120.	151.25	879	0.11098
125	190	-13.446	-120.	149.7	879	0.1111
125	194	-12.675	-120.	151.25	879	0.11098
125	188	-13.511	-120.	151.33	879	0.11094
126	190	-13.446	-120.	149.7	879	0.1111
126	188	-13.511	-120.	151.33	879	0.11094
126	175	-16.089	-120.	149.92	879	0.11097
127	194	-12.675	-120.	151.25	879	0.11098
127	188	-13.511	-120.	151.33	879	0.11094
127	198	-12.273	-120.	151.92	879	0.11096
128	463	27.448	-120.	103.66	890	0.11333
128	451	26.451	-120.	103.94	890	0.11322
128	464	27.85	-120.	104.3	890	0.11303
129	453	26.629	-120.	102.49	890	0.11387
129	444	25.409	-120.	100.72	890	0.11467
129	432	23.847	-120.	103.3	890	0.11355
130	453	26.629	-120.	102.49	890	0.11387
130	432	23.847	-120.	103.3	890	0.11355
130	451	26.451	-120.	103.94	890	0.11322
131	453	26.629	-120.	102.49	890	0.11387
131	451	26.451	-120.	103.94	890	0.11322
131	463	27.448	-120.	103.66	890	0.11333
132	453	26.629	-120.	102.49	890	0.11387
132	463	27.448	-120.	103.66	890	0.11333
132	471	28.524	-120.	101.95	890	0.11409
133	453	26.629	-120.	102.49	890	0.11387
133	471	28.524	-120.	101.95	890	0.11409
133	467	28.095	-120.	101.35	890	0.11436
134	453	26.629	-120.	102.49	890	0.11387
134	467	28.095	-120.	101.35	890	0.11436
134	444	25.409	-120.	100.72	890	0.11467
135	483	29.334	-120.	103.14	890	0.11354
135	536	32.209	-120.	102.31	890	0.11389
135	499	30.485	-120.	104.97	890	0.11269
136	483	29.334	-120.	103.14	890	0.11354
136	499	30.485	-120.	104.97	890	0.11269
136	464	27.85	-120.	104.3	890	0.11303
137	483	29.334	-120.	103.14	890	0.11354
137	464	27.85	-120.	104.3	890	0.11303
137	463	27.448	-120.	103.66	890	0.11333
138	483	29.334	-120.	103.14	890	0.11354
138	463	27.448	-120.	103.66	890	0.11333
138	471	28.524	-120.	101.95	890	0.11409
139	483	29.334	-120.	103.14	890	0.11354
139	471	28.524	-120.	101.95	890	0.11409
139	490	29.49	-120.	101.66	890	0.1142
140	483	29.334	-120.	103.14	890	0.11354
140	490	29.49	-120.	101.66	890	0.1142
140	536	32.209	-120.	102.31	890	0.11389
141	471	28.524	-120.	101.95	890	0.11409
141	490	29.49	-120.	101.66	890	0.1142
141	467	28.095	-120.	101.35	890	0.11436
142	50	-27.848	-120.	115.7	894	0.12317
142	45	-27.948	-120.	116.45	894	0.12302
142	65	-26.814	-120.	115.45	894	0.1232
143	53	-27.595	-120.	114.29	894	0.1234
143	29	-29.43	-120.	114.03	894	0.12343
143	61	-27.224	-120.	112.18	894	0.12364
144	53	-27.595	-120.	114.29	894	0.1234
144	61	-27.224	-120.	112.18	894	0.12364
144	100	-24.688	-120.	113.62	894	0.12343
145	53	-27.595	-120.	114.29	894	0.1234
145	100	-24.688	-120.	113.62	894	0.12343
145	65	-26.814	-120.	115.45	894	0.1232
146	53	-27.595	-120.	114.29	894	0.1234
146	65	-26.814	-120.	115.45	894	0.1232
146	50	-27.848	-120.	115.7	894	0.12317
147	53	-27.595	-120.	114.29	894	0.1234
147	50	-27.848	-120.	115.7	894	0.12317
147	26	-29.567	-120.	114.76	894	0.12332
148	53	-27.595	-120.	114.29	894	0.1234
148	26	-29.567	-120.	114.76	894	0.12332
148	29	-29.43	-120.	114.03	894	0.12343
149	12	-30.578	-120.	114.99	894	0.12327
149	26	-29.567	-120.	114.76	894	0.12332
149	29	-29.43	-120.	114.03	894	0.12343
150	21	-29.807	-120.	116.19	894	0.12307
150	1	-32.805	-120.	116.88	894	0.12287
150	16	-30.093	-120.	118.32	894	0.1226
151	21	-29.807	-120.	116.19	894	0.12307
151	16	-30.093	-120.	118.32	894	0.1226
151	45	-27.948	-120.	116.45	894	0.12302
152	21	-29.807	-120.	116.19	894	0.12307
152	45	-27.948	-120.	116.45	894	0.12302
152	50	-27.848	-120.	115.7	894	0.12317
153	21	-29.807	-120.	116.19	894	0.12307
153	50	-27.848	-120.	115.7	894	0.12317
153	26	-29.567	-120.	114.76	894	0.12332
154	21	-29.807	-120.	116.19	894	0.12307
154	26	-29.567	-120.	114.76	894	0.12332
154	12	-30.578	-120.	114.99	894	0.12327
155	21	-29.807	-120.	116.19	894	0.12307
155	12	-30.578	-120.	114.99	894	0.12327
155	1	-32.805	-120.	116.88	894	0.12287
156	40	-28.243	-120.	120.02	900	0.12214
156	59	-27.268	-120.	119.76	900	0.1222
156	38	-28.244	-120.	119.26	900	0.12235
157	42	-28.178	-120.	121.44	900	0.12171
157	44	-28.087	-120.	123.61	900	0.12097
157	88	-25.431	-120.	120.69	900	0.12188
158	42	-28.178	-120.	121.44	900	0.12171
158	88	-25.431	-120.	120.69	900	0.12188
158	59	-27.268	-120.	119.76	900	0.1222
159	42	-28.178	-120.	121.44	900	0.12171
159	59	-27.268	-120.	119.76	900	0.1222
159	40	-28.243	-120.	120.02	900	0.12214
160	42	-28.178	-120.	121.44	900	0.12171
160	40	-28.243	-120.	120.02	900	0.12214
160	18	-30.04	-120.	121.91	900	0.12156
161	42	-28.178	-120.	121.44	900	0.12171
161	18	-30.04	-120.	121.91	900	0.12156
161	19	-29.999	-120.	122.65	900	0.12131
162	42	-28.178	-120.	121.44	900	0.12171
162	19	-29.999	-120.	122.65	900	0.12131
162	44	-28.087	-120.	123.61	900	0.12097
163	17	-30.09	-120.	120.48	900	0.12201
163	0	-32.924	-120.	121.19	900	0.12173
163	16	-30.093	-120.	118.32	900	0.1226
164	17	-30.09	-120.	120.48	900	0.12201
164	16	-30.093	-120.	118.32	900	0.1226
164	38	-28.244	-120.	119.26	900	0.12235
165	17	-30.09	-120.	120.48	900	0.12201
165	38	-28.244	-120.	119.26	900	0.12235
165	40	-28.243	-120.	120.02	900	0.12214
166	17	-30.09	-120.	120.48	900	0.12201
166	40	-28.243	-120.	120.02	900	0.12214
166	18	-30.04	-120.	121.91	900	0.12156
167	17	-30.09	-120.	120.48	900	0.12201
167	18	-30.04	-120.	121.91	900	0.12156
167	9	-30.996	-120.	122.16	900	0.12146
168	17	-30.09	-120.	120.48	900	0.12201
168	9	-30.996	-120.	122.16	900	0.12146
168	0	-32.924	-120.	121.19	900	0.12173
169	18	-30.04	-120.	121.91	900	0.12156
169	9	-30.996	-120.	122.16	900	0.12146
169	19	-29.999	-120.	122.65	900	0.12131
170	101	-24.589	-120.	134.53	905	0.11624
170	143	-20.59	-120.	135.59	905	0.11571
170	115	-22.777	-120.	131.8	905	0.11748
171	236	-6.4699	-120.	149.04	910	0.1111
171	234	-6.7075	-120.	147.97	910	0.11112
171	230	-7.1945	-120.	148.83	910	0.11113
172	239	-6.0411	-120.	151.07	910	0.11117
172	249	-4.4252	-120.	152.47	910	0.11133
172	243	-5.3928	-120.	154.18	910	0.11148
173	239	-6.0411	-120.	151.07	910	0.11117
173	243	-5.3928	-120.	154.18	910	0.11148
173	226	-8.113	-120.	150.47	910	0.11113
174	239	-6.0411	-120.	151.07	910	0.11117
174	226	-8.113	-120.	150.47	910	0.11113
174	230	-7.1945	-120.	148.83	910	0.11113
175	239	-6.0411	-120.	151.07	910	0.11117
175	230	-7.1945	-120.	148.83	910	0.11113
175	236	-6.4699	-120.	149.04	910	0.1111
176	239	-6.0411	-120.	151.07	910	0.11117
176	236	-6.4699	-120.	149.04	910	0.1111
176	246	-4.6513	-120.	151.42	910	0.11121
177	239	-6.0411	-120.	151.07	910	0.11117
177	246	-4.6513	-120.	151.42	910	0.11121
177	249	-4.4252	-120.	152.47	910	0.11133
178	251	-3.9312	-120.	151.58	910	0.11124
178	246	-4.6513	-120.	151.42	910	0.11121
178	249	-4.4252	-120.	152.47	910	0.11133
179	244	-5.0895	-120.	149.37	910	0.11106
179	256	-2.9777	-120.	149.89	910	0.11103
179	240	-5.7995	-120.	146.33	910	0.11106
180	244	-5.0895	-120.	149.37	910	0.11106
180	240	-5.7995	-120.	146.33	910	0.11106
180	234	-6.7075	-120.	147.97	910	0.11112
181	244	-5.0895	-120.	149.37	910	0.11106
181	234	-6.7075	-120.	147.97	910	0.11112
181	236	-6.4699	-120.	149.04	910	0.1111
182	244	-5.0895	-120.	149.37	910	0.11106
182	236	-6.4699	-120.	149.04	910	0.1111
182	246	-4.6513	-120.	151.42	910	0.11121
183	244	-5.0895	-120.	149.37	910	0.11106
183	246	-4.6513	-120.	151.42	910	0.11121
183	251	-3.9312	-120.	151.58	910	0.11124
184	244	-5.0895	-120.	149.37	910	0.11106
184	251	-3.9312	-120.	151.58	910	0.11124
184	256	-2.9777	-120.	149.89	910	0.11103
185	304	4.9242	-120.	150.14	912	0.11078
185	302	4.6741	-120.	149.18	912	0.11048
185	299	4.1731	-120.	150.21	912	0.11082
186	312	6.3385	-120.	149.94	912	0.11068
186	323	8.4836	-120.	149.65	912	0.11052
186	308	5.588	-120.	147.24	912	0.10978
187	312	6.3385	-120.	149.94	912	0.11068
187	308	5.588	-120.	147.24	912	0.10978
187	302	4.6741	-120.	149.18	912	0.11048
188	312	6.3385	-120.	149.94	912	0.11068
188	302	4.6741	-120.	149.18	912	0.11048
188	304	4.9242	-120.	150.14	912	0.11078
189	312	6.3385	-120.	149.94	912	0.11068
189	304	4.9242	-120.	150.14	912	0.11078
189	314	6.814	-120.	151.77	912	0.11131
190	312	6.3385	-120.	149.94	912	0.11068
190	314	6.814	-120.	151.77	912	0.11131
190	320	7.5469	-120.	151.66	912	0.11127
191	312	6.3385	-120.	149.94	912	0.11068
191	320	7.5469	-120.	151.66	912	0.11127
191	323	8.4836	-120.	149.65	912	0.11052
192	307	5.3872	-120.	151.95	912	0.11136
192	311	6.1077	-120.	154.74	912	0.11228
192	296	3.2389	-120.	152.16	912	0.1114
193	307	5.3872	-120.	151.95	912	0.11136
193	296	3.2389	-120.	152.16	912	0.1114
193	299	4.1731	-120.	150.21	912	0.11082
194	307	5.3872	-120.	151.95	912	0.11136
194	299	4.1731	-120.	150.21	912	0.11082
194	304	4.9242	-120.	150.14	912	0.11078
195	307	5.3872	-120.	151.95	912	0.11136
195	304	4.9242	-120.	150.14	912	0.11078
195	314	6.814	-120.	151.77	912	0.11131
196	307	5.3872	-120.	151.95	912	0.11136
196	314	6.814	-120.	151.77	912	0.11131
196	316	7.065	-120.	152.71	912	0.11164
197	307	5.3872	-120.	151.95	912	0.11136
197	316	7.065	-120.	152.71	912	0.11164
197	311	6.1077	-120.	154.74	912	0.11228
198	314	6.814	-120.	151.77	912	0.11131
198	316	7.065	-120.	152.71	912	0.11164
198	320	7.5469	-120.	151.66	912	0.11127
199	387	18.289	-120.	147.65	935	0.10956
199	393	19.016	-120.	145.11	935	0.10847
199	405	20.723	-120.	146.15	935	0.1089
200	396	19.872	-120.	148.18	935	0.10977
200	387	18.289	-120.	147.65	935	0.10956
200	405	20.723	-120.	146.15	935	0.1089
201	396	19.872	-120.	148.18	935	0.10977
201	405	20.723	-120.	146.15	935	0.1089
201	415	21.609	-120.	146.7	935	0.10912
202	396	19.872	-120.	148.18	935	0.10977
202	415	21.609	-120.	146.7	935	0.10912
202	408	20.929	-120.	149.43	935	0.1103
203	396	19.872	-120.	148.18	935	0.10977
203	408	20.929	-120.	149.43	935	0.1103
203	394	19.764	-120.	150.15	935	0.11062
204	396	19.872	-120.	148.18	935	0.10977
204	394	19.764	-120.	150.15	935	0.11062
204	385	17.918	-120.	148.97	935	0.11013
205	396	19.872	-120.	148.18	935	0.10977
205	385	17.918	-120.	148.97	935	0.11013
205	387	18.289	-120.	147.65	935	0.10956
206	408	20.929	-120.	149.43	935	0.1103
206	415	21.609	-120.	146.7	935	0.10912
206	430	23.336	-120.	147.74	935	0.10953
207	394	19.764	-120.	150.15	935	0.11062
207	380	17.167	-120.	151.53	935	0.11125
207	385	17.918	-120.	148.97	935	0.11013
208	291	2.4319	-120.	148.95	938	0.11055
208	299	4.1731	-120.	150.21	938	0.11082
208	287	1.3459	-120.	150.21	938	0.11093
209	291	2.4319	-120.	148.95	938	0.11055
209	287	1.3459	-120.	150.21	938	0.11093
209	279	0.33219	-120.	149.18	938	0.11076
210	291	2.4319	-120.	148.95	938	0.11055
210	279	0.33219	-120.	149.18	938	0.11076
210	284	1.2224	-120.	147.46	938	0.11029
211	291	2.4319	-120.	148.95	938	0.11055
211	284	1.2224	-120.	147.46	938	0.11029
211	294	2.8435	-120.	147.46	938	0.11011
212	291	2.4319	-120.	148.95	938	0.11055
212	294	2.8435	-120.	147.46	938	0.11011
212	302	4.6741	-120.	149.18	938	0.11048
213	291	2.4319	-120.	148.95	938	0.11055
213	302	4.6741	-120.	149.18	938	0.11048
213	299	4.1731	-120.	150.21	938	0.11082
214	284	1.2224	-120.	147.46	938	0.11029
214	279	0.33219	-120.	149.18	938	0.11076
214	265	-1.522	-120.	147.24	938	0.11058
215	299	4.1731	-120.	150.21	938	0.11082
215	296	3.2389	-120.	152.16	938	0.1114
215	287	1.3459	-120.	150.21	938	0.11093
216	302	4.6741	-120.	149.18	938	0.11048
216	294	2.8435	-120.	147.46	938	0.11011
216	308	5.588	-120.	147.24	938	0.10978
217	335	10.335	-120.	151.03	942	0.11104
217	319	7.5469	-120.	151.66	942	0.11127
217	323	8.4836	-120.	149.65	942	0.11052
218	326	9.0131	-120.	154.27	942	0.11223
218	311	6.1077	-120.	154.74	942	0.11228
218	317	7.065	-120.	152.71	942	0.11164
219	328	9.2669	-120.	152.57	942	0.11162
219	326	9.0131	-120.	154.27	942	0.11223
219	317	7.065	-120.	152.71	942	0.11164
220	328	9.2669	-120.	152.57	942	0.11162
220	317	7.065	-120.	152.71	942	0.11164
220	319	7.5469	-120.	151.66	942	0.11127
221	328	9.2669	-120.	152.57	942	0.11162
221	319	7.5469	-120.	151.66	942	0.11127
221	335	10.335	-120.	151.03	942	0.11104
222	328	9.2669	-120.	152.57	942	0.11162
222	335	10.335	-120.	151.03	942	0.11104
222	344	11.293	-120.	151.76	942	0.11133
223	328	9.2669	-120.	152.57	942	0.11162
223	344	11.293	-120.	151.76	942	0.11133
223	336	10.348	-120.	153.98	942	0.11216
224	328	9.2669	-120.	152.57	942	0.11162
224	336	10.348	-120.	153.98	942	0.11216
224	326	9.0131	-120.	154.27	942	0.11223
225	356	13.174	-120.	153.16	942	0.11191
225	336	10.348	-120.	153.98	942	0.11216
225	344	11.293	-120.	151.76	942	0.11133
226	219	-9.0374	-120.	89.857	965	0.11821
226	214	-9.904	-120.	92.112	965	0.1192
226	205	-11.685	-120.	90.932	965	0.11869
227	210	-10.696	-120.	89.164	965	0.11791
227	219	-9.0374	-120.	89.857	965	0.11821
227	205	-11.685	-120.	90.932	965	0.11869
228	210	-10.696	-120.	89.164	965	0.11791
228	205	-11.685	-120.	90.932	965	0.11869
228	195	-12.608	-120.	90.314	965	0.11843
229	210	-10.696	-120.	89.164	965	0.11791
229	195	-12.608	-120.	90.314	965	0.11843
229	202	-11.761	-120.	87.856	965	0.11735
230	210	-10.696	-120.	89.164	965	0.11791
230	202	-11.761	-120.	87.856	965	0.11735
230	213	-10.493	-120.	87.342	965	0.11714
231	210	-10.696	-120.	89.164	965	0.11791
231	213	-10.493	-120.	87.342	965	0.11714
231	222	-8.5933	-120.	88.683	965	0.11771
232	210	-10.696	-120.	89.164	965	0.11791
232	222	-8.5933	-120.	88.683	965	0.11771
232	219	-9.0374	-120.	89.857	965	0.11821
233	202	-11.761	-120.	87.856	965	0.11735
233	195	-12.608	-120.	90.314	965	0.11843
233	183	-14.413	-120.	89.13	965	0.11792
234	213	-10.493	-120.	87.342	965	0.11714
234	228	-7.7041	-120.	86.405	965	0.11678
234	222	-8.5933	-120.	88.683	965	0.11771
235	193	-12.821	-120.	94.742	966	0.12039
235	192	-13.091	-120.	93.772	966	0.11997
235	185	-13.745	-120.	94.149	966	0.12014
236	196	-12.345	-120.	91.267	966	0.11885
236	205	-11.685	-120.	90.932	966	0.11869
236	195	-12.608	-120.	90.314	966	0.11843
237	187	-13.615	-120.	91.942	966	0.11916
237	185	-13.745	-120.	94.149	966	0.12014
237	178	-15.485	-120.	93.018	966	0.11966
238	187	-13.615	-120.	91.942	966	0.11916
238	178	-15.485	-120.	93.018	966	0.11966
238	183	-14.413	-120.	89.13	966	0.11792
239	187	-13.615	-120.	91.942	966	0.11916
239	183	-14.413	-120.	89.13	966	0.11792
239	195	-12.608	-120.	90.314	966	0.11843
240	187	-13.615	-120.	91.942	966	0.11916
240	195	-12.608	-120.	90.314	966	0.11843
240	196	-12.345	-120.	91.267	966	0.11885
241	187	-13.615	-120.	91.942	966	0.11916
241	196	-12.345	-120.	91.267	966	0.11885
241	192	-13.091	-120.	93.772	966	0.11997
242	187	-13.615	-120.	91.942	966	0.11916
242	192	-13.091	-120.	93.772	966	0.11997
242	185	-13.745	-120.	94.149	966	0.12014
243	201	-11.825	-120.	93.116	966	0.11967
243	205	-11.685	-120.	90.932	966	0.11869
243	214	-9.904	-120.	92.112	966	0.1192
244	201	-11.825	-120.	93.116	966	0.11967
244	214	-9.904	-120.	92.112	966	0.1192
244	206	-11.103	-120.	95.872	966	0.12087
245	201	-11.825	-120.	93.116	966	0.11967
245	206	-11.103	-120.	95.872	966	0.12087
245	193	-12.821	-120.	94.742	966	0.12039
246	201	-11.825	-120.	93.116	966	0.11967
246	193	-12.821	-120.	94.742	966	0.12039
246	192	-13.091	-120.	93.772	966	0.11997
247	201	-11.825	-120.	93.116	966	0.11967
247	192	-13.091	-120.	93.772	966	0.11997
247	196	-12.345	-120.	91.267	966	0.11885
248	201	-11.825	-120.	93.116	966	0.11967
248	196	-12.345	-120.	91.267	966	0.11885
248	205	-11.685	-120.	90.932	966	0.11869
249	281	0.59341	-120.	150.18	972	0.11095
249	286	1.3459	-120.	150.21	972	0.11093
249	278	0.33219	-120.	149.18	972	0.11076
250	283	1.0853	-120.	152.07	972	0.11136
250	288	1.8045	-120.	154.98	972	0.11211
250	296	3.2389	-120.	152.16	972	0.1114
251	283	1.0853	-120.	152.07	972	0.11136
251	296	3.2389	-120.	152.16	972	0.1114
251	286	1.3459	-120.	150.21	972	0.11093
252	283	1.0853	-120.	152.07	972	0.11136
252	286	1.3459	-120.	150.21	972	0.11093
252	281	0.59341	-120.	150.18	972	0.11095
253	283	1.0853	-120.	152.07	972	0.11136
253	281	0.59341	-120.	150.18	972	0.11095
253	274	-0.353	-120.	151.97	972	0.11133
254	283	1.0853	-120.	152.07	972	0.11136
254	274	-0.353	-120.	151.97	972	0.11133
254	277	-0.11815	-120.	152.95	972	0.11153
255	283	1.0853	-120.	152.07	972	0.11136
255	277	-0.11815	-120.	152.95	972	0.11153
255	288	1.8045	-120.	154.98	972	0.11211
256	271	-0.83641	-120.	150.06	972	0.11098
256	256	-2.9777	-120.	149.89	972	0.11103
256	265	-1.522	-120.	147.24	972	0.11058
257	271	-0.83641	-120.	150.06	972	0.11098
257	265	-1.522	-120.	147.24	972	0.11058
257	278	0.33219	-120.	149.18	972	0.11076
258	271	-0.83641	-120.	150.06	972	0.11098
258	278	0.33219	-120.	149.18	972	0.11076
258	281	0.59341	-120.	150.18	972	0.11095
259	271	-0.83641	-120.	150.06	972	0.11098
259	281	0.59341	-120.	150.18	972	0.11095
259	274	-0.353	-120.	151.97	972	0.11133
260	271	-0.83641	-120.	150.06	972	0.11098
260	274	-0.353	-120.	151.97	972	0.11133
260	269	-1.0913	-120.	151.9	972	0.11131
261	271	-0.83641	-120.	150.06	972	0.11098
261	269	-1.0913	-120.	151.9	972	0.11131
261	256	-2.9777	-120.	149.89	972	0.11103
262	274	-0.353	-120.	151.97	972	0.11133
262	269	-1.0913	-120.	151.9	972	0.11131
262	277	-0.11815	-120.	152.95	972	0.11153
263	57	-27.373	-120.	138.94	975	0.1143
263	99	-24.821	-120.	142.41	975	0.11288
263	113	-23.261	-120.	139.86	975	0.11387
264	318	7.3448	-120.	91.56	976	0.11796
264	329	9.39	-120.	91.764	976	0.11781
264	324	8.5345	-120.	93.311	976	0.11795
265	318	7.3448	-120.	91.56	976	0.11796
265	324	8.5345	-120.	93.311	976	0.11795
265	315	6.9488	-120.	92.974	976	0.11814
266	318	7.3448	-120.	91.56	976	0.11796
266	315	6.9488	-120.	92.974	976	0.11814
266	306	5.1429	-120.	90.861	976	0.11804
267	318	7.3448	-120.	91.56	976	0.11796
267	306	5.1429	-120.	90.861	976	0.11804
267	310	5.6436	-120.	89.931	976	0.11786
268	318	7.3448	-120.	91.56	976	0.11796
268	310	5.6436	-120.	89.931	976	0.11786
268	322	8.4091	-120.	90.519	976	0.1178
269	318	7.3448	-120.	91.56	976	0.11796
269	322	8.4091	-120.	90.519	976	0.1178
269	329	9.39	-120.	91.764	976	0.11781
270	306	5.1429	-120.	90.861	976	0.11804
270	315	6.9488	-120.	92.974	976	0.11814
270	300	4.2195	-120.	92.615	976	0.11844
271	329	9.39	-120.	91.764	976	0.11781
271	343	11.174	-120.	94.093	976	0.1176
271	324	8.5345	-120.	93.311	976	0.11795
272	322	8.4091	-120.	90.519	976	0.1178
272	310	5.6436	-120.	89.931	976	0.11786
272	313	6.5826	-120.	88.167	976	0.11757
273	260	-2.2653	-120.	90.059	979	0.11819
273	255	-3.011	-120.	90.17	979	0.11825
273	262	-2.0045	-120.	91.016	979	0.11852
274	270	-0.84033	-120.	89.911	979	0.11809
274	272	-0.59171	-120.	88.013	979	0.11748
274	285	1.3031	-120.	89.681	979	0.11796
275	270	-0.84033	-120.	89.911	979	0.11809
275	285	1.3031	-120.	89.681	979	0.11796
275	275	-0.15357	-120.	92.615	979	0.11894
276	270	-0.84033	-120.	89.911	979	0.11809
276	275	-0.15357	-120.	92.615	979	0.11894
276	262	-2.0045	-120.	91.016	979	0.11852
277	270	-0.84033	-120.	89.911	979	0.11809
277	262	-2.0045	-120.	91.016	979	0.11852
277	260	-2.2653	-120.	90.059	979	0.11819
278	270	-0.84033	-120.	89.911	979	0.11809
278	260	-2.2653	-120.	90.059	979	0.11819
278	266	-1.3299	-120.	88.083	979	0.1175
279	270	-0.84033	-120.	89.911	979	0.11809
279	266	-1.3299	-120.	88.083	979	0.1175
279	272	-0.59171	-120.	88.013	979	0.11748
280	264	-1.5709	-120.	87.142	979	0.11719
280	266	-1.3299	-120.	88.083	979	0.1175
280	272	-0.59171	-120.	88.013	979	0.11748
281	258	-2.7619	-120.	88.247	979	0.11756
281	253	-3.4987	-120.	85.463	979	0.11655
281	245	-4.8957	-120.	88.564	979	0.11767
282	258	-2.7619	-120.	88.247	979	0.11756
282	245	-4.8957	-120.	88.564	979	0.11767
282	255	-3.011	-120.	90.17	979	0.11825
283	258	-2.7619	-120.	88.247	979	0.11756
283	255	-3.011	-120.	90.17	979	0.11825
283	260	-2.2653	-120.	90.059	979	0.11819
284	258	-2.7619	-120.	88.247	979	0.11756
284	260	-2.2653	-120.	90.059	979	0.11819
284	266	-1.3299	-120.	88.083	979	0.1175
285	258	-2.7619	-120.	88.247	979	0.11756
285	266	-1.3299	-120.	88.083	979	0.1175
285	264	-1.5709	-120.	87.142	979	0.11719
286	258	-2.7619	-120.	88.247	979	0.11756
286	264	-1.5709	-120.	87.142	979	0.11719
286	253	-3.4987	-120.	85.463	979	0.11655
287	309	5.6436	-120.	89.931	984	0.11786
287	303	4.8924	-120.	89.862	984	0.11788
287	305	5.1429	-120.	90.861	984	0.11804
288	295	3.0008	-120.	87.884	984	0.11748
288	293	2.7559	-120.	86.903	984	0.11722
288	289	2.2612	-120.	87.855	984	0.11746
289	297	3.47	-120.	89.793	984	0.11791
289	305	5.1429	-120.	90.861	984	0.11804
289	300	4.2195	-120.	92.615	984	0.11844
290	297	3.47	-120.	89.793	984	0.11791
290	300	4.2195	-120.	92.615	984	0.11844
290	285	1.3031	-120.	89.681	984	0.11796
291	297	3.47	-120.	89.793	984	0.11791
291	285	1.3031	-120.	89.681	984	0.11796
291	289	2.2612	-120.	87.855	984	0.11746
292	297	3.47	-120.	89.793	984	0.11791
292	289	2.2612	-120.	87.855	984	0.11746
292	295	3.0008	-120.	87.884	984	0.11748
293	297	3.47	-120.	89.793	984	0.11791
293	295	3.0008	-120.	87.884	984	0.11748
293	303	4.8924	-120.	89.862	984	0.11788
294	297	3.47	-120.	89.793	984	0.11791
294	303	4.8924	-120.	89.862	984	0.11788
294	305	5.1429	-120.	90.861	984	0.11804
295	301	4.4345	-120.	87.969	984	0.11751
295	293	2.7559	-120.	86.903	984	0.11722
295	298	3.7317	-120.	85.064	984	0.11683
296	301	4.4345	-120.	87.969	984	0.11751
296	298	3.7317	-120.	85.064	984	0.11683
296	313	6.5826	-120.	88.167	984	0.11757
297	301	4.4345	-120.	87.969	984	0.11751
297	313	6.5826	-120.	88.167	984	0.11757
297	309	5.6436	-120.	89.931	984	0.11786
298	301	4.4345	-120.	87.969	984	0.11751
298	309	5.6436	-120.	89.931	984	0.11786
298	303	4.8924	-120.	89.862	984	0.11788
299	301	4.4345	-120.	87.969	984	0.11751
299	303	4.8924	-120.	89.862	984	0.11788
299	295	3.0008	-120.	87.884	984	0.11748
300	301	4.4345	-120.	87.969	984	0.11751
300	295	3.0008	-120.	87.884	984	0.11748
300	293	2.7559	-120.	86.903	984	0.11722
301	182	-14.524	-120.	96.261	995	0.12102
301	176	-16.032	-120.	95.811	995	0.12084
301	185	-13.745	-120.	94.149	995	0.12014
302	182	-14.524	-120.	96.261	995	0.12102
302	185	-13.745	-120.	94.149	995	0.12014
302	193	-12.821	-120.	94.742	995	0.12039
303	182	-14.524	-120.	96.261	995	0.12102
303	193	-12.821	-120.	94.742	995	0.12039
303	189	-13.45	-120.	97.31	995	0.12145
304	182	-14.524	-120.	96.261	995	0.12102
304	189	-13.45	-120.	97.31	995	0.12145
304	180	-14.762	-120.	98.263	995	0.12179
305	182	-14.524	-120.	96.261	995	0.12102
305	180	-14.762	-120.	98.263	995	0.12179
305	174	-16.334	-120.	97.294	995	0.12141
306	182	-14.524	-120.	96.261	995	0.12102
306	174	-16.334	-120.	97.294	995	0.12141
306	176	-16.032	-120.	95.811	995	0.12084
307	189	-13.45	-120.	97.31	995	0.12145
307	193	-12.821	-120.	94.742	995	0.12039
307	206	-11.103	-120.	95.872	995	0.12087
308	176	-16.032	-120.	95.811	995	0.12084
308	178	-15.485	-120.	93.018	995	0.11966
308	185	-13.745	-120.	94.149	995	0.12014
309	174	-16.334	-120.	97.294	995	0.12141
309	180	-14.762	-120.	98.263	995	0.12179
309	171	-16.855	-120.	100.05	995	0.12238
310	253	-3.4987	-120.	85.463	996	0.11655
310	228	-7.7041	-120.	86.405	996	0.11678
310	245	-4.8957	-120.	88.564	996	0.11767
311	169	-17.251	-120.	143.32	997	0.11249
311	163	-18.192	-120.	144.96	997	0.11201
311	148	-20.24	-120.	142.97	997	0.11266
312	152	-19.63	-120.	147.46	997	0.11133
312	127	-21.862	-120.	145.54	997	0.11183
312	159	-18.684	-120.	145.81	997	0.11177
313	99	-24.821	-120.	142.41	997	0.11288
313	129	-21.791	-120.	142.79	997	0.11274
313	114	-22.843	-120.	144.59	997	0.11212
314	142	-20.602	-120.	144.44	997	0.11218
314	148	-20.24	-120.	142.97	997	0.11266
314	163	-18.192	-120.	144.96	997	0.11201
315	142	-20.602	-120.	144.44	997	0.11218
315	163	-18.192	-120.	144.96	997	0.11201
315	159	-18.684	-120.	145.81	997	0.11177
316	142	-20.602	-120.	144.44	997	0.11218
316	159	-18.684	-120.	145.81	997	0.11177
316	127	-21.862	-120.	145.54	997	0.11183
317	142	-20.602	-120.	144.44	997	0.11218
317	127	-21.862	-120.	145.54	997	0.11183
317	114	-22.843	-120.	144.59	997	0.11212
318	142	-20.602	-120.	144.44	997	0.11218
318	114	-22.843	-120.	144.59	997	0.11212
318	129	-21.791	-120.	142.79	997	0.11274
319	142	-20.602	-120.	144.44	997	0.11218
319	129	-21.791	-120.	142.79	997	0.11274
319	148	-20.24	-120.	142.97	997	0.11266
320	575	36.909	-120.	117.34	999	0.10748
320	573	36.317	-120.	113.07	999	0.10907
320	555	33.96	-120.	115.92	999	0.10793
321	313	6.5826	-120.	88.167	1004	0.11757
321	321	8.0152	-120.	85.538	1004	0.11723
321	298	3.7317	-120.	85.064	1004	0.11683
322	108	-23.689	-120.	103.77	1024	0.12322
322	103	-24.368	-120.	105.63	1024	0.12351
322	78	-26.081	-120.	104.59	1024	0.12335
323	108	-23.689	-120.	103.77	1024	0.12322
323	78	-26.081	-120.	104.59	1024	0.12335
323	90	-25.369	-120.	103.36	1024	0.12314
324	108	-23.689	-120.	103.77	1024	0.12322
324	90	-25.369	-120.	103.36	1024	0.12314
324	122	-22.197	-120.	101.87	1024	0.12283
325	108	-23.689	-120.	103.77	1024	0.12322
325	122	-22.197	-120.	101.87	1024	0.12283
325	135	-21.358	-120.	102.37	1024	0.12294
326	108	-23.689	-120.	103.77	1024	0.12322
326	135	-21.358	-120.	102.37	1024	0.12294
326	116	-22.763	-120.	104.8	1024	0.1234
327	108	-23.689	-120.	103.77	1024	0.12322
327	116	-22.763	-120.	104.8	1024	0.1234
327	103	-24.368	-120.	105.63	1024	0.12351
328	122	-22.197	-120.	101.87	1024	0.12283
328	90	-25.369	-120.	103.36	1024	0.12314
328	107	-23.785	-120.	100.93	1024	0.1226
329	103	-24.368	-120.	105.63	1024	0.12351
329	55	-27.388	-120.	107.17	1024	0.12366
329	78	-26.081	-120.	104.59	1024	0.12335
330	116	-22.763	-120.	104.8	1024	0.1234
330	135	-21.358	-120.	102.37	1024	0.12294
330	151	-19.781	-120.	103.3	1024	0.12315
331	84	-25.691	-120.	136.27	1035	0.11545
331	64	-26.981	-120.	133.72	1035	0.11664
331	101	-24.589	-120.	134.53	1035	0.11624
332	27	-29.479	-120.	135.18	1035	0.11598
332	10	-30.643	-120.	132.48	1035	0.11722
332	41	-28.225	-120.	133.31	1035	0.11683
333	54	-27.584	-120.	135.34	1035	0.11589
333	27	-29.479	-120.	135.18	1035	0.11598
333	41	-28.225	-120.	133.31	1035	0.11683
334	54	-27.584	-120.	135.34	1035	0.11589
334	41	-28.225	-120.	133.31	1035	0.11683
334	64	-26.981	-120.	133.72	1035	0.11664
335	54	-27.584	-120.	135.34	1035	0.11589
335	64	-26.981	-120.	133.72	1035	0.11664
335	84	-25.691	-120.	136.27	1035	0.11545
336	54	-27.584	-120.	135.34	1035	0.11589
336	84	-25.691	-120.	136.27	1035	0.11545
336	75	-26.268	-120.	137.17	1035	0.11505
337	54	-27.584	-120.	135.34	1035	0.11589
337	75	-26.268	-120.	137.17	1035	0.11505
337	34	-28.862	-120.	136.4	1035	0.11543
338	54	-27.584	-120.	135.34	1035	0.11589
338	34	-28.862	-120.	136.4	1035	0.11543
338	27	-29.479	-120.	135.18	1035	0.11598
339	57	-27.373	-120.	138.94	1035	0.1143
339	34	-28.862	-120.	136.4	1035	0.11543
339	75	-26.268	-120.	137.17	1035	0.11505
340	131	-21.647	-120.	137.26	1036	0.11497
340	118	-22.638	-120.	137.55	1036	0.11485
340	120	-22.202	-120.	138.16	1036	0.11458
341	92	-25.296	-120.	136.9	1036	0.11517
341	85	-25.691	-120.	136.27	1036	0.11545
341	74	-26.268	-120.	137.17	1036	0.11505
342	102	-24.506	-120.	138.1	1036	0.11464
342	120	-22.202	-120.	138.16	1036	0.11458
342	113	-23.261	-120.	139.86	1036	0.11387
343	102	-24.506	-120.	138.1	1036	0.11464
343	113	-23.261	-120.	139.86	1036	0.11387
343	57	-27.373	-120.	138.94	1036	0.1143
344	102	-24.506	-120.	138.1	1036	0.11464
344	57	-27.373	-120.	138.94	1036	0.1143
344	74	-26.268	-120.	137.17	1036	0.11505
345	102	-24.506	-120.	138.1	1036	0.11464
345	74	-26.268	-120.	137.17	1036	0.11505
345	92	-25.296	-120.	136.9	1036	0.11517
346	102	-24.506	-120.	138.1	1036	0.11464
346	92	-25.296	-120.	136.9	1036	0.11517
346	118	-22.638	-120.	137.55	1036	0.11485
347	102	-24.506	-120.	138.1	1036	0.11464
347	118	-22.638	-120.	137.55	1036	0.11485
347	120	-22.202	-120.	138.16	1036	0.11458
348	111	-23.409	-120.	136.35	1036	0.1154
348	85	-25.691	-120.	136.27	1036	0.11545
348	101	-24.589	-120.	134.53	1036	0.11624
349	111	-23.409	-120.	136.35	1036	0.1154
349	101	-24.589	-120.	134.53	1036	0.11624
349	143	-20.59	-120.	135.59	1036	0.11571
350	111	-23.409	-120.	136.35	1036	0.1154
350	143	-20.59	-120.	135.59	1036	0.11571
350	131	-21.647	-120.	137.26	1036	0.11497
351	111	-23.409	-120.	136.35	1036	0.1154
351	131	-21.647	-120.	137.26	1036	0.11497
351	118	-22.638	-120.	137.55	1036	0.11485
352	111	-23.409	-120.	136.35	1036	0.1154
352	118	-22.638	-120.	137.55	1036	0.11485
352	92	-25.296	-120.	136.9	1036	0.11517
353	111	-23.409	-120.	136.35	1036	0.1154
353	92	-25.296	-120.	136.9	1036	0.11517
353	85	-25.691	-120.	136.27	1036	0.11545
354	149	-19.941	-120.	138.82	1037	0.11426
354	166	-17.829	-120.	138.97	1037	0.11414
354	158	-18.742	-120.	140.49	1037	0.11353
355	149	-19.941	-120.	138.82	1037	0.11426
355	158	-18.742	-120.	140.49	1037	0.11353
355	147	-20.31	-120.	140.26	1037	0.11366
356	149	-19.941	-120.	138.82	1037	0.11426
356	147	-20.31	-120.	140.26	1037	0.11366
356	121	-22.202	-120.	138.16	1037	0.11458
357	149	-19.941	-120.	138.82	1037	0.11426
357	121	-22.202	-120.	138.16	1037	0.11458
357	132	-21.647	-120.	137.26	1037	0.11497
358	149	-19.941	-120.	138.82	1037	0.11426
358	132	-21.647	-120.	137.26	1037	0.11497
358	154	-18.914	-120.	137.77	1037	0.11469
359	149	-19.941	-120.	138.82	1037	0.11426
359	154	-18.914	-120.	137.77	1037	0.11469
359	166	-17.829	-120.	138.97	1037	0.11414
360	121	-22.202	-120.	138.16	1037	0.11458
360	147	-20.31	-120.	140.26	1037	0.11366
360	113	-23.261	-120.	139.86	1037	0.11387
361	166	-17.829	-120.	138.97	1037	0.11414
361	177	-15.833	-120.	140.87	1037	0.11329
361	158	-18.742	-120.	140.49	1037	0.11353
362	154	-18.914	-120.	137.77	1037	0.11469
362	132	-21.647	-120.	137.26	1037	0.11497
362	143	-20.59	-120.	135.59	1037	0.11571
363	86	-25.532	-120.	128.87	1041	0.11882
363	71	-26.322	-120.	130.55	1041	0.11808
363	62	-27.196	-120.	127.86	1041	0.11927
364	86	-25.532	-120.	128.87	1041	0.11882
364	62	-27.196	-120.	127.86	1041	0.11927
364	69	-26.429	-120.	126.87	1041	0.11968
365	86	-25.532	-120.	128.87	1041	0.11882
365	69	-26.429	-120.	126.87	1041	0.11968
365	105	-24.331	-120.	127.71	1041	0.11929
366	86	-25.532	-120.	128.87	1041	0.11882
366	105	-24.331	-120.	127.71	1041	0.11929
366	106	-23.83	-120.	129.26	1041	0.11863
367	86	-25.532	-120.	128.87	1041	0.11882
367	106	-23.83	-120.	129.26	1041	0.11863
367	95	-25.087	-120.	131.	1041	0.11787
368	86	-25.532	-120.	128.87	1041	0.11882
368	95	-25.087	-120.	131.	1041	0.11787
368	71	-26.322	-120.	130.55	1041	0.11808
369	105	-24.331	-120.	127.71	1041	0.11929
369	69	-26.429	-120.	126.87	1041	0.11968
369	96	-24.974	-120.	125.04	1041	0.12038
370	71	-26.322	-120.	130.55	1041	0.11808
370	35	-28.656	-120.	129.72	1041	0.11847
370	62	-27.196	-120.	127.86	1041	0.11927
371	95	-25.087	-120.	131.	1041	0.11787
371	106	-23.83	-120.	129.26	1041	0.11863
371	115	-22.777	-120.	131.8	1041	0.11748
372	61	-27.224	-120.	112.18	1056	0.12364
372	100	-24.688	-120.	113.62	1056	0.12343
372	112	-23.336	-120.	109.46	1056	0.1237
373	150	-19.798	-120.	140.81	1065	0.11344
373	157	-18.742	-120.	140.49	1065	0.11353
373	146	-20.31	-120.	140.26	1065	0.11366
374	156	-18.773	-120.	141.82	1065	0.11304
374	169	-17.251	-120.	143.32	1065	0.11249
374	177	-15.833	-120.	140.87	1065	0.11329
375	156	-18.773	-120.	141.82	1065	0.11304
375	177	-15.833	-120.	140.87	1065	0.11329
375	157	-18.742	-120.	140.49	1065	0.11353
376	156	-18.773	-120.	141.82	1065	0.11304
376	157	-18.742	-120.	140.49	1065	0.11353
376	150	-19.798	-120.	140.81	1065	0.11344
377	156	-18.773	-120.	141.82	1065	0.11304
377	150	-19.798	-120.	140.81	1065	0.11344
377	141	-20.774	-120.	142.45	1065	0.11285
378	156	-18.773	-120.	141.82	1065	0.11304
378	141	-20.774	-120.	142.45	1065	0.11285
378	148	-20.24	-120.	142.97	1065	0.11266
379	156	-18.773	-120.	141.82	1065	0.11304
379	148	-20.24	-120.	142.97	1065	0.11266
379	169	-17.251	-120.	143.32	1065	0.11249
380	128	-21.792	-120.	141.43	1065	0.11323
380	99	-24.821	-120.	142.41	1065	0.11288
380	113	-23.261	-120.	139.86	1065	0.11387
381	128	-21.792	-120.	141.43	1065	0.11323
381	113	-23.261	-120.	139.86	1065	0.11387
381	146	-20.31	-120.	140.26	1065	0.11366
382	128	-21.792	-120.	141.43	1065	0.11323
382	146	-20.31	-120.	140.26	1065	0.11366
382	150	-19.798	-120.	140.81	1065	0.11344
383	128	-21.792	-120.	141.43	1065	0.11323
383	150	-19.798	-120.	140.81	1065	0.11344
383	141	-20.774	-120.	142.45	1065	0.11285
384	128	-21.792	-120.	141.43	1065	0.11323
384	141	-20.774	-120.	142.45	1065	0.11285
384	129	-21.791	-120.	142.79	1065	0.11274
385	128	-21.792	-120.	141.43	1065	0.11323
385	129	-21.791	-120.	142.79	1065	0.11274
385	99	-24.821	-120.	142.41	1065	0.11288
386	141	-20.774	-120.	142.45	1065	0.11285
386	129	-21.791	-120.	142.79	1065	0.11274
386	148	-20.24	-120.	142.97	1065	0.11266
387	77	-26.164	-120.	103.72	1069	0.12321
387	79	-26.081	-120.	104.59	1069	0.12335
387	89	-25.369	-120.	103.36	1069	0.12314
388	76	-26.232	-120.	102.02	1069	0.12287
388	47	-27.911	-120.	101.92	1069	0.12284
388	73	-26.285	-120.	99.47	1069	0.1222
389	76	-26.232	-120.	102.02	1069	0.12287
389	73	-26.285	-120.	99.47	1069	0.1222
389	107	-23.785	-120.	100.93	1069	0.1226
390	76	-26.232	-120.	102.02	1069	0.12287
390	107	-23.785	-120.	100.93	1069	0.1226
390	89	-25.369	-120.	103.36	1069	0.12314
391	76	-26.232	-120.	102.02	1069	0.12287
391	89	-25.369	-120.	103.36	1069	0.12314
391	77	-26.164	-120.	103.72	1069	0.12321
392	76	-26.232	-120.	102.02	1069	0.12287
392	77	-26.164	-120.	103.72	1069	0.12321
392	48	-27.878	-120.	102.73	1069	0.12302
393	76	-26.232	-120.	102.02	1069	0.12287
393	48	-27.878	-120.	102.73	1069	0.12302
393	47	-27.911	-120.	101.92	1069	0.12284
394	37	-28.595	-120.	103.11	1069	0.12309
394	48	-27.878	-120.	102.73	1069	0.12302
394	47	-27.911	-120.	101.92	1069	0.12284
395	51	-27.669	-120.	104.51	1069	0.12333
395	20	-29.906	-120.	105.74	1069	0.12349
395	55	-27.388	-120.	107.17	1069	0.12366
396	51	-27.669	-120.	104.51	1069	0.12333
396	55	-27.388	-120.	107.17	1069	0.12366
396	79	-26.081	-120.	104.59	1069	0.12335
397	51	-27.669	-120.	104.51	1069	0.12333
397	79	-26.081	-120.	104.59	1069	0.12335
397	77	-26.164	-120.	103.72	1069	0.12321
398	51	-27.669	-120.	104.51	1069	0.12333
398	77	-26.164	-120.	103.72	1069	0.12321
398	48	-27.878	-120.	102.73	1069	0.12302
399	51	-27.669	-120.	104.51	1069	0.12333
399	48	-27.878	-120.	102.73	1069	0.12302
399	37	-28.595	-120.	103.11	1069	0.12309
400	51	-27.669	-120.	104.51	1069	0.12333
400	37	-28.595	-120.	103.11	1069	0.12309
400	20	-29.906	-120.	105.74	1069	0.12349
401	417	21.839	-120.	142.89	1084	0.10759
401	424	22.411	-120.	142.4	1084	0.10741
401	413	21.536	-120.	141.87	1084	0.10722
402	425	22.428	-120.	144.8	1084	0.10832
402	430	23.336	-120.	147.74	1084	0.10953
402	434	24.064	-120.	143.4	1084	0.10777
403	425	22.428	-120.	144.8	1084	0.10832
403	434	24.064	-120.	143.4	1084	0.10777
403	424	22.411	-120.	142.4	1084	0.10741
404	425	22.428	-120.	144.8	1084	0.10832
404	424	22.411	-120.	142.4	1084	0.10741
404	417	21.839	-120.	142.89	1084	0.10759
405	425	22.428	-120.	144.8	1084	0.10832
405	417	21.839	-120.	142.89	1084	0.10759
405	411	21.309	-120.	145.7	1084	0.1087
406	425	22.428	-120.	144.8	1084	0.10832
406	411	21.309	-120.	145.7	1084	0.1087
406	414	21.609	-120.	146.7	1084	0.10912
407	425	22.428	-120.	144.8	1084	0.10832
407	414	21.609	-120.	146.7	1084	0.10912
407	430	23.336	-120.	147.74	1084	0.10953
408	403	20.72	-120.	143.77	1084	0.10793
408	393	19.016	-120.	145.11	1084	0.10847
408	399	19.899	-120.	140.87	1084	0.10686
409	403	20.72	-120.	143.77	1084	0.10793
409	399	19.899	-120.	140.87	1084	0.10686
409	413	21.536	-120.	141.87	1084	0.10722
410	403	20.72	-120.	143.77	1084	0.10793
410	413	21.536	-120.	141.87	1084	0.10722
410	417	21.839	-120.	142.89	1084	0.10759
411	403	20.72	-120.	143.77	1084	0.10793
411	417	21.839	-120.	142.89	1084	0.10759
411	411	21.309	-120.	145.7	1084	0.1087
412	403	20.72	-120.	143.77	1084	0.10793
412	411	21.309	-120.	145.7	1084	0.1087
412	404	20.723	-120.	146.15	1084	0.1089
413	403	20.72	-120.	143.77	1084	0.10793
413	404	20.723	-120.	146.15	1084	0.1089
413	393	19.016	-120.	145.11	1084	0.10847
414	411	21.309	-120.	145.7	1084	0.1087
414	404	20.723	-120.	146.15	1084	0.1089
414	414	21.609	-120.	146.7	1084	0.10912
415	346	11.663	-120.	147.66	1097	0.10964
415	349	11.922	-120.	148.61	1097	0.11003
415	354	12.635	-120.	148.36	1097	0.10992
416	342	11.047	-120.	150.83	1097	0.11096
416	334	10.335	-120.	151.03	1097	0.11104
416	345	11.293	-120.	151.76	1097	0.11133
417	351	12.422	-120.	150.4	1097	0.11078
417	354	12.635	-120.	148.36	1097	0.10992
417	362	14.46	-120.	149.69	1097	0.11047
418	351	12.422	-120.	150.4	1097	0.11078
418	362	14.46	-120.	149.69	1097	0.11047
418	356	13.174	-120.	153.16	1097	0.11191
419	351	12.422	-120.	150.4	1097	0.11078
419	356	13.174	-120.	153.16	1097	0.11191
419	345	11.293	-120.	151.76	1097	0.11133
420	351	12.422	-120.	150.4	1097	0.11078
420	345	11.293	-120.	151.76	1097	0.11133
420	342	11.047	-120.	150.83	1097	0.11096
421	351	12.422	-120.	150.4	1097	0.11078
421	342	11.047	-120.	150.83	1097	0.11096
421	349	11.922	-120.	148.61	1097	0.11003
422	351	12.422	-120.	150.4	1097	0.11078
422	349	11.922	-120.	148.61	1097	0.11003
422	354	12.635	-120.	148.36	1097	0.10992
423	338	10.553	-120.	149.02	1097	0.11023
423	334	10.335	-120.	151.03	1097	0.11104
423	323	8.4836	-120.	149.65	1097	0.11052
424	338	10.553	-120.	149.02	1097	0.11023
424	323	8.4836	-120.	149.65	1097	0.11052
424	332	9.8655	-120.	146.33	1097	0.10914
425	338	10.553	-120.	149.02	1097	0.11023
425	332	9.8655	-120.	146.33	1097	0.10914
425	346	11.663	-120.	147.66	1097	0.10964
426	338	10.553	-120.	149.02	1097	0.11023
426	346	11.663	-120.	147.66	1097	0.10964
426	349	11.922	-120.	148.61	1097	0.11003
427	338	10.553	-120.	149.02	1097	0.11023
427	349	11.922	-120.	148.61	1097	0.11003
427	342	11.047	-120.	150.83	1097	0.11096
428	338	10.553	-120.	149.02	1097	0.11023
428	342	11.047	-120.	150.83	1097	0.11096
428	334	10.335	-120.	151.03	1097	0.11104
429	393	19.016	-120.	145.11	1104	0.10847
429	399	19.899	-120.	140.87	1104	0.10686
429	375	16.361	-120.	143.44	1104	0.10778
430	436	24.303	-120.	140.3	1108	0.10672
430	440	24.802	-120.	139.73	1108	0.10655
430	438	24.441	-120.	138.64	1108	0.10626
431	450	26.414	-120.	140.68	1108	0.10682
431	455	26.788	-120.	141.73	1108	0.10715
431	457	26.876	-120.	140.1	1108	0.10665
432	446	25.708	-120.	138.62	1108	0.10625
432	438	24.441	-120.	138.64	1108	0.10626
432	439	24.656	-120.	135.59	1108	0.10558
433	446	25.708	-120.	138.62	1108	0.10625
433	439	24.656	-120.	135.59	1108	0.10558
433	460	27.061	-120.	136.97	1108	0.10586
434	446	25.708	-120.	138.62	1108	0.10625
434	460	27.061	-120.	136.97	1108	0.10586
434	457	26.876	-120.	140.1	1108	0.10665
435	446	25.708	-120.	138.62	1108	0.10625
435	457	26.876	-120.	140.1	1108	0.10665
435	450	26.414	-120.	140.68	1108	0.10682
436	446	25.708	-120.	138.62	1108	0.10625
436	450	26.414	-120.	140.68	1108	0.10682
436	440	24.802	-120.	139.73	1108	0.10655
437	446	25.708	-120.	138.62	1108	0.10625
437	440	24.802	-120.	139.73	1108	0.10655
437	438	24.441	-120.	138.64	1108	0.10626
438	445	25.493	-120.	141.79	1108	0.10718
438	455	26.788	-120.	141.73	1108	0.10715
438	452	26.586	-120.	144.91	1108	0.10831
439	445	25.493	-120.	141.79	1108	0.10718
439	452	26.586	-120.	144.91	1108	0.10831
439	434	24.064	-120.	143.4	1108	0.10777
440	445	25.493	-120.	141.79	1108	0.10718
440	434	24.064	-120.	143.4	1108	0.10777
440	436	24.303	-120.	140.3	1108	0.10672
441	445	25.493	-120.	141.79	1108	0.10718
441	436	24.303	-120.	140.3	1108	0.10672
441	440	24.802	-120.	139.73	1108	0.10655
442	445	25.493	-120.	141.79	1108	0.10718
442	440	24.802	-120.	139.73	1108	0.10655
442	450	26.414	-120.	140.68	1108	0.10682
443	445	25.493	-120.	141.79	1108	0.10718
443	450	26.414	-120.	140.68	1108	0.10682
443	455	26.788	-120.	141.73	1108	0.10715
444	88	-25.431	-120.	120.69	1109	0.12188
444	44	-28.087	-120.	123.61	1109	0.12097
444	96	-24.974	-120.	125.04	1109	0.12038
445	362	14.46	-120.	149.69	1115	0.11047
445	356	13.174	-120.	153.16	1115	0.11191
445	380	17.167	-120.	151.53	1115	0.11125
446	308	5.588	-120.	147.24	1140	0.10978
446	323	8.4836	-120.	149.65	1140	0.11052
446	332	9.8655	-120.	146.33	1140	0.10914
447	508	30.804	-120.	116.74	1153	0.10767
447	480	29.255	-120.	116.32	1153	0.10785
447	506	30.803	-120.	114.51	1153	0.10848
448	508	30.804	-120.	116.74	1153	0.10767
448	506	30.803	-120.	114.51	1153	0.10848
448	527	31.894	-120.	115.	1153	0.10828
449	508	30.804	-120.	116.74	1153	0.10767
449	527	31.894	-120.	115.	1153	0.10828
449	532	32.19	-120.	117.81	1153	0.10728
450	508	30.804	-120.	116.74	1153	0.10767
450	532	32.19	-120.	117.81	1153	0.10728
450	515	31.257	-120.	118.83	1153	0.10697
451	508	30.804	-120.	116.74	1153	0.10767
451	515	31.257	-120.	118.83	1153	0.10697
451	487	29.425	-120.	117.94	1153	0.10731
452	508	30.804	-120.	116.74	1153	0.10767
452	487	29.425	-120.	117.94	1153	0.10731
452	480	29.255	-120.	116.32	1153	0.10785
453	532	32.19	-120.	117.81	1153	0.10728
453	527	31.894	-120.	115.	1153	0.10828
453	555	33.96	-120.	115.92	1153	0.10793
454	480	29.255	-120.	116.32	1153	0.10785
454	477	28.754	-120.	113.62	1153	0.10887
454	506	30.803	-120.	114.51	1153	0.10848
455	487	29.425	-120.	117.94	1153	0.10731
455	515	31.257	-120.	118.83	1153	0.10697
455	491	29.497	-120.	120.69	1153	0.10649
456	466	27.921	-120.	96.479	1215	0.11632
456	441	24.832	-120.	93.474	1215	0.11727
456	431	23.352	-120.	95.976	1215	0.1165
457	67	-26.804	-120.	117.53	1253	0.12277
457	66	-26.814	-120.	115.45	1253	0.1232
457	93	-25.189	-120.	116.32	1253	0.12298
458	67	-26.804	-120.	117.53	1253	0.12277
458	93	-25.189	-120.	116.32	1253	0.12298
458	91	-25.359	-120.	117.94	1253	0.12262
459	67	-26.804	-120.	117.53	1253	0.12277
459	91	-25.359	-120.	117.94	1253	0.12262
459	60	-27.268	-120.	119.76	1253	0.1222
460	67	-26.804	-120.	117.53	1253	0.12277
460	60	-27.268	-120.	119.76	1253	0.1222
460	39	-28.244	-120.	119.26	1253	0.12235
461	67	-26.804	-120.	117.53	1253	0.12277
461	39	-28.244	-120.	119.26	1253	0.12235
461	46	-27.948	-120.	116.45	1253	0.12302
462	67	-26.804	-120.	117.53	1253	0.12277
462	46	-27.948	-120.	116.45	1253	0.12302
462	66	-26.814	-120.	115.45	1253	0.1232
463	60	-27.268	-120.	119.76	1253	0.1222
463	91	-25.359	-120.	117.94	1253	0.12262
463	88	-25.431	-120.	120.69	1253	0.12188
464	66	-26.814	-120.	115.45	1253	0.1232
464	100	-24.688	-120.	113.62	1253	0.12343
464	93	-25.189	-120.	116.32	1253	0.12298
465	46	-27.948	-120.	116.45	1253	0.12302
465	39	-28.244	-120.	119.26	1253	0.12235
465	16	-30.093	-120.	118.32	1253	0.1226
466	33	-28.882	-120.	111.23	1255	0.12369
466	61	-27.224	-120.	112.18	1255	0.12364
466	30	-29.43	-120.	114.03	1255	0.12343
467	13	-30.536	-120.	112.93	1255	0.12354
467	33	-28.882	-120.	111.23	1255	0.12369
467	30	-29.43	-120.	114.03	1255	0.12343
468	13	-30.536	-120.	112.93	1255	0.12354
468	30	-29.43	-120.	114.03	1255	0.12343
468	11	-30.578	-120.	114.99	1255	0.12327
469	13	-30.536	-120.	112.93	1255	0.12354
469	11	-30.578	-120.	114.99	1255	0.12327
469	4	-32.421	-120.	113.97	1255	0.12337
470	13	-30.536	-120.	112.93	1255	0.12354
470	4	-32.421	-120.	113.97	1255	0.12337
470	5	-32.159	-120.	112.62	1255	0.12353
471	13	-30.536	-120.	112.93	1255	0.12354
471	5	-32.159	-120.	112.62	1255	0.12353
471	22	-29.748	-120.	110.74	1255	0.12371
472	13	-30.536	-120.	112.93	1255	0.12354
472	22	-29.748	-120.	110.74	1255	0.12371
472	33	-28.882	-120.	111.23	1255	0.12369
473	4	-32.421	-120.	113.97	1255	0.12337
473	11	-30.578	-120.	114.99	1255	0.12327
473	1	-32.805	-120.	116.88	1255	0.12287
474	5	-32.159	-120.	112.62	1255	0.12353
474	7	-31.417	-120.	109.78	1255	0.12369
474	22	-29.748	-120.	110.74	1255	0.12371
475	381	17.43	-120.	91.87	1256	0.11755
475	392	18.881	-120.	89.348	1256	0.11793
475	364	14.983	-120.	87.508	1256	0.11783
476	81	-26.046	-120.	131.25	1264	0.11776
476	94	-25.087	-120.	131.	1264	0.11787
476	72	-26.322	-120.	130.55	1264	0.11808
477	49	-27.864	-120.	131.72	1264	0.11756
477	41	-28.225	-120.	133.31	1264	0.11683
477	10	-30.643	-120.	132.48	1264	0.11722
478	49	-27.864	-120.	131.72	1264	0.11756
478	10	-30.643	-120.	132.48	1264	0.11722
478	35	-28.656	-120.	129.72	1264	0.11847
479	49	-27.864	-120.	131.72	1264	0.11756
479	35	-28.656	-120.	129.72	1264	0.11847
479	72	-26.322	-120.	130.55	1264	0.11808
480	49	-27.864	-120.	131.72	1264	0.11756
480	72	-26.322	-120.	130.55	1264	0.11808
480	81	-26.046	-120.	131.25	1264	0.11776
481	49	-27.864	-120.	131.72	1264	0.11756
481	81	-26.046	-120.	131.25	1264	0.11776
481	58	-27.289	-120.	133.05	1264	0.11695
482	49	-27.864	-120.	131.72	1264	0.11756
482	58	-27.289	-120.	133.05	1264	0.11695
482	41	-28.225	-120.	133.31	1264	0.11683
483	64	-26.981	-120.	133.72	1264	0.11664
483	58	-27.289	-120.	133.05	1264	0.11695
483	41	-28.225	-120.	133.31	1264	0.11683
484	87	-25.462	-120.	132.56	1264	0.11716
484	101	-24.589	-120.	134.53	1264	0.11624
484	115	-22.777	-120.	131.8	1264	0.11748
485	87	-25.462	-120.	132.56	1264	0.11716
485	115	-22.777	-120.	131.8	1264	0.11748
485	94	-25.087	-120.	131.	1264	0.11787
486	87	-25.462	-120.	132.56	1264	0.11716
486	94	-25.087	-120.	131.	1264	0.11787
486	81	-26.046	-120.	131.25	1264	0.11776
487	87	-25.462	-120.	132.56	1264	0.11716
487	81	-26.046	-120.	131.25	1264	0.11776
487	58	-27.289	-120.	133.05	1264	0.11695
488	87	-25.462	-120.	132.56	1264	0.11716
488	58	-27.289	-120.	133.05	1264	0.11695
488	64	-26.981	-120.	133.72	1264	0.11664
489	87	-25.462	-120.	132.56	1264	0.11716
489	64	-26.981	-120.	133.72	1264	0.11664
489	101	-24.589	-120.	134.53	1264	0.11624
490	184	-14.334	-120.	145.42	1276	0.11183
490	186	-13.704	-120.	145.83	1276	0.11171
490	191	-13.215	-120.	145.	1276	0.11188
491	173	-16.43	-120.	146.22	1276	0.11168
491	152	-19.63	-120.	147.46	1276	0.11133
491	181	-14.63	-120.	147.4	1276	0.11142
492	173	-16.43	-120.	146.22	1276	0.11168
492	181	-14.63	-120.	147.4	1276	0.11142
492	186	-13.704	-120.	145.83	1276	0.11171
493	173	-16.43	-120.	146.22	1276	0.11168
493	186	-13.704	-120.	145.83	1276	0.11171
493	184	-14.334	-120.	145.42	1276	0.11183
494	173	-16.43	-120.	146.22	1276	0.11168
494	184	-14.334	-120.	145.42	1276	0.11183
494	168	-17.598	-120.	145.4	1276	0.11189
495	173	-16.43	-120.	146.22	1276	0.11168
495	168	-17.598	-120.	145.4	1276	0.11189
495	160	-18.684	-120.	145.81	1276	0.11177
496	173	-16.43	-120.	146.22	1276	0.11168
496	160	-18.684	-120.	145.81	1276	0.11177
496	152	-19.63	-120.	147.46	1276	0.11133
497	179	-15.481	-120.	144.59	1276	0.11207
497	169	-17.251	-120.	143.32	1276	0.11249
497	197	-12.295	-120.	143.44	1276	0.1122
498	179	-15.481	-120.	144.59	1276	0.11207
498	197	-12.295	-120.	143.44	1276	0.1122
498	191	-13.215	-120.	145.	1276	0.11188
499	179	-15.481	-120.	144.59	1276	0.11207
499	191	-13.215	-120.	145.	1276	0.11188
499	184	-14.334	-120.	145.42	1276	0.11183
500	179	-15.481	-120.	144.59	1276	0.11207
500	184	-14.334	-120.	145.42	1276	0.11183
500	168	-17.598	-120.	145.4	1276	0.11189
501	179	-15.481	-120.	144.59	1276	0.11207
501	168	-17.598	-120.	145.4	1276	0.11189
501	164	-18.192	-120.	144.96	1276	0.11201
502	179	-15.481	-120.	144.59	1276	0.11207
502	164	-18.192	-120.	144.96	1276	0.11201
502	169	-17.251	-120.	143.32	1276	0.11249
503	168	-17.598	-120.	145.4	1276	0.11189
503	164	-18.192	-120.	144.96	1276	0.11201
503	160	-18.684	-120.	145.81	1276	0.11177
504	20	-29.906	-120.	105.74	1287	0.12349
504	7	-31.417	-120.	109.78	1287	0.12369
504	55	-27.388	-120.	107.17	1287	0.12366
505	203	-11.708	-120.	147.15	1310	0.11142
505	191	-13.215	-120.	145.	1310	0.11188
505	211	-10.674	-120.	146.2	1310	0.11153
506	203	-11.708	-120.	147.15	1310	0.11142
506	211	-10.674	-120.	146.2	1310	0.11153
506	216	-9.7773	-120.	147.68	1310	0.1113
507	203	-11.708	-120.	147.15	1310	0.11142
507	216	-9.7773	-120.	147.68	1310	0.1113
507	209	-10.796	-120.	149.39	1310	0.11116
508	203	-11.708	-120.	147.15	1310	0.11142
508	209	-10.796	-120.	149.39	1310	0.11116
508	200	-12.084	-120.	148.78	1310	0.11122
509	203	-11.708	-120.	147.15	1310	0.11142
509	200	-12.084	-120.	148.78	1310	0.11122
509	186	-13.704	-120.	145.83	1310	0.11171
510	203	-11.708	-120.	147.15	1310	0.11142
510	186	-13.704	-120.	145.83	1310	0.11171
510	191	-13.215	-120.	145.	1310	0.11188
511	209	-10.796	-120.	149.39	1310	0.11116
511	216	-9.7773	-120.	147.68	1310	0.1113
511	226	-8.113	-120.	150.47	1310	0.11113
512	191	-13.215	-120.	145.	1310	0.11188
512	197	-12.295	-120.	143.44	1310	0.1122
512	211	-10.674	-120.	146.2	1310	0.11153
513	186	-13.704	-120.	145.83	1310	0.11171
513	200	-12.084	-120.	148.78	1310	0.11122
513	181	-14.63	-120.	147.4	1310	0.11142
514	288	1.8045	-120.	154.98	1350	0.11211
514	311	6.1077	-120.	154.74	1350	0.11228
514	296	3.2389	-120.	152.16	1350	0.1114
515	430	23.336	-120.	147.74	1355	0.10953
515	452	26.586	-120.	144.91	1355	0.10831
515	434	24.064	-120.	143.4	1355	0.10777
516	372	15.89	-120.	146.87	1362	0.10924
516	369	15.629	-120.	145.89	1362	0.10883
516	366	15.218	-120.	147.21	1362	0.10939
517	379	17.139	-120.	146.16	1362	0.10893
517	393	19.016	-120.	145.11	1362	0.10847
517	375	16.361	-120.	143.44	1362	0.10778
518	379	17.139	-120.	146.16	1362	0.10893
518	375	16.361	-120.	143.44	1362	0.10778
518	369	15.629	-120.	145.89	1362	0.10883
519	379	17.139	-120.	146.16	1362	0.10893
519	369	15.629	-120.	145.89	1362	0.10883
519	372	15.89	-120.	146.87	1362	0.10924
520	379	17.139	-120.	146.16	1362	0.10893
520	372	15.89	-120.	146.87	1362	0.10924
520	383	17.646	-120.	148.02	1362	0.10972
521	379	17.139	-120.	146.16	1362	0.10893
521	383	17.646	-120.	148.02	1362	0.10972
521	386	18.289	-120.	147.65	1362	0.10956
522	379	17.139	-120.	146.16	1362	0.10893
522	386	18.289	-120.	147.65	1362	0.10956
522	393	19.016	-120.	145.11	1362	0.10847
523	376	16.383	-120.	148.72	1362	0.11003
523	380	17.167	-120.	151.53	1362	0.11125
523	362	14.46	-120.	149.69	1362	0.11047
524	376	16.383	-120.	148.72	1362	0.11003
524	362	14.46	-120.	149.69	1362	0.11047
524	366	15.218	-120.	147.21	1362	0.10939
525	376	16.383	-120.	148.72	1362	0.11003
525	366	15.218	-120.	147.21	1362	0.10939
525	372	15.89	-120.	146.87	1362	0.10924
526	376	16.383	-120.	148.72	1362	0.11003
526	372	15.89	-120.	146.87	1362	0.10924
526	383	17.646	-120.	148.02	1362	0.10972
527	376	16.383	-120.	148.72	1362	0.11003
527	383	17.646	-120.	148.02	1362	0.10972
527	384	17.918	-120.	148.97	1362	0.11013
528	376	16.383	-120.	148.72	1362	0.11003
528	384	17.918	-120.	148.97	1362	0.11013
528	380	17.167	-120.	151.53	1362	0.11125
529	383	17.646	-120.	148.02	1362	0.10972
529	384	17.918	-120.	148.97	1362	0.11013
529	386	18.289	-120.	147.65	1362	0.10956
530	358	13.591	-120.	146.55	1363	0.10912
530	359	13.941	-120.	144.75	1363	0.10835
530	370	15.629	-120.	145.89	1363	0.10883
531	358	13.591	-120.	146.55	1363	0.10912
531	370	15.629	-120.	145.89	1363	0.10883
531	367	15.218	-120.	147.21	1363	0.10939
532	358	13.591	-120.	146.55	1363	0.10912
532	367	15.218	-120.	147.21	1363	0.10939
532	355	12.635	-120.	148.36	1363	0.10992
533	358	13.591	-120.	146.55	1363	0.10912
533	355	12.635	-120.	148.36	1363	0.10992
533	347	11.663	-120.	147.66	1363	0.10964
534	358	13.591	-120.	146.55	1363	0.10912
534	347	11.663	-120.	147.66	1363	0.10964
534	352	12.46	-120.	145.41	1363	0.10866
535	358	13.591	-120.	146.55	1363	0.10912
535	352	12.46	-120.	145.41	1363	0.10866
535	359	13.941	-120.	144.75	1363	0.10835
536	355	12.635	-120.	148.36	1363	0.10992
536	367	15.218	-120.	147.21	1363	0.10939
536	362	14.46	-120.	149.69	1363	0.11047
537	359	13.941	-120.	144.75	1363	0.10835
537	375	16.361	-120.	143.44	1363	0.10778
537	370	15.629	-120.	145.89	1363	0.10883
538	352	12.46	-120.	145.41	1363	0.10866
538	347	11.663	-120.	147.66	1363	0.10964
538	332	9.8655	-120.	146.33	1363	0.10914
539	172	-16.628	-120.	96.27	1435	0.12102
539	174	-16.334	-120.	97.294	1435	0.12141
539	176	-16.032	-120.	95.811	1435	0.12084
540	167	-17.726	-120.	97.196	1435	0.12137
540	153	-19.369	-120.	98.573	1435	0.12187
540	171	-16.855	-120.	100.05	1435	0.12238
541	167	-17.726	-120.	97.196	1435	0.12137
541	171	-16.855	-120.	100.05	1435	0.12238
541	174	-16.334	-120.	97.294	1435	0.12141
542	167	-17.726	-120.	97.196	1435	0.12137
542	174	-16.334	-120.	97.294	1435	0.12141
542	172	-16.628	-120.	96.27	1435	0.12102
543	167	-17.726	-120.	97.196	1435	0.12137
543	172	-16.628	-120.	96.27	1435	0.12102
543	162	-18.302	-120.	95.252	1435	0.12063
544	167	-17.726	-120.	97.196	1435	0.12137
544	162	-18.302	-120.	95.252	1435	0.12063
544	155	-18.865	-120.	95.735	1435	0.12083
545	167	-17.726	-120.	97.196	1435	0.12137
545	155	-18.865	-120.	95.735	1435	0.12083
545	153	-19.369	-120.	98.573	1435	0.12187
546	170	-17.191	-120.	94.333	1435	0.12024
546	165	-18.085	-120.	91.387	1435	0.11898
546	178	-15.485	-120.	93.018	1435	0.11966
547	170	-17.191	-120.	94.333	1435	0.12024
547	178	-15.485	-120.	93.018	1435	0.11966
547	176	-16.032	-120.	95.811	1435	0.12084
548	170	-17.191	-120.	94.333	1435	0.12024
548	176	-16.032	-120.	95.811	1435	0.12084
548	172	-16.628	-120.	96.27	1435	0.12102
549	170	-17.191	-120.	94.333	1435	0.12024
549	172	-16.628	-120.	96.27	1435	0.12102
549	162	-18.302	-120.	95.252	1435	0.12063
550	170	-17.191	-120.	94.333	1435	0.12024
550	162	-18.302	-120.	95.252	1435	0.12063
550	161	-18.611	-120.	94.262	1435	0.12023
551	170	-17.191	-120.	94.333	1435	0.12024
551	161	-18.611	-120.	94.262	1435	0.12023
551	165	-18.085	-120.	91.387	1435	0.11898
552	162	-18.302	-120.	95.252	1435	0.12063
552	161	-18.611	-120.	94.262	1435	0.12023
552	155	-18.865	-120.	95.735	1435	0.12083
553	183	-14.413	-120.	89.13	1437	0.11792
553	165	-18.085	-120.	91.387	1437	0.11898
553	178	-15.485	-120.	93.018	1437	0.11966
554	272	-0.59171	-120.	88.013	1449	0.11748
554	290	2.2612	-120.	87.855	1449	0.11746
554	285	1.3031	-120.	89.681	1449	0.11796
555	282	0.78947	-120.	85.044	1449	0.11664
555	298	3.7317	-120.	85.064	1449	0.11683
555	292	2.7559	-120.	86.903	1449	0.11722
556	280	0.51125	-120.	86.679	1449	0.1171
556	282	0.78947	-120.	85.044	1449	0.11664
556	292	2.7559	-120.	86.903	1449	0.11722
557	280	0.51125	-120.	86.679	1449	0.1171
557	292	2.7559	-120.	86.903	1449	0.11722
557	290	2.2612	-120.	87.855	1449	0.11746
558	280	0.51125	-120.	86.679	1449	0.1171
558	290	2.2612	-120.	87.855	1449	0.11746
558	272	-0.59171	-120.	88.013	1449	0.11748
559	280	0.51125	-120.	86.679	1449	0.1171
559	272	-0.59171	-120.	88.013	1449	0.11748
559	264	-1.5709	-120.	87.142	1449	0.11719
560	280	0.51125	-120.	86.679	1449	0.1171
560	264	-1.5709	-120.	87.142	1449	0.11719
560	273	-0.57654	-120.	85.119	1449	0.11659
561	280	0.51125	-120.	86.679	1449	0.1171
561	273	-0.57654	-120.	85.119	1449	0.11659
561	282	0.78947	-120.	85.044	1449	0.11664
562	253	-3.4987	-120.	85.463	1449	0.11655
562	273	-0.57654	-120.	85.119	1449	0.11659
562	264	-1.5709	-120.	87.142	1449	0.11719
563	327	9.1417	-120.	90.688	1451	0.11778
563	322	8.4091	-120.	90.519	1451	0.1178
563	329	9.39	-120.	91.764	1451	0.11781
564	325	8.6798	-120.	88.651	1451	0.11765
564	321	8.0152	-120.	85.538	1451	0.11723
564	313	6.5826	-120.	88.167	1451	0.11757
565	325	8.6798	-120.	88.651	1451	0.11765
565	313	6.5826	-120.	88.167	1451	0.11757
565	322	8.4091	-120.	90.519	1451	0.1178
566	325	8.6798	-120.	88.651	1451	0.11765
566	322	8.4091	-120.	90.519	1451	0.1178
566	327	9.1417	-120.	90.688	1451	0.11778
567	325	8.6798	-120.	88.651	1451	0.11765
567	327	9.1417	-120.	90.688	1451	0.11778
567	333	10.073	-120.	89.023	1451	0.11769
568	325	8.6798	-120.	88.651	1451	0.11765
568	333	10.073	-120.	89.023	1451	0.11769
568	330	9.8569	-120.	87.974	1451	0.11762
569	325	8.6798	-120.	88.651	1451	0.11765
569	330	9.8569	-120.	87.974	1451	0.11762
569	321	8.0152	-120.	85.538	1451	0.11723
570	337	10.526	-120.	91.072	1451	0.11774
570	353	12.589	-120.	91.638	1451	0.11765
570	343	11.174	-120.	94.093	1451	0.1176
571	337	10.526	-120.	91.072	1451	0.11774
571	343	11.174	-120.	94.093	1451	0.1176
571	329	9.39	-120.	91.764	1451	0.11781
572	337	10.526	-120.	91.072	1451	0.11774
572	329	9.39	-120.	91.764	1451	0.11781
572	327	9.1417	-120.	90.688	1451	0.11778
573	337	10.526	-120.	91.072	1451	0.11774
573	327	9.1417	-120.	90.688	1451	0.11778
573	333	10.073	-120.	89.023	1451	0.11769
574	337	10.526	-120.	91.072	1451	0.11774
574	333	10.073	-120.	89.023	1451	0.11769
574	339	10.786	-120.	89.228	1451	0.1177
575	337	10.526	-120.	91.072	1451	0.11774
575	339	10.786	-120.	89.228	1451	0.1177
575	353	12.589	-120.	91.638	1451	0.11765
576	333	10.073	-120.	89.023	1451	0.11769
576	339	10.786	-120.	89.228	1451	0.1177
576	330	9.8569	-120.	87.974	1451	0.11762
577	516	31.257	-120.	118.83	1455	0.10697
577	537	32.231	-120.	118.57	1455	0.10704
577	533	32.19	-120.	117.81	1455	0.10728
578	559	34.106	-120.	119.51	1455	0.10675
578	560	34.106	-120.	120.25	1455	0.10654
578	568	35.062	-120.	119.27	1455	0.10683
579	558	34.076	-120.	118.07	1455	0.10719
579	533	32.19	-120.	117.81	1455	0.10728
579	555	33.96	-120.	115.92	1455	0.10793
580	558	34.076	-120.	118.07	1455	0.10719
580	555	33.96	-120.	115.92	1455	0.10793
580	575	36.909	-120.	117.34	1455	0.10748
581	558	34.076	-120.	118.07	1455	0.10719
581	575	36.909	-120.	117.34	1455	0.10748
581	568	35.062	-120.	119.27	1455	0.10683
582	558	34.076	-120.	118.07	1455	0.10719
582	568	35.062	-120.	119.27	1455	0.10683
582	559	34.106	-120.	119.51	1455	0.10675
583	558	34.076	-120.	118.07	1455	0.10719
583	559	34.106	-120.	119.51	1455	0.10675
583	537	32.231	-120.	118.57	1455	0.10704
584	558	34.076	-120.	118.07	1455	0.10719
584	537	32.231	-120.	118.57	1455	0.10704
584	533	32.19	-120.	117.81	1455	0.10728
585	538	32.245	-120.	120.	1455	0.10662
585	560	34.106	-120.	120.25	1455	0.10654
585	539	32.274	-120.	122.15	1455	0.10606
586	538	32.245	-120.	120.	1455	0.10662
586	539	32.274	-120.	122.15	1455	0.10606
586	491	29.497	-120.	120.69	1455	0.10649
587	538	32.245	-120.	120.	1455	0.10662
587	491	29.497	-120.	120.69	1455	0.10649
587	516	31.257	-120.	118.83	1455	0.10697
588	538	32.245	-120.	120.	1455	0.10662
588	516	31.257	-120.	118.83	1455	0.10697
588	537	32.231	-120.	118.57	1455	0.10704
589	538	32.245	-120.	120.	1455	0.10662
589	537	32.231	-120.	118.57	1455	0.10704
589	559	34.106	-120.	119.51	1455	0.10675
590	538	32.245	-120.	120.	1455	0.10662
590	559	34.106	-120.	119.51	1455	0.10675
590	560	34.106	-120.	120.25	1455	0.10654
591	523	31.753	-120.	114.26	1519	0.10857
591	507	30.803	-120.	114.51	1519	0.10848
591	528	31.894	-120.	115.	1519	0.10828
592	518	31.423	-120.	112.87	1519	0.10913
592	511	30.932	-120.	110.76	1519	0.11004
592	477	28.754	-120.	113.62	1519	0.10887
593	518	31.423	-120.	112.87	1519	0.10913
593	477	28.754	-120.	113.62	1519	0.10887
593	507	30.803	-120.	114.51	1519	0.10848
594	518	31.423	-120.	112.87	1519	0.10913
594	507	30.803	-120.	114.51	1519	0.10848
594	523	31.753	-120.	114.26	1519	0.10857
595	518	31.423	-120.	112.87	1519	0.10913
595	523	31.753	-120.	114.26	1519	0.10857
595	548	33.238	-120.	112.39	1519	0.10932
596	518	31.423	-120.	112.87	1519	0.10913
596	548	33.238	-120.	112.39	1519	0.10932
596	545	33.06	-120.	111.67	1519	0.10963
597	518	31.423	-120.	112.87	1519	0.10913
597	545	33.06	-120.	111.67	1519	0.10963
597	511	30.932	-120.	110.76	1519	0.11004
598	551	33.555	-120.	113.8	1519	0.10875
598	573	36.317	-120.	113.07	1519	0.10907
598	555	33.96	-120.	115.92	1519	0.10793
599	551	33.555	-120.	113.8	1519	0.10875
599	555	33.96	-120.	115.92	1519	0.10793
599	528	31.894	-120.	115.	1519	0.10828
600	551	33.555	-120.	113.8	1519	0.10875
600	528	31.894	-120.	115.	1519	0.10828
600	523	31.753	-120.	114.26	1519	0.10857
601	551	33.555	-120.	113.8	1519	0.10875
601	523	31.753	-120.	114.26	1519	0.10857
601	548	33.238	-120.	112.39	1519	0.10932
602	551	33.555	-120.	113.8	1519	0.10875
602	548	33.238	-120.	112.39	1519	0.10932
602	563	34.168	-120.	112.14	1519	0.10943
603	551	33.555	-120.	113.8	1519	0.10875
603	563	34.168	-120.	112.14	1519	0.10943
603	573	36.317	-120.	113.07	1519	0.10907
604	548	33.238	-120.	112.39	1519	0.10932
604	563	34.168	-120.	112.14	1519	0.10943
604	545	33.06	-120.	111.67	1519	0.10963
605	544	33.06	-120.	111.67	1521	0.10963
605	511	30.932	-120.	110.76	1521	0.11004
605	535	32.207	-120.	108.95	1521	0.11085
606	553	33.855	-120.	109.98	1521	0.11038
606	544	33.06	-120.	111.67	1521	0.10963
606	535	32.207	-120.	108.95	1521	0.11085
607	553	33.855	-120.	109.98	1521	0.11038
607	535	32.207	-120.	108.95	1521	0.11085
607	543	32.875	-120.	108.	1521	0.11127
608	553	33.855	-120.	109.98	1521	0.11038
608	543	32.875	-120.	108.	1521	0.11127
608	569	35.206	-120.	108.91	1521	0.11085
609	553	33.855	-120.	109.98	1521	0.11038
609	569	35.206	-120.	108.91	1521	0.11085
609	571	35.614	-120.	110.21	1521	0.11028
610	553	33.855	-120.	109.98	1521	0.11038
610	571	35.614	-120.	110.21	1521	0.11028
610	562	34.168	-120.	112.14	1521	0.10943
611	553	33.855	-120.	109.98	1521	0.11038
611	562	34.168	-120.	112.14	1521	0.10943
611	544	33.06	-120.	111.67	1521	0.10963
612	569	35.206	-120.	108.91	1521	0.11085
612	543	32.875	-120.	108.	1521	0.11127
612	561	34.155	-120.	106.16	1521	0.11211
613	571	35.614	-120.	110.21	1521	0.11028
613	573	36.317	-120.	113.07	1521	0.10907
613	562	34.168	-120.	112.14	1521	0.10943
614	461	27.302	-120.	105.87	1528	0.1123
614	464	27.85	-120.	104.3	1528	0.11303
614	482	29.263	-120.	106.75	1528	0.11187
615	461	27.302	-120.	105.87	1528	0.1123
615	482	29.263	-120.	106.75	1528	0.11187
615	475	28.622	-120.	107.7	1528	0.11144
616	461	27.302	-120.	105.87	1528	0.1123
616	475	28.622	-120.	107.7	1528	0.11144
616	448	26.217	-120.	106.97	1528	0.11181
617	461	27.302	-120.	105.87	1528	0.1123
617	448	26.217	-120.	106.97	1528	0.11181
617	443	25.406	-120.	105.57	1528	0.11246
618	461	27.302	-120.	105.87	1528	0.1123
618	443	25.406	-120.	105.57	1528	0.11246
618	451	26.451	-120.	103.94	1528	0.11322
619	461	27.302	-120.	105.87	1528	0.1123
619	451	26.451	-120.	103.94	1528	0.11322
619	464	27.85	-120.	104.3	1528	0.11303
620	448	26.217	-120.	106.97	1528	0.11181
620	475	28.622	-120.	107.7	1528	0.11144
620	462	27.402	-120.	109.46	1528	0.11066
621	464	27.85	-120.	104.3	1528	0.11303
621	499	30.485	-120.	104.97	1528	0.11269
621	482	29.263	-120.	106.75	1528	0.11187
622	451	26.451	-120.	103.94	1528	0.11322
622	443	25.406	-120.	105.57	1528	0.11246
622	432	23.847	-120.	103.3	1528	0.11355
623	353	12.589	-120.	91.638	1530	0.11765
623	340	10.786	-120.	89.228	1530	0.1177
623	357	13.535	-120.	90.005	1530	0.11772
624	321	8.0152	-120.	85.538	1530	0.11723
624	341	10.891	-120.	86.162	1530	0.11752
624	331	9.8569	-120.	87.974	1530	0.11762
625	364	14.983	-120.	87.508	1530	0.11783
625	360	14.027	-120.	89.153	1530	0.11776
625	350	12.207	-120.	86.534	1530	0.11763
626	348	11.884	-120.	88.176	1530	0.11769
626	357	13.535	-120.	90.005	1530	0.11772
626	340	10.786	-120.	89.228	1530	0.1177
627	348	11.884	-120.	88.176	1530	0.11769
627	340	10.786	-120.	89.228	1530	0.1177
627	331	9.8569	-120.	87.974	1530	0.11762
628	348	11.884	-120.	88.176	1530	0.11769
628	331	9.8569	-120.	87.974	1530	0.11762
628	341	10.891	-120.	86.162	1530	0.11752
629	348	11.884	-120.	88.176	1530	0.11769
629	341	10.891	-120.	86.162	1530	0.11752
629	350	12.207	-120.	86.534	1530	0.11763
630	348	11.884	-120.	88.176	1530	0.11769
630	350	12.207	-120.	86.534	1530	0.11763
630	360	14.027	-120.	89.153	1530	0.11776
631	348	11.884	-120.	88.176	1530	0.11769
631	360	14.027	-120.	89.153	1530	0.11776
631	357	13.535	-120.	90.005	1530	0.11772
632	371	15.86	-120.	93.118	1531	0.11737
632	374	16.06	-120.	94.294	1531	0.11714
632	378	16.533	-120.	93.457	1531	0.11729
633	363	14.571	-120.	92.538	1531	0.1175
633	353	12.589	-120.	91.638	1531	0.11765
633	365	15.169	-120.	95.872	1531	0.11687
634	363	14.571	-120.	92.538	1531	0.1175
634	365	15.169	-120.	95.872	1531	0.11687
634	374	16.06	-120.	94.294	1531	0.11714
635	363	14.571	-120.	92.538	1531	0.1175
635	374	16.06	-120.	94.294	1531	0.11714
635	371	15.86	-120.	93.118	1531	0.11737
636	363	14.571	-120.	92.538	1531	0.1175
636	371	15.86	-120.	93.118	1531	0.11737
636	361	14.21	-120.	90.302	1531	0.11771
637	363	14.571	-120.	92.538	1531	0.1175
637	361	14.21	-120.	90.302	1531	0.11771
637	357	13.535	-120.	90.005	1531	0.11772
638	363	14.571	-120.	92.538	1531	0.1175
638	357	13.535	-120.	90.005	1531	0.11772
638	353	12.589	-120.	91.638	1531	0.11765
639	368	15.507	-120.	90.901	1531	0.11767
639	364	14.983	-120.	87.508	1531	0.11783
639	381	17.43	-120.	91.87	1531	0.11755
640	368	15.507	-120.	90.901	1531	0.11767
640	381	17.43	-120.	91.87	1531	0.11755
640	378	16.533	-120.	93.457	1531	0.11729
641	368	15.507	-120.	90.901	1531	0.11767
641	378	16.533	-120.	93.457	1531	0.11729
641	371	15.86	-120.	93.118	1531	0.11737
642	368	15.507	-120.	90.901	1531	0.11767
642	371	15.86	-120.	93.118	1531	0.11737
642	361	14.21	-120.	90.302	1531	0.11771
643	368	15.507	-120.	90.901	1531	0.11767
643	361	14.21	-120.	90.302	1531	0.11771
643	360	14.027	-120.	89.153	1531	0.11776
644	368	15.507	-120.	90.901	1531	0.11767
644	360	14.027	-120.	89.153	1531	0.11776
644	364	14.983	-120.	87.508	1531	0.11783
645	361	14.21	-120.	90.302	1531	0.11771
645	360	14.027	-120.	89.153	1531	0.11776
645	357	13.535	-120.	90.005	1531	0.11772
646	432	23.847	-120.	103.3	1544	0.11355
646	444	25.409	-120.	100.72	1544	0.11467
646	407	20.921	-120.	100.05	1544	0.11507
647	449	26.403	-120.	99.043	1546	0.11535
647	468	28.095	-120.	101.35	1546	0.11436
647	444	25.409	-120.	100.72	1546	0.11467
648	501	30.617	-120.	99.84	1546	0.11498
648	536	32.209	-120.	102.31	1546	0.11389
648	489	29.49	-120.	101.66	1546	0.1142
649	472	28.556	-120.	99.8	1546	0.11502
649	501	30.617	-120.	99.84	1546	0.11498
649	489	29.49	-120.	101.66	1546	0.1142
650	472	28.556	-120.	99.8	1546	0.11502
650	489	29.49	-120.	101.66	1546	0.1142
650	468	28.095	-120.	101.35	1546	0.11436
651	472	28.556	-120.	99.8	1546	0.11502
651	468	28.095	-120.	101.35	1546	0.11436
651	449	26.403	-120.	99.043	1546	0.11535
652	472	28.556	-120.	99.8	1546	0.11502
652	449	26.403	-120.	99.043	1546	0.11535
652	459	26.924	-120.	98.172	1546	0.11569
653	472	28.556	-120.	99.8	1546	0.11502
653	459	26.924	-120.	98.172	1546	0.11569
653	496	29.807	-120.	98.737	1546	0.11544
654	472	28.556	-120.	99.8	1546	0.11502
654	496	29.807	-120.	98.737	1546	0.11544
654	501	30.617	-120.	99.84	1546	0.11498
655	466	27.921	-120.	96.479	1546	0.11632
655	496	29.807	-120.	98.737	1546	0.11544
655	459	26.924	-120.	98.172	1546	0.11569
656	428	22.931	-120.	98.116	1547	0.11576
656	423	22.388	-120.	97.593	1547	0.11596
656	419	21.882	-120.	98.448	1547	0.11566
657	433	23.908	-120.	99.146	1547	0.11534
657	449	26.403	-120.	99.043	1547	0.11535
657	444	25.409	-120.	100.72	1547	0.11467
658	433	23.908	-120.	99.146	1547	0.11534
658	444	25.409	-120.	100.72	1547	0.11467
658	407	20.921	-120.	100.05	1547	0.11507
659	433	23.908	-120.	99.146	1547	0.11534
659	407	20.921	-120.	100.05	1547	0.11507
659	419	21.882	-120.	98.448	1547	0.11566
660	433	23.908	-120.	99.146	1547	0.11534
660	419	21.882	-120.	98.448	1547	0.11566
660	428	22.931	-120.	98.116	1547	0.11576
661	433	23.908	-120.	99.146	1547	0.11534
661	428	22.931	-120.	98.116	1547	0.11576
661	447	25.899	-120.	98.502	1547	0.11557
662	433	23.908	-120.	99.146	1547	0.11534
662	447	25.899	-120.	98.502	1547	0.11557
662	449	26.403	-120.	99.043	1547	0.11535
663	459	26.924	-120.	98.172	1547	0.11569
663	447	25.899	-120.	98.502	1547	0.11557
663	449	26.403	-120.	99.043	1547	0.11535
664	442	24.902	-120.	97.473	1547	0.11596
664	466	27.921	-120.	96.479	1547	0.11632
664	431	23.352	-120.	95.976	1547	0.1165
665	442	24.902	-120.	97.473	1547	0.11596
665	431	23.352	-120.	95.976	1547	0.1165
665	423	22.388	-120.	97.593	1547	0.11596
666	442	24.902	-120.	97.473	1547	0.11596
666	423	22.388	-120.	97.593	1547	0.11596
666	428	22.931	-120.	98.116	1547	0.11576
667	442	24.902	-120.	97.473	1547	0.11596
667	428	22.931	-120.	98.116	1547	0.11576
667	447	25.899	-120.	98.502	1547	0.11557
668	442	24.902	-120.	97.473	1547	0.11596
668	447	25.899	-120.	98.502	1547	0.11557
668	459	26.924	-120.	98.172	1547	0.11569
669	442	24.902	-120.	97.473	1547	0.11596
669	459	26.924	-120.	98.172	1547	0.11569
669	466	27.921	-120.	96.479	1547	0.11632
670	395	19.847	-120.	97.24	1566	0.11617
670	418	21.882	-120.	98.448	1566	0.11566
670	391	18.828	-120.	98.263	1566	0.11586
671	395	19.847	-120.	97.24	1566	0.11617
671	391	18.828	-120.	98.263	1566	0.11586
671	382	17.516	-120.	97.31	1566	0.11627
672	395	19.847	-120.	97.24	1566	0.11617
672	382	17.516	-120.	97.31	1566	0.11627
672	389	18.369	-120.	95.895	1566	0.11666
673	395	19.847	-120.	97.24	1566	0.11617
673	389	18.369	-120.	95.895	1566	0.11666
673	402	20.101	-120.	95.931	1566	0.11658
674	395	19.847	-120.	97.24	1566	0.11617
674	402	20.101	-120.	95.931	1566	0.11658
674	422	22.388	-120.	97.593	1566	0.11596
675	395	19.847	-120.	97.24	1566	0.11617
675	422	22.388	-120.	97.593	1566	0.11596
675	418	21.882	-120.	98.448	1566	0.11566
676	389	18.369	-120.	95.895	1566	0.11666
676	382	17.516	-120.	97.31	1566	0.11627
676	365	15.169	-120.	95.872	1566	0.11687
677	418	21.882	-120.	98.448	1566	0.11566
677	407	20.921	-120.	100.05	1566	0.11507
677	391	18.828	-120.	98.263	1566	0.11586
678	422	22.388	-120.	97.593	1566	0.11596
678	402	20.101	-120.	95.931	1566	0.11658
678	431	23.352	-120.	95.976	1566	0.1165
679	439	24.656	-120.	135.59	1581	0.10558
679	479	29.242	-120.	133.19	1581	0.10527
679	456	26.843	-120.	131.8	1581	0.1052
680	460	27.061	-120.	136.97	1582	0.10586
680	479	29.242	-120.	133.19	1582	0.10527
680	439	24.656	-120.	135.59	1582	0.10558
681	539	32.274	-120.	122.15	1583	0.10606
681	491	29.497	-120.	120.69	1583	0.10649
681	478	29.04	-120.	125.04	1583	0.10558
682	556	34.028	-120.	123.11	1585	0.10586
682	539	32.274	-120.	122.15	1585	0.10606
682	560	34.106	-120.	120.25	1585	0.10654
683	570	35.354	-120.	121.36	1585	0.10627
683	556	34.028	-120.	123.11	1585	0.10586
683	560	34.106	-120.	120.25	1585	0.10654
684	570	35.354	-120.	121.36	1585	0.10627
684	560	34.106	-120.	120.25	1585	0.10654
684	568	35.062	-120.	119.27	1585	0.10683
685	570	35.354	-120.	121.36	1585	0.10627
685	568	35.062	-120.	119.27	1585	0.10683
685	577	37.01	-120.	120.28	1585	0.10659
686	570	35.354	-120.	121.36	1585	0.10627
686	577	37.01	-120.	120.28	1585	0.10659
686	576	36.972	-120.	121.65	1585	0.10625
687	570	35.354	-120.	121.36	1585	0.10627
687	576	36.972	-120.	121.65	1585	0.10625
687	566	34.943	-120.	123.6	1585	0.10578
688	570	35.354	-120.	121.36	1585	0.10627
688	566	34.943	-120.	123.6	1585	0.10578
688	556	34.028	-120.	123.11	1585	0.10586
689	577	37.01	-120.	120.28	1585	0.10659
689	568	35.062	-120.	119.27	1585	0.10683
689	575	36.909	-120.	117.34	1585	0.10748
690	576	36.972	-120.	121.65	1585	0.10625
690	574	36.709	-120.	124.58	1585	0.10566
690	566	34.943	-120.	123.6	1585	0.10578
691	524	31.758	-120.	125.71	1588	0.10543
691	503	30.725	-120.	125.95	1588	0.10541
691	519	31.619	-120.	126.45	1588	0.10534
692	552	33.712	-120.	125.26	1588	0.10549
692	565	34.943	-120.	123.6	1588	0.10578
692	574	36.709	-120.	124.58	1588	0.10566
693	552	33.712	-120.	125.26	1588	0.10549
693	574	36.709	-120.	124.58	1588	0.10566
693	549	33.314	-120.	127.38	1588	0.10525
694	552	33.712	-120.	125.26	1588	0.10549
694	549	33.314	-120.	127.38	1588	0.10525
694	519	31.619	-120.	126.45	1588	0.10534
695	552	33.712	-120.	125.26	1588	0.10549
695	519	31.619	-120.	126.45	1588	0.10534
695	524	31.758	-120.	125.71	1588	0.10543
696	552	33.712	-120.	125.26	1588	0.10549
696	524	31.758	-120.	125.71	1588	0.10543
696	554	33.93	-120.	123.84	1588	0.10572
697	552	33.712	-120.	125.26	1588	0.10549
697	554	33.93	-120.	123.84	1588	0.10572
697	565	34.943	-120.	123.6	1588	0.10578
698	557	34.028	-120.	123.11	1588	0.10586
698	554	33.93	-120.	123.84	1588	0.10572
698	565	34.943	-120.	123.6	1588	0.10578
699	530	31.959	-120.	124.3	1588	0.10564
699	539	32.274	-120.	122.15	1588	0.10606
699	478	29.04	-120.	125.04	1588	0.10558
700	530	31.959	-120.	124.3	1588	0.10564
700	478	29.04	-120.	125.04	1588	0.10558
700	503	30.725	-120.	125.95	1588	0.10541
701	530	31.959	-120.	124.3	1588	0.10564
701	503	30.725	-120.	125.95	1588	0.10541
701	524	31.758	-120.	125.71	1588	0.10543
702	530	31.959	-120.	124.3	1588	0.10564
702	524	31.758	-120.	125.71	1588	0.10543
702	554	33.93	-120.	123.84	1588	0.10572
703	530	31.959	-120.	124.3	1588	0.10564
703	554	33.93	-120.	123.84	1588	0.10572
703	557	34.028	-120.	123.11	1588	0.10586
704	530	31.959	-120.	124.3	1588	0.10564
704	557	34.028	-120.	123.11	1588	0.10586
704	539	32.274	-120.	122.15	1588	0.10606
705	549	33.314	-120.	127.38	1589	0.10525
705	572	35.883	-120.	128.81	1589	0.10522
705	574	36.709	-120.	124.58	1589	0.10566
706	495	29.794	-120.	128.1	1591	0.10522
706	470	28.397	-120.	127.71	1591	0.10529
706	502	30.725	-120.	125.95	1591	0.10541
707	495	29.794	-120.	128.1	1591	0.10522
707	502	30.725	-120.	125.95	1591	0.10541
707	520	31.619	-120.	126.45	1591	0.10534
708	495	29.794	-120.	128.1	1591	0.10522
708	520	31.619	-120.	126.45	1591	0.10534
708	505	30.745	-120.	129.14	1591	0.10515
709	495	29.794	-120.	128.1	1591	0.10522
709	505	30.745	-120.	129.14	1591	0.10515
709	485	29.384	-120.	130.08	1591	0.10514
710	495	29.794	-120.	128.1	1591	0.10522
710	485	29.384	-120.	130.08	1591	0.10514
710	465	27.896	-120.	129.26	1591	0.1052
711	495	29.794	-120.	128.1	1591	0.10522
711	465	27.896	-120.	129.26	1591	0.1052
711	470	28.397	-120.	127.71	1591	0.10529
712	505	30.745	-120.	129.14	1591	0.10515
712	520	31.619	-120.	126.45	1591	0.10534
712	549	33.314	-120.	127.38	1591	0.10525
713	470	28.397	-120.	127.71	1591	0.10529
713	478	29.04	-120.	125.04	1591	0.10558
713	502	30.725	-120.	125.95	1591	0.10541
714	465	27.896	-120.	129.26	1591	0.1052
714	485	29.384	-120.	130.08	1591	0.10514
714	456	26.843	-120.	131.8	1591	0.1052
715	500	30.508	-120.	129.85	1592	0.10513
715	504	30.745	-120.	129.14	1592	0.10515
715	484	29.384	-120.	130.08	1592	0.10514
716	540	32.636	-120.	129.42	1592	0.10515
716	572	35.883	-120.	128.81	1592	0.10522
716	549	33.314	-120.	127.38	1592	0.10525
717	540	32.636	-120.	129.42	1592	0.10515
717	549	33.314	-120.	127.38	1592	0.10525
717	504	30.745	-120.	129.14	1592	0.10515
718	540	32.636	-120.	129.42	1592	0.10515
718	504	30.745	-120.	129.14	1592	0.10515
718	500	30.508	-120.	129.85	1592	0.10513
719	540	32.636	-120.	129.42	1592	0.10515
719	500	30.508	-120.	129.85	1592	0.10513
719	531	32.136	-120.	130.77	1592	0.10514
720	540	32.636	-120.	129.42	1592	0.10515
720	531	32.136	-120.	130.77	1592	0.10514
720	547	33.229	-120.	130.57	1592	0.10515
721	540	32.636	-120.	129.42	1592	0.10515
721	547	33.229	-120.	130.57	1592	0.10515
721	572	35.883	-120.	128.81	1592	0.10522
722	497	29.996	-120.	131.19	1592	0.10515
722	479	29.242	-120.	133.19	1592	0.10527
722	456	26.843	-120.	131.8	1592	0.1052
723	497	29.996	-120.	131.19	1592	0.10515
723	456	26.843	-120.	131.8	1592	0.1052
723	484	29.384	-120.	130.08	1592	0.10514
724	497	29.996	-120.	131.19	1592	0.10515
724	484	29.384	-120.	130.08	1592	0.10514
724	500	30.508	-120.	129.85	1592	0.10513
725	497	29.996	-120.	131.19	1592	0.10515
725	500	30.508	-120.	129.85	1592	0.10513
725	531	32.136	-120.	130.77	1592	0.10514
726	497	29.996	-120.	131.19	1592	0.10515
726	531	32.136	-120.	130.77	1592	0.10514
726	525	31.866	-120.	131.46	1592	0.10516
727	497	29.996	-120.	131.19	1592	0.10515
727	525	31.866	-120.	131.46	1592	0.10516
727	479	29.242	-120.	133.19	1592	0.10527
728	531	32.136	-120.	130.77	1592	0.10514
728	525	31.866	-120.	131.46	1592	0.10516
728	547	33.229	-120.	130.57	1592	0.10515
729	494	29.577	-120.	107.44	1594	0.11155
729	481	29.263	-120.	106.75	1594	0.11187
729	474	28.622	-120.	107.7	1594	0.11144
730	517	31.382	-120.	106.93	1594	0.11177
730	561	34.155	-120.	106.16	1594	0.11211
730	499	30.485	-120.	104.97	1594	0.11269
731	517	31.382	-120.	106.93	1594	0.11177
731	499	30.485	-120.	104.97	1594	0.11269
731	481	29.263	-120.	106.75	1594	0.11187
732	517	31.382	-120.	106.93	1594	0.11177
732	481	29.263	-120.	106.75	1594	0.11187
732	494	29.577	-120.	107.44	1594	0.11155
733	517	31.382	-120.	106.93	1594	0.11177
733	494	29.577	-120.	107.44	1594	0.11155
733	529	31.935	-120.	108.26	1594	0.11116
734	517	31.382	-120.	106.93	1594	0.11177
734	529	31.935	-120.	108.26	1594	0.11116
734	542	32.875	-120.	108.	1594	0.11127
735	517	31.382	-120.	106.93	1594	0.11177
735	542	32.875	-120.	108.	1594	0.11127
735	561	34.155	-120.	106.16	1594	0.11211
736	498	30.113	-120.	108.76	1594	0.11095
736	511	30.932	-120.	110.76	1594	0.11004
736	462	27.402	-120.	109.46	1594	0.11066
737	498	30.113	-120.	108.76	1594	0.11095
737	462	27.402	-120.	109.46	1594	0.11066
737	474	28.622	-120.	107.7	1594	0.11144
738	498	30.113	-120.	108.76	1594	0.11095
738	474	28.622	-120.	107.7	1594	0.11144
738	494	29.577	-120.	107.44	1594	0.11155
739	498	30.113	-120.	108.76	1594	0.11095
739	494	29.577	-120.	107.44	1594	0.11155
739	529	31.935	-120.	108.26	1594	0.11116
740	498	30.113	-120.	108.76	1594	0.11095
740	529	31.935	-120.	108.26	1594	0.11116
740	534	32.207	-120.	108.95	1594	0.11085
741	498	30.113	-120.	108.76	1594	0.11095
741	534	32.207	-120.	108.95	1594	0.11085
741	511	30.932	-120.	110.76	1594	0.11004
742	529	31.935	-120.	108.26	1594	0.11116
742	534	32.207	-120.	108.95	1594	0.11085
742	542	32.875	-120.	108.	1594	0.11127
743	477	28.754	-120.	113.62	1595	0.10887
743	511	30.932	-120.	110.76	1595	0.11004
743	462	27.402	-120.	109.46	1595	0.11066
744	561	34.155	-120.	106.16	1598	0.11211
744	536	32.209	-120.	102.31	1598	0.11389
744	499	30.485	-120.	104.97	1598	0.11269
745	107	-23.785	-120.	100.93	1649	0.1226
745	110	-23.545	-120.	96.143	1649	0.12104
745	73	-26.285	-120.	99.47	1649	0.1222
746	136	-21.358	-120.	102.37	1650	0.12294
746	130	-21.726	-120.	101.28	1650	0.12268
746	123	-22.197	-120.	101.87	1650	0.12283
747	133	-21.51	-120.	98.163	1650	0.12175
747	138	-21.019	-120.	97.611	1650	0.12155
747	125	-21.878	-120.	97.108	1650	0.12138
748	119	-22.44	-120.	99.25	1650	0.12211
748	123	-22.197	-120.	101.87	1650	0.12283
748	107	-23.785	-120.	100.93	1650	0.1226
749	119	-22.44	-120.	99.25	1650	0.12211
749	107	-23.785	-120.	100.93	1650	0.1226
749	110	-23.545	-120.	96.143	1650	0.12104
750	119	-22.44	-120.	99.25	1650	0.12211
750	110	-23.545	-120.	96.143	1650	0.12104
750	125	-21.878	-120.	97.108	1650	0.12138
751	119	-22.44	-120.	99.25	1650	0.12211
751	125	-21.878	-120.	97.108	1650	0.12138
751	133	-21.51	-120.	98.163	1650	0.12175
752	119	-22.44	-120.	99.25	1650	0.12211
752	133	-21.51	-120.	98.163	1650	0.12175
752	130	-21.726	-120.	101.28	1650	0.12268
753	119	-22.44	-120.	99.25	1650	0.12211
753	130	-21.726	-120.	101.28	1650	0.12268
753	123	-22.197	-120.	101.87	1650	0.12283
754	140	-20.794	-120.	100.22	1650	0.12239
754	138	-21.019	-120.	97.611	1650	0.12155
754	153	-19.369	-120.	98.573	1650	0.12187
755	140	-20.794	-120.	100.22	1650	0.12239
755	153	-19.369	-120.	98.573	1650	0.12187
755	151	-19.781	-120.	103.3	1650	0.12315
756	140	-20.794	-120.	100.22	1650	0.12239
756	151	-19.781	-120.	103.3	1650	0.12315
756	136	-21.358	-120.	102.37	1650	0.12294
757	140	-20.794	-120.	100.22	1650	0.12239
757	136	-21.358	-120.	102.37	1650	0.12294
757	130	-21.726	-120.	101.28	1650	0.12268
758	140	-20.794	-120.	100.22	1650	0.12239
758	130	-21.726	-120.	101.28	1650	0.12268
758	133	-21.51	-120.	98.163	1650	0.12175
759	140	-20.794	-120.	100.22	1650	0.12239
759	133	-21.51	-120.	98.163	1650	0.12175
759	138	-21.019	-120.	97.611	1650	0.12155
760	171	-16.855	-120.	100.05	1654	0.12238
760	153	-19.369	-120.	98.573	1654	0.12187
760	151	-19.781	-120.	103.3	1654	0.12315
761	221	-8.7706	-120.	146.81	1667	0.11133
761	229	-7.1945	-120.	148.83	1667	0.11113
761	217	-9.7773	-120.	147.68	1667	0.1113
762	221	-8.7706	-120.	146.81	1667	0.11133
762	217	-9.7773	-120.	147.68	1667	0.1113
762	212	-10.674	-120.	146.2	1667	0.11153
763	221	-8.7706	-120.	146.81	1667	0.11133
763	212	-10.674	-120.	146.2	1667	0.11153
763	215	-9.8754	-120.	144.75	1667	0.11169
764	221	-8.7706	-120.	146.81	1667	0.11133
764	215	-9.8754	-120.	144.75	1667	0.11169
764	224	-8.3944	-120.	145.41	1667	0.11143
765	221	-8.7706	-120.	146.81	1667	0.11133
765	224	-8.3944	-120.	145.41	1667	0.11143
765	233	-6.7075	-120.	147.97	1667	0.11112
766	221	-8.7706	-120.	146.81	1667	0.11133
766	233	-6.7075	-120.	147.97	1667	0.11112
766	229	-7.1945	-120.	148.83	1667	0.11113
767	215	-9.8754	-120.	144.75	1667	0.11169
767	212	-10.674	-120.	146.2	1667	0.11153
767	197	-12.295	-120.	143.44	1667	0.1122
768	229	-7.1945	-120.	148.83	1667	0.11113
768	226	-8.113	-120.	150.47	1667	0.11113
768	217	-9.7773	-120.	147.68	1667	0.1113
769	233	-6.7075	-120.	147.97	1667	0.11112
769	224	-8.3944	-120.	145.41	1667	0.11143
769	240	-5.7995	-120.	146.33	1667	0.11106
770	486	29.388	-120.	135.79	1726	0.10563
770	479	29.242	-120.	133.19	1726	0.10527
770	460	27.061	-120.	136.97	1726	0.10586
771	486	29.388	-120.	135.79	1726	0.10563
771	460	27.061	-120.	136.97	1726	0.10586
771	476	28.693	-120.	137.9	1726	0.10605
772	486	29.388	-120.	135.79	1726	0.10563
772	476	28.693	-120.	137.9	1726	0.10605
772	492	29.517	-120.	137.53	1726	0.10597
773	486	29.388	-120.	135.79	1726	0.10563
773	492	29.517	-120.	137.53	1726	0.10597
773	512	30.952	-120.	135.04	1726	0.10551
774	486	29.388	-120.	135.79	1726	0.10563
774	512	30.952	-120.	135.04	1726	0.10551
774	509	30.864	-120.	134.14	1726	0.10538
775	486	29.388	-120.	135.79	1726	0.10563
775	509	30.864	-120.	134.14	1726	0.10538
775	479	29.242	-120.	133.19	1726	0.10527
776	513	31.043	-120.	136.75	1726	0.1058
776	550	33.344	-120.	135.59	1726	0.10561
776	514	31.189	-120.	139.32	1726	0.10641
777	513	31.043	-120.	136.75	1726	0.1058
777	514	31.189	-120.	139.32	1726	0.10641
777	493	29.543	-120.	138.38	1726	0.10617
778	513	31.043	-120.	136.75	1726	0.1058
778	493	29.543	-120.	138.38	1726	0.10617
778	492	29.517	-120.	137.53	1726	0.10597
779	513	31.043	-120.	136.75	1726	0.1058
779	492	29.517	-120.	137.53	1726	0.10597
779	512	30.952	-120.	135.04	1726	0.10551
780	513	31.043	-120.	136.75	1726	0.1058
780	512	30.952	-120.	135.04	1726	0.10551
780	521	31.71	-120.	134.63	1726	0.10545
781	513	31.043	-120.	136.75	1726	0.1058
781	521	31.71	-120.	134.63	1726	0.10545
781	550	33.344	-120.	135.59	1726	0.10561
782	492	29.517	-120.	137.53	1726	0.10597
782	476	28.693	-120.	137.9	1726	0.10605
782	493	29.543	-120.	138.38	1726	0.10617
783	512	30.952	-120.	135.04	1726	0.10551
783	521	31.71	-120.	134.63	1726	0.10545
783	509	30.864	-120.	134.14	1726	0.10538
784	476	28.693	-120.	137.9	1744	0.10605
784	458	26.876	-120.	140.1	1744	0.10665
784	460	27.061	-120.	136.97	1744	0.10586
785	473	28.593	-120.	142.76	1744	0.10748
785	452	26.586	-120.	144.91	1744	0.10831
785	454	26.788	-120.	141.73	1744	0.10715
786	469	28.326	-120.	140.43	1744	0.10673
786	473	28.593	-120.	142.76	1744	0.10748
786	454	26.788	-120.	141.73	1744	0.10715
787	469	28.326	-120.	140.43	1744	0.10673
787	454	26.788	-120.	141.73	1744	0.10715
787	458	26.876	-120.	140.1	1744	0.10665
788	469	28.326	-120.	140.43	1744	0.10673
788	458	26.876	-120.	140.1	1744	0.10665
788	476	28.693	-120.	137.9	1744	0.10605
789	469	28.326	-120.	140.43	1744	0.10673
789	476	28.693	-120.	137.9	1744	0.10605
789	493	29.543	-120.	138.38	1744	0.10617
790	469	28.326	-120.	140.43	1744	0.10673
790	493	29.543	-120.	138.38	1744	0.10617
790	488	29.463	-120.	141.7	1744	0.10712
791	469	28.326	-120.	140.43	1744	0.10673
791	488	29.463	-120.	141.7	1744	0.10712
791	473	28.593	-120.	142.76	1744	0.10748
792	514	31.189	-120.	139.32	1744	0.10641
792	488	29.463	-120.	141.7	1744	0.10712
792	493	29.543	-120.	138.38	1744	0.10617
793	390	18.671	-120.	94.527	1810	0.117
793	388	18.369	-120.	95.895	1810	0.11666
793	373	16.06	-120.	94.294	1810	0.11714
794	390	18.671	-120.	94.527	1810	0.117
794	373	16.06	-120.	94.294	1810	0.11714
794	377	16.533	-120.	93.457	1810	0.11729
795	390	18.671	-120.	94.527	1810	0.117
795	377	16.533	-120.	93.457	1810	0.11729
795	397	19.897	-120.	93.386	1810	0.11725
796	390	18.671	-120.	94.527	1810	0.117
796	397	19.897	-120.	93.386	1810	0.11725
796	409	21.067	-120.	94.197	1810	0.11704
797	390	18.671	-120.	94.527	1810	0.117
797	409	21.067	-120.	94.197	1810	0.11704
797	401	20.101	-120.	95.931	1810	0.11658
798	390	18.671	-120.	94.527	1810	0.117
798	401	20.101	-120.	95.931	1810	0.11658
798	388	18.369	-120.	95.895	1810	0.11666
799	397	19.897	-120.	93.386	1810	0.11725
799	377	16.533	-120.	93.457	1810	0.11729
799	381	17.43	-120.	91.87	1810	0.11755
800	388	18.369	-120.	95.895	1810	0.11666
800	365	15.169	-120.	95.872	1810	0.11687
800	373	16.06	-120.	94.294	1810	0.11714
801	401	20.101	-120.	95.931	1810	0.11658
801	409	21.067	-120.	94.197	1810	0.11704
801	431	23.352	-120.	95.976	1810	0.1165
802	406	20.74	-120.	93.354	1811	0.11726
802	398	19.897	-120.	93.386	1811	0.11725
802	410	21.067	-120.	94.197	1811	0.11704
803	400	20.015	-120.	91.744	1811	0.1176
803	392	18.881	-120.	89.348	1811	0.11793
803	381	17.43	-120.	91.87	1811	0.11755
804	400	20.015	-120.	91.744	1811	0.1176
804	381	17.43	-120.	91.87	1811	0.11755
804	398	19.897	-120.	93.386	1811	0.11725
805	400	20.015	-120.	91.744	1811	0.1176
805	398	19.897	-120.	93.386	1811	0.11725
805	406	20.74	-120.	93.354	1811	0.11726
806	400	20.015	-120.	91.744	1811	0.1176
806	406	20.74	-120.	93.354	1811	0.11726
806	416	21.743	-120.	91.638	1811	0.11765
807	400	20.015	-120.	91.744	1811	0.1176
807	416	21.743	-120.	91.638	1811	0.11765
807	412	21.398	-120.	90.871	1811	0.1178
808	400	20.015	-120.	91.744	1811	0.1176
808	412	21.398	-120.	90.871	1811	0.1178
808	392	18.881	-120.	89.348	1811	0.11793
809	421	22.376	-120.	93.382	1811	0.11726
809	441	24.832	-120.	93.474	1811	0.11727
809	431	23.352	-120.	95.976	1811	0.1165
810	421	22.376	-120.	93.382	1811	0.11726
810	431	23.352	-120.	95.976	1811	0.1165
810	410	21.067	-120.	94.197	1811	0.11704
811	421	22.376	-120.	93.382	1811	0.11726
811	410	21.067	-120.	94.197	1811	0.11704
811	406	20.74	-120.	93.354	1811	0.11726
812	421	22.376	-120.	93.382	1811	0.11726
812	406	20.74	-120.	93.354	1811	0.11726
812	416	21.743	-120.	91.638	1811	0.11765
813	421	22.376	-120.	93.382	1811	0.11726
813	416	21.743	-120.	91.638	1811	0.11765
813	426	22.522	-120.	91.651	1811	0.11767
814	421	22.376	-120.	93.382	1811	0.11726
814	426	22.522	-120.	91.651	1811	0.11767
814	441	24.832	-120.	93.474	1811	0.11727
815	416	21.743	-120.	91.638	1811	0.11765
815	426	22.522	-120.	91.651	1811	0.11767
815	412	21.398	-120.	90.871	1811	0.1178
